1668580835500 0 49
1668580849114 0 99
1668580862720 0 149
1668580876337 0 199
1668580887354 0 216
1668580891669 1 216
1668580901430 1 249
1668580915071 1 299
1668580928733 1 349
1668580942383 1 399
1668580957986 1 433
1668580962566 2 433
1668580967400 2 449
1668580981008 2 499
1668580994633 2 549
1668581008237 2 599
1668581021842 2 649
1668581028261 2 650
1668581032757 3 650
1668581046574 3 699
1668581060189 3 749
1668581073800 3 799
1668581087421 3 849
1668581098426 3 867
1668581102996 4 867
1668581112237 4 899
1668581125846 4 949
1668581139458 4 999
1668581153076 4 1049
1668581169002 4 1084
1668581173594 5 1084
1668581178218 5 1099
1668581191883 5 1149
1668581205566 5 1199
1668581219247 5 1249
1668581232929 5 1299
1668581239828 5 1301
1668581244464 6 1301
1668581258037 6 1349
1668581271664 6 1399
1668581285288 6 1449
1668581298917 6 1499
1668581310321 6 1518
1668581314912 7 1518
1668581323887 7 1549
1668581337504 7 1599
1668581351140 7 1649
1668581364781 7 1699
1668581380732 7 1735
1668581385382 8 1735
1668581389701 8 1749
1668581403306 8 1799
1668581416916 8 1849
1668581430555 8 1899
1668581444186 8 1949
1668581451303 8 1952
1668581455833 9 1952
1668581469144 9 1999
1668581482766 9 2049
1668581496380 9 2099
1668581510003 9 2149
1668581521798 9 2169
1668581526345 10 2169
1668581535059 10 2199
1668581548662 10 2249
1668581562278 10 2299
1668581575896 10 2349
1668581592085 10 2386
1668581596712 11 2386
1668581600796 11 2399
1668581614438 11 2449
1668581628083 11 2499
1668581641744 11 2549
1668581655403 11 2599
1668581662864 11 2603
1668581667479 12 2603
1668581680486 12 2649
1668581694104 12 2699
1668581707730 12 2749
1668581721348 12 2799
1668581733147 12 2820
1668581737791 13 2820
1668581746193 13 2849
1668581759878 13 2899
1668581773576 13 2949
1668581787255 13 2999
1668581803861 13 3037
1668581808462 14 3037
1668581812284 14 3049
1668581825948 14 3099
1668581839631 14 3149
1668581853259 14 3199
1668581866889 14 3249
1668581874190 14 3254
1668581879090 15 3254
1668581891886 15 3299
1668581905522 15 3349
1668581919154 15 3399
1668581932786 15 3449
1668581945006 15 3471
1668581949598 16 3471
1668581957719 16 3499
1668581971364 16 3549
1668581985008 16 3599
1668581998635 16 3649
1668582015562 16 3688
1668582020133 17 3688
1668582023664 17 3699
1668582037285 17 3749
1668582050941 17 3799
1668582064587 17 3849
1668582078240 17 3899
1668582086204 17 3905
1668582090761 18 3905
1668582103332 18 3949
1668582117000 18 3999
1668582130652 18 4049
1668582144276 18 4099
1668582156885 18 4122
1668582161463 19 4122
1668582169656 19 4149
1668582183355 19 4199
1668582197031 19 4249
1668582210671 19 4299
1668582227875 19 4339
1668582232517 20 4339
1668582235914 20 4349
1668582249527 20 4399
1668582263165 20 4449
1668582276812 20 4499
1668582290457 20 4549
1668582298721 20 4556
1668582303314 21 4556
1668582315582 21 4599
1668582329225 21 4649
1668582342882 21 4699
1668582356522 21 4749
1668582369493 21 4773
1668582374067 22 4773
1668582381698 22 4799
1668582395362 22 4849
1668582409013 22 4899
1668582422654 22 4949
1668582440195 22 4990
1668582444769 23 4990
1668582447752 23 4999
1668582461363 23 5049
1668582474995 23 5099
1668582488622 23 5149
1668582502249 23 5199
1668582510788 23 5207
1668582515378 24 5207
1668582527367 24 5249
1668582541044 24 5299
1668582554728 24 5349
1668582568386 24 5399
1668582581403 24 5424
1668582585924 25 5424
1668582593265 25 5449
1668582606896 25 5499
1668582620514 25 5549
1668582634133 25 5599
1668582652036 25 5641
1668582656666 26 5641
1668582659373 26 5649
1668582672975 26 5699
1668582686618 26 5749
1668582700240 26 5799
1668582713870 26 5849
1668582722777 26 5858
1668582727319 27 5858
1668582738968 27 5899
1668582752598 27 5949
1668582766227 27 5999
1668582779856 27 6049
1668582793044 27 6075
1668582797331 28 6075
1668582804402 28 6099
1668582818049 28 6149
1668582831709 28 6199
1668582845387 28 6249
1668582863441 28 6292
1668582868091 29 6292
1668582870510 29 6299
1668582884111 29 6349
1668582897744 29 6399
1668582911386 29 6449
1668582925007 29 6499
1668582933980 29 6509
1668582938524 30 6509
1668582949908 30 6549
1668582963552 30 6599
1668582977194 30 6649
1668582990831 30 6699
1668583004569 30 6726
1668583009242 31 6726
1668583016015 31 6749
1668583029639 31 6799
1668583043278 31 6849
1668583056913 31 6899
1668583075230 31 6943
1668583079856 32 6943
1668583082011 32 6949
1668583095601 32 6999
1668583109212 32 7049
1668583122824 32 7099
1668583136437 32 7149
1668583145689 32 7160
1668583150273 33 7160
1668583161398 33 7199
1668583175018 33 7249
1668583188642 33 7299
1668583202266 33 7349
1668583215916 33 7377
1668583220489 34 7377
1668583226982 34 7399
1668583240600 34 7449
1668583254216 34 7499
1668583267843 34 7549
1668583286290 34 7594
1668583290584 35 7594
1668583292511 35 7599
1668583306123 35 7649
1668583319738 35 7699
1668583333369 35 7749
1668583346995 35 7799
1668583356653 35 7811
1668583361191 36 7811
1668583372038 36 7849
1668583385684 36 7899
1668583399342 36 7949
1668583413002 36 7999
1668583427125 36 8028
1668583431789 37 8028
1668583438039 37 8049
1668583451693 37 8099
1668583465334 37 8149
1668583478977 37 8199
1668583497825 37 8245
1668583502423 38 8245
1668583504046 38 8249
1668583517671 38 8299
1668583531308 38 8349
1668583544945 38 8399
1668583558566 38 8449
1668583568339 38 8462
1668583572937 39 8462
1668583583539 39 8499
1668583597185 39 8549
1668583610833 39 8599
1668583624484 39 8649
1668583639073 39 8679
1668583643766 40 8679
1668583649719 40 8699
1668583663346 40 8749
1668583676985 40 8799
