1668580835500 0.625 49
1668580849114 0.625 99
1668580862720 0.625 149
1668580876337 1.0 199
1668580901430 0.625 249
1668580915071 1.0 299
1668580928733 0.625 349
1668580942383 0.75 399
1668580967400 0.625 449
1668580981008 0.625 499
1668580994633 0.625 549
1668581008237 0.75 599
1668581021842 0.5 649
1668581046574 0.75 699
1668581060189 0.875 749
1668581073800 0.875 799
1668581087421 1.0 849
1668581112237 0.5 899
1668581125846 1.0 949
1668581139458 0.75 999
1668581153076 0.875 1049
1668581178218 0.875 1099
1668581191883 0.625 1149
1668581205566 0.75 1199
1668581219247 0.75 1249
1668581232929 1.0 1299
1668581258037 0.75 1349
1668581271664 0.875 1399
1668581285288 0.75 1449
1668581298917 0.875 1499
1668581323887 0.625 1549
1668581337504 0.75 1599
1668581351140 0.875 1649
1668581364781 0.875 1699
1668581389701 0.75 1749
1668581403306 0.75 1799
1668581416916 0.75 1849
1668581430555 0.75 1899
1668581444186 0.75 1949
1668581469144 0.625 1999
1668581482766 0.75 2049
1668581496380 0.75 2099
1668581510003 0.875 2149
1668581535059 0.75 2199
1668581548662 0.75 2249
1668581562278 0.875 2299
1668581575896 0.75 2349
1668581600796 1.0 2399
1668581614438 0.75 2449
1668581628083 0.5 2499
1668581641744 0.875 2549
1668581655403 0.625 2599
1668581680486 0.75 2649
1668581694104 0.875 2699
1668581707730 1.0 2749
1668581721348 0.875 2799
1668581746193 1.0 2849
1668581759878 0.75 2899
1668581773576 0.75 2949
1668581787255 0.875 2999
1668581812284 0.625 3049
1668581825948 0.625 3099
1668581839631 0.875 3149
1668581853259 0.75 3199
1668581866889 0.75 3249
1668581891886 0.875 3299
1668581905522 0.75 3349
1668581919154 0.875 3399
1668581932786 0.875 3449
1668581957719 0.75 3499
1668581971364 0.875 3549
1668581985008 0.75 3599
1668581998635 0.625 3649
1668582023664 0.875 3699
1668582037285 0.625 3749
1668582050941 0.875 3799
1668582064587 0.75 3849
1668582078240 0.625 3899
1668582103332 0.875 3949
1668582117000 0.875 3999
1668582130652 0.375 4049
1668582144276 0.75 4099
1668582169656 0.75 4149
1668582183355 0.75 4199
1668582197031 0.5 4249
1668582210671 0.75 4299
1668582235914 1.0 4349
1668582249527 0.75 4399
1668582263165 0.75 4449
1668582276812 0.75 4499
1668582290457 0.75 4549
1668582315582 0.625 4599
1668582329225 1.0 4649
1668582342882 0.75 4699
1668582356522 0.875 4749
1668582381698 0.875 4799
1668582395362 0.625 4849
1668582409013 0.875 4899
1668582422654 0.75 4949
1668582447752 0.75 4999
1668582461363 0.5 5049
1668582474995 0.625 5099
1668582488622 0.75 5149
1668582502249 0.5 5199
1668582527367 0.875 5249
1668582541044 0.875 5299
1668582554728 0.75 5349
1668582568386 0.625 5399
1668582593265 0.5 5449
1668582606896 0.625 5499
1668582620514 0.5 5549
1668582634133 0.5 5599
1668582659373 1.0 5649
1668582672975 0.875 5699
1668582686618 0.875 5749
1668582700240 0.75 5799
1668582713870 1.0 5849
1668582738968 0.75 5899
1668582752598 0.625 5949
1668582766227 0.75 5999
1668582779856 0.875 6049
1668582804402 0.75 6099
1668582818049 0.875 6149
1668582831709 0.75 6199
1668582845387 0.75 6249
1668582870510 0.875 6299
1668582884111 1.0 6349
1668582897744 0.5 6399
1668582911386 0.75 6449
1668582925007 0.875 6499
1668582949908 0.625 6549
1668582963552 1.0 6599
1668582977194 1.0 6649
1668582990831 0.75 6699
1668583016015 1.0 6749
1668583029639 0.625 6799
1668583043278 0.625 6849
1668583056913 0.5 6899
1668583082011 1.0 6949
1668583095601 0.875 6999
1668583109212 0.625 7049
1668583122824 0.625 7099
1668583136437 0.75 7149
1668583161398 0.5 7199
1668583175018 0.625 7249
1668583188642 0.875 7299
1668583202266 0.75 7349
1668583226982 0.75 7399
1668583240600 0.625 7449
1668583254216 1.0 7499
1668583267843 0.875 7549
1668583292511 0.875 7599
1668583306123 0.875 7649
1668583319738 0.625 7699
1668583333369 0.875 7749
1668583346995 1.0 7799
1668583372038 1.0 7849
1668583385684 0.875 7899
1668583399342 0.625 7949
1668583413002 0.625 7999
1668583438039 1.0 8049
1668583451693 0.875 8099
1668583465334 0.625 8149
1668583478977 0.5 8199
1668583504046 0.875 8249
1668583517671 0.75 8299
1668583531308 0.875 8349
1668583544945 1.0 8399
1668583558566 0.875 8449
1668583583539 0.75 8499
1668583597185 0.875 8549
1668583610833 0.75 8599
1668583624484 0.875 8649
1668583649719 1.0 8699
1668583663346 0.875 8749
1668583676985 0.75 8799
1668583690624 0.75 8849
1668583715941 0.75 8899
1668583729583 0.75 8949
1668583743233 0.5 8999
1668583756889 0.875 9049
1668583770536 0.625 9099
1668583795753 0.75 9149
1668583809379 1.0 9199
1668583823006 0.75 9249
1668583836617 0.625 9299
1668583861890 0.75 9349
1668583875517 0.625 9399
1668583889163 0.75 9449
1668583902800 0.75 9499
1668583928211 0.75 9549
1668583941833 0.875 9599
1668583955460 0.75 9649
1668583969080 0.75 9699
1668583982714 0.75 9749
1668584008050 0.625 9799
1668584021692 0.875 9849
1668584035325 0.875 9899
1668584048957 0.5 9949
1668584074315 0.625 9999
1668584087958 0.75 10049
1668584101609 0.625 10099
1668584115247 0.875 10149
1668584140323 0.875 10199
1668584153945 0.875 10249
1668584167597 0.75 10299
1668584181251 1.0 10349
1668584194907 0.5 10399
1668584220141 0.875 10449
1668584233775 0.75 10499
1668584247420 0.75 10549
1668584261065 0.625 10599
1668584286653 0.625 10649
1668584300285 0.875 10699
1668584313922 0.875 10749
1668584327564 0.75 10799
1668584341031 1.0 10849
1668584366443 0.875 10899
1668584380100 0.75 10949
1668584393752 0.625 10999
1668584407387 0.75 11049
1668584432913 0.875 11099
1668584446554 0.625 11149
1668584460199 0.875 11199
1668584473846 0.75 11249
1668584499162 0.5 11299
1668584512848 0.875 11349
1668584526550 0.75 11399
1668584540255 0.875 11449
1668584553958 0.875 11499
1668584579195 0.625 11549
1668584592853 0.75 11599
1668584606495 0.625 11649
1668584620144 0.75 11699
1668584645459 0.75 11749
1668584659127 0.625 11799
1668584672797 0.75 11849
1668584686450 0.75 11899
1668584711859 0.875 11949
1668584725542 0.75 11999
1668584739180 0.75 12049
1668584752825 0.5 12099
1668584766469 1.0 12149
1668584791746 0.75 12199
1668584805383 1.0 12249
1668584819015 0.75 12299
1668584832660 0.875 12349
1668584858065 0.875 12399
1668584871694 0.75 12449
1668584885324 1.0 12499
1668584898961 0.875 12549
1668584924355 0.75 12599
1668584938046 0.875 12649
1668584951748 0.625 12699
1668584965453 0.75 12749
1668584979171 0.625 12799
1668585004455 0.875 12849
1668585018095 0.875 12899
1668585031723 0.875 12949
1668585045346 0.875 12999
1668585070764 1.0 13049
1668585084477 0.875 13099
1668585098171 0.75 13149
1668585111851 0.625 13199
1668585137262 0.875 13249
1668585150892 0.875 13299
1668585164535 0.875 13349
1668585178181 0.625 13399
1668585191836 0.5 13449
1668585217079 0.875 13499
1668585230728 0.75 13549
1668585244389 1.0 13599
1668585258040 0.875 13649
1668585283252 1.0 13699
1668585296952 1.0 13749
1668585310646 0.75 13799
1668585324327 1.0 13849
1668585349744 1.0 13899
1668585363370 0.875 13949
1668585377019 0.5 13999
1668585390670 0.625 14049
1668585404318 0.75 14099
1668585429652 0.875 14149
1668585443302 0.625 14199
1668585456953 0.75 14249
1668585470598 0.875 14299
1668585496001 0.5 14349
1668585509639 0.625 14399
1668585523283 0.625 14449
1668585536924 0.625 14499
1668585562318 0.5 14549
1668585575926 0.75 14599
1668585589551 1.0 14649
1668585603180 0.75 14699
1668585616803 0.875 14749
1668585642053 0.75 14799
1668585655673 0.875 14849
1668585669315 0.75 14899
1668585682951 0.625 14949
1668585708352 0.875 14999
1668585721997 0.875 15049
1668585735653 0.5 15099
1668585749284 0.75 15149
1668585774712 0.75 15199
1668585788318 0.75 15249
1668585801948 0.875 15299
1668585815583 0.875 15349
1668585829217 0.75 15399
1668585854451 0.875 15449
1668585868099 0.75 15499
1668585881741 0.625 15549
1668585895384 0.625 15599
1668585920873 0.625 15649
1668585934502 0.875 15699
1668585948137 0.625 15749
1668585961770 0.625 15799
1668585987229 0.625 15849
1668586000853 0.375 15899
1668586014497 0.875 15949
1668586028150 0.625 15999
1668586041815 0.75 16049
1668586067075 0.75 16099
1668586080704 0.625 16149
1668586094345 0.75 16199
1668586107987 0.875 16249
1668586133379 0.875 16299
1668586147024 0.75 16349
1668586160671 1.0 16399
1668586174316 0.875 16449
1668586199842 0.875 16499
1668586213469 0.75 16549
1668586227118 0.625 16599
1668586240780 0.75 16649
1668586254437 0.75 16699
1668586279474 0.625 16749
1668586293134 1.0 16799
1668586306814 0.75 16849
1668586320518 0.625 16899
1668586346094 0.75 16949
1668586359791 0.875 16999
1668586373506 0.75 17049
1668586387214 0.625 17099
1668586412552 0.375 17149
1668586426178 0.5 17199
1668586439833 0.75 17249
1668586453478 0.75 17299
1668586467122 0.75 17349
1668586492460 0.875 17399
1668586506107 0.75 17449
1668586519752 1.0 17499
1668586533405 1.0 17549
1668586558611 1.0 17599
1668586572254 0.875 17649
1668586585893 0.75 17699
1668586599531 0.5 17749
1668586625096 0.625 17799
1668586638702 1.0 17849
1668586652333 0.625 17899
1668586665988 0.625 17949
1668586679630 0.375 17999
1668586704872 0.625 18049
1668586718518 0.75 18099
1668586732162 0.75 18149
1668586745803 0.875 18199
1668586771229 0.75 18249
1668586784879 1.0 18299
1668586798515 0.625 18349
1668586812169 0.75 18399
1668586837600 0.75 18449
1668586851216 1.0 18499
1668586864878 1.0 18549
1668586878524 0.625 18599
1668586892168 0.5 18649
1668586917618 0.75 18699
1668586931277 0.75 18749
1668586944923 0.75 18799
1668586958568 0.625 18849
1668586983882 0.625 18899
1668586997521 0.75 18949
1668587011153 0.625 18999
1668587024775 0.875 19049
1668587050376 0.75 19099
1668587064025 0.625 19149
1668587077687 0.625 19199
1668587091335 0.875 19249
1668587104998 0.625 19299
1668587130351 0.875 19349
1668587143999 1.0 19399
1668587157644 0.75 19449
1668587171308 0.625 19499
1668587196644 0.75 19549
1668587210295 1.0 19599
1668587223947 0.75 19649
1668587237598 0.625 19699
1668587263136 0.875 19749
1668587276793 0.875 19799
1668587290459 0.75 19849
1668587304131 1.0 19899
1668587317792 0.75 19949
1668587343336 0.875 19999
1668587356963 0.625 20049
1668587370599 0.875 20099
1668587384223 0.875 20149
1668587409244 0.875 20199
1668587422883 0.75 20249
1668587436516 0.75 20299
1668587450166 0.875 20349
1668587475455 0.875 20399
1668587489108 0.875 20449
1668587502753 0.875 20499
1668587516406 0.875 20549
1668587530065 0.5 20599
1668587555438 0.875 20649
1668587569080 0.75 20699
1668587582716 0.75 20749
1668587596369 0.875 20799
1668587621894 0.625 20849
1668587635670 1.0 20899
1668587649330 0.75 20949
1668587662993 0.625 20999
1668587688380 0.5 21049
1668587702005 0.625 21099
1668587715644 0.875 21149
1668587729281 0.5 21199
1668587742921 0.625 21249
1668587768427 0.5 21299
1668587782064 0.375 21349
1668587795708 1.0 21399
1668587809376 0.625 21449
1668587834841 0.875 21499
1668587848515 0.875 21549
1668587862180 0.5 21599
1668587875847 0.5 21649
1668587889361 1.0 21699
1668587915087 0.875 21749
1668587928728 0.875 21799
1668587942385 0.75 21849
1668587956035 1.0 21899
1668587981457 0.5 21949
1668587995110 0.75 21999
1668588008786 0.625 22049
1668588022450 0.625 22099
1668588048057 1.0 22149
1668588061685 0.875 22199
1668588075349 1.0 22249
1668588088990 1.0 22299
1668588102650 0.5 22349
1668588127883 0.75 22399
1668588141516 0.625 22449
1668588155171 0.625 22499
1668588168902 0.75 22549
1668588194354 0.625 22599
1668588208018 0.75 22649
1668588221686 0.875 22699
1668588235347 1.0 22749
1668588260765 0.75 22799
1668588274417 0.875 22849
1668588288079 0.625 22899
1668588301722 0.5 22949
1668588315358 0.875 22999
1668588340674 0.75 23049
1668588354356 1.0 23099
1668588368008 0.875 23149
1668588381659 0.625 23199
1668588406988 0.875 23249
1668588420651 0.75 23299
1668588434322 0.5 23349
1668588447989 0.75 23399
1668588473116 0.875 23449
1668588486770 0.75 23499
1668588500414 0.875 23549
1668588514060 0.625 23599
1668588527721 1.0 23649
1668588553167 0.75 23699
1668588566897 0.625 23749
1668588580600 0.875 23799
1668588594294 1.0 23849
1668588619604 0.75 23899
1668588633247 0.875 23949
1668588646890 1.0 23999
1668588660529 1.0 24049
1668588686049 0.75 24099
1668588699715 0.75 24149
1668588713428 1.0 24199
1668588727071 0.75 24249
1668588740708 0.75 24299
1668588766124 0.75 24349
1668588779771 0.875 24399
1668588793415 0.75 24449
1668588807060 0.625 24499
1668588832330 0.375 24549
1668588845971 0.875 24599
1668588859630 0.75 24649
1668588873273 0.5 24699
1668588898397 1.0 24749
1668588912138 1.0 24799
1668588925800 1.0 24849
1668588939443 1.0 24899
1668588953087 0.875 24949
1668588978570 0.625 24999
1668588992217 0.75 25049
1668589005862 0.625 25099
1668589019514 0.625 25149
1668589044991 0.875 25199
1668589058656 0.75 25249
1668589072323 0.875 25299
1668589085992 0.875 25349
1668589111386 1.0 25399
1668589125039 1.0 25449
1668589138693 0.375 25499
1668589152338 0.75 25549
1668589165975 0.75 25599
1668589191137 0.75 25649
1668589204805 0.875 25699
1668589218459 0.5 25749
1668589232112 0.625 25799
1668589257588 0.75 25849
1668589271228 0.75 25899
1668589284868 0.75 25949
1668589298513 0.875 25999
1668589324050 0.5 26049
1668589337678 0.75 26099
1668589351328 0.625 26149
1668589364991 0.75 26199
1668589378645 0.875 26249
1668589403944 0.75 26299
1668589417606 0.875 26349
1668589431255 0.75 26399
1668589444896 0.875 26449
1668589470304 0.5 26499
1668589483972 1.0 26549
1668589497636 0.75 26599
1668589511308 1.0 26649
1668589536657 0.5 26699
1668589550273 1.0 26749
1668589563926 0.875 26799
1668589577576 0.75 26849
1668589591216 0.875 26899
1668589616548 0.875 26949
1668589630201 0.625 26999
1668589643853 0.75 27049
1668589657506 1.0 27099
1668589682838 0.875 27149
1668589696542 0.625 27199
1668589710254 0.75 27249
1668589723978 1.0 27299
1668589749281 1.0 27349
1668589762894 0.75 27399
1668589776534 1.0 27449
1668589790181 0.875 27499
1668589803826 1.0 27549
1668589829125 1.0 27599
1668589842787 0.75 27649
1668589856441 0.625 27699
1668589870099 0.75 27749
1668589895474 1.0 27799
1668589909143 0.75 27849
1668589922803 0.75 27899
1668589936462 0.75 27949
1668589961830 0.875 27999
1668589975481 0.875 28049
1668589989129 0.875 28099
1668590002778 0.75 28149
1668590016432 0.625 28199
1668590041727 0.875 28249
1668590055394 0.875 28299
1668590069063 0.75 28349
1668590082729 0.875 28399
1668590108157 1.0 28449
1668590121791 0.875 28499
1668590135439 0.875 28549
1668590149080 0.875 28599
1668590174712 0.875 28649
1668590188361 0.625 28699
1668590202033 0.625 28749
1668590215714 0.75 28799
1668590229380 0.625 28849
1668590254700 0.5 28899
1668590268347 0.875 28949
1668590281989 0.75 28999
1668590295675 0.875 29049
1668590321002 0.875 29099
1668590334632 0.75 29149
1668590348283 1.0 29199
1668590361916 1.0 29249
1668590387408 0.875 29299
1668590401037 0.625 29349
1668590414691 1.0 29399
1668590428338 0.875 29449
1668590441966 0.875 29499
1668590467464 1.0 29549
1668590481094 0.625 29599
1668590494740 1.0 29649
1668590508379 1.0 29699
1668590533971 0.75 29749
1668590547625 0.75 29799
1668590561286 0.5 29849
1668590574940 0.875 29899
1668590600365 1.0 29949
1668590613999 0.875 29999
1668590627649 0.875 30049
1668590641295 0.625 30099
1668590654956 0.875 30149
1668590680313 0.75 30199
1668590693969 0.875 30249
1668590707634 0.875 30299
1668590721293 1.0 30349
1668590746715 0.75 30399
1668590760390 0.5 30449
1668590774040 0.75 30499
1668590787671 0.75 30549
1668590812991 0.625 30599
1668590826659 0.75 30649
1668590840371 0.625 30699
1668590854080 0.875 30749
1668590867787 0.75 30799
1668590893325 0.875 30849
1668590907031 0.625 30899
1668590920732 0.875 30949
1668590934411 0.875 30999
1668590959736 1.0 31049
1668590973359 0.875 31099
1668590986999 0.875 31149
1668591000639 0.5 31199
1668591026036 0.75 31249
1668591039645 0.875 31299
1668591053285 0.625 31349
1668591066933 0.875 31399
1668591080574 0.75 31449
1668591106025 1.0 31499
1668591119692 0.875 31549
1668591133355 0.75 31599
1668591147026 0.875 31649
1668591172340 1.0 31699
1668591185995 1.0 31749
1668591199664 0.875 31799
1668591213321 0.875 31849
1668591238682 0.625 31899
1668591252326 0.375 31949
1668591265980 0.625 31999
1668591279625 0.625 32049
1668591293271 0.75 32099
1668591318655 0.875 32149
1668591332305 1.0 32199
1668591345934 0.875 32249
1668591359580 0.75 32299
1668591384877 0.875 32349
1668591398519 0.875 32399
1668591412173 0.625 32449
1668591425854 1.0 32499
1668591439342 1.0 32549
1668591464836 0.75 32599
1668591478485 0.5 32649
1668591492115 0.875 32699
1668591505746 0.625 32749
1668591531094 1.0 32799
1668591544733 0.75 32849
1668591558378 0.75 32899
1668591572027 0.625 32949
1668591597497 0.5 32999
1668591611135 0.75 33049
1668591624787 0.5 33099
1668591638457 0.75 33149
1668591652112 0.875 33199
1668591677451 0.75 33249
1668591691106 0.875 33299
1668591704783 0.625 33349
1668591718425 1.0 33399
1668591743664 0.75 33449
1668591757299 1.0 33499
1668591770944 0.875 33549
1668591784594 0.75 33599
1668591809925 0.875 33649
1668591823608 0.75 33699
1668591837268 1.0 33749
1668591850928 0.375 33799
1668591864576 0.75 33849
1668591889878 1.0 33899
1668591903528 0.75 33949
1668591917173 0.875 33999
1668591930819 1.0 34049
1668591956307 0.75 34099
1668591969959 0.375 34149
1668591983607 1.0 34199
1668591997248 0.75 34249
1668592022614 1.0 34299
1668592036250 0.75 34349
1668592049904 0.625 34399
1668592063560 0.875 34449
1668592077195 0.625 34499
1668592102692 0.875 34549
1668592116354 1.0 34599
1668592130027 0.625 34649
1668592143683 0.875 34699
1668592169047 0.875 34749
1668592182666 0.75 34799
1668592196317 0.875 34849
1668592209973 0.875 34899
1668592235189 0.75 34949
1668592248814 0.75 34999
1668592262448 0.625 35049
1668592276102 0.75 35099
1668592289754 1.0 35149
1668592315146 1.0 35199
1668592328803 0.5 35249
1668592342451 1.0 35299
1668592356106 0.75 35349
1668592381376 0.75 35399
1668592395001 0.875 35449
1668592408629 0.5 35499
1668592422247 0.5 35549
1668592447502 0.875 35599
1668592461132 0.375 35649
1668592474781 0.875 35699
1668592488427 0.75 35749
1668592502073 0.75 35799
1668592527310 0.875 35849
1668592540942 1.0 35899
1668592554578 0.875 35949
1668592568219 1.0 35999
1668592593590 0.625 36049
1668592607206 0.625 36099
1668592620837 0.375 36149
1668592634471 0.75 36199
1668592659745 0.75 36249
1668592673368 0.625 36299
1668592687032 0.875 36349
1668592700664 1.0 36399
1668592714293 0.75 36449
1668592739423 1.0 36499
1668592753073 1.0 36549
1668592766729 1.0 36599
1668592780395 0.75 36649
1668592805935 0.75 36699
1668592819654 1.0 36749
1668592833376 0.75 36799
1668592847094 0.625 36849
1668592872615 0.625 36899
1668592886273 0.875 36949
1668592899926 0.75 36999
1668592913568 0.875 37049
1668592927226 0.875 37099
1668592952493 0.875 37149
1668592966152 0.875 37199
1668592979807 0.75 37249
1668592993461 0.875 37299
1668593018881 0.625 37349
1668593032541 0.875 37399
1668593046208 0.75 37449
1668593059856 1.0 37499
1668593085363 0.5 37549
1668593098989 0.625 37599
1668593112643 0.75 37649
1668593126289 1.0 37699
1668593139969 0.875 37749
1668593165363 0.625 37799
1668593179014 0.875 37849
1668593192660 0.625 37899
1668593206318 0.875 37949
1668593231652 0.75 37999
1668593245287 0.875 38049
1668593258936 0.875 38099
1668593272588 0.875 38149
1668593297980 1.0 38199
1668593311590 0.75 38249
1668593325242 0.75 38299
1668593338889 0.875 38349
1668593352547 0.875 38399
1668593378106 0.875 38449
1668593391759 0.75 38499
1668593405421 0.875 38549
1668593419079 0.75 38599
1668593444538 1.0 38649
1668593458213 0.625 38699
1668593471914 0.875 38749
1668593485622 0.75 38799
1668593510992 0.75 38849
1668593524607 0.625 38899
1668593538249 0.75 38949
1668593551886 0.75 38999
1668593565526 0.75 39049
1668593591127 0.625 39099
1668593604772 0.75 39149
1668593618412 0.875 39199
1668593632058 1.0 39249
1668593657527 0.75 39299
1668593671177 0.625 39349
1668593684827 0.75 39399
1668593698482 1.0 39449
1668593723837 0.875 39499
1668593737449 0.625 39549
1668593751081 0.75 39599
1668593764729 0.5 39649
1668593778360 0.75 39699
1668593803661 0.875 39749
1668593817311 1.0 39799
1668593830970 1.0 39849
1668593844607 0.625 39899
1668593870017 0.625 39949
1668593883673 0.875 39999
1668593897331 0.5 40049
1668593910976 1.0 40099
1668593936427 0.875 40149
1668593950050 0.875 40199
1668593963683 0.875 40249
1668593977329 0.75 40299
1668593990958 0.75 40349
1668594016313 1.0 40399
1668594029954 1.0 40449
1668594043580 1.0 40499
1668594057210 1.0 40549
1668594082811 0.625 40599
1668594096473 0.625 40649
1668594110112 0.375 40699
1668594123777 0.75 40749
1668594149126 0.875 40799
1668594162740 0.5 40849
1668594176381 1.0 40899
1668594190039 0.75 40949
1668594203705 0.75 40999
1668594229113 0.625 41049
1668594242748 0.75 41099
1668594256637 1.0 41149
1668594270273 0.875 41199
1668594295495 0.75 41249
1668594309143 1.0 41299
1668594322777 0.875 41349
1668594336406 0.875 41399
1668594361785 0.75 41449
1668594375418 0.625 41499
1668594389059 0.875 41549
1668594402694 0.625 41599
1668594416324 0.75 41649
1668594441742 1.0 41699
1668594455386 0.625 41749
1668594469038 0.875 41799
1668594482695 1.0 41849
1668594508035 0.625 41899
1668594521675 1.0 41949
1668594535317 0.75 41999
1668594548964 0.5 42049
1668594574203 0.875 42099
1668594587831 0.625 42149
1668594601472 0.875 42199
1668594615125 1.0 42249
1668594628758 0.875 42299
1668594653803 0.75 42349
1668594667439 0.75 42399
1668594681089 0.75 42449
1668594694721 0.875 42499
1668594720000 0.75 42549
1668594733642 0.875 42599
1668594747295 0.75 42649
1668594760939 1.0 42699
1668594786283 0.875 42749
1668594799904 0.875 42799
1668594813578 0.75 42849
1668594827253 0.75 42899
1668594840925 0.25 42949
1668594866510 0.875 42999
1668594880165 0.875 43049
1668594893837 0.875 43099
1668594907495 0.875 43149
1668594932865 0.625 43199
1668594946494 0.875 43249
1668594960146 0.75 43299
1668594973807 0.875 43349
1668594987289 1.0 43399
1668595012869 0.875 43449
1668595026524 0.75 43499
1668595040163 0.625 43549
1668595053804 0.75 43599
1668595079219 0.75 43649
1668595092885 0.625 43699
1668595106571 0.625 43749
1668595120233 0.75 43799
1668595145734 0.5 43849
1668595159378 1.0 43899
1668595173032 0.875 43949
1668595186675 0.875 43999
1668595200324 0.75 44049
1668595225706 0.75 44099
1668595239358 0.75 44149
1668595252985 0.875 44199
1668595266641 0.625 44249
1668595292008 0.875 44299
1668595305726 0.875 44349
1668595319448 0.75 44399
1668595333170 0.625 44449
1668595358742 0.875 44499
1668595372376 0.875 44549
1668595386022 0.75 44599
1668595399655 0.625 44649
1668595413299 0.375 44699
1668595438740 0.625 44749
1668595452444 0.625 44799
1668595466115 0.875 44849
1668595479761 1.0 44899
1668595505125 0.875 44949
1668595518780 0.625 44999
1668595532444 1.0 45049
1668595546102 1.0 45099
1668595571619 0.625 45149
1668595585280 0.625 45199
1668595598946 0.625 45249
1668595612614 1.0 45299
1668595626276 0.875 45349
1668595651579 0.75 45399
1668595665218 0.875 45449
1668595678850 1.0 45499
1668595692502 0.75 45549
1668595717856 0.75 45599
1668595731508 0.875 45649
1668595745161 0.875 45699
1668595758812 0.875 45749
1668595784169 0.75 45799
1668595797810 0.875 45849
1668595811455 0.875 45899
1668595825140 0.875 45949
1668595838811 0.625 45999
1668595864317 0.5 46049
1668595877958 0.875 46099
1668595891590 1.0 46149
1668595905219 0.5 46199
1668595930339 0.5 46249
1668595943967 0.375 46299
1668595957598 1.0 46349
1668595971223 0.75 46399
1668595996968 0.625 46449
1668596010593 0.875 46499
1668596024233 0.5 46549
1668596037870 0.75 46599
1668596051506 0.75 46649
1668596076881 0.75 46699
1668596090589 0.875 46749
1668596104281 0.625 46799
1668596117914 0.875 46849
1668596143376 0.875 46899
1668596157032 0.875 46949
1668596170685 0.75 46999
1668596184339 1.0 47049
1668596209903 1.0 47099
1668596223663 0.875 47149
1668596237304 0.625 47199
1668596250970 1.0 47249
1668596264620 0.75 47299
1668596290209 0.5 47349
1668596303875 0.625 47399
1668596317541 0.875 47449
1668596331200 0.75 47499
1668596356623 0.875 47549
1668596370275 0.75 47599
1668596383940 0.625 47649
1668596397589 0.75 47699
1668596422964 0.875 47749
1668596436633 0.75 47799
1668596450319 0.75 47849
1668596464019 0.75 47899
1668596477719 1.0 47949
1668596503104 0.875 47999
1668596516746 0.875 48049
1668596530396 0.875 48099
1668596544042 0.5 48149
1668596569429 0.625 48199
1668596583085 0.625 48249
1668596596724 0.875 48299
1668596610399 0.75 48349
1668596635851 0.75 48399
1668596649489 0.625 48449
1668596663135 0.625 48499
1668596676765 0.75 48549
1668596690405 0.75 48599
1668596715839 0.875 48649
1668596729482 0.5 48699
1668596743127 0.625 48749
1668596756773 1.0 48799
1668596782078 0.75 48849
1668596795736 0.75 48899
1668596809379 0.875 48949
1668596823019 0.625 48999
1668596848317 0.625 49049
1668596861924 0.5 49099
1668596875551 0.875 49149
1668596889173 0.875 49199
1668596902809 0.875 49249
1668596928406 0.625 49299
1668596942067 0.875 49349
1668596955722 1.0 49399
1668596969360 0.5 49449
1668596994683 1.0 49499
1668597008318 0.875 49549
1668597021958 0.75 49599
1668597035592 0.75 49649
1668597060958 0.75 49699
1668597074608 0.5 49749
1668597088249 0.75 49799
1668597101899 0.875 49849
1668597115540 0.625 49899
1668597141028 0.75 49949
1668597154660 0.625 49999
1668597168305 0.625 50049
1668597181940 0.875 50099
1668597207202 0.75 50149
1668597220830 0.5 50199
1668597234476 0.625 50249
1668597248118 0.625 50299
1668597273463 0.625 50349
1668597287111 1.0 50399
1668597300781 0.625 50449
1668597314441 0.75 50499
1668597328080 0.875 50549
1668597353472 0.875 50599
1668597367096 0.75 50649
1668597380801 0.75 50699
1668597394536 0.75 50749
1668597420070 0.875 50799
1668597433724 1.0 50849
1668597447377 0.75 50899
1668597461016 1.0 50949
1668597486381 1.0 50999
1668597500003 0.75 51049
1668597513641 0.875 51099
1668597527290 0.5 51149
1668597540937 0.625 51199
1668597566357 0.5 51249
1668597579984 0.625 51299
1668597593608 1.0 51349
1668597607249 0.75 51399
1668597632773 0.75 51449
1668597646422 0.875 51499
1668597660085 0.5 51549
1668597673728 0.875 51599
1668597699206 0.75 51649
1668597712803 0.75 51699
1668597726454 0.625 51749
1668597740091 0.625 51799
1668597753719 0.5 51849
1668597779089 0.75 51899
1668597792727 0.625 51949
1668597806353 1.0 51999
1668597819982 0.875 52049
1668597845370 0.625 52099
1668597858995 0.625 52149
1668597872623 1.0 52199
1668597886261 0.25 52249
1668597911655 0.625 52299
1668597925276 0.625 52349
1668597938922 0.875 52399
1668597952564 0.5 52449
1668597966215 0.875 52499
1668597991661 0.75 52549
1668598005317 0.75 52599
1668598018969 0.875 52649
1668598032641 0.75 52699
1668598058056 0.625 52749
1668598071708 0.75 52799
1668598085359 1.0 52849
1668598098984 0.875 52899
1668598124371 0.75 52949
1668598137996 0.625 52999
1668598151634 0.75 53049
1668598165270 0.625 53099
1668598178895 0.625 53149
1668598204214 0.75 53199
1668598217859 0.75 53249
1668598231500 0.875 53299
1668598245155 0.875 53349
1668598270560 0.625 53399
1668598284205 0.875 53449
1668598297869 0.75 53499
1668598311518 0.875 53549
1668598336772 0.625 53599
1668598350422 0.75 53649
1668598364065 0.875 53699
1668598377701 0.75 53749
1668598391332 0.5 53799
1668598416695 0.875 53849
1668598430353 1.0 53899
1668598444030 0.875 53949
1668598457697 0.875 53999
1668598483321 0.75 54049
1668598496968 1.0 54099
1668598510642 0.75 54149
1668598524311 0.875 54199
1668598537827 0.5 54249
1668598563331 0.625 54299
1668598577002 0.625 54349
1668598590706 1.0 54399
1668598604405 0.875 54449
1668598629928 0.75 54499
1668598643588 0.75 54549
1668598657236 0.75 54599
1668598670884 0.875 54649
1668598696194 0.5 54699
1668598709855 0.625 54749
1668598723502 0.5 54799
1668598737162 0.875 54849
1668598750796 0.75 54899
1668598775878 0.875 54949
1668598789513 0.75 54999
1668598803164 1.0 55049
1668598816797 0.625 55099
1668598842199 0.75 55149
1668598855837 0.625 55199
1668598869496 0.875 55249
1668598883138 0.625 55299
1668598908545 0.875 55349
1668598922187 1.0 55399
1668598935840 0.625 55449
1668598949491 0.75 55499
1668598963148 1.0 55549
1668598988450 0.875 55599
1668599002094 0.75 55649
1668599015747 0.75 55699
1668599029392 1.0 55749
1668599054706 0.625 55799
1668599068325 0.75 55849
1668599081967 1.0 55899
1668599095606 1.0 55949
1668599121064 0.75 55999
1668599134684 0.875 56049
1668599148303 0.75 56099
1668599161917 0.75 56149
1668599175539 0.5 56199
1668599200852 0.875 56249
1668599214484 0.75 56299
1668599228129 0.625 56349
1668599241778 0.75 56399
1668599267457 0.875 56449
1668599281079 0.875 56499
1668599294715 0.625 56549
1668599308348 1.0 56599
1668599333503 0.875 56649
1668599347138 0.5 56699
1668599360790 1.0 56749
1668599374449 0.875 56799
1668599388111 0.75 56849
1668599413608 0.625 56899
1668599427247 0.625 56949
1668599440886 0.75 56999
1668599454530 0.75 57049
1668599479772 0.625 57099
1668599493445 0.625 57149
1668599507107 0.625 57199
1668599520755 0.875 57249
1668599546291 0.875 57299
1668599559902 0.75 57349
1668599573555 0.75 57399
1668599587209 1.0 57449
1668599600848 0.5 57499
1668599626090 0.75 57549
1668599639753 0.875 57599
1668599653407 0.75 57649
1668599667055 1.0 57699
1668599692529 0.5 57749
1668599706195 0.75 57799
1668599719869 1.0 57849
1668599733539 0.75 57899
1668599759025 0.75 57949
1668599772671 0.75 57999
1668599786333 0.875 58049
1668599799994 0.875 58099
1668599813646 0.75 58149
1668599839029 0.75 58199
1668599852668 1.0 58249
1668599866300 0.875 58299
1668599879945 0.75 58349
1668599905250 0.5 58399
1668599918876 0.625 58449
1668599932504 0.625 58499
1668599946220 0.625 58549
1668599971716 0.625 58599
1668599985323 0.625 58649
1668599998974 0.75 58699
1668600012613 0.875 58749
1668600026248 0.875 58799
1668600051697 0.625 58849
1668600065341 0.75 58899
1668600078975 0.75 58949
1668600092613 0.375 58999
1668600117913 1.0 59049
1668600131638 0.875 59099
1668600145396 0.75 59149
1668600159147 0.875 59199
1668600184510 1.0 59249
1668600198137 0.75 59299
1668600211759 0.625 59349
1668600225377 0.625 59399
1668600238997 0.625 59449
1668600264306 0.75 59499
1668600277938 1.0 59549
1668600291593 1.0 59599
1668600305272 0.75 59649
1668600330668 0.5 59699
1668600344327 0.75 59749
1668600357995 0.75 59799
1668600371683 1.0 59849
1668600397483 1.0 59899
1668600411098 0.875 59949
1668600424733 0.625 59999
1668600438393 0.875 60049
1668600452060 0.75 60099
1668600477707 0.875 60149
1668600491381 0.875 60199
1668600505049 0.375 60249
1668600518725 0.75 60299
1668600544076 0.875 60349
1668600557754 0.75 60399
1668600571414 0.875 60449
1668600585087 0.75 60499
1668600610416 0.875 60549
1668600624051 0.75 60599
1668600637704 0.75 60649
1668600651359 0.75 60699
1668600665020 1.0 60749
1668600690438 0.75 60799
1668600704074 0.625 60849
1668600717725 0.625 60899
1668600731391 0.875 60949
1668600757104 0.875 60999
1668600770745 0.75 61049
1668600784383 0.875 61099
1668600798026 0.875 61149
1668600823265 0.875 61199
1668600836892 0.75 61249
1668600850537 0.75 61299
1668600864194 0.875 61349
1668600877843 0.875 61399
1668600903437 0.75 61449
1668600917112 0.875 61499
1668600930803 0.75 61549
1668600944474 0.75 61599
1668600969778 0.875 61649
1668600983413 0.625 61699
1668600997062 0.625 61749
1668601010705 0.75 61799
1668601035977 0.75 61849
1668601049606 0.75 61899
1668601063251 0.875 61949
1668601076897 0.875 61999
1668601090532 1.0 62049
1668601116012 1.0 62099
1668601129636 0.875 62149
1668601143272 0.75 62199
1668601156893 0.5 62249
1668601182565 0.625 62299
1668601196211 0.5 62349
1668601209854 0.75 62399
1668601223496 0.625 62449
1668601248844 0.75 62499
1668601262454 1.0 62549
1668601276075 0.875 62599
1668601289712 0.25 62649
1668601303366 0.625 62699
1668601328770 0.5 62749
1668601342442 1.0 62799
1668601356110 1.0 62849
1668601369755 0.375 62899
1668601395245 0.5 62949
1668601408859 0.875 62999
1668601422495 0.875 63049
1668601436118 0.875 63099
1668601461698 0.625 63149
1668601475312 0.875 63199
1668601488933 0.875 63249
1668601502571 0.75 63299
1668601516207 0.625 63349
1668601541593 0.75 63399
1668601555260 1.0 63449
1668601568915 0.875 63499
1668601582561 0.75 63549
1668601608099 1.0 63599
1668601621749 0.625 63649
1668601635390 0.625 63699
1668601649017 0.75 63749
1668601674537 1.0 63799
1668601688185 0.75 63849
1668601701887 0.75 63899
1668601715585 1.0 63949
1668601729325 1.0 63999
1668601755120 0.875 64049
1668601768775 0.75 64099
1668601782432 0.875 64149
1668601796087 0.875 64199
1668601821655 1.0 64249
1668601835681 1.0 64299
1668601849395 1.0 64349
1668601863103 0.875 64399
1668601888684 0.5 64449
1668601902294 1.0 64499
1668601915948 0.375 64549
1668601929590 0.625 64599
1668601943226 0.75 64649
1668601968666 0.875 64699
1668601982289 0.875 64749
1668601995932 1.0 64799
1668602009557 0.75 64849
1668602034969 1.0 64899
1668602048625 0.875 64949
1668602062270 1.0 64999
1668602075885 0.5 65049
1668602089343 1.0 65099
