1668580835500 0.0 49
1668580849114 0.4000000059604645 99
1668580862720 0.5714285969734192 149
1668580876337 1.0 199
1668580901430 0.5714285969734192 249
1668580915071 1.0 299
1668580928733 0.4000000059604645 349
1668580942383 0.5 399
1668580967400 0.0 449
1668580981008 0.4000000059604645 499
1668580994633 0.0 549
1668581008237 0.0 599
1668581021842 0.5 649
1668581046574 0.5 699
1668581060189 0.800000011920929 749
1668581073800 0.6666666865348816 799
1668581087421 0.0 849
1668581112237 0.5 899
1668581125846 0.0 949
1668581139458 0.0 999
1668581153076 0.6666666865348816 1049
1668581178218 0.800000011920929 1099
1668581191883 0.4000000059604645 1149
1668581205566 0.0 1199
1668581219247 0.6666666865348816 1249
1668581232929 1.0 1299
1668581258037 0.5 1349
1668581271664 0.6666666865348816 1399
1668581285288 0.75 1449
1668581298917 0.0 1499
1668581323887 0.4000000059604645 1549
1668581337504 0.5 1599
1668581351140 0.800000011920929 1649
1668581364781 0.6666666865348816 1699
1668581389701 0.5 1749
1668581403306 0.0 1799
1668581416916 0.0 1849
1668581430555 0.0 1899
1668581444186 0.5 1949
1668581469144 0.0 1999
1668581482766 0.5 2049
1668581496380 0.6666666865348816 2099
1668581510003 0.0 2149
1668581535059 0.0 2199
1668581548662 0.0 2249
1668581562278 0.6666666865348816 2299
1668581575896 0.5 2349
1668581600796 1.0 2399
1668581614438 0.0 2449
1668581628083 0.3333333134651184 2499
1668581641744 0.888888955116272 2549
1668581655403 0.0 2599
1668581680486 0.5 2649
1668581694104 0.0 2699
1668581707730 1.0 2749
1668581721348 0.800000011920929 2799
1668581746193 1.0 2849
1668581759878 0.6666666865348816 2899
1668581773576 0.5 2949
1668581787255 0.0 2999
1668581812284 0.0 3049
1668581825948 0.0 3099
1668581839631 0.6666666865348816 3149
1668581853259 0.0 3199
1668581866889 0.5 3249
1668581891886 0.0 3299
1668581905522 0.6666666865348816 3349
1668581919154 0.0 3399
1668581932786 0.6666666865348816 3449
1668581957719 0.0 3499
1668581971364 0.800000011920929 3549
1668581985008 0.5 3599
1668581998635 0.5714285969734192 3649
1668582023664 0.6666666865348816 3699
1668582037285 0.4000000059604645 3749
1668582050941 0.800000011920929 3799
1668582064587 0.5 3849
1668582078240 0.5714285969734192 3899
1668582103332 0.800000011920929 3949
1668582117000 0.0 3999
1668582130652 0.0 4049
1668582144276 0.75 4099
1668582169656 0.5 4149
1668582183355 0.5 4199
1668582197031 0.3333333432674408 4249
1668582210671 0.5 4299
1668582235914 0.0 4349
1668582249527 0.5 4399
1668582263165 0.5 4449
1668582276812 0.6666666865348816 4499
1668582290457 0.0 4549
1668582315582 0.5714285969734192 4599
1668582329225 1.0 4649
1668582342882 0.5 4699
1668582356522 0.0 4749
1668582381698 0.0 4799
1668582395362 0.4000000059604645 4849
1668582409013 0.800000011920929 4899
1668582422654 0.0 4949
1668582447752 0.75 4999
1668582461363 0.0 5049
1668582474995 0.0 5099
1668582488622 0.5 5149
1668582502249 0.0 5199
1668582527367 0.6666666865348816 5249
1668582541044 0.6666666865348816 5299
1668582554728 0.5 5349
1668582568386 0.0 5399
1668582593265 0.0 5449
1668582606896 0.5714285373687744 5499
1668582620514 0.3333333134651184 5549
1668582634133 0.3333333432674408 5599
1668582659373 1.0 5649
1668582672975 0.0 5699
1668582686618 0.888888955116272 5749
1668582700240 0.0 5799
1668582713870 0.0 5849
1668582738968 0.0 5899
1668582752598 0.0 5949
1668582766227 0.0 5999
1668582779856 0.0 6049
1668582804402 0.5 6099
1668582818049 0.6666666865348816 6149
1668582831709 0.5 6199
1668582845387 0.5 6249
1668582870510 0.6666666865348816 6299
1668582884111 0.0 6349
1668582897744 0.5 6399
1668582911386 0.5 6449
1668582925007 0.800000011920929 6499
1668582949908 0.4000000059604645 6549
1668582963552 1.0 6599
1668582977194 1.0 6649
1668582990831 0.5 6699
1668583016015 1.0 6749
1668583029639 0.4000000059604645 6799
1668583043278 0.4000000059604645 6849
1668583056913 0.0 6899
1668583082011 1.0 6949
1668583095601 0.6666666865348816 6999
1668583109212 0.0 7049
1668583122824 0.0 7099
1668583136437 0.5 7149
1668583161398 0.3333333432674408 7199
1668583175018 0.0 7249
1668583188642 0.800000011920929 7299
1668583202266 0.5 7349
1668583226982 0.0 7399
1668583240600 0.0 7449
1668583254216 0.0 7499
1668583267843 0.800000011920929 7549
1668583292511 0.800000011920929 7599
1668583306123 0.0 7649
1668583319738 0.5714285969734192 7699
1668583333369 0.800000011920929 7749
1668583346995 1.0 7799
1668583372038 0.0 7849
1668583385684 0.0 7899
1668583399342 0.4000000059604645 7949
1668583413002 0.5714285969734192 7999
1668583438039 1.0 8049
1668583451693 0.6666666865348816 8099
1668583465334 0.4000000059604645 8149
1668583478977 0.0 8199
1668583504046 0.0 8249
1668583517671 0.5 8299
1668583531308 0.6666666865348816 8349
1668583544945 0.0 8399
1668583558566 0.6666666865348816 8449
1668583583539 0.5 8499
1668583597185 0.6666666865348816 8549
1668583610833 0.0 8599
1668583624484 0.800000011920929 8649
1668583649719 0.0 8699
1668583663346 0.6666666865348816 8749
1668583676985 0.5 8799
