1668580891669 1.715555621565793 216
1668580962566 1.6683477630011505 433
1668581032757 1.6059582456871357 650
1668581102996 1.5796652401927276 867
1668581173594 1.566813951717627 1084
1668581244464 1.5596213858877261 1301
1668581314912 1.5574007960965488 1518
1668581385382 1.5547224298793905 1735
1668581455833 1.5533460345337085 1952
1668581526345 1.5508133809845752 2169
1668581596712 1.549485307774697 2386
1668581667479 1.5485785974155677 2603
1668581737791 1.5483015492618302 2820
1668581808462 1.5449543414406386 3037
1668581879090 1.5461940939822405 3254
1668581949598 1.5461920792014539 3471
1668582020133 1.5454829867203614 3688
1668582090761 1.5428149676742218 3905
1668582161463 1.541104314130042 4122
1668582232517 1.5427369697438968 4339
1668582303314 1.5425962664177557 4556
1668582374067 1.5442330755022091 4773
1668582444769 1.5439609339495228 4990
1668582515378 1.5415028485033357 5207
1668582585924 1.5429428540400343 5424
1668582656666 1.5430741164631263 5641
1668582727319 1.5420392439795434 5858
1668582797331 1.54170771462042 6075
1668582868091 1.541680137438032 6292
1668582938524 1.5426181675256683 6509
1668583009242 1.5403507963054792 6726
1668583079856 1.5418853318808532 6943
1668583150273 1.5408961737920668 7160
1668583220489 1.541928502881694 7377
1668583290584 1.5400124401017985 7594
1668583361191 1.5412676199286433 7811
1668583431789 1.5422116509580897 8028
1668583502423 1.5409288516537218 8245
1668583572937 1.5424188405650556 8462
1668583643766 1.5392748294830179 8679
1668583714569 1.5432731420370438 8896
1668583785447 1.5404688340775559 9113
1668583856208 1.5406631144816623 9330
1668583927129 1.5398444709108206 9547
1668583997991 1.5406617052842435 9764
1668584068926 1.5387248477739566 9981
1668584139489 1.5407986080607279 10198
1668584210363 1.5398029184136577 10415
1668584281499 1.5395016255205518 10632
1668584352265 1.5390338676911814 10849
1668584423291 1.539257168391458 11066
1668584494239 1.54094604435336 11283
1668584565361 1.5408858114549924 11500
1668584636180 1.541772440405392 11717
1668584707137 1.5379143857155235 11934
1668584778171 1.537863358421152 12151
1668584849065 1.5399687954417671 12368
1668584919986 1.5386255093511991 12585
1668584991127 1.5388875981876835 12802
1668585062042 1.539117161896609 13019
1668585133168 1.5385226841056123 13236
1668585204005 1.5386375123427534 13453
1668585274811 1.5389780054491116 13670
1668585345889 1.5385900695607062 13887
1668585416838 1.5396886539485428 14104
1668585487838 1.5376179720985448 14321
1668585558814 1.537784473332119 14538
1668585629549 1.5403951857670892 14755
1668585700480 1.5389367044915485 14972
1668585771429 1.5407390432992996 15189
1668585842189 1.5368895102570437 15406
1668585913283 1.5375949400581388 15623
1668585984220 1.5395188013603414 15840
1668586055127 1.5395554556629316 16057
1668586126016 1.53826358168459 16274
1668586197114 1.538535873086195 16491
1668586267796 1.5378321956947236 16708
1668586338994 1.5390284357661206 16925
1668586410134 1.536729818303769 17142
1668586481041 1.53804772828346 17359
1668586551775 1.5367473122854327 17576
1668586622890 1.537992651927029 17793
1668586693748 1.5373831887854987 18010
1668586764644 1.537149813728109 18227
1668586835681 1.5379784212739565 18444
1668586906699 1.5378765103102117 18661
1668586977671 1.5358641620376605 18878
1668587048759 1.5387982893524765 19095
1668587119755 1.5393567380325968 19312
1668587190595 1.5386699981459848 19529
1668587261753 1.5385727546640455 19746
1668587332981 1.539379084854148 19963
1668587403553 1.5382173843618494 20180
1668587474365 1.5371009091144863 20397
1668587545326 1.5385738060382412 20614
1668587616481 1.537528431396688 20831
1668587687553 1.5373615542576922 21048
1668587758600 1.536230582009326 21265
1668587829700 1.5370269001932717 21482
1668587900783 1.5378044845983763 21699
1668587971869 1.5381018386362668 21916
1668588043139 1.536532488108085 22133
1668588113998 1.537947440661347 22350
1668588185073 1.5369916098518859 22567
1668588256100 1.5365537906918345 22784
1668588327053 1.5366161476633826 23001
1668588398006 1.5379505480689253 23218
1668588468794 1.537170935558295 23435
1668588539836 1.5368579575874828 23652
1668588610875 1.5362016744808362 23869
1668588681967 1.537576308621044 24086
1668588753075 1.5369371814273656 24303
1668588823932 1.5385412137549348 24520
1668588894582 1.5362957891274438 24737
1668588965781 1.5370097240663505 24954
1668589036831 1.5374774351507825 25171
1668589107853 1.5361747785090236 25388
1668589178663 1.536953385075191 25605
1668589249718 1.5365629702807349 25822
1668589320633 1.5361041273138385 26039
1668589391681 1.5360874324205724 26256
1668589462698 1.535675109443364 26473
1668589533681 1.5360235359310936 26690
1668589604560 1.5358528444518935 26907
1668589675461 1.5370958320590955 27124
1668589746552 1.5367216394392866 27341
1668589817442 1.5365048541386923 27558
1668589888387 1.5362677357817152 27775
1668589959355 1.534791810202308 27992
1668590030279 1.5361737501593957 28209
1668590101328 1.536272808319021 28426
1668590172540 1.5351908550170619 28643
1668590243495 1.5358818117883817 28860
1668590314506 1.5356689512849455 29077
1668590385489 1.536752541075285 29294
1668590456595 1.5370315545857374 29511
1668590527710 1.5362221689782065 29728
1668590598764 1.5342947679396548 29945
1668590669644 1.5380775229151062 30162
1668590740742 1.5360201227051857 30379
1668590811639 1.5352127904573083 30596
1668590882937 1.535791133440359 30813
1668590954057 1.534010745358142 31030
1668591024913 1.5363234290334615 31247
1668591095969 1.5339057787276822 31464
1668591166888 1.5356708830657146 31681
1668591237849 1.5355253620116067 31898
1668591308832 1.535989976543166 32115
1668591379526 1.5350654631055687 32332
1668591450673 1.534676535503236 32549
1668591521538 1.5373858398398783 32766
1668591592617 1.5344286368241407 32983
1668591663564 1.534660376546363 33200
1668591734397 1.5352814439768323 33417
1668591805298 1.534654389043385 33634
1668591876261 1.535457024124948 33851
1668591947297 1.5355981829006877 34068
1668592018135 1.535544289320623 34285
1668592089266 1.5361279193495556 34502
1668592160336 1.5348001861170804 34719
1668592231130 1.535271686116755 34936
1668592302082 1.535293889403081 35153
1668592372965 1.5360224207682687 35370
1668592443683 1.5344800897568842 35587
1668592514512 1.534871119788184 35804
1668592585437 1.5359666019729694 36021
1668592656196 1.533370130919305 36238
1668592726895 1.5353306539734544 36455
1668592797974 1.5363977359206518 36672
1668592869332 1.5346155860892101 36889
1668592940203 1.534149077538779 37106
1668593011231 1.5339474876534485 37323
1668593082402 1.5346604599409606 37540
1668593153415 1.5348055063752537 37757
1668593224348 1.5342249078176395 37974
1668593295269 1.534487877389123 38191
1668593366282 1.5346451684778213 38408
1668593437516 1.5350260257221724 38625
1668593508541 1.5329532641775518 38842
1668593579680 1.5350233743908615 39059
1668593650734 1.5340198861976944 39276
1668593721657 1.533541719395454 39493
1668593792511 1.5332556207813615 39710
1668593863462 1.533950858630547 39927
1668593934528 1.5351358155000077 40144
1668594005413 1.533735458752756 40361
1668594076554 1.5341386395582204 40578
1668594147509 1.535321419808463 40795
1668594218499 1.5334568626138616 41012
1668594289513 1.5341015856754014 41229
1668594360448 1.5338654867024848 41446
1668594431381 1.5349664479135443 41663
1668594502376 1.5344621892113368 41880
1668594573126 1.5346160204715145 42097
1668594643728 1.533434674090121 42314
1668594714562 1.5343437933586277 42531
1668594785464 1.53359369782808 42748
1668594856658 1.5321491640126945 42965
1668594927726 1.5310310536542817 43182
1668594998699 1.533974929502651 43399
1668595069709 1.5327012349483604 43616
1668595140844 1.534003162330351 43833
1668595211826 1.5329883723510158 44050
1668595282717 1.5329059883790777 44267
1668595354142 1.5337246992541775 44484
1668595425089 1.532530764976738 44701
1668595496166 1.5330175344265666 44918
1668595567247 1.5316004127161196 45135
1668595638269 1.5335881701011327 45352
1668595709116 1.5332722802929597 45569
1668595780098 1.5326285290953368 45786
1668595851304 1.5319195029466486 46003
1668595921865 1.5329475712415024 46220
1668595993158 1.5311091832213382 46437
1668596064035 1.5325933573295683 46654
1668596135208 1.5326140914774413 46871
1668596206372 1.5327899200959036 47088
1668596277673 1.5333819415119274 47305
1668596348706 1.5324039367710267 47522
1668596419703 1.5320369957234712 47739
1668596490855 1.5322383966378563 47956
1668596561828 1.5333418443003908 48173
1668596632834 1.5328279409591663 48390
1668596703849 1.5325223496227947 48607
1668596774728 1.5314731329232032 48824
1668596845631 1.5313295595656942 49041
1668596916580 1.5326887209944942 49258
1668596987626 1.5319723601118325 49475
1668597058492 1.5326671652841863 49692
1668597129507 1.5325192404327304 49909
1668597200378 1.533133608453956 50126
1668597271318 1.5325080774679245 50343
1668597342336 1.5329966288141592 50560
1668597413546 1.5324387190553097 50777
1668597484463 1.5322788875524087 50994
1668597555470 1.532262609821054 51211
1668597626535 1.5319523077647785 51428
1668597697579 1.5305680730898061 51645
1668597768485 1.5325748015400877 51862
1668597839406 1.5317399752184415 52079
1668597910278 1.5316541957593544 52296
1668597981297 1.5326036588067384 52513
1668598052329 1.5310205344574146 52730
1668598123292 1.5334248847771104 52947
1668598194154 1.5318962391477258 53164
1668598265138 1.5327249541962473 53381
1668598335933 1.533143806669897 53598
1668598406922 1.531499919722625 53815
1668598478148 1.5312881370502751 54032
1668598549181 1.530955757596596 54249
1668598620324 1.5324179309589288 54466
1668598691301 1.5322411418600732 54683
1668598762043 1.5313971548733034 54900
1668598832961 1.5311015020736967 55117
1668598903910 1.5318437885915117 55334
1668598974881 1.5319529322740457 55551
1668599045734 1.529704543877313 55768
1668599116609 1.5314310600319083 55985
1668599187528 1.5321920020840936 56202
1668599258685 1.5309017641765017 56419
1668599329443 1.53165572885282 56636
1668599400545 1.5317333221114056 56853
1668599471373 1.5310829286367222 57070
1668599542507 1.5311984550298319 57287
1668599613345 1.5317881373491975 57504
1668599684384 1.5312319068672966 57721
1668599755496 1.5316824719763618 57938
1668599826497 1.5308484924995045 58155
1668599897385 1.531817725322055 58372
1668599968472 1.5326609405568223 58589
1668600039501 1.5308556515879848 58806
1668600110316 1.5311931970792534 59023
1668600181517 1.5303220404015183 59240
1668600252346 1.5313961476835232 59457
1668600323318 1.5312512444116109 59674
1668600394743 1.530973857307771 59891
1668600465973 1.5316598112665942 60108
1668600536973 1.530703576940192 60325
1668600607961 1.5306664830345598 60542
1668600679056 1.5313254283293627 60759
1668600750295 1.5306330859246289 60976
1668600821077 1.530459662114583 61193
1668600892268 1.5318697151213707 61410
1668600963259 1.5306092020175797 61627
1668601034106 1.531263268670673 61844
1668601105132 1.5310124516939738 62061
1668601176293 1.530656195906411 62278
1668601247239 1.5304749382501481 62495
1668601318125 1.530764549184855 62712
1668601389298 1.5312991388654387 62929
1668601460334 1.530357208159528 63146
1668601531193 1.5312917064839662 63363
1668601602367 1.5297887547610616 63580
1668601673438 1.5306573153163578 63797
1668601745069 1.5315441653258905 64014
1668601816177 1.5307345876642617 64231
1668601887841 1.5293015250491575 64448
1668601958872 1.5310365734180407 64665
1668602029853 1.531489143359615 64882
1668602100739 1.531009716519929 65099
