1668580835500 0.0 49
1668580849114 0.25 99
1668580862720 0.4000000059604645 149
1668580876337 1.0 199
1668580901430 0.4000000059604645 249
1668580915071 1.0 299
1668580928733 0.3333333432674408 349
1668580942383 0.5 399
1668580967400 0.0 449
1668580981008 0.25 499
1668580994633 0.0 549
1668581008237 0.0 599
1668581021842 0.3333333432674408 649
1668581046574 0.3333333432674408 699
1668581060189 0.6666666865348816 749
1668581073800 0.5 799
1668581087421 0.0 849
1668581112237 0.3333333432674408 899
1668581125846 0.0 949
1668581139458 0.0 999
1668581153076 0.5 1049
1668581178218 0.6666666865348816 1099
1668581191883 0.25 1149
1668581205566 0.0 1199
1668581219247 0.6666666865348816 1249
1668581232929 1.0 1299
1668581258037 0.3333333432674408 1349
1668581271664 0.5 1399
1668581285288 0.6000000238418579 1449
1668581298917 0.0 1499
1668581323887 0.25 1549
1668581337504 0.3333333432674408 1599
1668581351140 0.6666666865348816 1649
1668581364781 0.5 1699
1668581389701 0.3333333432674408 1749
1668581403306 0.0 1799
1668581416916 0.0 1849
1668581430555 0.0 1899
1668581444186 0.3333333432674408 1949
1668581469144 0.0 1999
1668581482766 0.3333333432674408 2049
1668581496380 0.5 2099
1668581510003 0.0 2149
1668581535059 0.0 2199
1668581548662 0.0 2249
1668581562278 0.5 2299
1668581575896 0.5 2349
1668581600796 1.0 2399
1668581614438 0.0 2449
1668581628083 0.20000000298023224 2499
1668581641744 0.800000011920929 2549
1668581655403 0.0 2599
1668581680486 0.5 2649
1668581694104 0.0 2699
1668581707730 1.0 2749
1668581721348 1.0 2799
1668581746193 1.0 2849
1668581759878 0.5 2899
1668581773576 0.3333333432674408 2949
1668581787255 0.0 2999
1668581812284 0.0 3049
1668581825948 0.0 3099
1668581839631 0.5 3149
1668581853259 0.0 3199
1668581866889 0.3333333432674408 3249
1668581891886 0.0 3299
1668581905522 0.5 3349
1668581919154 0.0 3399
1668581932786 0.5 3449
1668581957719 0.0 3499
1668581971364 0.6666666865348816 3549
1668581985008 0.3333333432674408 3599
1668581998635 0.4000000059604645 3649
1668582023664 0.5 3699
1668582037285 0.5 3749
1668582050941 0.6666666865348816 3799
1668582064587 0.3333333432674408 3849
1668582078240 0.4000000059604645 3899
1668582103332 0.6666666865348816 3949
1668582117000 0.0 3999
1668582130652 0.0 4049
1668582144276 0.6000000238418579 4099
1668582169656 0.3333333432674408 4149
1668582183355 0.3333333432674408 4199
1668582197031 0.25 4249
1668582210671 0.5 4299
1668582235914 0.0 4349
1668582249527 0.5 4399
1668582263165 0.3333333432674408 4449
1668582276812 0.5 4499
1668582290457 0.0 4549
1668582315582 0.4000000059604645 4599
1668582329225 1.0 4649
1668582342882 0.3333333432674408 4699
1668582356522 0.0 4749
1668582381698 0.0 4799
1668582395362 0.3333333432674408 4849
1668582409013 0.6666666865348816 4899
1668582422654 0.0 4949
1668582447752 0.75 4999
1668582461363 0.0 5049
1668582474995 0.0 5099
1668582488622 1.0 5149
1668582502249 0.0 5199
1668582527367 1.0 5249
1668582541044 0.5 5299
1668582554728 0.3333333432674408 5349
1668582568386 0.0 5399
1668582593265 0.0 5449
1668582606896 0.6666666865348816 5499
1668582620514 0.20000000298023224 5549
1668582634133 0.25 5599
1668582659373 1.0 5649
1668582672975 0.0 5699
1668582686618 0.800000011920929 5749
1668582700240 0.0 5799
1668582713870 0.0 5849
1668582738968 0.0 5899
