1669211999038 0 49
1669212012996 0 99
1669212026779 0 149
1669212040433 0 199
1669212051733 0 216
1669212057139 0 216
1669212066680 1 249
1669212080367 1 299
1669212094070 1 349
1669212107775 1 399
1669212123738 1 433
1669212129492 1 433
1669212134432 2 449
1669212148132 2 499
1669212161800 2 549
1669212175505 2 599
1669212189208 2 649
1669212196447 2 650
1669212202349 2 650
1669212216272 3 699
1669212230169 3 749
1669212243878 3 799
1669212257593 3 849
1669212268953 3 867
1669212274690 3 867
1669212284056 4 899
1669212297738 4 949
1669212311452 4 999
1669212325165 4 1049
1669212340905 4 1084
1669212346570 4 1084
1669212351219 5 1099
1669212364907 5 1149
1669212378623 5 1199
1669212392370 5 1249
1669212406062 5 1299
1669212412889 5 1301
1669212418556 5 1301
1669212432218 6 1349
1669212445924 6 1399
1669212459633 6 1449
1669212473352 6 1499
1669212484732 6 1518
1669212490431 6 1518
1669212499432 7 1549
1669212513189 7 1599
1669212526907 7 1649
1669212540613 7 1699
1669212556726 7 1735
1669212562321 7 1735
1669212566716 8 1749
1669212580391 8 1799
1669212594080 8 1849
1669212607788 8 1899
1669212621491 8 1949
1669212628602 8 1952
1669212634193 8 1952
1669212647525 9 1999
1669212661188 9 2049
1669212674857 9 2099
1669212688533 9 2149
1669212699911 9 2169
1669212705507 9 2169
1669212714238 10 2199
1669212727902 10 2249
1669212741573 10 2299
1669212755247 10 2349
1669212771449 10 2386
1669212777076 10 2386
1669212781214 11 2399
1669212794874 11 2449
1669212808552 11 2499
1669212822230 11 2549
1669212835904 11 2599
1669212842971 11 2603
1669212848585 11 2603
1669212861660 12 2649
1669212875334 12 2699
1669212889022 12 2749
1669212902721 12 2799
1669212914494 12 2820
1669212920091 12 2820
1669212928541 13 2849
1669212942198 13 2899
1669212955860 13 2949
1669212969536 13 2999
1669212986091 13 3037
1669212991738 13 3037
1669212995588 14 3049
1669213009238 14 3099
1669213022929 14 3149
1669213036615 14 3199
1669213050315 14 3249
1669213057868 14 3254
1669213063595 14 3254
1669213076452 15 3299
1669213090122 15 3349
1669213103799 15 3399
1669213117479 15 3449
1669213129596 15 3471
1669213135245 15 3471
1669213143430 16 3499
1669213157090 16 3549
1669213170772 16 3599
1669213184468 16 3649
1669213201250 16 3688
1669213206981 16 3688
1669213210573 17 3699
1669213224221 17 3749
1669213237899 17 3799
1669213251602 17 3849
1669213265293 17 3899
1669213273071 17 3905
1669213278730 17 3905
1669213291286 18 3949
1669213304961 18 3999
1669213318651 18 4049
1669213332338 18 4099
1669213344822 18 4122
1669213350389 18 4122
1669213358317 19 4149
1669213371980 19 4199
1669213385652 19 4249
1669213399338 19 4299
1669213416370 19 4339
1669213421977 19 4339
1669213425288 20 4349
1669213438933 20 4399
1669213452617 20 4449
1669213466303 20 4499
1669213479992 20 4549
1669213488002 20 4556
1669213493645 20 4556
1669213505925 21 4599
1669213519583 21 4649
1669213533252 21 4699
1669213546917 21 4749
1669213559585 21 4773
1669213565234 21 4773
1669213572953 22 4799
1669213586655 22 4849
1669213600366 22 4899
1669213614088 22 4949
1669213631428 22 4990
1669213637038 22 4990
1669213640069 23 4999
1669213653702 23 5049
1669213667372 23 5099
1669213681048 23 5149
1669213694725 23 5199
1669213702942 23 5207
1669213708565 23 5207
1669213720541 24 5249
1669213734238 24 5299
1669213747936 24 5349
1669213761641 24 5399
1669213774654 24 5424
1669213780263 24 5424
1669213787635 25 5449
1669213801306 25 5499
1669213815002 25 5549
1669213828685 25 5599
1669213846271 25 5641
1669213851939 25 5641
1669213854709 26 5649
1669213868356 26 5699
1669213882037 26 5749
1669213895728 26 5799
1669213909417 26 5849
1669213918078 26 5858
1669213923751 26 5858
1669213935497 27 5899
1669213949178 27 5949
1669213962868 27 5999
1669213976555 27 6049
1669213989830 27 6075
1669213995496 27 6075
1669214002599 28 6099
1669214016273 28 6149
1669214029974 28 6199
1669214043688 28 6249
1669214061630 28 6292
1669214067362 28 6292
1669214069878 29 6299
1669214083511 29 6349
1669214097185 29 6399
1669214110868 29 6449
1669214124543 29 6499
1669214133559 29 6509
1669214139297 29 6509
1669214150786 30 6549
1669214164449 30 6599
1669214178122 30 6649
1669214191791 30 6699
1669214205364 30 6726
1669214211177 30 6726
1669214218005 31 6749
1669214231696 31 6799
1669214245395 31 6849
1669214259085 31 6899
1669214277341 31 6943
1669214283122 31 6943
1669214285342 32 6949
1669214298987 32 6999
1669214312647 32 7049
1669214326324 32 7099
1669214340014 32 7149
1669214349236 32 7160
1669214354929 32 7160
1669214366129 33 7199
1669214379799 33 7249
1669214393475 33 7299
1669214407165 33 7349
1669214421052 33 7377
1669214426798 33 7377
1669214433375 34 7399
1669214447060 34 7449
1669214460761 34 7499
1669214474466 34 7549
1669214492982 34 7594
1669214498708 34 7594
1669214500630 35 7599
1669214514285 35 7649
1669214527963 35 7699
1669214541650 35 7749
1669214555344 35 7799
1669214564839 35 7811
1669214570559 35 7811
1669214581451 36 7849
1669214595134 36 7899
1669214608821 36 7949
1669214622504 36 7999
1669214636688 36 8028
1669214642431 36 8028
1669214648751 37 8049
1669214662435 37 8099
1669214676126 37 8149
1669214689814 37 8199
1669214708732 37 8245
1669214714449 37 8245
1669214716099 38 8249
1669214729772 38 8299
1669214743453 38 8349
1669214757142 38 8399
1669214770826 38 8449
1669214780455 38 8462
1669214786277 38 8462
1669214796946 39 8499
1669214810628 39 8549
1669214824314 39 8599
1669214838012 39 8649
1669214852429 39 8679
1669214858115 39 8679
1669214864117 40 8699
1669214877789 40 8749
1669214891477 40 8799
1669214905160 40 8849
1669214924390 40 8896
1669214930080 40 8896
1669214931454 41 8899
1669214945113 41 8949
1669214958791 41 8999
1669214972478 41 9049
1669214986173 41 9099
1669214996438 41 9113
1669215002203 41 9113
1669215012582 42 9149
1669215026263 42 9199
1669215039948 42 9249
1669215053626 42 9299
1669215068166 42 9330
1669215073853 42 9330
1669215079609 43 9349
1669215093290 43 9399
1669215107076 43 9449
1669215120765 43 9499
1669215140061 43 9547
1669215145736 43 9547
1669215146850 44 9549
1669215160523 44 9599
1669215174220 44 9649
1669215187924 44 9699
1669215201641 44 9749
1669215212037 44 9764
1669215217755 44 9764
1669215227852 45 9799
1669215241518 45 9849
1669215255198 45 9899
1669215268876 45 9949
1669215283823 45 9981
1669215289620 45 9981
1669215295081 46 9999
1669215308751 46 10049
1669215322438 46 10099
1669215336134 46 10149
1669215355721 46 10198
1669215361510 46 10198
1669215362345 47 10199
1669215375997 47 10249
1669215389669 47 10299
1669215403360 47 10349
1669215417035 47 10399
1669215427654 47 10415
1669215433343 47 10415
1669215443181 48 10449
1669215456870 48 10499
1669215470558 48 10549
1669215484260 48 10599
1669215499305 48 10632
1669215505010 48 10632
1669215510206 49 10649
1669215523880 49 10699
1669215537567 49 10749
1669215551261 49 10799
1669215564782 49 10849
1669215571191 49 10849
1669215576924 49 10849
1669215591117 50 10899
1669215604806 50 10949
1669215618498 50 10999
1669215632187 50 11049
1669215643112 50 11066
1669215648864 50 11066
1669215658408 51 11099
1669215672156 51 11149
1669215685849 51 11199
1669215699537 51 11249
1669215714957 51 11283
1669215720746 51 11283
1669215725691 52 11299
1669215739350 52 11349
1669215753044 52 11399
1669215766738 52 11449
1669215780431 52 11499
1669215786785 52 11500
1669215792515 52 11500
1669215806429 53 11549
1669215820120 53 11599
1669215833801 53 11649
1669215847489 53 11699
1669215858718 53 11717
1669215864501 53 11717
1669215873794 54 11749
1669215887475 54 11799
1669215901171 54 11849
1669215914873 54 11899
1669215930535 54 11934
1669215936281 54 11934
1669215940917 55 11949
1669215954577 55 11999
1669215968266 55 12049
1669215981970 55 12099
1669215995669 55 12149
1669216002546 55 12151
1669216008369 55 12151
1669216022005 56 12199
1669216035699 56 12249
1669216049397 56 12299
1669216063099 56 12349
1669216074594 56 12368
1669216080356 56 12368
1669216089415 57 12399
1669216103079 57 12449
1669216116761 57 12499
1669216130446 57 12549
1669216146527 57 12585
1669216152209 57 12585
1669216156584 58 12599
1669216170244 58 12649
1669216183934 58 12699
1669216197695 58 12749
1669216211386 58 12799
1669216218187 58 12802
1669216223668 58 12802
1669216237037 59 12849
1669216250717 59 12899
1669216264406 59 12949
1669216278094 59 12999
1669216289720 59 13019
1669216295486 59 13019
1669216304260 60 13049
1669216317964 60 13099
1669216331676 60 13149
1669216345385 60 13199
1669216361926 60 13236
1669216367681 60 13236
1669216371809 61 13249
1669216385466 61 13299
1669216399160 61 13349
1669216412864 61 13399
1669216426559 61 13449
1669216433679 61 13453
1669216439354 61 13453
1669216452511 62 13499
1669216466199 62 13549
1669216479893 62 13599
1669216493602 62 13649
1669216505580 62 13670
1669216511370 62 13670
1669216519822 63 13699
1669216533506 63 13749
1669216547193 63 13799
1669216560888 63 13849
1669216577355 63 13887
1669216583010 63 13887
1669216586839 64 13899
1669216600486 64 13949
1669216614175 64 13999
1669216627875 64 14049
1669216641565 64 14099
1669216649034 64 14104
1669216654785 64 14104
1669216667613 65 14149
1669216681282 65 14199
1669216694974 65 14249
1669216708653 65 14299
1669216720731 65 14321
1669216726480 65 14321
1669216734681 66 14349
1669216748369 66 14399
1669216762062 66 14449
1669216775751 66 14499
1669216792688 66 14538
1669216798373 66 14538
1669216801964 67 14549
1669216815637 67 14599
1669216829325 67 14649
1669216843024 67 14699
1669216856714 67 14749
1669216864318 67 14755
1669216869996 67 14755
1669216882562 68 14799
1669216896233 68 14849
1669216909925 68 14899
1669216923626 68 14949
1669216936167 68 14972
1669216941882 68 14972
1669216949813 69 14999
1669216963514 69 15049
1669216977221 69 15099
1669216990937 69 15149
1669217008355 69 15189
1669217014015 69 15189
1669217017335 70 15199
1669217031000 70 15249
1669217044716 70 15299
1669217058433 70 15349
1669217072156 70 15399
1669217080272 70 15406
1669217086002 70 15406
1669217098279 71 15449
1669217111957 71 15499
1669217125651 71 15549
1669217139342 71 15599
1669217152101 71 15623
1669217157817 71 15623
1669217165620 72 15649
1669217179311 72 15699
1669217193018 72 15749
1669217206726 72 15799
1669217224029 72 15840
1669217229815 72 15840
1669217232898 73 15849
1669217246542 73 15899
1669217260224 73 15949
1669217273915 73 15999
1669217287609 73 16049
1669217296101 73 16057
1669217301782 73 16057
1669217313800 74 16099
1669217327489 74 16149
1669217341173 74 16199
1669217354864 74 16249
1669217368035 74 16274
1669217373729 74 16274
1669217381141 75 16299
1669217394827 75 16349
1669217408530 75 16399
1669217422246 75 16449
1669217440059 75 16491
1669217445792 75 16491
1669217448564 76 16499
1669217462206 76 16549
1669217475898 76 16599
1669217489600 76 16649
1669217503293 76 16699
1669217511851 76 16708
1669217517578 76 16708
1669217529309 77 16749
1669217542992 77 16799
1669217556681 77 16849
1669217570374 77 16899
1669217584072 77 16925
1669217589748 77 16925
1669217596853 78 16949
1669217610525 78 16999
1669217624219 78 17049
1669217637916 78 17099
1669217655985 78 17142
1669217661733 78 17142
1669217664246 79 17149
1669217677898 79 17199
1669217691583 79 17249
1669217705279 79 17299
1669217718978 79 17349
1669217727855 79 17359
1669217733566 79 17359
1669217745041 80 17399
1669217758742 80 17449
1669217772442 80 17499
1669217786142 80 17549
1669217799492 80 17576
1669217805172 80 17576
1669217811998 81 17599
1669217825669 81 17649
1669217839359 81 17699
1669217853045 81 17749
1669217871204 81 17793
1669217876875 81 17793
1669217879114 82 17799
1669217892779 82 17849
1669217906458 82 17899
1669217920145 82 17949
1669217933838 82 17999
1669217943108 82 18010
1669217948942 82 18010
1669217960155 83 18049
1669217973841 83 18099
1669217987542 83 18149
1669218001242 83 18199
1669218015126 83 18227
1669218020838 83 18227
1669218027395 84 18249
1669218041058 84 18299
1669218054742 84 18349
1669218068436 84 18399
1669218086927 84 18444
1669218092678 84 18444
1669218094610 85 18449
1669218108271 85 18499
1669218121970 85 18549
1669218135675 85 18599
1669218149380 85 18649
1669218158922 85 18661
1669218164718 85 18661
1669218175691 86 18699
1669218189388 86 18749
1669218203082 86 18799
1669218216783 86 18849
1669218230954 86 18878
1669218236674 86 18878
1669218242969 87 18899
1669218256635 87 18949
1669218270329 87 18999
1669218284027 87 19049
1669218302888 87 19095
1669218308566 87 19095
1669218310231 88 19099
1669218323888 88 19149
1669218337561 88 19199
1669218351244 88 19249
1669218364930 88 19299
1669218374703 88 19312
1669218380434 88 19312
1669218391092 89 19349
1669218404773 89 19399
1669218418471 89 19449
1669218432169 89 19499
1669218446504 89 19529
1669218452204 89 19529
1669218458234 90 19549
1669218471901 90 19599
1669218485582 90 19649
1669218499262 90 19699
1669218517950 90 19746
1669218523636 90 19746
1669218525032 91 19749
1669218538692 91 19799
1669218552381 91 19849
1669218566082 91 19899
1669218579789 91 19949
1669218589869 91 19963
1669218595554 91 19963
1669218605907 92 19999
1669218619588 92 20049
1669218633268 92 20099
1669218646949 92 20149
1669218661479 92 20180
1669218667210 92 20180
1669218672941 93 20199
1669218686610 93 20249
1669218700295 93 20299
1669218713986 93 20349
1669218733112 93 20397
1669218738842 93 20397
1669218739951 94 20399
1669218753612 94 20449
1669218767298 94 20499
1669218780984 94 20549
1669218794683 94 20599
1669218805101 94 20614
1669218810801 94 20614
1669218820906 95 20649
1669218834572 95 20699
1669218848259 95 20749
1669218861943 95 20799
1669218877038 95 20831
1669218882701 95 20831
1669218888157 96 20849
1669218901832 96 20899
1669218915520 96 20949
1669218929204 96 20999
1669218948655 96 21048
1669218954329 96 21048
1669218955178 97 21049
1669218968834 97 21099
1669218982512 97 21149
1669218996205 97 21199
1669219009899 97 21249
1669219020169 97 21265
1669219025808 97 21265
1669219035637 98 21299
1669219049299 98 21349
1669219062974 98 21399
1669219076658 98 21449
1669219091766 98 21482
1669219097478 98 21482
1669219102675 99 21499
1669219116348 99 21549
1669219130046 99 21599
1669219143748 99 21649
1669219157280 99 21699
1669219163484 99 21699
1669219169126 99 21699
1669219183413 100 21749
1669219197100 100 21799
1669219210802 100 21849
1669219224514 100 21899
1669219235156 100 21916
1669219240904 100 21916
1669219250500 101 21949
1669219264190 101 21999
1669219277923 101 22049
1669219291645 101 22099
1669219307388 101 22133
1669219313022 101 22133
1669219317957 102 22149
1669219331620 102 22199
1669219345288 102 22249
1669219358975 102 22299
1669219372679 102 22349
1669219379084 102 22350
1669219384788 102 22350
1669219398719 103 22399
1669219412406 103 22449
1669219426107 103 22499
1669219439819 103 22549
1669219450947 103 22567
1669219456715 103 22567
1669219465991 104 22599
1669219479656 104 22649
1669219493342 104 22699
1669219507045 104 22749
1669219522651 104 22784
1669219528394 104 22784
1669219533053 105 22799
1669219546719 105 22849
1669219560404 105 22899
1669219574106 105 22949
1669219587803 105 22999
1669219594684 105 23001
1669219600459 105 23001
1669219614093 106 23049
1669219627758 106 23099
1669219641432 106 23149
1669219655123 106 23199
1669219666352 106 23218
1669219672053 106 23218
1669219681078 107 23249
1669219694753 107 23299
1669219708434 107 23349
1669219722121 107 23399
1669219738182 107 23435
1669219743881 107 23435
1669219748269 108 23449
1669219761949 108 23499
1669219775641 108 23549
1669219789340 108 23599
1669219803046 108 23649
1669219810122 108 23652
1669219815924 108 23652
1669219829311 109 23699
1669219842994 109 23749
1669219856696 109 23799
1669219870394 109 23849
1669219882188 109 23869
1669219887913 109 23869
1669219896696 110 23899
1669219910378 110 23949
1669219924072 110 23999
1669219937779 110 24049
1669219954090 110 24086
1669219959895 110 24086
1669219964024 111 24099
1669219977677 111 24149
1669219991361 111 24199
1669220005062 111 24249
1669220018758 111 24299
1669220026000 111 24303
1669220031728 111 24303
1669220044808 112 24349
1669220058513 112 24399
1669220072192 112 24449
1669220085893 112 24499
1669220097769 112 24520
1669220103539 112 24520
1669220112018 113 24549
1669220125701 113 24599
1669220139406 113 24649
1669220153091 113 24699
1669220169802 113 24737
1669220175255 113 24737
1669220179118 114 24749
1669220192770 114 24799
1669220206449 114 24849
1669220220126 114 24899
1669220233812 114 24949
1669220241319 114 24954
1669220247029 114 24954
1669220259839 115 24999
1669220273525 115 25049
1669220287219 115 25099
1669220300919 115 25149
1669220313103 115 25171
1669220318759 115 25171
1669220326958 116 25199
1669220340634 116 25249
1669220354325 116 25299
1669220368016 116 25349
1669220384781 116 25388
1669220390504 116 25388
1669220394104 117 25399
1669220407761 117 25449
1669220421459 117 25499
1669220435149 117 25549
1669220448852 117 25599
1669220456676 117 25605
1669220462332 117 25605
1669220474911 118 25649
1669220488607 118 25699
1669220502312 118 25749
1669220516019 118 25799
1669220528428 118 25822
1669220534122 118 25822
1669220542029 119 25849
1669220555715 119 25899
1669220569412 119 25949
1669220583119 119 25999
1669220600127 119 26039
1669220605833 119 26039
1669220609151 120 26049
1669220622804 120 26099
1669220636619 120 26149
1669220650321 120 26199
1669220664024 120 26249
1669220672203 120 26256
1669220677983 120 26256
1669220690250 121 26299
1669220703921 121 26349
1669220717603 121 26399
1669220731290 121 26449
1669220743953 121 26473
1669220749717 121 26473
1669220757343 122 26499
1669220770998 122 26549
1669220784677 122 26599
1669220798364 122 26649
1669220815845 122 26690
1669220821501 122 26690
1669220824515 123 26699
1669220838161 123 26749
1669220851850 123 26799
1669220865547 123 26849
1669220879247 123 26899
1669220887685 123 26907
1669220893399 123 26907
1669220905394 124 26949
1669220919075 124 26999
1669220932761 124 27049
1669220946450 124 27099
1669220959235 124 27124
1669220964944 124 27124
1669220972328 125 27149
1669220986011 125 27199
1669220999694 125 27249
1669221013391 125 27299
1669221030938 125 27341
1669221036616 125 27341
1669221039396 126 27349
1669221053041 126 27399
1669221066728 126 27449
1669221080420 126 27499
1669221094125 126 27549
1669221102639 126 27558
1669221108394 126 27558
1669221120164 127 27599
1669221133859 127 27649
1669221147557 127 27699
1669221161297 127 27749
1669221174518 127 27775
1669221180228 127 27775
1669221187358 128 27799
1669221201044 128 27849
1669221214746 128 27899
1669221228450 128 27949
1669221246409 128 27992
1669221252090 128 27992
1669221254625 129 27999
1669221268291 129 28049
1669221281976 129 28099
1669221295680 129 28149
1669221309388 129 28199
1669221318308 129 28209
1669221323996 129 28209
1669221335476 130 28249
1669221349157 130 28299
1669221362853 130 28349
1669221376555 130 28399
1669221390070 130 28426
1669221395744 130 28426
1669221402562 131 28449
1669221416228 131 28499
1669221429921 131 28549
1669221443630 131 28599
1669221461890 131 28643
1669221467571 131 28643
1669221469804 132 28649
1669221483461 132 28699
1669221497152 132 28749
1669221510850 132 28799
1669221524544 132 28849
1669221533551 132 28860
1669221539235 132 28860
1669221550431 133 28899
1669221564116 133 28949
1669221577823 133 28999
1669221591699 133 29049
1669221606339 133 29077
1669221612026 133 29077
1669221618615 134 29099
1669221632281 134 29149
1669221645966 134 29199
1669221659668 134 29249
1669221678281 134 29294
1669221684053 134 29294
1669221685986 135 29299
1669221699630 135 29349
1669221713302 135 29399
1669221726991 135 29449
1669221740679 135 29499
1669221750109 135 29511
1669221755861 135 29511
1669221766789 136 29549
1669221780477 136 29599
1669221794178 136 29649
1669221807875 136 29699
1669221821974 136 29728
1669221827649 136 29728
1669221833970 137 29749
1669221847639 137 29799
1669221861321 137 29849
1669221875009 137 29899
1669221893922 137 29945
1669221899626 137 29945
1669221901307 138 29949
1669221914957 138 29999
1669221928650 138 30049
1669221942342 138 30099
1669221956047 138 30149
1669221965775 138 30162
1669221971456 138 30162
1669221982087 139 30199
1669221995758 139 30249
1669222009441 139 30299
1669222023129 139 30349
1669222037522 139 30379
1669222043317 139 30379
1669222049352 140 30399
1669222063039 140 30449
1669222076724 140 30499
1669222090429 140 30549
1669222109436 140 30596
1669222115238 140 30596
1669222116681 141 30599
1669222130323 141 30649
1669222144000 141 30699
1669222157722 141 30749
1669222171419 141 30799
1669222181643 141 30813
1669222187338 141 30813
1669222197714 142 30849
1669222211409 142 30899
1669222225107 142 30949
1669222238806 142 30999
1669222253587 142 31030
1669222259279 142 31030
1669222265038 143 31049
1669222278697 143 31099
1669222292368 143 31149
1669222306046 143 31199
1669222325297 143 31247
1669222331002 143 31247
1669222332128 144 31249
1669222345794 144 31299
1669222359472 144 31349
1669222373147 144 31399
1669222386833 144 31449
1669222396846 144 31464
1669222402553 144 31464
1669222412673 145 31499
1669222426346 145 31549
1669222440024 145 31599
1669222453717 145 31649
1669222468718 145 31681
1669222474391 145 31681
1669222479881 146 31699
1669222493558 146 31749
1669222507261 146 31799
1669222520954 146 31849
1669222540566 146 31898
1669222546310 146 31898
1669222547142 147 31899
1669222560828 147 31949
1669222574505 147 31999
1669222588200 147 32049
1669222601900 147 32099
1669222612674 147 32115
1669222618370 147 32115
1669222628206 148 32149
1669222641891 148 32199
1669222655592 148 32249
1669222669296 148 32299
1669222684542 148 32332
1669222690218 148 32332
1669222695412 149 32349
1669222709077 149 32399
1669222722770 149 32449
1669222736469 149 32499
1669222749995 149 32549
1669222756113 149 32549
1669222761830 149 32549
1669222776049 150 32599
1669222789782 150 32649
1669222803482 150 32699
1669222817200 150 32749
1669222827961 150 32766
1669222833679 150 32766
1669222843227 151 32799
1669222856918 151 32849
1669222870623 151 32899
1669222884338 151 32949
1669222900027 151 32983
1669222905805 151 32983
1669222910748 152 32999
1669222924416 152 33049
1669222938107 152 33099
1669222951786 152 33149
1669222965476 152 33199
1669222972212 152 33200
1669222977904 152 33200
1669222991846 153 33249
1669223005555 153 33299
1669223019257 153 33349
1669223032968 153 33399
1669223044171 153 33417
1669223049834 153 33417
1669223059106 154 33449
1669223072768 154 33499
1669223086466 154 33549
1669223100164 154 33599
1669223116079 154 33634
1669223121822 154 33634
1669223126495 155 33649
1669223140157 155 33699
1669223153849 155 33749
1669223167547 155 33799
1669223181253 155 33849
1669223188005 155 33851
1669223193791 155 33851
1669223207439 156 33899
1669223221114 156 33949
1669223234803 156 33999
1669223248503 156 34049
1669223259866 156 34068
1669223265558 156 34068
1669223274583 157 34099
1669223288264 157 34149
1669223301954 157 34199
1669223315645 157 34249
1669223331784 157 34285
1669223337469 157 34285
1669223341877 158 34299
1669223355537 158 34349
1669223369227 158 34399
1669223382923 158 34449
1669223396618 158 34499
1669223403845 158 34502
1669223409520 158 34502
1669223422948 159 34549
1669223436645 159 34599
1669223450351 159 34649
1669223464062 159 34699
1669223475881 159 34719
1669223481625 159 34719
1669223490353 160 34749
1669223504050 160 34799
1669223517749 160 34849
1669223531446 160 34899
1669223547813 160 34936
1669223553491 160 34936
1669223557615 161 34949
1669223571294 161 34999
1669223584993 161 35049
1669223598703 161 35099
1669223612415 161 35149
1669223619553 161 35153
1669223625269 161 35153
1669223638394 162 35199
1669223652085 162 35249
1669223665782 162 35299
1669223679480 162 35349
1669223691491 162 35370
1669223697215 162 35370
1669223705690 163 35399
1669223719374 163 35449
1669223733067 163 35499
1669223746764 163 35549
1669223763451 163 35587
1669223769231 163 35587
1669223773117 164 35599
1669223786761 164 35649
1669223800448 164 35699
1669223814127 164 35749
1669223827815 164 35799
1669223835282 164 35804
1669223841006 164 35804
1669223853843 165 35849
1669223867532 165 35899
1669223881236 165 35949
1669223894944 165 35999
1669223906995 165 36021
1669223912675 165 36021
1669223920869 166 36049
1669223934538 166 36099
1669223948221 166 36149
1669223961917 166 36199
1669223978710 166 36238
1669223984412 166 36238
1669223987990 167 36249
1669224001642 167 36299
1669224015343 167 36349
1669224029036 167 36399
1669224042736 167 36449
1669224050520 167 36455
1669224056229 167 36455
1669224068828 168 36499
1669224082541 168 36549
1669224096254 168 36599
1669224109971 168 36649
1669224122350 168 36672
1669224127767 168 36672
1669224135682 169 36699
1669224149361 169 36749
1669224163050 169 36799
1669224176741 169 36849
1669224194030 169 36889
1669224199739 169 36889
1669224203073 170 36899
1669224216716 170 36949
1669224230401 170 36999
1669224244094 170 37049
1669224257795 170 37099
1669224265852 170 37106
1669224271560 170 37106
1669224283827 171 37149
1669224297524 171 37199
1669224311230 171 37249
1669224324927 171 37299
1669224337709 171 37323
1669224343398 171 37323
1669224351030 172 37349
1669224364703 172 37399
1669224378379 172 37449
1669224392071 172 37499
1669224409526 172 37540
1669224415207 172 37540
1669224418259 173 37549
1669224431900 173 37599
1669224445587 173 37649
1669224459293 173 37699
1669224472997 173 37749
1669224481826 173 37757
1669224487467 173 37757
1669224499494 174 37799
1669224513167 174 37849
1669224526850 174 37899
1669224540539 174 37949
1669224553595 174 37974
1669224559302 174 37974
1669224566696 175 37999
1669224580363 175 38049
1669224594039 175 38099
1669224607723 175 38149
1669224625339 175 38191
1669224631047 175 38191
1669224633825 176 38199
1669224647473 176 38249
1669224661167 176 38299
1669224674865 176 38349
1669224688568 176 38399
1669224697205 176 38408
1669224702989 176 38408
1669224714720 177 38449
1669224728421 177 38499
1669224742134 177 38549
1669224755853 177 38599
1669224769222 177 38625
1669224774896 177 38625
1669224782023 178 38649
1669224795705 178 38699
1669224809404 178 38749
1669224823097 178 38799
1669224840807 178 38842
1669224846479 178 38842
1669224848985 179 38849
1669224862625 179 38899
1669224876305 179 38949
1669224889993 179 38999
1669224903681 179 39049
1669224912381 179 39059
1669224918127 179 39059
1669224929587 180 39099
1669224943273 180 39149
1669224956964 180 39199
1669224970662 180 39249
1669224984547 180 39276
1669224990207 180 39276
1669224997016 181 39299
1669225010691 181 39349
1669225024367 181 39399
1669225038053 181 39449
1669225056159 181 39493
1669225061905 181 39493
1669225064153 182 39499
1669225077795 182 39549
1669225091483 182 39599
1669225105162 182 39649
1669225118837 182 39699
1669225127869 182 39710
1669225133521 182 39710
1669225144727 183 39749
1669225158405 183 39799
1669225172096 183 39849
1669225185783 183 39899
1669225199746 183 39927
1669225205514 183 39927
1669225212101 184 39949
1669225225783 184 39999
1669225239474 184 40049
1669225253168 184 40099
1669225271492 184 40144
1669225277262 184 40144
1669225279208 185 40149
1669225292851 185 40199
1669225306535 185 40249
1669225320235 185 40299
1669225333942 185 40349
1669225343377 185 40361
1669225349070 185 40361
1669225360000 186 40399
1669225373682 186 40449
1669225387381 186 40499
1669225401079 186 40549
1669225415162 186 40578
1669225420863 186 40578
1669225427181 187 40599
1669225440895 187 40649
1669225454618 187 40699
1669225468347 187 40749
1669225486935 187 40795
1669225492629 187 40795
1669225494266 188 40799
1669225507931 188 40849
1669225521629 188 40899
1669225535322 188 40949
1669225549017 188 40999
1669225558802 188 41012
1669225564526 188 41012
1669225575165 189 41049
1669225588853 189 41099
1669225602537 189 41149
1669225616225 189 41199
1669225630576 189 41229
1669225636290 189 41229
1669225642310 190 41249
1669225655980 190 41299
1669225669664 190 41349
1669225683355 190 41399
1669225702277 190 41446
1669225708028 190 41446
1669225709392 191 41449
1669225723057 191 41499
1669225736735 191 41549
1669225750427 191 41599
1669225764120 191 41649
1669225773881 191 41663
1669225779597 191 41663
1669225789971 192 41699
1669225803662 192 41749
1669225817360 192 41799
1669225831058 192 41849
1669225845803 192 41880
1669225851509 192 41880
1669225857292 193 41899
1669225871005 193 41949
1669225884716 193 41999
1669225898440 193 42049
1669225917831 193 42097
1669225923537 193 42097
1669225924659 194 42099
1669225938324 194 42149
1669225952009 194 42199
1669225965704 194 42249
1669225979404 194 42299
1669225989572 194 42314
1669225995439 194 42314
1669226005676 195 42349
1669226019363 195 42399
1669226033056 195 42449
1669226046760 195 42499
1669226061817 195 42531
1669226067515 195 42531
1669226072992 196 42549
1669226086664 196 42599
1669226100358 196 42649
1669226114060 196 42699
1669226133346 196 42748
1669226139042 196 42748
1669226139886 197 42749
1669226153565 197 42799
1669226167253 197 42849
1669226180949 197 42899
1669226194646 197 42949
1669226205197 197 42965
1669226210839 197 42965
1669226220670 198 42999
1669226234357 198 43049
1669226248046 198 43099
1669226261742 198 43149
1669226276912 198 43182
1669226282701 198 43182
1669226287883 199 43199
1669226301550 199 43249
1669226315228 199 43299
1669226328920 199 43349
1669226342450 199 43399
1669226349010 199 43399
1669226354785 199 43399
1669226368951 200 43449
1669226382627 200 43499
1669226396310 200 43549
1669226410003 200 43599
1669226420669 200 43616
1669226426361 200 43616
1669226435919 201 43649
1669226449589 201 43699
1669226463280 201 43749
1669226476971 201 43799
1669226492640 201 43833
1669226498352 201 43833
1669226503296 202 43849
1669226516965 202 43899
1669226530643 202 43949
1669226544342 202 43999
1669226558043 202 44049
1669226564657 202 44050
1669226570356 202 44050
1669226584278 203 44099
1669226597950 203 44149
1669226611743 203 44199
1669226625442 203 44249
1669226636563 203 44267
1669226642236 203 44267
1669226651532 204 44299
1669226665221 204 44349
1669226678931 204 44399
1669226692635 204 44449
1669226708428 204 44484
1669226714218 204 44484
1669226718872 205 44499
1669226732528 205 44549
1669226746203 205 44599
1669226759877 205 44649
1669226773564 205 44699
1669226780344 205 44701
1669226786010 205 44701
1669226799673 206 44749
1669226813354 206 44799
1669226827036 206 44849
1669226840732 206 44899
1669226851859 206 44918
1669226857511 206 44918
1669226866524 207 44949
1669226880204 207 44999
1669226893894 207 45049
1669226907585 207 45099
1669226923502 207 45135
1669226929224 207 45135
1669226933620 208 45149
1669226947299 208 45199
1669226960994 208 45249
1669226974698 208 45299
1669226988406 208 45349
1669226995531 208 45352
1669227001235 208 45352
1669227014610 209 45399
1669227028292 209 45449
1669227041975 209 45499
1669227055665 209 45549
1669227067394 209 45569
1669227073086 209 45569
1669227081830 210 45599
1669227095510 210 45649
1669227109202 210 45699
1669227122904 210 45749
1669227139315 210 45786
1669227145032 210 45786
1669227149172 211 45799
1669227162865 211 45849
1669227176574 211 45899
1669227190290 211 45949
1669227204004 211 45999
1669227211304 211 46003
1669227217121 211 46003
1669227230210 212 46049
1669227243911 212 46099
1669227257625 212 46149
1669227271331 212 46199
1669227283369 212 46220
1669227289092 212 46220
1669227297690 213 46249
1669227311385 213 46299
1669227325077 213 46349
1669227338796 213 46399
1669227355486 213 46437
1669227361167 213 46437
1669227365039 214 46449
1669227378694 214 46499
1669227392383 214 46549
1669227406080 214 46599
1669227419773 214 46649
1669227427329 214 46654
1669227433037 214 46654
1669227445869 215 46699
1669227459554 215 46749
1669227473252 215 46799
1669227486948 215 46849
1669227499083 215 46871
1669227504774 215 46871
1669227512994 216 46899
1669227526673 216 46949
1669227540374 216 46999
1669227554069 216 47049
1669227571038 216 47088
1669227576711 216 47088
1669227580271 217 47099
1669227593923 217 47149
1669227607612 217 47199
1669227621312 217 47249
1669227635004 217 47299
1669227642673 217 47305
1669227648422 217 47305
1669227660963 218 47349
1669227674655 218 47399
1669227688347 218 47449
1669227702041 218 47499
1669227714559 218 47522
1669227720225 218 47522
1669227728161 219 47549
1669227741829 219 47599
1669227755525 219 47649
1669227769223 219 47699
1669227786315 219 47739
1669227792043 219 47739
1669227795350 220 47749
1669227809006 220 47799
1669227822705 220 47849
1669227836403 220 47899
1669227850116 220 47949
1669227858010 220 47956
1669227863730 220 47956
1669227876021 221 47999
1669227889705 221 48049
1669227903403 221 48099
1669227917096 221 48149
1669227929984 221 48173
1669227935688 221 48173
1669227943333 222 48199
1669227957018 222 48249
1669227970714 222 48299
1669227984427 222 48349
1669228002000 222 48390
1669228007778 222 48390
1669228010848 223 48399
1669228024970 223 48449
1669228038714 223 48499
1669228052430 223 48549
1669228066143 223 48599
1669228074260 223 48607
1669228079675 223 48607
1669228091688 224 48649
1669228105373 224 48699
1669228119064 224 48749
1669228132753 224 48799
1669228145998 224 48824
1669228151709 224 48824
1669228159131 225 48849
1669228172791 225 48899
1669228186468 225 48949
1669228200153 225 48999
1669228217849 225 49041
1669228223502 225 49041
1669228226253 226 49049
1669228239895 226 49099
1669228253579 226 49149
1669228267263 226 49199
1669228280960 226 49249
1669228289835 226 49258
1669228295534 226 49258
1669228307273 227 49299
1669228320947 227 49349
1669228334628 227 49399
1669228348314 227 49449
1669228361528 227 49475
1669228367197 227 49475
1669228374324 228 49499
1669228388001 228 49549
1669228401683 228 49599
1669228415388 228 49649
1669228433359 228 49692
1669228439091 228 49692
1669228441601 229 49699
1669228455250 229 49749
1669228468927 229 49799
1669228482613 229 49849
1669228496313 229 49899
1669228505204 229 49909
1669228510825 229 49909
1669228522271 230 49949
1669228535938 230 49999
1669228549614 230 50049
1669228563311 230 50099
1669228576907 230 50126
1669228582622 230 50126
1669228589449 231 50149
1669228603114 231 50199
1669228616788 231 50249
1669228630467 231 50299
1669228648404 231 50343
1669228654142 231 50343
1669228656401 232 50349
1669228670060 232 50399
1669228683753 232 50449
1669228697461 232 50499
1669228711161 232 50549
1669228720456 232 50560
1669228726193 232 50560
1669228737368 233 50599
1669228751054 233 50649
1669228764741 233 50699
1669228778435 233 50749
1669228792179 233 50777
1669228797879 233 50777
1669228804450 234 50799
1669228818127 234 50849
1669228831823 234 50899
1669228845512 234 50949
1669228864148 234 50994
1669228869909 234 50994
1669228871865 235 50999
1669228885519 235 51049
1669228899197 235 51099
1669228912884 235 51149
1669228926582 235 51199
1669228936009 235 51211
1669228941705 235 51211
1669228952655 236 51249
1669228966336 236 51299
1669228980029 236 51349
1669228993722 236 51399
1669229007842 236 51428
1669229013550 236 51428
1669229019867 237 51449
1669229033532 237 51499
1669229047208 237 51549
1669229060889 237 51599
1669229079618 237 51645
1669229085347 237 51645
1669229087024 238 51649
1669229100661 238 51699
1669229114327 238 51749
1669229128011 238 51799
1669229141690 238 51849
1669229151387 238 51862
1669229157134 238 51862
1669229167786 239 51899
1669229181462 239 51949
1669229195160 239 51999
1669229208864 239 52049
1669229223379 239 52079
1669229229076 239 52079
1669229235073 240 52099
1669229248741 240 52149
1669229262427 240 52199
1669229276113 240 52249
1669229295107 240 52296
1669229300771 240 52296
1669229302163 241 52299
1669229315820 241 52349
1669229329494 241 52399
1669229343182 241 52449
1669229356865 241 52499
1669229366862 241 52513
1669229372578 241 52513
1669229382991 242 52549
1669229396685 242 52599
1669229410387 242 52649
1669229424098 242 52699
1669229438465 242 52730
1669229444192 242 52730
1669229449961 243 52749
1669229463640 243 52799
1669229477330 243 52849
1669229491031 243 52899
1669229510236 243 52947
1669229515981 243 52947
1669229517110 244 52949
1669229530783 244 52999
1669229544481 244 53049
1669229558189 244 53099
1669229571899 244 53149
1669229582191 244 53164
1669229587919 244 53164
1669229597993 245 53199
1669229611667 245 53249
1669229625363 245 53299
1669229639058 245 53349
1669229653944 245 53381
1669229659716 245 53381
1669229665202 246 53399
1669229678863 246 53449
1669229692547 246 53499
1669229706241 246 53549
1669229725843 246 53598
1669229731518 246 53598
1669229732387 247 53599
1669229746066 247 53649
1669229759741 247 53699
1669229773433 247 53749
1669229787125 247 53799
1669229797602 247 53815
1669229803291 247 53815
1669229813128 248 53849
1669229826803 248 53899
1669229840497 248 53949
1669229854201 248 53999
1669229869325 248 54032
1669229875019 248 54032
1669229880210 249 54049
1669229893886 249 54099
1669229907581 249 54149
1669229921276 249 54199
1669229934796 249 54249
1669229941259 249 54249
1669229946969 249 54249
1669229961170 250 54299
1669229974845 250 54349
1669229988533 250 54399
1669230002225 250 54449
1669230013093 250 54466
1669230018901 250 54466
1669230028460 251 54499
1669230042143 251 54549
1669230055812 251 54599
1669230069500 251 54649
1669230084961 251 54683
1669230090670 251 54683
1669230095601 252 54699
1669230109264 252 54749
1669230122943 252 54799
1669230136626 252 54849
1669230150322 252 54899
1669230156765 252 54900
1669230162411 252 54900
1669230176360 253 54949
1669230190057 253 54999
1669230203762 253 55049
1669230217464 253 55099
1669230228530 253 55117
1669230234237 253 55117
1669230243543 254 55149
1669230257219 254 55199
1669230270908 254 55249
1669230284607 254 55299
1669230300418 254 55334
1669230306112 254 55334
1669230310785 255 55349
1669230324452 255 55399
1669230338130 255 55449
1669230351830 255 55499
1669230365522 255 55549
1669230372364 255 55551
1669230378076 255 55551
1669230391705 256 55599
1669230405386 256 55649
1669230419082 256 55699
1669230432773 256 55749
1669230444174 256 55768
1669230449853 256 55768
1669230458884 257 55799
1669230472563 257 55849
1669230486249 257 55899
1669230499932 257 55949
1669230515958 257 55985
1669230521675 257 55985
1669230526098 258 55999
1669230539777 258 56049
1669230553486 258 56099
1669230567189 258 56149
1669230580898 258 56199
1669230588252 258 56202
1669230593958 258 56202
1669230607388 259 56249
1669230621102 259 56299
1669230634835 259 56349
1669230648544 259 56399
1669230660317 259 56419
1669230666067 259 56419
1669230674799 260 56449
1669230688471 260 56499
1669230702159 260 56549
1669230715845 260 56599
1669230732346 260 56636
1669230738034 260 56636
1669230742146 261 56649
1669230755806 261 56699
1669230769500 261 56749
1669230783189 261 56799
1669230796898 261 56849
1669230803863 261 56853
1669230809561 261 56853
1669230822672 262 56899
1669230836355 262 56949
1669230850050 262 56999
1669230863745 262 57049
1669230875684 262 57070
1669230881347 262 57070
1669230889832 263 57099
1669230903502 263 57149
1669230917189 263 57199
1669230930875 263 57249
1669230947554 263 57287
1669230953245 263 57287
1669230957092 264 57299
1669230970758 264 57349
1669230984442 264 57399
1669230998137 264 57449
1669231011830 264 57499
1669231019308 264 57504
1669231025004 264 57504
1669231037853 265 57549
1669231051537 265 57599
1669231065230 265 57649
1669231078934 265 57699
1669231090986 265 57721
1669231096693 265 57721
1669231104888 266 57749
1669231118570 266 57799
1669231132261 266 57849
1669231145959 266 57899
1669231162827 266 57938
1669231168562 266 57938
1669231172164 267 57949
1669231185812 267 57999
1669231199491 267 58049
1669231213186 267 58099
1669231226877 267 58149
1669231234781 267 58155
1669231240500 267 58155
1669231253061 268 58199
1669231266751 268 58249
1669231280442 268 58299
1669231294142 268 58349
1669231306598 268 58372
1669231312280 268 58372
1669231320217 269 58399
1669231333897 269 58449
1669231347589 269 58499
1669231361283 269 58549
1669231378518 269 58589
1669231384247 269 58589
1669231387560 270 58599
1669231401217 270 58649
1669231414900 270 58699
1669231428595 270 58749
1669231442295 270 58799
1669231450451 270 58806
1669231456144 270 58806
1669231468442 271 58849
1669231482123 271 58899
1669231495809 271 58949
1669231509507 271 58999
1669231522083 271 59023
1669231527762 271 59023
1669231535421 272 59049
1669231549097 272 59099
1669231562791 272 59149
1669231576496 272 59199
1669231593831 272 59240
1669231599504 272 59240
1669231602547 273 59249
1669231616180 273 59299
1669231629864 273 59349
1669231643551 273 59399
1669231657234 273 59449
1669231665893 273 59457
1669231671600 273 59457
1669231683600 274 59499
1669231697271 274 59549
1669231710959 274 59599
1669231724647 274 59649
1669231737671 274 59674
1669231743355 274 59674
1669231750750 275 59699
1669231764419 275 59749
1669231778101 275 59799
1669231791787 275 59849
1669231809638 275 59891
1669231815382 275 59891
1669231818199 276 59899
1669231831840 276 59949
1669231845524 276 59999
1669231859211 276 60049
1669231872902 276 60099
1669231881702 276 60108
1669231887387 276 60108
1669231899106 277 60149
1669231912782 277 60199
1669231926462 277 60249
1669231940162 277 60299
1669231953685 277 60325
1669231959340 277 60325
1669231966461 278 60349
1669231980144 278 60399
1669231993842 278 60449
1669232007519 278 60499
1669232025244 278 60542
1669232030611 278 60542
1669232033119 279 60549
1669232046772 279 60599
1669232060455 279 60649
1669232074145 279 60699
1669232087845 279 60749
1669232096816 279 60759
1669232102579 279 60759
1669232114077 280 60799
1669232127794 280 60849
1669232141513 280 60899
1669232155228 280 60949
1669232168927 280 60976
1669232174650 280 60976
1669232181484 281 60999
1669232195157 281 61049
1669232208846 281 61099
1669232222542 281 61149
1669232240790 281 61193
1669232246486 281 61193
1669232248698 282 61199
1669232262359 282 61249
1669232276065 282 61299
1669232289774 282 61349
1669232303480 282 61399
1669232312675 282 61410
1669232318331 282 61410
1669232329541 283 61449
1669232343236 283 61499
1669232356936 283 61549
1669232370644 283 61599
1669232384497 283 61627
1669232390147 283 61627
1669232396721 284 61649
1669232410393 284 61699
1669232424083 284 61749
1669232437775 284 61799
1669232456169 284 61844
1669232461801 284 61844
1669232463753 285 61849
1669232477447 285 61899
1669232491176 285 61949
1669232504875 285 61999
1669232518564 285 62049
1669232527968 285 62061
1669232533704 285 62061
1669232544648 286 62099
1669232558347 286 62149
1669232572038 286 62199
1669232585734 286 62249
1669232599716 286 62278
1669232605404 286 62278
1669232611683 287 62299
1669232625364 287 62349
1669232639050 287 62399
1669232652749 287 62449
1669232671752 287 62495
1669232677535 287 62495
1669232679212 288 62499
1669232692869 288 62549
1669232706547 288 62599
1669232720235 288 62649
1669232733925 288 62699
1669232743657 288 62712
1669232749391 288 62712
1669232760035 289 62749
1669232773727 289 62799
1669232787431 289 62849
1669232801138 289 62899
1669232815613 289 62929
1669232821358 289 62929
1669232827357 290 62949
1669232841027 290 62999
1669232854717 290 63049
1669232868405 290 63099
1669232887357 290 63146
1669232893012 290 63146
1669232894424 291 63149
1669232908080 291 63199
1669232921752 291 63249
1669232935436 291 63299
1669232949126 291 63349
1669232959297 291 63363
1669232965011 291 63363
1669232975390 292 63399
1669232989083 292 63449
1669233002776 292 63499
1669233016462 292 63549
1669233031197 292 63580
1669233036861 292 63580
1669233042639 293 63599
1669233056331 293 63649
1669233070025 293 63699
1669233083721 293 63749
1669233103121 293 63797
1669233108819 293 63797
1669233109912 294 63799
1669233123595 294 63849
1669233137296 294 63899
1669233151006 294 63949
1669233164716 294 63999
1669233175166 294 64014
1669233180889 294 64014
1669233191024 295 64049
1669233204711 295 64099
1669233218416 295 64149
1669233232110 295 64199
1669233247020 295 64231
1669233252749 295 64231
1669233258246 296 64249
1669233271910 296 64299
1669233285593 296 64349
1669233299286 296 64399
1669233318943 296 64448
1669233324637 296 64448
1669233325478 297 64449
1669233339128 297 64499
1669233352799 297 64549
1669233366477 297 64599
1669233380163 297 64649
1669233390684 297 64665
1669233396368 297 64665
1669233406236 298 64699
1669233419916 298 64749
1669233433610 298 64799
1669233447311 298 64849
1669233462365 298 64882
1669233468040 298 64882
1669233473244 299 64899
1669233486914 299 64949
1669233500606 299 64999
1669233514305 299 65049
1669233527838 299 65099
1669233534118 299 65099
1669233539652 299 65099
