1669212057139 0.39826589822769165 216
1669212129492 0.3939306437969208 433
1669212202349 0.38453757762908936 650
1669212274690 0.3916184902191162 867
1669212346570 0.3859826624393463 1084
1669212418556 0.3843930661678314 1301
1669212490431 0.38294798135757446 1518
1669212562321 0.3822254240512848 1735
1669212634193 0.38121387362480164 1952
1669212705507 0.3822254240512848 2169
1669212777076 0.38164740800857544 2386
1669212848585 0.3823699355125427 2603
1669212920091 0.38771677017211914 2820
1669212991738 0.3842485547065735 3037
1669213063595 0.3864161968231201 3254
1669213135245 0.3774566352367401 3471
1669213206981 0.37919074296951294 3688
1669213278730 0.37803468108177185 3905
1669213350389 0.37890172004699707 4122
1669213421977 0.3802023231983185 4339
1669213493645 0.3819364309310913 4556
1669213565234 0.3761560618877411 4773
1669213637038 0.38164740800857544 4990
1669213708565 0.37644508481025696 5207
1669213780263 0.3783237040042877 5424
1669213851939 0.38005781173706055 5641
1669213923751 0.3859826624393463 5858
1669213995496 0.3783237040042877 6075
1669214067362 0.376300573348999 6292
1669214139297 0.3797687888145447 6509
1669214211177 0.38294798135757446 6726
1669214283122 0.3757225573062897 6943
1669214354929 0.36719653010368347 7160
1669214426798 0.372254341840744 7377
1669214498708 0.3729768693447113 7594
1669214570559 0.3682080805301666 7811
1669214642431 0.3696531653404236 8028
1669214714449 0.3660404682159424 8245
1669214786277 0.36054912209510803 8462
1669214858115 0.3628612756729126 8679
1669214930080 0.36661848425865173 8896
1669215002203 0.3677745759487152 9113
1669215073853 0.3697976768016815 9330
1669215145736 0.37109827995300293 9547
1669215217755 0.3615607023239136 9764
1669215289620 0.36387282609939575 9981
1669215361510 0.361994206905365 10198
1669215433343 0.3599711060523987 10415
1669215505010 0.3635838031768799 10632
1669215576924 0.36112716794013977 10849
1669215648864 0.3588150143623352 11066
1669215720746 0.35982659459114075 11283
1669215792515 0.36719653010368347 11500
1669215864501 0.36184972524642944 11717
1669215936281 0.3702312111854553 11934
1669216008369 0.36098265647888184 12151
1669216080356 0.3604046106338501 12368
1669216152209 0.35780346393585205 12585
1669216223668 0.35794797539711 12802
1669216295486 0.3669075071811676 13019
1669216367681 0.36343929171562195 13236
1669216439354 0.36069363355636597 13453
1669216511370 0.35693642497062683 13670
1669216583010 0.3531791865825653 13887
1669216654785 0.3559248447418213 14104
1669216726480 0.3518786132335663 14321
1669216798373 0.35939306020736694 14538
1669216869996 0.35895952582359314 14755
1669216941882 0.3624277412891388 14972
1669217014015 0.3567919135093689 15189
1669217086002 0.35447975993156433 15406
1669217157817 0.35086706280708313 15623
1669217229815 0.35491329431533813 15840
1669217301782 0.35505780577659607 16057
1669217373729 0.3518786132335663 16274
1669217445792 0.3543352484703064 16491
1669217517578 0.35780346393585205 16708
1669217589748 0.35736992955207825 16925
1669217661733 0.35794797539711 17142
1669217733566 0.3585260212421417 17359
1669217805172 0.3536127209663391 17576
1669217876875 0.3527456521987915 17793
1669217948942 0.3563583791255951 18010
1669218020838 0.356502890586853 18227
1669218092678 0.36026012897491455 18444
1669218164718 0.3559248447418213 18661
1669218236674 0.35794797539711 18878
1669218308566 0.3479768931865692 19095
1669218380434 0.3518786132335663 19312
1669218452204 0.3507225513458252 19529
1669218523636 0.35462427139282227 19746
1669218595554 0.3559248447418213 19963
1669218667210 0.3547687828540802 20180
1669218738842 0.355202317237854 20397
1669218810801 0.35982659459114075 20614
1669218882701 0.35375723242759705 20831
1669218954329 0.35693642497062683 21048
1669219025808 0.3520231246948242 21265
1669219097478 0.3518786132335663 21482
1669219169126 0.3547687828540802 21699
1669219240904 0.35664740204811096 21916
1669219313022 0.3491329550743103 22133
1669219384788 0.35447975993156433 22350
1669219456715 0.3518786132335663 22567
1669219528394 0.34971097111701965 22784
1669219600459 0.35780346393585205 23001
1669219672053 0.34971097111701965 23218
1669219743881 0.35332369804382324 23435
1669219815924 0.3572254478931427 23652
1669219887913 0.3543352484703064 23869
1669219959895 0.35086706280708313 24086
1669220031728 0.35375723242759705 24303
1669220103539 0.34479770064353943 24520
1669220175255 0.34682080149650574 24737
1669220247029 0.3575144410133362 24954
1669220318759 0.35086706280708313 25171
1669220390504 0.3527456521987915 25388
1669220462332 0.34855490922927856 25605
1669220534122 0.35332369804382324 25822
1669220605833 0.3498554825782776 26039
1669220677983 0.34609827399253845 26256
1669220749717 0.34971097111701965 26473
1669220821501 0.3473988473415375 26690
1669220893399 0.35101157426834106 26907
1669220964944 0.3482658863067627 27124
1669221036616 0.3543352484703064 27341
1669221108394 0.3523121476173401 27558
1669221180228 0.34696531295776367 27775
1669221252090 0.3446531891822815 27992
1669221323996 0.3502890169620514 28209
1669221395744 0.34248554706573486 28426
1669221467571 0.3515895903110504 28643
1669221539235 0.3531791865825653 28860
1669221612026 0.3547687828540802 29077
1669221684053 0.3471098244190216 29294
1669221755861 0.34523120522499084 29511
1669221827649 0.35057803988456726 29728
1669221899626 0.3463872969150543 29945
1669221971456 0.35101157426834106 30162
1669222043317 0.3523121476173401 30379
1669222115238 0.34768787026405334 30596
1669222187338 0.3486994206905365 30813
1669222259279 0.352456659078598 31030
1669222331002 0.3498554825782776 31247
1669222402553 0.35447975993156433 31464
1669222474391 0.34696531295776367 31681
1669222546310 0.3507225513458252 31898
1669222618370 0.3471098244190216 32115
1669222690218 0.34320810437202454 32332
1669222761830 0.3495664596557617 32549
1669222833679 0.3499999940395355 32766
1669222905805 0.3471098244190216 32983
1669222977904 0.3499999940395355 33200
1669223049834 0.3556358516216278 33417
1669223121822 0.3523121476173401 33634
1669223193791 0.35289016366004944 33851
1669223265558 0.35130056738853455 34068
1669223337469 0.3466762900352478 34285
1669223409520 0.35086706280708313 34502
1669223481625 0.3491329550743103 34719
1669223553491 0.3459537625312805 34936
1669223625269 0.34407514333724976 35153
1669223697215 0.35057803988456726 35370
1669223769231 0.3502890169620514 35587
1669223841006 0.35375723242759705 35804
1669223912675 0.3498554825782776 36021
1669223984412 0.34855490922927856 36238
1669224056229 0.35216763615608215 36455
1669224127767 0.352456659078598 36672
1669224199739 0.34927746653556824 36889
1669224271560 0.34335261583328247 37106
1669224343398 0.3583815097808838 37323
1669224415207 0.3491329550743103 37540
1669224487467 0.353901743888855 37757
1669224559302 0.34971097111701965 37974
1669224631047 0.34971097111701965 38191
1669224702989 0.3563583791255951 38408
1669224774896 0.34725433588027954 38625
1669224846479 0.34855490922927856 38842
1669224918127 0.35057803988456726 39059
1669224990207 0.3462427854537964 39276
1669225061905 0.3466762900352478 39493
1669225133521 0.3478323817253113 39710
1669225205514 0.34855490922927856 39927
1669225277262 0.34812137484550476 40144
1669225349070 0.35289016366004944 40361
1669225420863 0.3527456521987915 40578
1669225492629 0.3515895903110504 40795
1669225564526 0.355202317237854 41012
1669225636290 0.3536127209663391 41229
1669225708028 0.3491329550743103 41446
1669225779597 0.3486994206905365 41663
1669225851509 0.3486994206905365 41880
1669225923537 0.3442196547985077 42097
1669225995439 0.3515895903110504 42314
1669226067515 0.3507225513458252 42531
1669226139042 0.3520231246948242 42748
1669226210839 0.35173410177230835 42965
1669226282701 0.3502890169620514 43182
1669226354785 0.3511560559272766 43399
1669226426361 0.3491329550743103 43616
1669226498352 0.3540462553501129 43833
1669226570356 0.3527456521987915 44050
1669226642236 0.3486994206905365 44267
1669226714218 0.34653177857398987 44484
1669226786010 0.34884393215179443 44701
1669226857511 0.3437861204147339 44918
1669226929224 0.35289016366004944 45135
1669227001235 0.34884393215179443 45352
1669227073086 0.35447975993156433 45569
1669227145032 0.3536127209663391 45786
1669227217121 0.35173410177230835 46003
1669227289092 0.34898844361305237 46220
1669227361167 0.3576589524745941 46437
1669227433037 0.35260117053985596 46654
1669227504774 0.3554913401603699 46871
1669227576711 0.35867053270339966 47088
1669227648422 0.3527456521987915 47305
1669227720225 0.35693642497062683 47522
1669227792043 0.35867053270339966 47739
1669227863730 0.35173410177230835 47956
1669227935688 0.34855490922927856 48173
1669228007778 0.35332369804382324 48390
1669228079675 0.3491329550743103 48607
1669228151709 0.3491329550743103 48824
1669228223502 0.35130056738853455 49041
1669228295534 0.35289016366004944 49258
1669228367197 0.3511560559272766 49475
1669228439091 0.35130056738853455 49692
1669228510825 0.359248548746109 49909
1669228582622 0.3567919135093689 50126
1669228654142 0.35708093643188477 50343
1669228726193 0.34971097111701965 50560
1669228797879 0.35057803988456726 50777
1669228869909 0.35419073700904846 50994
1669228941705 0.3531791865825653 51211
1669229013550 0.35260117053985596 51428
1669229085347 0.352456659078598 51645
1669229157134 0.35419073700904846 51862
1669229229076 0.35505780577659607 52079
1669229300771 0.35491329431533813 52296
1669229372578 0.3540462553501129 52513
1669229444192 0.35057803988456726 52730
1669229515981 0.3572254478931427 52947
1669229587919 0.3543352484703064 53164
1669229659716 0.3540462553501129 53381
1669229731518 0.35982659459114075 53598
1669229803291 0.3515895903110504 53815
1669229875019 0.35794797539711 54032
1669229946969 0.35289016366004944 54249
1669230018901 0.3458092510700226 54466
1669230090670 0.3543352484703064 54683
1669230162411 0.35708093643188477 54900
1669230234237 0.3536127209663391 55117
1669230306112 0.35086706280708313 55334
1669230378076 0.35332369804382324 55551
1669230449853 0.3511560559272766 55768
1669230521675 0.3523121476173401 55985
1669230593958 0.3588150143623352 56202
1669230666067 0.35447975993156433 56419
1669230738034 0.35780346393585205 56636
1669230809561 0.35491329431533813 56853
1669230881347 0.3504335284233093 57070
1669230953245 0.3536127209663391 57287
1669231025004 0.3523121476173401 57504
1669231096693 0.3617052137851715 57721
1669231168562 0.3514450788497925 57938
1669231240500 0.3518786132335663 58155
1669231312280 0.35057803988456726 58372
1669231384247 0.3511560559272766 58589
1669231456144 0.3560693562030792 58806
1669231527762 0.35578033328056335 59023
1669231599504 0.3520231246948242 59240
1669231671600 0.3563583791255951 59457
1669231743355 0.3559248447418213 59674
1669231815382 0.35447975993156433 59891
1669231887387 0.3530346751213074 60108
1669231959340 0.3567919135093689 60325
1669232030611 0.35505780577659607 60542
1669232102579 0.3530346751213074 60759
1669232174650 0.3563583791255951 60976
1669232246486 0.34696531295776367 61193
1669232318331 0.356502890586853 61410
1669232390147 0.3563583791255951 61627
1669232461801 0.35794797539711 61844
1669232533704 0.36026012897491455 62061
1669232605404 0.3588150143623352 62278
1669232677535 0.3556358516216278 62495
1669232749391 0.3518786132335663 62712
1669232821358 0.35447975993156433 62929
1669232893012 0.35289016366004944 63146
1669232965011 0.3556358516216278 63363
1669233036861 0.36026012897491455 63580
1669233108819 0.35708093643188477 63797
1669233180889 0.3504335284233093 64014
1669233252749 0.3502890169620514 64231
1669233324637 0.3514450788497925 64448
1669233396368 0.3511560559272766 64665
1669233468040 0.35447975993156433 64882
1669233539652 0.35736992955207825 65099
