1669212057139 0.320718377828598 216
1669212129492 0.3172507882118225 433
1669212202349 0.30699968338012695 650
1669212274690 0.3119341731071472 867
1669212346570 0.3089202642440796 1084
1669212418556 0.3016747236251831 1301
1669212490431 0.30339711904525757 1518
1669212562321 0.3039807379245758 1735
1669212634193 0.30655476450920105 1952
1669212705507 0.2984870374202728 2169
1669212777076 0.3009926378726959 2386
1669212848585 0.30574387311935425 2603
1669212920091 0.3039257824420929 2820
1669212991738 0.29963958263397217 3037
1669213063595 0.30463656783103943 3254
1669213135245 0.2985101640224457 3471
1669213206981 0.29912281036376953 3688
1669213278730 0.3000797629356384 3905
1669213350389 0.3003447651863098 4122
1669213421977 0.2998972535133362 4339
1669213493645 0.30101844668388367 4556
1669213565234 0.29970782995224 4773
1669213637038 0.30458152294158936 4990
1669213708565 0.2979772388935089 5207
1669213780263 0.2992924153804779 5424
1669213851939 0.30089110136032104 5641
1669213923751 0.3038858473300934 5858
1669213995496 0.299063116312027 6075
1669214067362 0.3018307089805603 6292
1669214139297 0.2970626950263977 6509
1669214211177 0.3065449297428131 6726
1669214283122 0.30146071314811707 6943
1669214354929 0.29541221261024475 7160
1669214426798 0.29516321420669556 7377
1669214498708 0.2972761392593384 7594
1669214570559 0.29651692509651184 7811
1669214642431 0.297157883644104 8028
1669214714449 0.2963600158691406 8245
1669214786277 0.29046955704689026 8462
1669214858115 0.29463276267051697 8679
1669214930080 0.29340532422065735 8896
1669215002203 0.2944614887237549 9113
1669215073853 0.2992933988571167 9330
1669215145736 0.29425591230392456 9547
1669215217755 0.2929573059082031 9764
1669215289620 0.2964341640472412 9981
1669215361510 0.2938331365585327 10198
1669215433343 0.2911117374897003 10415
1669215505010 0.2961374521255493 10632
1669215576924 0.2940153479576111 10849
1669215648864 0.2929651439189911 11066
1669215720746 0.29340752959251404 11283
1669215792515 0.29612302780151367 11500
1669215864501 0.2920798361301422 11717
1669215936281 0.3032715916633606 11934
1669216008369 0.29411888122558594 12151
1669216080356 0.29323768615722656 12368
1669216152209 0.29548022150993347 12585
1669216223668 0.29327255487442017 12802
1669216295486 0.2945028245449066 13019
1669216367681 0.29770779609680176 13236
1669216439354 0.2946813106536865 13453
1669216511370 0.2940440773963928 13670
1669216583010 0.29187899827957153 13887
1669216654785 0.29100143909454346 14104
1669216726480 0.2887733578681946 14321
1669216798373 0.2920213043689728 14538
1669216869996 0.2924111485481262 14755
1669216941882 0.2970333695411682 14972
1669217014015 0.2938084304332733 15189
1669217086002 0.2899683713912964 15406
1669217157817 0.29164978861808777 15623
1669217229815 0.29336148500442505 15840
1669217301782 0.29703646898269653 16057
1669217373729 0.29139643907546997 16274
1669217445792 0.293049693107605 16491
1669217517578 0.29318398237228394 16708
1669217589748 0.29377415776252747 16925
1669217661733 0.29099738597869873 17142
1669217733566 0.29362109303474426 17359
1669217805172 0.29115575551986694 17576
1669217876875 0.29278579354286194 17793
1669217948942 0.2934506833553314 18010
1669218020838 0.2941681742668152 18227
1669218092678 0.2960810959339142 18444
1669218164718 0.2936367690563202 18661
1669218236674 0.2943631708621979 18878
1669218308566 0.29301390051841736 19095
1669218380434 0.2902883291244507 19312
1669218452204 0.2936285138130188 19529
1669218523636 0.2935015559196472 19746
1669218595554 0.2929447889328003 19963
1669218667210 0.29423001408576965 20180
1669218738842 0.29695576429367065 20397
1669218810801 0.3012149930000305 20614
1669218882701 0.2934025228023529 20831
1669218954329 0.29424160718917847 21048
1669219025808 0.29413706064224243 21265
1669219097478 0.29182592034339905 21482
1669219169126 0.29126837849617004 21699
1669219240904 0.29691821336746216 21916
1669219313022 0.28963881731033325 22133
1669219384788 0.2910788953304291 22350
1669219456715 0.29360470175743103 22567
1669219528394 0.29188549518585205 22784
1669219600459 0.2948130667209625 23001
1669219672053 0.2950674891471863 23218
1669219743881 0.2921096682548523 23435
1669219815924 0.2913517355918884 23652
1669219887913 0.29617467522621155 23869
1669219959895 0.29148349165916443 24086
1669220031728 0.29537147283554077 24303
1669220103539 0.29245898127555847 24520
1669220175255 0.2903812825679779 24737
1669220247029 0.2932088077068329 24954
1669220318759 0.294026643037796 25171
1669220390504 0.29525262117385864 25388
1669220462332 0.294144868850708 25605
1669220534122 0.29542189836502075 25822
1669220605833 0.29383793473243713 26039
1669220677983 0.28829094767570496 26256
1669220749717 0.2938912510871887 26473
1669220821501 0.2908243238925934 26690
1669220893399 0.29261553287506104 26907
1669220964944 0.29157209396362305 27124
1669221036616 0.28905367851257324 27341
1669221108394 0.2937402129173279 27558
1669221180228 0.2877258062362671 27775
1669221252090 0.29296621680259705 27992
1669221323996 0.29068490862846375 28209
1669221395744 0.2904662787914276 28426
1669221467571 0.29090505838394165 28643
1669221539235 0.29304659366607666 28860
1669221612026 0.2924954295158386 29077
1669221684053 0.29294589161872864 29294
1669221755861 0.2916751503944397 29511
1669221827649 0.29598262906074524 29728
1669221899626 0.2939096689224243 29945
1669221971456 0.2924567461013794 30162
1669222043317 0.29482269287109375 30379
1669222115238 0.2899065911769867 30596
1669222187338 0.2915370464324951 30813
1669222259279 0.2970598042011261 31030
1669222331002 0.2953855097293854 31247
1669222402553 0.2970966398715973 31464
1669222474391 0.29461392760276794 31681
1669222546310 0.29166463017463684 31898
1669222618370 0.2954444885253906 32115
1669222690218 0.28682753443717957 32332
1669222761830 0.29780343174934387 32549
1669222833679 0.2918698489665985 32766
1669222905805 0.2910773754119873 32983
1669222977904 0.2949284017086029 33200
1669223049834 0.29520106315612793 33417
1669223121822 0.29530149698257446 33634
1669223193791 0.2936033010482788 33851
1669223265558 0.29470646381378174 34068
1669223337469 0.29434934258461 34285
1669223409520 0.2936677634716034 34502
1669223481625 0.29238438606262207 34719
1669223553491 0.2934108078479767 34936
1669223625269 0.2895592749118805 35153
1669223697215 0.29643377661705017 35370
1669223769231 0.29232197999954224 35587
1669223841006 0.296109676361084 35804
1669223912675 0.29610204696655273 36021
1669223984412 0.2930440306663513 36238
1669224056229 0.29489368200302124 36455
1669224127767 0.2964191436767578 36672
1669224199739 0.2962368428707123 36889
1669224271560 0.29238754510879517 37106
1669224343398 0.29805004596710205 37323
1669224415207 0.2949739098548889 37540
1669224487467 0.29849883913993835 37757
1669224559302 0.29300767183303833 37974
1669224631047 0.29472029209136963 38191
1669224702989 0.29240527749061584 38408
1669224774896 0.29304051399230957 38625
1669224846479 0.289363831281662 38842
1669224918127 0.29202204942703247 39059
1669224990207 0.29162731766700745 39276
1669225061905 0.2936762869358063 39493
1669225133521 0.2968972325325012 39710
1669225205514 0.29523470997810364 39927
1669225277262 0.29196491837501526 40144
1669225349070 0.2907924950122833 40361
1669225420863 0.2959539592266083 40578
1669225492629 0.2945224344730377 40795
1669225564526 0.2990267872810364 41012
1669225636290 0.2979852259159088 41229
1669225708028 0.2956462502479553 41446
1669225779597 0.2939639985561371 41663
1669225851509 0.2956446707248688 41880
1669225923537 0.29489612579345703 42097
1669225995439 0.2972949147224426 42314
1669226067515 0.29310527443885803 42531
1669226139042 0.29455986618995667 42748
1669226210839 0.2935343086719513 42965
1669226282701 0.2934424877166748 43182
1669226354785 0.2958352565765381 43399
1669226426361 0.2947627007961273 43616
1669226498352 0.29615968465805054 43833
1669226570356 0.29455360770225525 44050
1669226642236 0.292020320892334 44267
1669226714218 0.2903875410556793 44484
1669226786010 0.29558929800987244 44701
1669226857511 0.29392901062965393 44918
1669226929224 0.29468804597854614 45135
1669227001235 0.2919861972332001 45352
1669227073086 0.29708215594291687 45569
1669227145032 0.2940322160720825 45786
1669227217121 0.2924036383628845 46003
1669227289092 0.2940157353878021 46220
1669227361167 0.2973882257938385 46437
1669227433037 0.29298365116119385 46654
1669227504774 0.2958785891532898 46871
1669227576711 0.2974112629890442 47088
1669227648422 0.29529955983161926 47305
1669227720225 0.29761359095573425 47522
1669227792043 0.29440635442733765 47739
1669227863730 0.2916305363178253 47956
1669227935688 0.29318755865097046 48173
1669228007778 0.29765748977661133 48390
1669228079675 0.2955046594142914 48607
1669228151709 0.29174768924713135 48824
1669228223502 0.29802820086479187 49041
1669228295534 0.29606741666793823 49258
1669228367197 0.29572731256484985 49475
1669228439091 0.2940618693828583 49692
1669228510825 0.29859408736228943 49909
1669228582622 0.2983333468437195 50126
1669228654142 0.29588502645492554 50343
1669228726193 0.29310768842697144 50560
1669228797879 0.2929559648036957 50777
1669228869909 0.29816147685050964 50994
1669228941705 0.2949819564819336 51211
1669229013550 0.2974323332309723 51428
1669229085347 0.29313182830810547 51645
1669229157134 0.2940545082092285 51862
1669229229076 0.2957972586154938 52079
1669229300771 0.29450535774230957 52296
1669229372578 0.2993146479129791 52513
1669229444192 0.2981445789337158 52730
1669229515981 0.3000756502151489 52947
1669229587919 0.2976199686527252 53164
1669229659716 0.29755082726478577 53381
1669229731518 0.29922160506248474 53598
1669229803291 0.29382291436195374 53815
1669229875019 0.29890745878219604 54032
1669229946969 0.29615896940231323 54249
1669230018901 0.2920069396495819 54466
1669230090670 0.2963867783546448 54683
1669230162411 0.29851505160331726 54900
1669230234237 0.30121392011642456 55117
1669230306112 0.2945106327533722 55334
1669230378076 0.2950696051120758 55551
1669230449853 0.29408392310142517 55768
1669230521675 0.2970365881919861 55985
1669230593958 0.2976674735546112 56202
1669230666067 0.29435285925865173 56419
1669230738034 0.296653687953949 56636
1669230809561 0.2972848117351532 56853
1669230881347 0.2956286072731018 57070
1669230953245 0.2955401539802551 57287
1669231025004 0.29812219738960266 57504
1669231096693 0.2978067696094513 57721
1669231168562 0.29312044382095337 57938
1669231240500 0.29755231738090515 58155
1669231312280 0.29306548833847046 58372
1669231384247 0.2938370406627655 58589
1669231456144 0.298810213804245 58806
1669231527762 0.29565176367759705 59023
1669231599504 0.293440580368042 59240
1669231671600 0.2943020164966583 59457
1669231743355 0.29886889457702637 59674
1669231815382 0.29621362686157227 59891
1669231887387 0.29577377438545227 60108
1669231959340 0.29975244402885437 60325
1669232030611 0.29431915283203125 60542
1669232102579 0.2948804497718811 60759
1669232174650 0.2981874644756317 60976
1669232246486 0.2907308340072632 61193
1669232318331 0.30095914006233215 61410
1669232390147 0.297251433134079 61627
1669232461801 0.29762840270996094 61844
1669232533704 0.2988431453704834 62061
1669232605404 0.29993340373039246 62278
1669232677535 0.2950497567653656 62495
1669232749391 0.2935519218444824 62712
1669232821358 0.2969418466091156 62929
1669232893012 0.2931140661239624 63146
1669232965011 0.30104970932006836 63363
1669233036861 0.2940184473991394 63580
1669233108819 0.30106422305107117 63797
1669233180889 0.29647237062454224 64014
1669233252749 0.29257234930992126 64231
1669233324637 0.29491958022117615 64448
1669233396368 0.29548200964927673 64665
1669233468040 0.29671868681907654 64882
1669233539652 0.29745277762413025 65099
