1668858388415 1.9804331518456615 49
1668858402223 2.0885466119971485 99
1668858416306 1.7902416410838313 149
1668858430301 1.9644246522601054 199
1668858456586 2.175804690488076 249
1668858470445 1.7476594483583026 299
1668858484394 1.6349846519799138 349
1668858498515 1.913411459351443 399
1668858524945 1.8474424162334075 449
1668858538737 1.7156100227542055 499
1668858552598 1.554872544460556 549
1668858566464 2.1437535360196316 599
1668858580365 1.5765333065615088 649
1668858606853 2.1003127604217893 699
1668858620679 2.1527346638840075 749
1668858634508 1.7450586014847704 799
1668858648355 1.7507590708018919 849
1668858674620 1.8416122252395042 899
1668858688433 1.6080192653757184 949
1668858702328 1.8875584218377948 999
1668858716185 1.9531879004917447 1049
1668858742319 2.0062585091689114 1099
1668858756116 1.818207340260031 1149
1668858770046 1.6906156477010863 1199
1668858783920 1.3924535953222121 1249
1668858797774 2.0503823044798177 1299
1668858823871 1.9130175096048638 1349
1668858837701 2.06306981318487 1399
1668858851544 1.8939361351369222 1449
1668858865390 1.9439356425237762 1499
1668858891491 2.0672830378869778 1549
1668858905312 1.9000786799841016 1599
1668858919156 1.9051676888252735 1649
1668858932991 1.8064528078106696 1699
1668858959057 1.9764693412734484 1749
1668858972846 1.9198563159637931 1799
1668858986661 1.548741777194088 1849
1668859000502 1.3687344709085323 1899
1668859014360 1.6947172170143516 1949
1668859040484 1.5517735463367512 1999
1668859054343 1.79027327380768 2049
1668859068227 2.027663539857363 2099
1668859082090 1.889488803609968 2149
1668859108077 1.9911331120216467 2199
1668859121872 1.8793465365420525 2249
1668859135705 1.8440020485511264 2299
1668859149553 1.2691375127037632 2349
1668859175701 1.9253478508736106 2399
1668859189502 1.8978149137412896 2449
1668859203330 2.0744919725616575 2499
1668859217213 2.1406345070470802 2549
1668859231079 1.1967879472435492 2599
1668859257214 1.8367074219362087 2649
1668859271097 1.662547392059793 2699
1668859284990 1.9470862267359397 2749
1668859298886 1.6009683766579652 2799
1668859324960 1.7343185094823284 2849
1668859338804 1.934419110622942 2899
1668859352629 1.7377999746315778 2949
1668859366470 1.8569271975397506 2999
1668859392513 2.1063001342940337 3049
1668859406335 1.2876734759601793 3099
1668859420189 1.648172387712952 3149
1668859434046 1.7241370842577965 3199
1668859447888 1.6560959394397543 3249
1668859473978 1.873323555220236 3299
1668859487806 1.8962342180558627 3349
1668859501639 1.8523567774980576 3399
1668859515495 1.6988074895526952 3449
1668859541563 1.9225115345808512 3499
1668859555374 1.895067674243696 3549
1668859569218 1.9003865914495637 3599
1668859583064 2.1149989203537958 3649
1668859609247 1.8641818583518053 3699
1668859623028 1.4536965496976069 3749
1668859636941 1.5813009165418521 3799
1668859650817 1.7532567251309479 3849
1668859664691 2.119599327109225 3899
1668859690608 1.840771716525093 3949
1668859704406 2.0479172041230456 3999
1668859718267 1.7446082329631654 4049
1668859732112 1.7939078467128184 4099
1668859758169 2.1942195296588523 4149
1668859771973 1.4045368588468075 4199
1668859785821 1.7352829575483488 4249
1668859799668 1.5498643542891237 4299
1668859825790 1.626621036624023 4349
1668859839570 1.5464982748202054 4399
1668859853423 2.0771499863300176 4449
1668859867277 2.065025417445899 4499
1668859881131 1.9298201436308533 4549
1668859907384 2.125223930854929 4599
1668859921265 2.078341725724042 4649
1668859935183 2.0266027373258417 4699
1668859949076 1.7499487115876489 4749
1668859974970 1.6849874385914507 4799
1668859988795 1.4307309755439956 4849
1668860002739 1.890788581627224 4899
1668860016582 1.8381138093513376 4949
1668860042520 1.7800264790608757 4999
1668860056307 1.9104088661012844 5049
1668860070126 1.9803733054024164 5099
1668860083959 1.6173156956918764 5149
1668860097819 1.6744784600542637 5199
1668860123789 1.6641744016047046 5249
1668860137642 2.049099045396347 5299
1668860151498 1.9340083294081623 5349
1668860165369 1.717305859323933 5399
1668860191287 1.7419482649925202 5449
1668860205145 1.5812936126039376 5499
1668860219010 1.7855984209354483 5549
1668860232889 1.8616963481129707 5599
1668860259037 1.7466482742449059 5649
1668860272872 2.0588050021447417 5699
1668860286699 2.163218060467174 5749
1668860300559 1.6755634680282419 5799
1668860314440 2.055250988235094 5849
1668860340619 1.542891952236984 5899
1668860354479 1.9909354071351217 5949
1668860368337 1.382724327694247 5999
1668860382218 2.0176415186802084 6049
1668860408348 1.7392907280686736 6099
1668860422219 1.5546986185615004 6149
1668860436108 1.5152891224164977 6199
1668860450013 1.7982392304383876 6249
1668860476136 1.7031951977916222 6299
1668860489936 1.8347117842683376 6349
1668860503780 1.8196849795527612 6399
1668860517632 1.8705258739294983 6449
1668860531492 1.8644767493473982 6499
1668860557821 1.7698491991606535 6549
1668860571677 1.5806625737349314 6599
1668860585532 1.554205103043658 6649
1668860599402 1.8405146805907797 6699
1668860625616 1.5092713106835784 6749
1668860639503 1.1327260383190212 6799
1668860653365 2.0527342848037353 6849
1668860667293 1.5154437805579355 6899
1668860693390 1.9054385435495356 6949
1668860707214 2.058772402749689 6999
1668860721069 1.687739515062675 7049
1668860734921 2.055134949744694 7099
1668860748799 1.6897739561038083 7149
1668860775001 1.662446205445246 7199
1668860788841 1.5778586203804779 7249
1668860802828 1.728059877234089 7299
1668860816770 1.6264983457378275 7349
1668860843016 1.7408292386113078 7399
1668860856864 1.2693729686903445 7449
1668860870753 2.0286812535389154 7499
1668860884646 1.603218479457738 7549
1668860910872 1.920802087730436 7599
1668860924697 2.0537219501404684 7649
1668860938563 1.9531318516235925 7699
1668860952415 2.064847429188509 7749
1668860966296 1.7292430101591738 7799
1668860992516 1.5299949908793173 7849
1668861006402 1.8160179736129893 7899
1668861020307 2.085914534717909 7949
1668861034216 2.072582550789897 7999
1668861060405 1.9189713232439782 8049
1668861074259 1.8929197642370206 8099
1668861088193 1.7128366901581529 8149
1668861102045 1.5023668582388683 8199
1668861128037 1.9224678899038428 8249
1668861141874 1.806513713546907 8299
1668861155703 1.7658045362701609 8349
1668861169560 1.8358062003468947 8399
1668861183448 2.0219031006245904 8449
1668861209617 1.5317243410695376 8499
1668861223462 1.9023872060658582 8549
1668861237340 1.7102638534425052 8599
1668861251225 1.941949789162421 8649
1668861277567 1.7418062124252167 8699
1668861291382 1.6955292974093807 8749
1668861305223 1.909834529841795 8799
1668861319098 1.9711701947860605 8849
1668861345391 2.0479426143198474 8899
1668861359187 1.7210469813452933 8949
1668861373056 1.965504200308143 8999
1668861386906 1.9711483849356355 9049
1668861400780 1.358714340191923 9099
1668861426882 1.8823495727660822 9149
1668861440737 2.066363829936713 9199
1668861454628 1.7819717230096717 9249
1668861468534 1.8812907440354316 9299
1668861494725 2.0517482302131635 9349
1668861508548 1.383423713041489 9399
1668861522416 1.40367186716334 9449
1668861536287 1.8965668951984058 9499
1668861562405 2.0750643651896654 9549
1668861576233 1.3747679930847716 9599
1668861590122 1.3399484594787971 9649
1668861603990 1.6236173790632935 9699
1668861617868 1.8914606233358084 9749
1668861643917 2.0719292841774477 9799
1668861657767 1.8782114215780243 9849
1668861671647 1.8835330705217288 9899
1668861685537 1.9171066714947662 9949
1668861711541 1.8312513951754394 9999
1668861725349 1.705801196143459 10049
1668861739179 2.1555188262355216 10099
1668861753037 1.4659758427971448 10149
1668861779164 1.4937020942713386 10199
1668861793065 1.8839972526334172 10249
1668861806906 1.6576521808945186 10299
1668861820798 2.074783967562315 10349
1668861834670 1.5984394786731315 10399
1668861860596 1.7688608290211532 10449
1668861874433 1.9109563974382457 10499
1668861888305 2.0496184816128435 10549
1668861902186 1.6115890348470483 10599
1668861928442 1.7711016859470545 10649
1668861942293 2.10243640560786 10699
1668861956126 1.7785155080996222 10749
1668861969984 1.8918041341583467 10799
1668861983677 1.4322041910547016 10849
1668862009868 2.066686504629314 10899
1668862023747 1.7458227445503958 10949
1668862037611 1.9204570369989107 10999
1668862051479 1.9560311978707472 11049
1668862077593 1.726650009862244 11099
1668862091411 1.69148894959252 11149
1668862105251 1.5145157996616037 11199
1668862119090 1.717290634903317 11249
1668862145221 1.9594277033389231 11299
1668862159071 1.8726838144289184 11349
1668862172954 1.7484856208586983 11399
1668862186848 1.8764358145548339 11449
1668862200710 1.77005361931911 11499
1668862226923 1.9287531257225958 11549
1668862240741 1.9230137670021423 11599
1668862254606 1.7357981353485439 11649
1668862268454 1.5268140826318901 11699
1668862294743 1.8820638063492723 11749
1668862308586 1.6978352692963719 11799
1668862322464 1.9162569923532942 11849
1668862336336 1.813487264246516 11899
1668862362713 1.6634667002064285 11949
1668862376534 1.6240355140452332 11999
1668862390369 1.680645169849817 12049
1668862404243 1.5582994917227033 12099
1668862418126 1.4925752374025016 12149
1668862444303 1.791332066400575 12199
1668862458170 1.6277428424404023 12249
1668862472045 2.042009152049004 12299
1668862486251 1.9035350238366828 12349
1668862512144 1.858119265538921 12399
1668862525976 1.945749819144804 12449
1668862539855 2.0550926687786926 12499
1668862553716 1.8661917241125883 12549
1668862579969 1.3993357397071762 12599
1668862593788 1.6556595024589145 12649
1668862607654 1.5306075084235222 12699
1668862621531 1.4078186368546204 12749
1668862635406 2.01753407321075 12799
1668862661646 1.8376101218426772 12849
1668862675489 1.9166306265250552 12899
1668862689348 1.8752922195297792 12949
1668862703214 1.8811976909155246 12999
1668862729727 1.548160124122186 13049
1668862743585 1.8465610995859847 13099
1668862757446 1.5266202587805884 13149
1668862771403 1.9360608867370233 13199
1668862797675 1.7515219767232963 13249
1668862811488 2.102369188390545 13299
1668862825380 1.7508557900601132 13349
1668862839236 1.7707929928188293 13399
1668862853096 1.9507103453273664 13449
1668862879351 1.6403556216445483 13499
1668862893304 1.852680689980892 13549
1668862907232 1.8939014124719942 13599
1668862921170 1.4782367987259488 13649
1668862947645 1.923614247599493 13699
1668862961644 1.6343972516872642 13749
1668862975482 1.7945816285935527 13799
1668862989357 1.5025729990842838 13849
1668863015850 1.6863599596637822 13899
1668863029660 1.9155385875472648 13949
1668863043566 1.6563872362965069 13999
1668863057430 1.8300266386901702 14049
1668863071300 1.5905018324450355 14099
1668863097481 1.8456183071172476 14149
1668863111343 1.720776669308247 14199
1668863125201 1.9179234459769783 14249
1668863139069 1.8419952715426893 14299
1668863165388 1.8316350905338241 14349
1668863179243 1.8999625202515893 14399
1668863193085 1.7475202564259373 14449
1668863206962 2.0585725897413076 14499
1668863233314 1.7979381663874405 14549
1668863247152 1.7350915027897311 14599
1668863261013 2.019901196470058 14649
1668863274889 1.566078589875542 14699
1668863288749 1.5394886530195808 14749
1668863315143 1.4906544515546394 14799
1668863328972 1.8685814922738702 14849
1668863342907 1.9569159954345852 14899
1668863356822 1.696008203840443 14949
1668863383432 2.063301801877844 14999
1668863397258 1.9027636141352327 15049
1668863411134 1.5746438594779348 15099
1668863424995 1.5901940461554442 15149
1668863451340 1.7493445474033482 15199
1668863465241 1.7561753452667328 15249
1668863479094 1.8908085924568878 15299
1668863492988 1.8397644312177102 15349
1668863506878 1.8914597095075885 15399
1668863533098 2.05397296518549 15449
1668863546929 1.7363831186165566 15499
1668863560897 1.828548179471764 15549
1668863574775 1.5286315302831106 15599
1668863600904 1.7766797010166844 15649
1668863614742 1.7173920208672475 15699
1668863628609 1.6377037378510364 15749
1668863642491 1.742628173343499 15799
1668863668816 1.591265787102806 15849
1668863682602 1.4381188487303076 15899
1668863696451 1.8630853421809837 15949
1668863710303 1.87312301882731 15999
1668863724159 1.48604663712373 16049
1668863750510 1.8734332166506886 16099
1668863764330 1.8900107155524497 16149
1668863778190 1.3795724812966514 16199
1668863792045 1.6600585178998872 16249
1668863818319 1.6972992947969043 16299
1668863832147 2.060222288441346 16349
1668863846052 2.0873846711388047 16399
1668863859961 1.757503014022725 16449
1668863886166 1.587900455092703 16499
1668863899999 1.7945175859521494 16549
1668863913845 1.945106249973587 16599
1668863927725 1.9051735608158755 16649
1668863941641 1.907508182029686 16699
1668863967697 1.311653438348997 16749
1668863981548 2.0156239577283857 16799
1668863995457 1.5155715339923175 16849
1668864009351 1.3778123224179593 16899
1668864035598 1.5569420994617762 16949
1668864049461 1.8695485728194172 16999
1668864063364 1.8878626720419032 17049
1668864077269 1.9781742858454776 17099
1668864103654 1.4415888033458049 17149
1668864117468 1.561050351069538 17199
1668864131356 1.9496165645457428 17249
1668864145229 1.9654024600560205 17299
1668864159131 1.560146812367605 17349
1668864185047 1.923935678231202 17399
1668864198909 1.9026566880276743 17449
1668864212748 1.800216822752761 17499
1668864226610 1.8852443987257077 17549
1668864252769 1.8623956571616178 17599
1668864266607 1.8987717576179666 17649
1668864280475 1.8890759048846415 17699
1668864294336 1.9150119751013812 17749
1668864320594 1.6377111669534905 17799
1668864334399 1.8351811148704775 17849
1668864348270 1.3924803642650116 17899
1668864362142 1.9755199673482826 17949
1668864376010 1.5695722407211776 17999
1668864402135 1.5830763727906803 18049
1668864415990 1.788351695718935 18099
1668864429868 1.5746909414892187 18149
1668864443758 1.8502360218621965 18199
1668864469913 1.8604713815590987 18249
1668864483760 2.0442186104643794 18299
1668864497620 1.7302018302253113 18349
1668864511508 1.7341781204167142 18399
1668864537985 1.913724364199691 18449
1668864551777 2.0168996595418927 18499
1668864565615 1.8981559681631022 18549
1668864579457 1.5937154486507499 18599
1668864593351 1.2583616880369646 18649
1668864619656 1.645084119518098 18699
1668864633474 2.0812934311916926 18749
1668864647297 2.0717358205476955 18799
1668864661155 1.5881152180491571 18849
1668864687650 1.7265538868173254 18899
1668864701467 1.5871136182009906 18949
1668864715298 1.4016679842289128 18999
1668864729141 1.753377260596346 19049
1668864755360 1.9075628568086949 19099
1668864769284 1.7438745319309987 19149
1668864783173 1.7860095038723347 19199
1668864797078 1.7336346378285428 19249
1668864810963 1.9210009404478465 19299
1668864837612 1.8867728577183382 19349
1668864851454 1.481729646519476 19399
1668864865353 1.8446320207958924 19449
1668864879240 1.9522478463905713 19499
1668864905485 1.7363169255380302 19549
1668864919324 1.8771304845775645 19599
1668864933195 1.7994233097793961 19649
1668864947063 1.7967240930620816 19699
1668864973338 1.6476701742525317 19749
1668864987201 1.6962364440517392 19799
1668865001049 1.5340286683017406 19849
1668865014906 1.6589521933874547 19899
1668865028828 1.758201845953121 19949
1668865055164 2.044781171089907 19999
1668865069008 2.086099380809526 20049
1668865082890 1.8677900949390907 20099
1668865096766 1.6894985178189688 20149
1668865123045 1.8668900032771687 20199
1668865136862 1.9096091020643922 20249
1668865150715 1.3268463901147312 20299
1668865164570 2.0575720425568598 20349
1668865190963 1.3171180370999316 20399
1668865204875 1.884617478839034 20449
1668865218825 1.9122561688478226 20499
1668865232695 1.8656446048814415 20549
1668865246553 1.9123269115568267 20599
1668865272796 1.6545402967570764 20649
1668865286659 1.5858918919534895 20699
1668865300516 1.9240663576995545 20749
1668865314388 1.6684164041846135 20799
1668865340774 1.7080027469055725 20849
1668865354596 1.8030827690029498 20899
1668865368475 1.565410848335309 20949
1668865382379 2.0734743243205167 20999
1668865408681 1.7748403910462092 21049
1668865422506 2.045160484100026 21099
1668865436342 2.037687620996188 21149
1668865450200 1.690754110023513 21199
1668865464072 1.571614378383167 21249
1668865490369 1.7922340506124832 21299
1668865504231 1.6799876302896994 21349
1668865518144 1.86085892717393 21399
1668865532018 1.6331338305502416 21449
1668865558553 1.9272771825811044 21499
1668865572382 1.6990101666807815 21549
1668865586232 1.5393018424486544 21599
1668865600098 1.7575854334176988 21649
1668865613816 2.006127211061413 21699
1668865640246 1.8669150282305536 21749
1668865654170 2.0718400398157497 21799
1668865668047 1.8391877499984317 21849
1668865681917 1.9113617096418203 21899
1668865707945 1.7876337966478117 21949
1668865721770 1.9699216286062025 21999
1668865735644 1.7004037174159385 22049
1668865749562 1.5944355786539877 22099
1668865775881 1.831597009994579 22149
1668865789783 1.4943882827621175 22199
1668865803692 2.0457375669734086 22249
1668865817626 1.6983800405145728 22299
1668865831560 1.7605261327072241 22349
1668865857608 1.95379778881672 22399
1668865871454 1.5853696489922302 22449
1668865885318 1.9070954343547672 22499
1668865899181 1.7604441493604888 22549
1668865925596 2.0669416674479484 22599
1668865939494 1.6855903117719846 22649
1668865953419 1.6785849065886 22699
1668865967346 1.7415076466851853 22749
1668865993668 1.474077760667183 22799
1668866007556 1.6866304417324343 22849
1668866021410 1.5506452978119771 22899
1668866035303 1.823919678763163 22949
1668866049208 1.688909137532291 22999
1668866075448 1.606726572604898 23049
1668866089326 1.6440467526574132 23099
1668866103214 1.849354450246196 23149
1668866117105 1.588680843927206 23199
1668866143220 1.8684188627170304 23249
1668866157087 1.520633013835901 23299
1668866170973 1.7346260723191014 23349
1668866184858 1.6331021445039688 23399
1668866211157 1.693215011023188 23449
1668866225010 1.5233966263546064 23499
1668866238948 1.5375027954795957 23549
1668866252866 1.5908874664490331 23599
1668866266787 1.875323370418585 23649
1668866292859 1.8401981367727283 23699
1668866306736 1.9855454795584595 23749
1668866320616 1.8462012930954503 23799
1668866334505 2.0450196060528496 23849
1668866360425 1.436000211100981 23899
1668866374291 1.8585655460850858 23949
1668866388174 1.865829561584854 23999
1668866402055 1.7137511928500144 24049
1668866428160 2.044331340858873 24099
1668866442149 1.6403507091203846 24149
1668866456168 1.8343151971666503 24199
1668866470088 1.761803767249855 24249
1668866484004 1.7340987051597947 24299
1668866509809 1.692483566204531 24349
1668866523728 1.8287450263559137 24399
1668866537640 1.365517551460786 24449
1668866551545 1.7625782648736268 24499
1668866577835 1.4775246514687805 24549
1668866591715 2.0440125707842407 24599
1668866605587 1.6210721224168076 24649
1668866619483 1.8908508756086553 24699
1668866645744 1.8321229533868355 24749
1668866659618 1.5308872701058363 24799
1668866673488 2.0444981841528955 24849
1668866687382 1.7611201754159533 24899
1668866701246 1.902718586409496 24949
1668866727566 1.657826716977135 24999
1668866741398 1.8461844095970612 25049
1668866755296 1.7927726556274228 25099
1668866769168 1.7778152481486074 25149
1668866795407 1.4395658350187293 25199
1668866809252 1.8823909457285486 25249
1668866823092 1.9093009630607432 25299
1668866836967 1.8499851021776277 25349
1668866863212 1.6977630970984556 25399
1668866877058 2.0464038186075078 25449
1668866890923 1.3524323049993798 25499
1668866904777 2.0697971247389906 25549
1668866918651 1.7321907289040681 25599
1668866944829 1.1887805359363175 25649
1668866958690 1.7471715256119889 25699
1668866972580 1.7848514111245866 25749
1668866986468 1.7771374129324389 25799
1668867012758 1.8532243102855146 25849
1668867026603 1.7254724730135829 25899
1668867040460 1.5855630089971011 25949
1668867054396 1.8723801460336649 25999
1668867080902 1.818345939353553 26049
1668867094714 1.7209831375998312 26099
1668867108572 1.852431371782378 26149
1668867122444 1.217426239225349 26199
1668867136323 2.057008041292983 26249
1668867162656 1.5329172337265562 26299
1668867176520 1.8889392596898698 26349
1668867190390 1.8732259504188546 26399
1668867204250 1.8159728462864386 26449
1668867230292 1.6356098876539091 26499
1668867244123 2.099796374146567 26549
1668867257995 1.870250741196655 26599
1668867271855 1.556950465584301 26649
1668867297946 1.80707487163937 26699
1668867311758 1.8925509696562748 26749
1668867325612 2.0276545609728505 26799
1668867339490 1.9246514174590144 26849
1668867353353 2.04356727320125 26899
1668867379888 1.82758176274569 26949
1668867393801 1.232375354749324 26999
1668867407666 1.554255599264292 27049
1668867421509 1.8099009183573922 27099
1668867447670 1.6730913804493848 27149
1668867461505 1.578187280629451 27199
1668867475362 1.6158197839980628 27249
1668867489248 1.7127341804703602 27299
1668867515367 1.8189854153630742 27349
1668867529180 1.6844273507531753 27399
1668867543042 1.822730735138326 27449
1668867556911 1.7148286770667345 27499
1668867570781 1.9080319432145671 27549
1668867597297 1.2709519996945657 27599
1668867611146 1.622896322750968 27649
1668867625000 1.768104081073751 27699
1668867638871 1.5568209806001603 27749
1668867665067 1.930225155234437 27799
1668867678906 1.5476453245470876 27849
1668867692786 2.0498882491338986 27899
1668867706667 1.5839717266933433 27949
1668867733018 1.81850526254939 27999
1668867746800 2.0278328789172564 28049
1668867760636 1.8961772846868343 28099
1668867774496 1.791794078909352 28149
1668867788371 1.4595162836941609 28199
1668867814713 1.9044372195114314 28249
1668867828552 1.7372714725796068 28299
1668867842463 1.7727003544524367 28349
1668867856333 1.8479540613949612 28399
1668867882472 1.8799972097823612 28449
1668867896305 2.053288367007488 28499
1668867910154 1.5446366640559108 28549
1668867924026 1.6613039319381635 28599
1668867950409 1.6927149660157352 28649
1668867964329 1.207772860122756 28699
1668867978214 1.6791377595202823 28749
1668867992088 1.4766862920946626 28799
1668868005977 1.609634925423281 28849
1668868032207 1.6708148273303571 28899
1668868046035 1.5353996620395527 28949
1668868059896 1.6882406477887688 28999
1668868073755 1.7465960447046933 29049
1668868100072 2.077581419297558 29099
1668868113915 2.016578563268916 29149
1668868127768 2.041311781141629 29199
1668868141646 1.3131453980064864 29249
1668868168108 2.043435679429633 29299
1668868181906 1.7493350932492868 29349
1668868195752 1.7060649037002453 29399
1668868209666 2.060080387049732 29449
1668868223505 2.0587655506539955 29499
1668868249440 2.0206184265150187 29549
1668868263288 1.7524335277357275 29599
1668868277133 1.8478759554944981 29649
1668868290993 1.6387359683198894 29699
1668868317383 1.894487251030875 29749
1668868331271 1.5629577301641344 29799
1668868345180 1.7709628177895667 29849
1668868359091 2.0509054577696544 29899
1668868385559 1.8185384236831206 29949
1668868399388 1.8390086619666621 29999
1668868413268 1.834621157400811 30049
1668868427120 1.782204817735326 30099
1668868440992 1.8270946533374688 30149
1668868467277 1.7783791577169692 30199
1668868481097 1.892746984939446 30249
1668868494963 1.7128916012830553 30299
1668868508806 1.6614098947448304 30349
1668868535112 1.7373782092229715 30399
1668868548937 1.586179829341825 30449
1668868562810 1.4813799140164339 30499
1668868576659 1.3574510837251528 30549
1668868603109 1.5567276535005112 30599
1668868616951 1.8922349803815495 30649
1668868630793 1.5259143501679922 30699
1668868644648 2.060252001273422 30749
1668868658528 1.5741245146187874 30799
1668868684585 1.878194732148798 30849
1668868698439 1.8953051136791936 30899
1668868712289 2.0338517678462416 30949
1668868726158 1.8972631950728143 30999
1668868752448 1.8172602449387278 31049
1668868766274 1.8832585422366659 31099
1668868780220 1.723351842955994 31149
1668868794109 1.5865171671961373 31199
1668868820407 1.8411658210971884 31249
1668868834255 2.018679424839834 31299
1668868848124 1.6387812865851814 31349
1668868861987 1.8493471517775353 31399
1668868875890 1.576036795538044 31449
1668868901942 2.0540918027640753 31499
1668868915816 1.720864178448391 31549
1668868929703 1.7646969133284025 31599
1668868943611 1.8347437156936641 31649
1668868970235 2.0574519654679584 31699
1668868984217 2.0160492513674546 31749
1668868998107 1.3059335757100559 31799
1668869012016 1.6085436371005966 31849
1668869038283 1.9352040906722618 31899
1668869052117 1.5666250192987938 31949
1668869065994 1.7395463632253279 31999
1668869079886 1.729998485492591 32049
1668869093765 1.5562252798660021 32099
1668869119897 1.865188485373858 32149
1668869133767 1.8631826056700769 32199
1668869147649 2.0880270193194495 32249
1668869161542 1.580694476008997 32299
1668869188099 1.5130414315563225 32349
1668869201945 1.8929841488058687 32399
1668869215827 1.6054418432685922 32449
1668869229714 1.6966904621689882 32499
1668869243437 1.4282826165977298 32549
1668869269787 1.7270255305825097 32599
1668869283640 2.0719725560012794 32649
1668869297554 1.8323999970692657 32699
1668869311504 1.884279346353563 32749
1668869337682 1.6574420900668585 32799
1668869351553 1.3658702337686206 32849
1668869365414 1.780178429490395 32899
1668869379282 1.6930842303715692 32949
1668869405481 1.7655832225742132 32999
1668869419326 1.6752974623821593 33049
1668869433200 1.732056601881847 33099
1668869447184 1.440413626014251 33149
1668869461065 2.07780283691575 33199
1668869487383 1.9075369212029218 33249
1668869501250 1.8669648745517728 33299
1668869515152 1.8822829092324667 33349
1668869529064 1.8891944894338804 33399
1668869555489 1.880423402898658 33449
1668869569358 2.0645336703075845 33499
1668869583261 1.5694987359675916 33549
1668869597152 1.5208248776627045 33599
1668869623602 1.722057573212938 33649
1668869637481 1.5409837988853459 33699
1668869651337 2.018692930010851 33749
1668869665227 1.7251115954964944 33799
1668869679112 1.9110828819235246 33849
1668869705163 2.043329917111241 33899
1668869719011 1.8603363660766896 33949
1668869732892 2.0198531206872437 33999
1668869746775 2.0594443404174734 34049
1668869773063 1.8914786475781027 34099
1668869786912 1.5938251346219316 34149
1668869800774 1.6440040740975894 34199
1668869814639 2.0532151913819723 34249
1668869841112 1.8193628456416278 34299
1668869854974 1.5552582312520935 34349
1668869868980 1.5285852230645574 34399
1668869882891 1.5777266019079175 34449
1668869896816 1.552866353563938 34499
1668869923120 1.6841166308850029 34549
1668869936978 2.0421987624897273 34599
1668869950815 1.9223762512353808 34649
1668869964706 1.5008217047957022 34699
1668869990997 2.0361764816820838 34749
1668870004841 1.903118424868065 34799
1668870018692 1.8212353052105428 34849
1668870032578 1.8497593777237529 34899
1668870058937 1.9168457974228366 34949
1668870072762 1.7487478499879767 34999
1668870086620 1.5478387254971953 35049
1668870100489 2.0338172093439395 35099
1668870114352 2.03598835250755 35149
1668870140898 1.6641842081294276 35199
1668870154752 1.4007544137062924 35249
1668870168637 1.8535257926432838 35299
1668870182750 1.7822188938930337 35349
1668870208912 1.6059202965975972 35399
1668870222743 1.6589479340852509 35449
1668870236594 1.7159517785538627 35499
1668870250440 1.4661717857461636 35549
1668870276725 1.895948279024521 35599
1668870290745 1.6071028904559037 35649
1668870304623 1.809230865768644 35699
1668870318497 1.5060464113196166 35749
1668870332514 1.6956807008527837 35799
1668870358174 1.9091628799167044 35849
1668870372016 1.8655887728873817 35899
1668870385877 1.969536405421541 35949
1668870399747 1.4859039465223294 35999
1668870425817 1.5423532118588432 36049
1668870439714 2.0728434591090465 36099
1668870453594 1.4568019279062852 36149
1668870467472 1.8724156716555282 36199
1668870493845 1.6296802207684258 36249
1668870507681 1.3628085905026344 36299
1668870521550 1.8730285364186225 36349
1668870535420 2.0206637645563323 36399
1668870549288 1.5861976490648244 36449
1668870575758 2.058027490598328 36499
1668870589618 1.9331465657133535 36549
1668870603483 1.6984399775262726 36599
1668870617376 1.7149475824165892 36649
1668870643747 1.8649806275385554 36699
1668870657653 1.8282628127541325 36749
1668870671545 1.5347665189724342 36799
1668870685457 1.877447821923873 36849
1668870711786 1.586879065681977 36899
1668870725596 1.8102342270139609 36949
1668870739428 1.872816447947168 36999
1668870753343 1.6981388528459875 37049
1668870767209 1.8420179344498053 37099
1668870793425 2.010740129154238 37149
1668870807298 1.9429261723433002 37199
1668870821167 1.3441589424697642 37249
1668870835051 1.4810957525138986 37299
1668870861110 1.786144490441403 37349
1668870875007 1.8365414621611236 37399
1668870888884 1.9143013032428016 37449
1668870902758 1.6402465818787229 37499
1668870929184 1.560737705657882 37549
1668870943108 1.9022535654126012 37599
1668870956990 1.5265151530179293 37649
1668870970871 1.717124387184201 37699
1668870984734 1.6062953267183682 37749
1668871011050 1.9150499084016208 37799
1668871024906 1.8983096346351218 37849
1668871038761 1.6837208772862193 37899
1668871052704 2.030933667232169 37949
1668871079017 2.069971305698913 37999
1668871092883 1.8437546706398982 38049
1668871106814 1.723807166083015 38099
1668871120656 1.844504848876797 38149
1668871147164 2.05459860296025 38199
1668871161012 1.5477034928533553 38249
1668871174838 1.8922272288804622 38299
1668871188689 2.05255972775783 38349
1668871202568 1.6189617013548143 38399
1668871228910 1.8898198412097196 38449
1668871242760 1.8001316619012773 38499
1668871256614 1.5596260468935066 38549
1668871270498 1.7190507625629305 38599
1668871296550 1.8662551979172872 38649
1668871310402 1.3629169056786292 38699
1668871324251 1.7147818122880474 38749
1668871338133 1.6793505120213914 38799
1668871364310 1.7503420631663547 38849
1668871378152 1.8564809447805088 38899
1668871391993 1.883239783537549 38949
1668871405862 1.9412948520527795 38999
1668871419721 1.8777740701229217 39049
1668871446034 1.41565868072057 39099
1668871459869 1.9248392265393826 39149
1668871473724 1.6861517525760206 39199
1668871487591 1.5594197371287148 39249
1668871513800 1.1989763626706704 39299
1668871527629 1.5266763088825905 39349
1668871541473 2.0507220259956966 39399
1668871555339 1.8452744432007564 39449
1668871581700 1.6905977549707942 39499
1668871595669 1.6571810578400843 39549
1668871609536 1.7410667694157138 39599
1668871623432 1.786007093706231 39649
1668871637306 1.5618918534016442 39699
1668871663477 1.6838751456487957 39749
1668871677360 1.748252025437381 39799
1668871691243 2.042462706074978 39849
1668871705178 1.925522782304845 39899
1668871731331 1.8231533137668854 39949
1668871745192 1.7241805332233218 39999
1668871759172 1.7685055093815079 40049
1668871773073 2.0645427324128143 40099
1668871800278 1.5573645428832663 40149
1668871814115 2.036279052801598 40199
1668871827974 1.716988739142554 40249
1668871841927 1.6776222741822 40299
1668871855800 1.7135835888677986 40349
1668871882152 1.838210778372933 40399
1668871896002 1.8876925941657756 40449
1668871909841 1.479700003418146 40499
1668871923720 1.6840470470416546 40549
1668871950064 1.2097071099311263 40599
1668871963946 1.7763309177756677 40649
1668871977861 1.6467007991766416 40699
1668871991779 1.525219400577135 40749
1668872018129 1.6742688724358632 40799
1668872031981 1.9004781301965228 40849
1668872045820 1.804337285094384 40899
1668872059736 2.05592009186553 40949
1668872073604 1.7995311914633065 40999
1668872099746 1.5687426576170664 41049
1668872113591 1.7331503034567766 41099
1668872127450 1.8572692917694602 41149
1668872141317 1.7355172278809472 41199
1668872167468 1.7251456852605065 41249
1668872181382 2.0531386515182657 41299
1668872195253 1.6576236483949194 41349
1668872209130 1.8091807645509395 41399
1668872235591 1.6475473505451377 41449
1668872249437 1.8658228275902933 41499
1668872263270 1.4779948413587212 41549
1668872277136 1.5850600381136242 41599
1668872291012 1.738969801502433 41649
1668872317271 1.8615276439596564 41699
1668872331191 1.6868009986329633 41749
1668872345065 1.4175630247455246 41799
1668872359032 1.8425905510546212 41849
1668872385439 1.7296149227694162 41899
1668872399255 1.8650215685735367 41949
1668872413102 1.6832821117583003 41999
1668872426946 1.8515260685200203 42049
1668872453087 1.8674849900452144 42099
1668872466939 1.5995259535409176 42149
1668872480797 1.3274458558844613 42199
1668872494733 1.6209728942211092 42249
1668872508600 1.5254830806081996 42299
1668872534956 1.739101066315593 42349
1668872548846 1.4925382147177495 42399
1668872562727 1.918774244540094 42449
1668872576602 1.551946757273503 42499
1668872602887 1.724277645080179 42549
1668872616715 2.02662608469583 42599
1668872630557 1.920954627059344 42649
1668872644410 2.0517399321791423 42699
1668872670632 1.9156434091192351 42749
1668872684483 1.8372362786647756 42799
1668872698334 1.8933786627083764 42849
1668872712223 1.6872512489300715 42899
1668872726110 1.7284066698621796 42949
1668872752176 1.8762173783999383 42999
1668872766067 1.8594015876907592 43049
1668872780036 1.3694382190772756 43099
1668872793962 1.545747324403128 43149
1668872820676 2.064087365532859 43199
1668872834512 1.5688696895637582 43249
1668872848407 1.7381888492910669 43299
1668872862285 1.8394971202272217 43349
1668872876011 2.018366374635405 43399
1668872902154 1.6996647413930943 43449
1668872916032 1.3353047563887535 43499
1668872929948 1.951412460244601 43549
1668872943858 1.3717649818171092 43599
1668872970205 1.8884929878023302 43649
1668872984024 1.7526882692178707 43699
1668872997882 1.7569284307618356 43749
1668873011736 1.6762354501990315 43799
1668873037885 1.8326229402904672 43849
1668873051691 1.6868563345759926 43899
1668873065594 2.061952386915733 43949
1668873079465 1.8441064996538863 43999
1668873093338 1.737328478740309 44049
1668873119679 1.8299458883409714 44099
1668873133516 1.7324369570789435 44149
1668873147404 1.5663278665355351 44199
1668873161316 1.7007411329500417 44249
1668873187723 2.037167508031899 44299
1668873201590 1.8302197433311438 44349
1668873215473 1.5822921907569638 44399
1668873229377 1.731168057894163 44449
1668873255753 1.3398135958605315 44499
1668873269598 1.8262621736105178 44549
1668873283512 1.9068230415230012 44599
1668873297395 2.1028809233252 44649
1668873311272 1.366624181103421 44699
1668873337467 1.9096797600856998 44749
1668873351372 1.7770010505459566 44799
1668873365247 1.861025031720966 44849
1668873379112 1.8825303820502777 44899
1668873405322 1.3833192029184356 44949
1668873419223 1.5219050959753015 44999
1668873433095 1.5219495084731092 45049
1668873447168 1.820425855914948 45099
1668873473695 1.4291531097361643 45149
1668873487538 1.7600084185464748 45199
1668873501428 1.7361623794934373 45249
1668873515300 1.8682731230198244 45299
1668873529200 1.8186072410963847 45349
1668873555658 2.056516321311636 45399
1668873569517 1.7026422627966724 45449
1668873583394 1.8273130820671217 45499
1668873597249 1.212821366877977 45549
1668873623520 1.4797848917017733 45599
1668873637359 1.5472432311370445 45649
1668873651192 1.8936988780598627 45699
1668873665082 1.922419560939611 45749
1668873691326 1.7627236608967207 45799
1668873705143 1.7173304398310276 45849
1668873718993 1.5276517931535165 45899
1668873732854 1.9129025040084349 45949
1668873746719 1.26907074754816 45999
1668873773162 1.7437525883870482 46049
1668873786998 2.0232100426871034 46099
1668873800836 2.0239518871237614 46149
1668873814722 1.7489535782283305 46199
1668873841141 1.9088277507001654 46249
1668873855157 1.8874489489954875 46299
1668873868991 1.869572035075929 46349
1668873882846 2.0720297895884863 46399
1668873909249 1.4373159791420078 46449
1668873923044 1.647196241445573 46499
1668873936961 1.6226203096086453 46549
1668873950829 2.051836720701627 46599
1668873964708 1.5897145290926513 46649
1668873990831 2.043339780771853 46699
1668874004807 2.052645011566308 46749
1668874018680 1.9108036723135908 46799
1668874032550 1.892024524054988 46849
1668874059085 1.7577463092549523 46899
1668874072949 1.6643875631320115 46949
1668874086823 1.8171523389733721 46999
1668874100696 1.4913054498033116 47049
1668874126984 1.671039966871434 47099
1668874140832 2.054801047997527 47149
1668874154701 1.694835289812753 47199
1668874168577 1.8536697691137238 47249
1668874182449 1.9005270507801109 47299
1668874208675 1.595566362565462 47349
1668874222516 1.935927571917687 47399
1668874236781 1.644093667738041 47449
1668874250658 1.8296891065010739 47499
1668874276727 1.6897072826694524 47549
1668874290543 1.8797197502731855 47599
1668874304409 1.3328678869536073 47649
1668874318269 1.910577264183224 47699
1668874344811 1.8326536097529358 47749
1668874358669 1.7170319303460304 47799
1668874372507 1.8652317255263 47849
1668874386352 1.5932474139656496 47899
1668874400316 1.67546594790497 47949
1668874426594 1.854851380102198 47999
1668874440420 1.7027164689579402 48049
1668874454264 1.6966432057149505 48099
1668874468132 1.9307378409353826 48149
1668874494206 1.9038746222467051 48199
1668874508077 1.5043693291900893 48249
1668874521928 1.8102522550073894 48299
1668874535795 1.8861348474209236 48349
1668874562091 2.0976554925224566 48399
1668874575900 1.6714648225136344 48449
1668874589758 1.8502148184092166 48499
1668874603613 1.7158025745520806 48549
1668874617455 1.3790154088389233 48599
1668874643532 2.0384354862216325 48649
1668874657397 1.2818422896092092 48699
1668874671243 1.6830540065212167 48749
1668874685131 1.651599738832333 48799
1668874711307 1.5619242426386766 48849
1668874725173 1.3905056936517317 48899
1668874739022 1.901613594435862 48949
1668874752873 1.563846149233719 48999
1668874779037 1.7731660772775029 49049
1668874792836 2.091832801078172 49099
1668874806706 2.0528376915347755 49149
1668874820611 1.50586382333406 49199
1668874834489 1.9253721603709857 49249
1668874860655 1.5801510354168267 49299
1668874874483 1.777838699658189 49349
1668874888333 1.4341216338858285 49399
1668874902190 1.569704517513637 49449
1668874928461 1.859516826140565 49499
1668874942318 2.036888552322768 49549
1668874956156 1.661185310165152 49599
1668874970011 1.913875983293182 49649
1668874996096 1.5544755243720751 49699
1668875009898 1.7678009157127081 49749
1668875023761 1.7041557797148805 49799
1668875037646 1.5124757713103916 49849
1668875051504 1.2741438407000802 49899
1668875077377 1.5513097885158298 49949
1668875091255 1.7156141319424951 49999
1668875105123 2.060518704568883 50049
1668875119003 1.4431372048129867 50099
1668875145402 2.049198266311082 50149
1668875159244 1.8728867690590234 50199
1668875173102 1.8544941748818498 50249
1668875186998 1.510340470144528 50299
1668875213457 1.5288219970312684 50349
1668875227282 1.8480668941014096 50399
1668875241137 1.7296078737909033 50449
1668875254983 1.5508129975188822 50499
1668875268895 1.8051605279233562 50549
1668875295247 1.7325539133454853 50599
1668875309136 1.695543184886799 50649
1668875323054 1.860607789662807 50699
1668875336983 1.671412257606532 50749
1668875363362 1.8852318539410926 50799
1668875377247 1.8335055714755115 50849
1668875391121 1.7264159568127608 50899
1668875405003 2.0142317632337257 50949
1668875431367 1.8327401143432 50999
1668875445196 2.0624791659257005 51049
1668875459070 1.716379430521946 51099
1668875472939 1.449976665899428 51149
1668875486812 1.4606070946978877 51199
1668875513307 1.5476725170956998 51249
1668875527139 1.3546974907158433 51299
1668875540970 1.6166552232711182 51349
1668875554816 1.7162342256236678 51399
1668875581245 1.3641274221145365 51449
1668875595069 1.7000078444444218 51499
1668875608920 1.645151909799015 51549
1668875622831 1.8867010142662735 51599
1668875649048 2.038118600733129 51649
1668875662867 1.6992577670764333 51699
1668875676764 1.9151804504891854 51749
1668875690669 1.7338304415200272 51799
1668875704533 1.3687331137027943 51849
1668875730820 1.8507030792855592 51899
1668875744655 1.5496746497284046 51949
1668875758504 2.0090092589935926 51999
1668875772359 1.9261819198825998 52049
1668875798513 1.9219224343502639 52099
1668875812367 1.6437533727425842 52149
1668875826246 2.0323361696127047 52199
1668875840157 1.7238663149268358 52249
1668875866394 1.264976950037501 52299
1668875880228 1.1795450798419296 52349
1668875894135 1.894253499131813 52399
1668875908007 1.869277765425006 52449
1668875921883 1.71528372913616 52499
1668875948248 2.045542839976594 52549
1668875962095 1.7230227508388056 52599
1668875975953 1.8821359364511263 52649
1668875989897 1.6344078497973822 52699
1668876016249 1.3526039178450808 52749
1668876030069 1.860560528550949 52799
1668876043911 1.8837724721248674 52849
1668876057767 1.6308867904134652 52899
1668876083767 1.5786910233069873 52949
1668876097617 1.4155843228472598 52999
1668876111495 1.9041514796043948 53049
1668876125369 1.2702391731429712 53099
1668876139240 1.7573319986149354 53149
1668876165586 1.9112350055792928 53199
1668876179435 1.6867890630474467 53249
1668876193284 1.480342196094951 53299
1668876207158 1.8181874028901335 53349
1668876232986 1.7168006496463928 53399
1668876246855 1.7236727038954887 53449
1668876260701 1.673385056455263 53499
1668876274570 1.690361745481876 53549
1668876300814 1.6832456559661868 53599
1668876314667 2.058122815210486 53649
1668876328511 2.0555810517276374 53699
1668876342386 1.5402994800199932 53749
1668876356266 1.7405864306911523 53799
1668876382527 2.054884260473245 53849
1668876396375 1.8268302515152501 53899
1668876410250 1.8999996475727128 53949
1668876424149 1.8553898480119202 53999
1668876450560 1.7208560636925596 54049
1668876464401 1.8689197315857549 54099
1668876478240 1.4566881247949972 54149
1668876492083 1.8738762234783994 54199
1668876505786 2.0163544053520033 54249
1668876532370 1.2058879603814252 54299
1668876546218 1.8613245749905467 54349
1668876560079 1.645471203108993 54399
1668876573970 1.9032289092016044 54449
1668876600286 1.5729444239403554 54499
1668876614101 1.3379166652131906 54549
1668876628027 1.6780372251720408 54599
1668876642007 1.8060166723586475 54649
1668876668164 1.6097529093756553 54699
1668876682024 2.1000943302486843 54749
1668876695908 1.8799462255546178 54799
1668876709797 1.8690883350830119 54849
1668876723693 2.045350912754895 54899
1668876750056 1.8471492723844978 54949
1668876763918 1.6889418702268624 54999
1668876777796 2.026251538910051 55049
1668876791696 1.7041525296120656 55099
1668876818114 1.7875665252331037 55149
1668876832015 1.9010243551740444 55199
1668876845932 1.8608373509890221 55249
1668876859788 1.4160134493219865 55299
1668876886030 1.6738389261279827 55349
1668876899929 1.8853890420294603 55399
1668876913824 2.031564206128264 55449
1668876927717 1.472269023407557 55499
1668876941620 2.0088188620248615 55549
1668876967873 1.6545636407809823 55599
1668876981724 1.5206895401522704 55649
1668876995615 2.0268781508616973 55699
1668877009481 2.0257276053582665 55749
1668877035795 2.077754903748215 55799
1668877049619 1.8820297906604635 55849
1668877063470 1.4761679805339547 55899
1668877077336 1.2747364565931631 55949
1668877103674 1.712024109770367 55999
1668877117492 1.6841509693101846 56049
1668877131316 1.9249399882502207 56099
1668877145161 2.071465295905613 56149
1668877159052 1.6004444021214759 56199
1668877185312 1.6499093330597323 56249
1668877199198 1.8568032099856697 56299
1668877213057 1.449599914577244 56349
1668877226936 2.047035297751555 56399
1668877253232 1.9048804858240649 56449
1668877267071 2.0322102337768895 56499
1668877280952 1.7048803403344643 56549
1668877294809 2.0315096337652196 56599
1668877321070 2.036078051912362 56649
1668877334895 1.8996514564716147 56699
1668877348776 1.6885904704708066 56749
1668877362641 1.9039842926920936 56799
1668877376613 2.0240300535316456 56849
1668877402988 1.6823295571782668 56899
1668877416813 1.6821624436942475 56949
1668877430669 2.032259033153094 56999
1668877444532 1.4211033149124614 57049
1668877471038 1.709142859810348 57099
1668877484868 1.697048509593865 57149
1668877498713 1.762182592188227 57199
1668877512565 1.465364395465783 57249
1668877538715 1.5524741822402075 57299
1668877552525 1.455057096302701 57349
1668877566365 1.7338006353291937 57399
1668877580218 2.0177349084216036 57449
1668877594078 1.5913654230541507 57499
1668877620525 1.9262615121874513 57549
1668877634413 1.6926011881337089 57599
1668877648332 2.059580930903139 57649
1668877662252 1.8703532682072102 57699
1668877688602 1.777594512522196 57749
1668877702448 1.7554029090118488 57799
1668877716328 2.0470657956689546 57849
1668877730235 2.02950692703928 57899
1668877756290 1.7447405650189922 57949
1668877770089 1.5322078447334184 57999
1668877783936 1.4985162437242598 58049
1668877797777 2.0555829643153047 58099
1668877811627 1.5371310228846395 58149
1668877837689 1.8619720163017677 58199
1668877851539 2.034560191221467 58249
1668877865399 2.0171583446698116 58299
1668877879262 1.9469665761189092 58349
1668877905673 1.715082681438122 58399
1668877919519 1.7434808679701768 58449
1668877933359 1.6867908749266856 58499
1668877947211 1.8747360699577678 58549
1668877973545 1.761421317862308 58599
1668877987344 1.5472654593861639 58649
1668878001189 1.7300518843075101 58699
1668878015040 1.690670353442171 58749
1668878028900 1.7518190564191956 58799
1668878055115 1.8747707464748795 58849
1668878068936 1.5187109438812443 58899
1668878082770 1.754799529905386 58949
1668878096619 1.7626313843737351 58999
1668878123050 2.057150283447431 59049
1668878136904 1.836130280583535 59099
1668878150768 1.7146316118071594 59149
1668878164653 1.757797908523733 59199
1668878190704 1.831867955628553 59249
1668878204542 2.0514140753862145 59299
1668878218396 1.9164267637414327 59349
1668878232232 1.211694790511934 59399
1668878246076 1.5486596964609787 59449
1668878271927 1.733171065428023 59499
1668878285762 2.022509552639701 59549
1668878299615 1.6457289282601637 59599
1668878313464 2.048433172860547 59649
1668878339633 1.520330672183824 59699
1668878353461 1.6283086003396685 59749
1668878367309 1.6855804556456424 59799
1668878381149 1.6729430266930758 59849
1668878407316 2.0211756775522955 59899
1668878421152 2.06909102436995 59949
1668878435044 1.913317076769231 59999
1668878448951 1.5178680168420238 60049
1668878462812 1.563951325481906 60099
1668878488841 1.643470854703084 60149
1668878502663 1.4701654049985626 60199
1668878516508 1.5597571715934144 60249
1668878530359 1.4426454953583834 60299
1668878556548 2.0437852642189487 60349
1668878570368 1.346050805991485 60399
1668878584215 1.7176811614707073 60449
1668878598065 2.0665677480612623 60499
1668878624498 1.8922952752017212 60549
1668878638374 1.5675337002593601 60599
1668878652274 1.7191082580651615 60649
1668878666170 1.728052772438149 60699
1668878680012 1.8885706708054975 60749
1668878706303 1.6100613989760215 60799
1668878720148 1.87217129792882 60849
1668878733991 1.7427552245639677 60899
1668878747846 1.5353661189730914 60949
1668878774011 1.8736814572191616 60999
1668878787836 2.0582952862017625 61049
1668878801672 1.9058755238609795 61099
1668878815508 1.6775088780691751 61149
1668878841871 1.6631148637882018 61199
1668878855663 1.5093081102661687 61249
1668878869492 1.693300071619412 61299
1668878883330 1.797082478266875 61349
1668878897163 1.696236638945793 61399
1668878923374 1.5050320014186593 61449
1668878937204 1.8496781409424805 61499
1668878951044 1.2037785675505415 61549
1668878964887 1.510989195630885 61599
1668878991090 2.063757873287999 61649
1668879004956 1.5878137752645134 61699
1668879018833 1.3828848262624829 61749
1668879032728 1.5473348332333834 61799
1668879059053 1.891856283653426 61849
1668879072845 1.8497138004155769 61899
1668879086674 1.7379436381588933 61949
1668879100512 1.8248000453070192 61999
1668879114355 1.691677219527831 62049
1668879140336 1.8083923504521409 62099
1668879154186 1.6825932797876084 62149
1668879168037 1.498719119722277 62199
1668879181903 1.8849771921936105 62249
1668879208247 2.038681805227521 62299
1668879222042 1.418877966860209 62349
1668879235850 1.6694434699911602 62399
1668879249677 1.535980819039277 62449
1668879276060 1.705926962242365 62499
1668879289874 2.0189480034901592 62549
1668879303707 1.4652585730091934 62599
1668879317541 1.6516001013169475 62649
1668879331397 1.3848635174386619 62699
1668879357606 1.8339002185229751 62749
1668879371438 2.03776004652729 62799
1668879385282 2.0290573701633017 62849
1668879399132 1.1180465197099263 62899
1668879425339 1.7510402231532198 62949
1668879439148 1.8796378833537337 62999
1668879452989 1.4734357288459567 63049
1668879466816 1.7007328627505365 63099
1668879493178 1.6619228340582572 63149
1668879507001 1.8748841794355182 63199
1668879520872 1.6390751250416047 63249
1668879534763 1.7026171121582032 63299
1668879548666 1.7806906963510527 63349
1668879574851 1.6935834859180503 63399
1668879588671 1.8249768527704755 63449
1668879602513 1.521401900088603 63499
1668879616368 1.3240192741677987 63549
1668879642390 1.848837548850406 63599
1668879656207 1.7243039408621468 63649
1668879670044 1.8537504948459667 63699
1668879683888 1.8794564718499824 63749
1668879710055 1.8418311240381393 63799
1668879723868 1.715965142630751 63849
1668879737709 1.8118298455890622 63899
1668879751560 1.8646203596207067 63949
1668879765409 2.025976128371398 63999
1668879791644 1.663554744630257 64049
1668879805466 1.766006633494631 64099
1668879819296 1.9167765797727947 64149
1668879833136 2.0525800874868203 64199
1668879859263 1.690640609516021 64249
1668879873145 2.008917366938429 64299
1668879887035 2.029981744486805 64349
1668879900953 1.8337994875656052 64399
1668879927201 1.4357438940529197 64449
1668879941005 1.8757509695092252 64499
1668879954818 1.3381775934680284 64549
1668879968646 1.9324240994774606 64599
1668879982468 1.3744514486781818 64649
1668880008723 1.8300221081362742 64699
1668880022561 1.8968865682427745 64749
1668880036419 1.8403199688643987 64799
1668880050306 2.041686802211834 64849
1668880076703 1.836153224699769 64899
1668880090548 1.7406939095380767 64949
1668880104407 1.6333061019774078 64999
1668880118283 1.701403635703088 65049
1668880132007 2.0099438234796008 65099
