1668858446782 0.2607790231704712 216
1668858519977 0.2651129364967346 433
1668858592841 0.26164746284484863 650
1668858665270 0.25356319546699524 867
1668858737654 0.24990785121917725 1084
1668858810159 0.24833200871944427 1301
1668858882442 0.24590428173542023 1518
1668858954684 0.24829073250293732 1735
1668859027031 0.24333477020263672 1952
1668859099306 0.2382645606994629 2169
1668859171607 0.24556158483028412 2386
1668859243986 0.24708925187587738 2603
1668859316470 0.24523819983005524 2820
1668859388653 0.2431352138519287 3037
1668859461053 0.24765899777412415 3254
1668859533340 0.2486402988433838 3471
1668859605651 0.2454652637243271 3688
1668859678018 0.24531938135623932 3905
1668859750220 0.24263976514339447 4122
1668859822496 0.2447632998228073 4339
1668859894986 0.2428021878004074 4556
1668859967280 0.24659790098667145 4773
1668860039487 0.24308428168296814 4990
1668860111686 0.24536888301372528 5207
1668860183854 0.24903252720832825 5424
1668860256291 0.2509497106075287 5641
1668860328797 0.2436980903148651 5858
1668860401209 0.24123872816562653 6075
1668860473653 0.24634742736816406 6292
1668860546225 0.24071155488491058 6509
1668860618748 0.24524779617786407 6726
1668860691171 0.2414066046476364 6943
1668860763705 0.24327974021434784 7160
1668860836396 0.24548040330410004 7377
1668860908911 0.24577073752880096 7594
1668860981428 0.24307049810886383 7811
1668861054094 0.24015693366527557 8028
1668861126407 0.24258054792881012 8245
1668861198915 0.2431957721710205 8462
1668861271522 0.24113549292087555 8679
1668861344023 0.2468085139989853 8896
1668861416431 0.24423761665821075 9113
1668861488883 0.24177271127700806 9330
1668861561338 0.24310491979122162 9547
1668861633725 0.2435205727815628 9764
1668861706055 0.24300721287727356 9981
1668861778373 0.24484454095363617 10198
1668861850719 0.2421208918094635 10415
1668861923242 0.24172724783420563 10632
1668861995555 0.24398986995220184 10849
1668862067975 0.24022163450717926 11066
1668862140237 0.2453743815422058 11283
1668862212872 0.2453620582818985 11500
1668862285398 0.24285034835338593 11717
1668862358016 0.2363157719373703 11934
1668862430546 0.23620016872882843 12151
1668862503030 0.24121668934822083 12368
1668862575566 0.2402326762676239 12585
1668862648143 0.23883850872516632 12802
1668862720921 0.23521748185157776 13019
1668862793535 0.24021202325820923 13236
1668862865955 0.23755034804344177 13453
1668862939103 0.23832513391971588 13670
1668863011987 0.2380305826663971 13887
1668863084559 0.23757366836071014 14104
1668863157149 0.23514871299266815 14321
1668863229702 0.23996980488300323 14538
1668863302489 0.23559463024139404 14755
1668863375352 0.24168044328689575 14972
1668863448026 0.2338109165430069 15189
1668863520697 0.2362689971923828 15406
1668863593224 0.23434358835220337 15623
1668863665791 0.23775123059749603 15840
1668863738436 0.24412615597248077 16057
1668863810907 0.2396862506866455 16274
1668863883412 0.23800310492515564 16491
1668863955859 0.2330072522163391 16708
1668864028442 0.23609283566474915 16925
1668864101152 0.23485830426216125 17142
1668864173508 0.23388662934303284 17359
1668864245858 0.23612722754478455 17576
1668864318374 0.23938217759132385 17793
1668864390790 0.23495186865329742 18010
1668864463338 0.23675480484962463 18227
1668864536051 0.23463256657123566 18444
1668864608672 0.23704932630062103 18661
1668864681289 0.23202729225158691 18878
1668864753721 0.2359771877527237 19095
1668864826911 0.23412613570690155 19312
1668864899427 0.2359427958726883 19529
1668864971981 0.23327282071113586 19746
1668865044672 0.23258328437805176 19963
1668865117250 0.23415088653564453 20180
1668865189821 0.23379170894622803 20397
1668865262621 0.23413026332855225 20614
1668865335251 0.22957615554332733 20831
1668865407893 0.23348474502563477 21048
1668865480426 0.23001520335674286 21265
1668865553297 0.23226679861545563 21482
1668865625832 0.23443853855133057 21699
1668865698316 0.23617948591709137 21916
1668865770870 0.22806918621063232 22133
1668865843563 0.22971928119659424 22350
1668865916140 0.23491474986076355 22567
1668865988994 0.23295080661773682 22784
1668866061673 0.23131577670574188 23001
1668866134125 0.232586070895195 23218
1668866206775 0.23176443576812744 23435
1668866279364 0.23119188845157623 23652
1668866351625 0.23493675887584686 23869
1668866423979 0.22893893718719482 24086
1668866496509 0.22917701303958893 24303
1668866569204 0.22823426127433777 24520
1668866641878 0.2293366640806198 24737
1668866714660 0.22932155430316925 24954
1668866787154 0.23170386254787445 25171
1668866859644 0.22979912161827087 25388
1668866932133 0.2275255024433136 25605
1668867004792 0.2251596748828888 25822
1668867077602 0.23279255628585815 26039
1668867150284 0.23017756640911102 26256
1668867222620 0.23330996930599213 26473
1668867294900 0.22783654928207397 26690
1668867367751 0.23505234718322754 26907
1668867440231 0.22959819436073303 27124
1668867512581 0.2234833836555481 27341
1668867585428 0.2288646548986435 27558
1668867657882 0.2278558313846588 27775
1668867730546 0.22389352321624756 27992
1668867803089 0.22982388734817505 28209
1668867875609 0.23145204782485962 28426
1668867948192 0.23280903697013855 28643
1668868020925 0.22644099593162537 28860
1668868093443 0.22689656913280487 29077
1668868166181 0.22808292508125305 29294
1668868238402 0.2267286777496338 29511
1668868311043 0.22494912147521973 29728
1668868383917 0.23119741678237915 29945
1668868456519 0.22580519318580627 30162
1668868529060 0.23105290532112122 30379
1668868601762 0.2294839471578598 30596
1668868674157 0.2264341115951538 30813
1668868746689 0.2281847447156906 31030
1668868819269 0.2271195501089096 31247
1668868891752 0.22874076664447784 31464
1668868964393 0.22829210758209229 31681
1668869037454 0.2281021773815155 31898
1668869109987 0.22564002871513367 32115
1668869182866 0.22463536262512207 32332
1668869255384 0.228695347905159 32549
1668869328069 0.22836916148662567 32766
1668869400521 0.2260405272245407 32983
1668869473328 0.22410689294338226 33200
1668869546132 0.2221580445766449 33417
1668869618899 0.2272268533706665 33634
1668869691415 0.22423070669174194 33851
1668869763969 0.21983902156352997 34068
1668869836691 0.22366920113563538 34285
1668869909655 0.22478948533535004 34502
1668869982196 0.22036612033843994 34719
1668870054819 0.22455964982509613 34936
1668870127672 0.22545145452022552 35153
1668870200365 0.22194471955299377 35370
1668870272884 0.2257583886384964 35587
1668870345252 0.22640523314476013 35804
1668870417552 0.22371187806129456 36021
1668870490278 0.22325220704078674 36238
1668870563037 0.22338980436325073 36455
1668870635711 0.2237614095211029 36672
1668870708464 0.2242031842470169 36889
1668870781003 0.22359627485275269 37106
1668870853403 0.22570744156837463 37323
1668870926158 0.22121255099773407 37540
1668870998916 0.22349578142166138 37757
1668871071603 0.22224611043930054 37974
1668871144405 0.22403807938098907 38191
1668871217057 0.21943163871765137 38408
1668871289285 0.2216254621744156 38625
1668871361852 0.22197088599205017 38842
1668871434449 0.22172586619853973 39059
1668871506925 0.22541572153568268 39276
1668871579443 0.21923483908176422 39493
1668871652178 0.22799208760261536 39710
1668871724733 0.22182638943195343 39927
1668871798334 0.22327420115470886 40144
1668871871001 0.2208189219236374 40361
1668871943583 0.2230774164199829 40578
1668872016500 0.2217506766319275 40795
1668872089035 0.22259432077407837 41012
1668872161446 0.22476471960544586 41229
1668872234217 0.2194894552230835 41446
1668872306747 0.2274911105632782 41663
1668872379665 0.22277191281318665 41880
1668872451966 0.22315864264965057 42097
1668872524657 0.22499044239521027 42314
1668872597331 0.22163094580173492 42531
1668872669839 0.22031521797180176 42748
1668872742207 0.22501108050346375 42965
1668872815442 0.2258615791797638 43182
1668872887809 0.22400912642478943 43399
1668872960572 0.22001932561397552 43616
1668873032936 0.22326043248176575 43833
1668873105652 0.2242032140493393 44050
1668873178356 0.2179301381111145 44267
1668873251082 0.22004270553588867 44484
1668873323676 0.22396783530712128 44701
1668873396243 0.2240903079509735 44918
1668873469276 0.21801958978176117 45135
1668873542090 0.21901601552963257 45352
1668873614722 0.22022299468517303 45569
1668873687185 0.2208671122789383 45786
1668873759807 0.2195761799812317 46003
1668873832569 0.21743880212306976 46220
1668873905361 0.22027944028377533 46437
1668873977905 0.22248560190200806 46654
1668874050680 0.22115890681743622 46871
1668874123420 0.22001247107982635 47088
1668874196015 0.22391417622566223 47305
1668874268766 0.2192472368478775 47522
1668874341470 0.2209070473909378 47739
1668874414227 0.22233007848262787 47956
1668874486483 0.22267276048660278 48173
1668874559057 0.22376418113708496 48390
1668874631384 0.22045418620109558 48607
1668874703899 0.22353985905647278 48824
1668874776282 0.22161991894245148 49041
1668874848835 0.22313521802425385 49258
1668874921299 0.22081619501113892 49475
1668874993608 0.2206771969795227 49692
1668875065839 0.22380408644676208 49909
1668875138520 0.22253242135047913 50126
1668875211240 0.22219933569431305 50343
1668875283832 0.21875864267349243 50560
1668875356735 0.2187957912683487 50777
1668875429441 0.21823568642139435 50994
1668875502270 0.2186403125524521 51211
1668875574714 0.21864578127861023 51428
1668875647393 0.21547482907772064 51645
1668875720042 0.22337056696414948 51862
1668875792488 0.22262458503246307 52079
1668875865030 0.2175268828868866 52296
1668875937786 0.21904219686985016 52513
1668876010464 0.2202051281929016 52730
1668876082709 0.22173553705215454 52947
1668876155280 0.22252139449119568 53164
1668876227502 0.21850262582302094 53381
1668876300012 0.2176356166601181 53598
1668876372567 0.22249798476696014 53815
1668876445311 0.22043223679065704 54032
1668876517951 0.22142864763736725 54249
1668876590652 0.223098024725914 54466
1668876663211 0.21943576633930206 54683
1668876736010 0.22129513323307037 54900
1668876808687 0.22159379720687866 55117
1668876881336 0.22198602557182312 55334
1668876954093 0.22233417630195618 55551
1668877026741 0.22208233177661896 55768
1668877099264 0.21633918583393097 55985
1668877171776 0.21718142926692963 56202
1668877244378 0.2216515988111496 56419
1668877316941 0.2171456515789032 56636
1668877389727 0.21814757585525513 56853
1668877462396 0.2223534733057022 57070
1668877534884 0.21792739629745483 57287
1668877607402 0.22134055197238922 57504
1668877680376 0.22059184312820435 57721
1668877752702 0.2208753526210785 57938
1668877825031 0.22172313928604126 58155
1668877897584 0.2217341661453247 58372
1668877970249 0.22267964482307434 58589
1668878042751 0.220169335603714 58806
1668878115356 0.21557803452014923 59023
1668878187642 0.21598272025585175 59240
1668878259846 0.21868568658828735 59457
1668878332246 0.21987345814704895 59674
1668878404528 0.21824944019317627 59891
1668878477019 0.21940000355243683 60108
1668878549438 0.22139698266983032 60325
1668878622030 0.21888524293899536 60542
1668878694774 0.21668870747089386 60759
1668878767139 0.21857698261737823 60976
1668878839637 0.21839532256126404 61193
1668878912103 0.22032620012760162 61410
1668878984456 0.22067715227603912 61627
1668879057105 0.22086158394813538 61844
1668879129348 0.21764250099658966 62061
1668879201930 0.22158418595790863 62278
1668879274380 0.215794175863266 62495
1668879346911 0.21787507832050323 62712
1668879419303 0.22027944028377533 62929
1668879491797 0.21757780015468597 63146
1668879564395 0.2225172519683838 63363
1668879636635 0.22055472433567047 63580
1668879708981 0.21682223677635193 63797
1668879781491 0.22122079133987427 64014
1668879853783 0.22122079133987427 64231
1668879926413 0.22037023305892944 64448
1668879998836 0.21863754093647003 64665
1668880071480 0.2200041562318802 64882
1668880144148 0.22333888709545135 65099
