1668791443556 46.75 864
1668791549074 69.0 1729
1668791656305 50.0 2594
1668791763306 5.75 3459
1668791870953 21.0 4324
1668791978066 19.0 5189
1668792084982 2.75 6054
1668792191945 12.75 6919
1668792299455 9.75 7784
1668792407278 13.25 8649
1668792514688 0.25 9514
1668792621415 0.0 10379
1668792727664 0.0 11244
1668792834237 0.0 12109
1668792941179 0.0 12974
1668793048012 0.0 13839
1668793156113 0.0 14704
1668793262461 0.0 15569
1668793369830 0.0 16434
1668793477281 0.0 17299
1668793583798 0.0 18164
1668793690988 0.0 19029
1668793798359 0.0 19894
1668793905597 0.0 20759
1668794012659 0.0 21624
1668794119415 0.0 22489
1668794225596 0.0 23354
1668794332218 0.0 24219
1668794439655 0.0 25084
1668794546664 0.0 25949
1668794653628 0.0 26814
1668794760652 0.0 27679
1668794867825 0.0 28544
1668794974856 0.0 29409
1668795081817 0.0 30274
1668795188588 0.0 31139
1668795295181 0.0 32004
1668795402441 0.0 32869
1668795509116 0.0 33734
1668795616805 0.0 34599
1668795723646 0.0 35464
1668795830079 0.0 36329
1668795937489 0.0 37194
1668796044391 0.0 38059
1668796151226 0.0 38924
1668796258568 0.0 39789
1668796365547 0.0 40654
1668796472796 0.0 41519
1668796579785 0.0 42384
1668796686817 0.0 43249
1668796793099 0.0 44114
1668796899701 0.0 44979
1668797006199 0.0 45844
1668797112938 0.0 46709
1668797219875 0.0 47574
1668797326829 0.0 48439
1668797434231 0.0 49304
1668797540917 0.0 50169
1668797648070 0.0 51034
1668797756093 0.0 51899
1668797863418 0.0 52764
1668797970520 0.25 53629
1668798077435 0.0 54494
1668798184383 0.0 55359
1668798291248 0.75 56224
1668798398653 10.25 57089
1668798505444 10.5 57954
1668798611998 23.25 58819
1668798719307 4.25 59684
1668798826263 3.0 60549
1668798933421 1.0 61414
1668799041013 15.75 62279
1668799148124 38.0 63144
1668799255193 26.0 64009
1668799362288 29.5 64874
1668799469011 11.5 65739
1668799575415 26.5 66604
1668799682137 13.25 67469
1668799789575 8.75 68334
1668799896534 18.25 69199
1668800002856 11.25 70064
1668800109632 21.5 70929
1668800216347 12.75 71794
1668800324062 3.25 72659
1668800431673 12.75 73524
1668800538726 55.75 74389
1668800644750 4.5 75254
1668800751820 7.25 76119
1668800859095 16.75 76984
1668800965957 53.5 77849
1668801072512 54.0 78714
1668801180510 13.25 79579
1668801287190 24.25 80444
1668801394264 33.25 81309
1668801501237 17.0 82174
1668801608095 11.75 83039
1668801714585 41.25 83904
1668801821507 25.75 84769
1668801928608 21.0 85634
1668802036060 56.0 86499
1668802143029 17.75 87364
1668802249867 16.5 88229
1668802357680 40.5 89094
1668802464595 33.0 89959
1668802571788 46.5 90824
1668802678858 17.0 91689
1668802786287 85.0 92554
1668802893319 61.25 93419
1668803000915 25.25 94284
1668803108270 38.0 95149
1668803215489 21.5 96014
1668803322808 101.25 96879
1668803429160 48.75 97744
1668803536280 55.5 98609
1668803643658 61.5 99474
1668803750582 118.25 100339
1668803857419 10.25 101204
1668803964484 15.25 102069
1668804071126 12.75 102934
1668804177532 21.0 103799
1668804284308 11.0 104664
1668804391683 21.5 105529
1668804498734 51.75 106394
1668804605584 15.25 107259
1668804712285 23.75 108124
1668804818209 49.25 108989
1668804925279 13.0 109854
1668805031867 20.5 110719
1668805138840 7.0 111584
1668805245955 13.5 112449
1668805353093 49.25 113314
1668805460690 16.25 114179
1668805568250 17.0 115044
1668805675659 17.0 115909
1668805782447 41.75 116774
1668805889099 65.75 117639
1668805996205 14.0 118504
1668806103758 44.5 119369
1668806210623 47.0 120234
1668806317753 10.75 121099
1668806425161 19.75 121964
1668806533690 149.75 122829
1668806640956 61.25 123694
1668806748337 26.75 124559
1668806855581 130.0 125424
1668806963281 82.25 126289
1668807071258 135.5 127154
1668807178648 49.75 128019
1668807286230 87.25 128884
1668807393715 53.5 129749
1668807500568 66.0 130614
1668807607762 73.0 131479
1668807714501 91.75 132344
1668807821659 55.0 133209
1668807929274 24.25 134074
1668808036134 67.75 134939
1668808143935 27.75 135804
1668808251604 48.0 136669
1668808358917 29.0 137534
1668808465922 33.0 138399
1668808572767 26.25 139264
1668808679491 51.0 140129
1668808786411 35.0 140994
1668808893410 41.25 141859
1668809000451 48.0 142724
1668809107099 14.5 143589
1668809215326 47.75 144454
1668809322787 39.75 145319
1668809429761 46.5 146184
1668809537032 65.75 147049
1668809643835 88.0 147914
1668809750638 94.75 148779
1668809857479 128.0 149644
1668809964287 66.5 150509
1668810071732 213.25 151374
1668810179063 65.5 152239
1668810286065 42.0 153104
1668810392867 66.0 153969
1668810499721 25.0 154834
1668810606511 57.75 155699
1668810713819 133.5 156564
1668810821039 102.0 157429
1668810928985 102.25 158294
1668811036991 14.5 159159
1668811144438 84.0 160024
1668811251503 215.75 160889
1668811359196 215.5 161754
1668811466229 136.25 162619
1668811573343 158.5 163484
1668811680784 189.5 164349
1668811788064 148.5 165214
1668811894984 160.25 166079
1668812002594 214.25 166944
1668812110475 119.75 167809
1668812217561 216.0 168674
1668812325265 155.0 169539
1668812432867 70.0 170404
1668812539654 111.25 171269
1668812646544 122.25 172134
1668812752884 117.25 172999
1668812860188 23.0 173864
1668812966766 73.5 174729
1668813073719 69.0 175594
1668813180724 53.5 176459
1668813288052 79.5 177324
1668813396269 216.5 178189
1668813504463 56.25 179054
1668813612743 194.75 179919
1668813719639 57.5 180784
1668813826819 150.0 181649
1668813933545 147.0 182514
1668814040189 213.0 183379
1668814147800 132.0 184244
1668814255401 118.25 185109
1668814362666 69.25 185974
1668814470114 213.75 186839
1668814576941 120.0 187704
1668814683269 217.0 188569
1668814790123 30.25 189434
1668814897629 64.0 190299
1668815006209 103.0 191164
1668815113185 69.25 192029
1668815221169 100.0 192894
1668815329051 217.0 193759
1668815436452 68.25 194624
1668815544792 149.0 195489
1668815652985 151.0 196354
1668815759926 215.75 197219
1668815867154 149.5 198084
1668815974114 78.0 198949
1668816081728 152.0 199814
1668816188681 216.5 200679
1668816296205 152.25 201544
1668816403558 94.75 202409
1668816510780 216.5 203274
1668816619680 100.25 204139
1668816727165 216.25 205004
1668816834902 51.75 205869
1668816941525 215.75 206734
1668817048616 216.75 207599
1668817156096 159.5 208464
1668817263296 197.75 209329
1668817370408 111.5 210194
1668817478129 216.25 211059
1668817585546 215.5 211924
1668817693163 155.0 212789
1668817800803 210.5 213654
1668817907952 215.25 214519
1668818015700 202.5 215384
1668818123899 130.5 216249
1668818230716 215.75 217114
1668818338210 216.75 217979
1668818444887 216.75 218844
1668818552136 216.5 219709
1668818659570 217.0 220574
1668818767305 216.5 221439
1668818874397 216.5 222304
1668818982101 62.5 223169
1668819089475 215.25 224034
1668819197806 216.75 224899
1668819305485 217.0 225764
1668819412502 216.5 226629
1668819520008 100.0 227494
1668819627393 46.0 228359
1668819734644 215.0 229224
1668819842208 215.75 230089
1668819948987 215.25 230954
1668820057715 216.75 231819
1668820165965 216.5 232684
1668820272825 217.0 233549
1668820379594 215.0 234414
1668820487042 216.0 235279
1668820594138 215.0 236144
1668820701032 214.75 237009
1668820808635 216.75 237874
1668820916238 216.25 238739
1668821024107 216.75 239604
1668821130977 214.25 240469
1668821238471 191.0 241334
1668821345842 215.0 242199
1668821452560 214.75 243064
1668821559635 217.0 243929
1668821667127 177.0 244794
1668821774112 216.75 245659
1668821882025 215.75 246524
1668821988609 213.0 247389
1668822095153 214.75 248254
1668822202042 216.75 249119
1668822309076 216.5 249984
1668822416185 215.0 250849
1668822522996 216.75 251714
1668822630053 216.5 252579
1668822737659 216.75 253444
1668822844508 214.75 254309
1668822951552 215.0 255174
1668823058608 214.0 256039
1668823165934 215.0 256904
1668823273708 215.0 257769
1668823380937 216.5 258634
1668823488095 209.25 259499
