1668731164528 0.026782158762216568 836
1668731260016 0.03200915828347206 1673
1668731353732 0.03270609304308891 2510
1668731449574 0.042413379997015 3347
1668731545190 0.04286140948534012 4184
1668731641041 0.045947831124067307 5021
1668731736943 0.05311628803610802 5858
1668731832894 0.05470927804708481 6695
1668731929047 0.05859219282865524 7532
1668732021979 0.06098167970776558 8369
1668732115313 0.0665571466088295 9206
1668732208381 0.07437276095151901 10043
1668732301895 0.07153524458408356 10880
1668732397857 0.07910194993019104 11717
1668732493347 0.08009757101535797 12554
1668732589471 0.07810632884502411 13391
1668732682465 0.07721027731895447 14228
1668732775627 0.08512544631958008 15065
1668732868794 0.08562325686216354 15902
1668732961667 0.08248705416917801 16739
1668733057624 0.08303464949131012 17576
1668733153728 0.0934886485338211 18413
1668733249598 0.0870669037103653 19250
1668733342519 0.09189566224813461 20087
1668733435438 0.09323974698781967 20924
1668733528391 0.10025886446237564 21761
1668733621845 0.09373755753040314 22598
1668733715206 0.0950816422700882 23435
1668733808158 0.09378733485937119 24272
1668733901217 0.09851652383804321 25109
1668733994166 0.09408602118492126 25946
1668734087339 0.09612704068422318 26783
1668734180365 0.09438470751047134 27620
1668734273426 0.10327061265707016 28457
1668734366552 0.0950816422700882 29294
1668734459610 0.09717243909835815 30131
1668734552705 0.1011798083782196 30968
1668734646400 0.1034199520945549 31805
1668734739572 0.10210075974464417 32642
1668734833298 0.10120470076799393 33479
1668734926635 0.10376841574907303 34316
1668735019738 0.09896455705165863 35153
1668735113018 0.10229988396167755 35990
1668735206446 0.10553564131259918 36827
1668735299894 0.1037435308098793 37664
1668735392915 0.10648148506879807 38501
1668735486176 0.10195141285657883 39338
1668735579990 0.1037435308098793 40175
1668735673132 0.10180207341909409 41012
1668735766793 0.10954301059246063 41849
1668735861082 0.10785045474767685 42686
1668735954282 0.10727797448635101 43523
1668736047833 0.10914476215839386 44360
1668736140777 0.11021505296230316 45197
1668736234178 0.1110115498304367 46034
1668736327784 0.11051373928785324 46871
1668736421433 0.11180804669857025 47708
1668736514525 0.11422242224216461 48545
1668736607546 0.11252986639738083 49382
1668736700535 0.10874651372432709 50219
1668736793827 0.10921943187713623 51056
1668736887730 0.11424731463193893 51893
1668736980827 0.1085473895072937 52730
1668737074342 0.11011549085378647 53567
1668737167924 0.11952409148216248 54404
1668737261138 0.11419752985239029 55241
1668737354642 0.11910095810890198 56078
1668737448012 0.11188271641731262 56915
1668737541222 0.11235563457012177 57752
1668737634522 0.1166616901755333 58589
1668737728011 0.11429709196090698 59426
1668737821280 0.11205694824457169 60263
1668737914331 0.11653723567724228 61100
1668738007371 0.11297789961099625 61937
1668738101139 0.1169852614402771 62774
1668738194367 0.1121814027428627 63611
1668738288177 0.12903225421905518 64448
1668738381558 0.11795599013566971 65285
1668738476258 0.11788132041692734 66122
1668738569637 0.11907606571912766 66959
1668738662919 0.11491935700178146 67796
1668738756028 0.11696037650108337 68633
1668738850587 0.12547291815280914 69470
1668738943888 0.11262942850589752 70307
1668739037012 0.11842891573905945 71144
1668739130564 0.11910095810890198 71981
1668739224371 0.11969833076000214 72818
1668739318411 0.12064416706562042 73655
1668739412235 0.11628833413124084 74492
1668739505796 0.1173088401556015 75329
1668739598989 0.11760752648115158 76166
1668739692557 0.11641278117895126 77003
1668739785907 0.13266627490520477 77840
1668739879046 0.12343189865350723 78677
1668739972291 0.12198825180530548 79514
1668740065577 0.12191358208656311 80351
1668740158905 0.12233671545982361 81188
1668740251988 0.1230834349989891 82025
1668740347814 0.12223715335130692 82862
1668740441339 0.12547291815280914 83699
1668740534661 0.12323277443647385 84536
1668740627819 0.1259707361459732 85373
1668740721214 0.12397948652505875 86210
1668740814566 0.12131620943546295 87047
1668740908293 0.12266029417514801 87884
1668741001688 0.11959876865148544 88721
1668741094853 0.12614496052265167 89558
1668741187886 0.1347072869539261 90395
1668741283968 0.12763838469982147 91232
1668741376914 0.12572182714939117 92069
1668741470547 0.13132217526435852 92906
1668741563968 0.12908203899860382 93743
1668741657240 0.12686678767204285 94580
1668741750388 0.12836021184921265 95417
1668741844303 0.1268170028924942 96254
1668741938091 0.1263938695192337 97091
1668742031351 0.12860912084579468 97928
1668742125114 0.1257467120885849 98765
1668742218143 0.1279868632555008 99602
1668742311226 0.1255475878715515 100439
1668742404670 0.13127240538597107 101276
1668742498227 0.12497510761022568 102113
1668742591346 0.1270410269498825 102950
1668742685552 0.12768816947937012 103787
1668742779154 0.12537336349487305 104624
1668742872478 0.13211867213249207 105461
1668742968954 0.13659895956516266 106298
1668743062407 0.1332138627767563 107135
1668743156074 0.12878336012363434 107972
1668743249385 0.13401035964488983 108809
1668743342711 0.12890779972076416 109646
1668743435982 0.13849064707756042 110483
1668743529635 0.12706591188907623 111320
1668743623489 0.1347072869539261 112157
1668743717032 0.1318448781967163 112994
1668743810247 0.1339605748653412 113831
1668743903527 0.13104838132858276 114668
1668743997980 0.12845978140830994 115505
1668744091277 0.12888291478157043 116342
1668744184695 0.13702210783958435 117179
1668744277971 0.13552866876125336 118016
1668744370924 0.12878336012363434 118853
1668744464338 0.13199423253536224 119690
1668744557458 0.13348765671253204 120527
1668744650779 0.13361211121082306 121364
1668744743986 0.13764436542987823 122201
1668744837279 0.14025786519050598 123038
1668744930378 0.1383661925792694 123875
1668745026291 0.13565312325954437 124712
1668745122913 0.13585224747657776 125549
1668745215608 0.13933691382408142 126386
1668745309415 0.1301274448633194 127223
1668745402858 0.1365242898464203 128060
1668745496056 0.13587714731693268 128897
1668745589494 0.13540421426296234 129734
1668745682459 0.14234866201877594 130571
1668745775539 0.13826662302017212 131408
1668745868538 0.13637495040893555 132245
1668745962236 0.13779370486736298 133082
1668746056010 0.13602648675441742 133919
1668746149417 0.14043210446834564 134756
1668746243491 0.14516128599643707 135593
1668746337203 0.13719633221626282 136430
1668746430767 0.13296495378017426 137267
1668746524487 0.14794902503490448 138104
1668746617625 0.1349312961101532 138941
1668746713357 0.14088012278079987 139778
1668746806620 0.1388888955116272 140615
1668746899750 0.1410294771194458 141452
1668746993067 0.14247311651706696 142289
1668747087210 0.1421993225812912 143126
1668747181543 0.13841596245765686 143963
1668747274742 0.13644962012767792 144800
1668747368545 0.13585224747657776 145637
1668747462000 0.1365242898464203 146474
1668747555206 0.13801772892475128 147311
1668747648395 0.14175128936767578 148148
1668747741907 0.14371764659881592 148985
1668747835200 0.14175128936767578 149822
1668747928619 0.14585822820663452 150659
1668748022194 0.14142771065235138 151496
1668748115291 0.14394165575504303 152333
1668748208688 0.1492682248353958 153170
1668748302045 0.14553464949131012 154007
1668748395411 0.13537932932376862 154844
1668748489093 0.14224910736083984 155681
1668748582781 0.143692746758461 156518
1668748676195 0.138042613863945 157355
1668748769743 0.13958582282066345 158192
1668748862969 0.14506173133850098 159029
1668748956407 0.1443399041891098 159866
1668749049640 0.14909398555755615 160703
1668749142880 0.14640581607818604 161540
1668749236095 0.14488749206066132 162377
1668749329603 0.14981581270694733 163214
1668749422886 0.140382319688797 164051
1668749515998 0.14361807703971863 164888
1668749609593 0.15190660953521729 165725
1668749702546 0.14747610688209534 166562
1668749796083 0.1450866162776947 167399
1668749889634 0.1496913582086563 168236
1668749982733 0.14513640105724335 169073
1668750075998 0.14157706499099731 169910
1668750169344 0.14645560085773468 170747
1668750262919 0.14640581607818604 171584
1668750356202 0.14715252816677094 172421
1668750449579 0.148621067404747 173258
1668750543089 0.15013939142227173 174095
1668750636367 0.15081143379211426 174932
1668750729728 0.1442403495311737 175769
1668750822981 0.1467791646718979 176606
1668750915983 0.1569344848394394 177443
1668751010478 0.14804857969284058 178280
1668751103530 0.15285244584083557 179117
1668751196902 0.14396654069423676 179954
1668751290078 0.14471326768398285 180791
1668751387273 0.13916268944740295 181628
1668751480352 0.1513839066028595 182465
1668751573588 0.14864595234394073 183302
1668751668242 0.15185682475566864 184139
1668751761649 0.15098565816879272 184976
1668751855942 0.14899443089962006 185813
1668751949366 0.15476901829242706 186650
1668752042740 0.14513640105724335 187487
1668752137196 0.14934289455413818 188324
1668752230710 0.14931799471378326 189161
1668752324193 0.15397252142429352 189998
1668752417622 0.14954201877117157 190835
1668752511088 0.15058740973472595 191672
1668752604371 0.15815411508083344 192509
1668752697612 0.15489347279071808 193346
1668752790911 0.1537236124277115 194183
1668752884167 0.1524541974067688 195020
1668752977318 0.15317602455615997 195857
1668753071638 0.15120968222618103 196694
1668753164830 0.14675427973270416 197531
1668753258005 0.15775588154792786 198368
1668753351209 0.15332536399364471 199205
1668753444240 0.15008960664272308 200042
1668753537828 0.1495669037103653 200879
1668753631393 0.15232974290847778 201716
1668753724662 0.15785543620586395 202553
1668753817855 0.1558641940355301 203390
1668753914038 0.15464456379413605 204227
1668754010307 0.15041318535804749 205064
1668754103353 0.15275289118289948 205901
1668754197241 0.1573825180530548 206738
1668754290553 0.15208084881305695 207575
1668754384218 0.15140880644321442 208412
1668754477405 0.15616288781166077 209249
1668754571578 0.1580296754837036 210086
1668754664917 0.1602449268102646 210923
1668754758060 0.15514236688613892 211760
1668754851335 0.14827260375022888 212597
1668754944867 0.1502140611410141 213434
1668755038183 0.1528773456811905 214271
1668755131807 0.16039426624774933 215108
1668755224998 0.1566358059644699 215945
1668755318173 0.1495669037103653 216782
1668755411949 0.15115989744663239 217619
1668755505374 0.15914973616600037 218456
1668755599184 0.16328155994415283 219293
1668755693015 0.15013939142227173 220130
1668755786207 0.16417761147022247 220967
1668755879973 0.16246017813682556 221804
1668755973064 0.1589755117893219 222641
1668756066619 0.15397252142429352 223478
1668756159829 0.1625099629163742 224315
1668756253025 0.15842792391777039 225152
1668756346016 0.16738848388195038 225989
1668756440049 0.15648646652698517 226826
1668756533963 0.15805456042289734 227663
1668756627023 0.15648646652698517 228500
1668756720096 0.16499900817871094 229337
1668756813239 0.15484368801116943 230174
1668756906368 0.1529769003391266 231011
1668756999953 0.1636798083782196 231848
1668757093154 0.15638689696788788 232685
1668757186954 0.15359915792942047 233522
1668757280160 0.15905018150806427 234359
1668757373098 0.15325069427490234 235196
1668757466780 0.158228799700737 236033
1668757559735 0.15750697255134583 236870
1668757652981 0.16589505970478058 237707
1668757745944 0.15514236688613892 238544
1668757839268 0.15924930572509766 239381
1668757932502 0.1728643923997879 240218
1668758026580 0.1540471911430359 241055
1668758119752 0.14934289455413818 241892
1668758213097 0.16246017813682556 242729
1668758306788 0.16440163552761078 243566
1668758400274 0.16226105391979218 244403
1668758493598 0.15872660279273987 245240
1668758587940 0.15337514877319336 246077
1668758681097 0.16552171111106873 246914
1668758774187 0.1650736778974533 247751
1668758867258 0.15979689359664917 248588
1668758960705 0.16350556910037994 249425
1668759053739 0.1620619297027588 250262
1668759146913 0.16119076311588287 251099
