1669062888201 12.25 216
1669062959671 20.0 433
1669063031939 9.75 650
1669063103841 22.5 867
1669063175637 22.0 1084
1669063247692 22.5 1301
1669063319593 23.25 1518
1669063391261 60.0 1735
1669063463240 83.0 1952
1669063535089 84.0 2169
1669063607132 107.75 2386
1669063679076 138.5 2603
1669063751205 151.0 2820
1669063823260 147.0 3037
1669063895742 124.25 3254
1669063967944 156.0 3471
1669064040184 156.0 3688
1669064112455 158.25 3905
1669064184563 171.75 4122
1669064256599 167.75 4339
1669064328535 172.75 4556
1669064400718 176.75 4773
1669064473025 140.25 4990
1669064545123 163.0 5207
1669064617272 166.25 5424
1669064689583 191.75 5641
1669064761776 171.25 5858
1669064833870 185.0 6075
1669064905810 185.25 6292
1669064977870 177.75 6509
1669065049668 184.75 6726
1669065121751 180.5 6943
1669065194110 190.5 7160
1669065266300 189.25 7377
1669065338532 202.75 7594
1669065410930 185.75 7811
1669065483361 196.25 8028
1669065555314 198.0 8245
1669065627394 189.5 8462
1669065699922 194.0 8679
1669065772275 181.25 8896
1669065844282 195.0 9113
1669065916118 198.0 9330
1669065988181 199.5 9547
1669066060493 193.75 9764
1669066132510 194.0 9981
1669066204583 203.5 10198
1669066276536 196.5 10415
1669066348659 201.0 10632
1669066420714 200.0 10849
1669066492897 204.5 11066
1669066565235 200.0 11283
1669066637450 201.0 11500
1669066709602 207.25 11717
1669066783911 204.0 11934
1669066855840 201.5 12151
1669066927884 205.5 12368
1669067000312 204.5 12585
1669067072898 204.0 12802
1669067145145 204.25 13019
1669067217510 209.5 13236
1669067289873 204.25 13453
1669067362163 203.0 13670
1669067434141 203.25 13887
1669067506376 201.75 14104
1669067578679 196.75 14321
1669067650924 193.25 14538
1669067723193 198.25 14755
1669067795570 205.75 14972
1669067867725 203.75 15189
1669067940051 195.25 15406
1669068012419 203.0 15623
1669068084953 208.75 15840
1669068157362 195.5 16057
1669068229807 200.0 16274
1669068302041 203.25 16491
1669068374267 201.75 16708
1669068446816 198.75 16925
1669068518906 200.75 17142
1669068591241 205.75 17359
1669068663696 202.25 17576
1669068736065 206.0 17793
1669068808153 205.25 18010
1669068880358 205.0 18227
1669068952474 208.75 18444
1669069024770 202.0 18661
1669069096985 198.75 18878
1669069169129 201.75 19095
1669069241834 204.75 19312
1669069314478 195.75 19529
1669069386878 205.0 19746
1669069459148 200.25 19963
1669069531146 213.0 20180
1669069603277 198.75 20397
1669069675617 203.25 20614
1669069747819 203.75 20831
1669069820291 208.5 21048
1669069892611 208.25 21265
1669069965076 204.0 21482
1669070037375 204.0 21699
1669070109598 204.75 21916
1669070182036 199.25 22133
1669070254371 205.25 22350
1669070326525 203.75 22567
1669070398900 206.5 22784
1669070471409 205.25 23001
1669070543517 210.25 23218
1669070615838 206.5 23435
1669070688568 202.75 23652
1669070760605 205.0 23869
1669070832973 204.5 24086
1669070905508 197.0 24303
1669070977932 203.75 24520
1669071050084 199.5 24737
1669071122913 198.25 24954
1669071194961 204.0 25171
1669071267961 210.25 25388
1669071340020 205.25 25605
1669071412429 212.5 25822
1669071484844 205.5 26039
1669071556880 205.25 26256
1669071629165 207.0 26473
1669071701478 213.5 26690
1669071773894 212.5 26907
1669071846325 214.75 27124
1669071918354 206.5 27341
1669071990594 206.75 27558
1669072063352 213.5 27775
1669072135572 203.75 27992
1669072208252 206.75 28209
1669072280511 207.5 28426
1669072352967 206.25 28643
1669072425500 206.5 28860
1669072497777 209.75 29077
1669072569961 202.75 29294
1669072642440 200.5 29511
1669072714728 205.5 29728
1669072787159 208.0 29945
1669072859373 209.0 30162
1669072931646 205.75 30379
1669073004506 207.5 30596
1669073077261 203.5 30813
1669073149468 208.5 31030
1669073221954 204.5 31247
1669073294198 208.25 31464
1669073366233 206.75 31681
1669073438240 203.5 31898
1669073510310 201.5 32115
1669073583206 203.75 32332
1669073655336 204.25 32549
1669073727688 199.75 32766
1669073799868 204.5 32983
1669073873251 200.25 33200
1669073945499 208.5 33417
1669074017755 202.25 33634
1669074090364 205.25 33851
1669074162596 211.75 34068
1669074235128 198.0 34285
1669074307860 194.0 34502
1669074380281 206.5 34719
1669074452747 204.75 34936
1669074525574 207.25 35153
1669074597530 206.0 35370
1669074669960 202.0 35587
1669074742282 206.5 35804
1669074814276 204.5 36021
1669074886275 203.5 36238
1669074958373 205.75 36455
1669075030760 206.0 36672
1669075103049 194.0 36889
1669075175259 196.75 37106
1669075247496 203.0 37323
1669075320041 202.5 37540
1669075392595 203.25 37757
1669075464835 201.75 37974
1669075537173 199.0 38191
1669075610257 203.0 38408
1669075682495 198.25 38625
1669075754868 203.5 38842
1669075826981 204.0 39059
1669075899347 212.25 39276
1669075971842 204.25 39493
1669076044236 198.25 39710
1669076116506 207.5 39927
1669076188816 211.0 40144
1669076261008 202.25 40361
1669076333260 202.25 40578
1669076405248 208.0 40795
1669076477527 209.0 41012
1669076549816 205.5 41229
1669076622121 199.75 41446
1669076694080 204.75 41663
1669076766192 207.75 41880
1669076838272 209.5 42097
1669076911115 207.5 42314
1669076983815 205.75 42531
1669077056187 205.5 42748
1669077128308 207.75 42965
1669077200545 207.5 43182
1669077273552 212.5 43399
1669077345762 206.25 43616
1669077418260 203.75 43833
1669077490571 206.0 44050
1669077562894 208.25 44267
1669077635269 207.0 44484
1669077707147 205.0 44701
1669077779137 204.0 44918
1669077851557 200.25 45135
1669077924168 202.0 45352
1669077996418 213.5 45569
1669078068602 208.25 45786
1669078140701 200.5 46003
1669078212899 203.5 46220
1669078285023 206.75 46437
1669078357363 203.5 46654
1669078429559 205.5 46871
1669078502025 211.25 47088
1669078574387 203.75 47305
1669078646673 208.25 47522
1669078718937 201.25 47739
1669078791393 203.0 47956
1669078863984 203.0 48173
1669078936334 206.75 48390
1669079009023 204.0 48607
1669079081414 205.5 48824
1669079153810 205.5 49041
1669079225870 204.75 49258
1669079297919 203.5 49475
1669079370195 203.75 49692
1669079442352 200.75 49909
1669079514788 203.75 50126
1669079587222 209.25 50343
1669079659245 214.25 50560
1669079731518 211.25 50777
1669079804265 211.5 50994
1669079876450 213.75 51211
1669079948712 205.5 51428
1669080020949 211.25 51645
1669080093529 207.75 51862
1669080165682 210.5 52079
1669080237896 204.75 52296
1669080310332 203.25 52513
1669080382888 207.25 52730
1669080455140 210.25 52947
1669080527452 215.0 53164
1669080599529 214.0 53381
1669080671833 213.0 53598
1669080744283 208.25 53815
1669080816461 212.75 54032
1669080888806 214.25 54249
1669080960762 212.25 54466
1669081033201 207.0 54683
1669081105409 207.5 54900
1669081177716 214.75 55117
1669081250023 210.25 55334
1669081322615 205.75 55551
1669081394812 210.5 55768
1669081466740 208.5 55985
1669081539288 209.0 56202
1669081611393 211.25 56419
1669081683427 211.0 56636
1669081755307 212.5 56853
1669081827532 207.5 57070
1669081899812 209.5 57287
1669081971772 214.25 57504
1669082043713 209.5 57721
1669082115631 213.5 57938
1669082187363 204.5 58155
1669082259273 209.5 58372
1669082331411 212.75 58589
1669082403795 206.25 58806
1669082475792 212.75 59023
1669082547948 204.5 59240
1669082619970 205.0 59457
1669082692050 204.5 59674
1669082764728 214.25 59891
1669082836604 206.5 60108
1669082908655 204.75 60325
1669082980588 205.75 60542
1669083052424 207.25 60759
1669083124398 211.5 60976
1669083196566 206.5 61193
1669083268655 207.25 61410
1669083340726 206.5 61627
1669083412632 203.25 61844
1669083484837 203.25 62061
1669083556775 205.25 62278
1669083628501 205.25 62495
1669083700841 203.5 62712
1669083773033 208.5 62929
1669083844963 206.5 63146
1669083916921 207.75 63363
1669083989077 205.25 63580
1669084061150 203.25 63797
1669084133046 215.25 64014
1669084204986 208.0 64231
1669084276932 206.0 64448
1669084348813 205.5 64665
1669084420584 205.0 64882
1669084492852 211.25 65099
