1669062836067 0.375 49
1669062849798 0.5 99
1669062863614 0.75 149
1669062877230 0.25 199
1669062903329 0.5 249
1669062916949 0.125 299
1669062930580 0.25 349
1669062944232 0.625 399
1669062970463 0.5 449
1669062984085 0.625 499
1669062997723 0.25 549
1669063011372 0.5 599
1669063025027 0.625 649
1669063051644 0.625 699
1669063065293 0.25 749
1669063078962 0.625 799
1669063092653 0.375 849
1669063118973 0.5 899
1669063132601 0.375 949
1669063146249 0.375 999
1669063159904 0.375 1049
1669063186202 0.625 1099
1669063199838 0.375 1149
1669063213509 0.625 1199
1669063227181 0.25 1249
1669063240842 0.5 1299
1669063267126 0.5 1349
1669063280783 0.5 1399
1669063294454 0.875 1449
1669063308150 0.625 1499
1669063334432 0.625 1549
1669063348083 0.375 1599
1669063361740 0.625 1649
1669063375405 0.25 1699
1669063401454 0.75 1749
1669063415099 0.5 1799
1669063428750 0.375 1849
1669063442411 0.5 1899
1669063456085 0.5 1949
1669063482384 0.375 1999
1669063496036 0.25 2049
1669063509699 0.625 2099
1669063523371 0.625 2149
1669063549800 0.625 2199
1669063563451 0.5 2249
1669063577113 0.75 2299
1669063590780 0.125 2349
1669063617111 0.5 2399
1669063630769 0.625 2449
1669063644440 0.375 2499
1669063658112 0.5 2549
1669063671796 0.25 2599
1669063698099 0.625 2649
1669063711783 0.5 2699
1669063725469 0.375 2749
1669063739152 0.375 2799
1669063765577 0.5 2849
1669063779217 0.5 2899
1669063792879 0.5 2949
1669063806566 0.75 2999
1669063833122 0.75 3049
1669063846763 0.375 3099
1669063860433 0.75 3149
1669063874104 0.75 3199
1669063887783 0.625 3249
1669063914442 0.75 3299
1669063928109 0.5 3349
1669063941778 0.625 3399
1669063955437 0.5 3449
1669063982093 0.625 3499
1669063995783 0.5 3549
1669064009484 0.625 3599
1669064023180 0.5 3649
1669064049654 0.5 3699
1669064063315 0.25 3749
1669064077005 0.375 3799
1669064090701 0.625 3849
1669064104380 0.625 3899
1669064131001 0.625 3949
1669064144663 0.75 3999
1669064158352 0.5 4049
1669064172042 0.5 4099
1669064198344 0.875 4149
1669064212019 0.375 4199
1669064225713 0.625 4249
1669064239401 0.5 4299
1669064265703 0.625 4349
1669064279338 0.75 4399
1669064293011 0.875 4449
1669064306682 0.75 4499
1669064320364 1.0 4549
1669064346760 0.75 4599
1669064360435 0.875 4649
1669064374108 0.625 4699
1669064387790 0.75 4749
1669064414321 0.75 4799
1669064427997 0.375 4849
1669064441712 0.625 4899
1669064455427 0.875 4949
1669064482039 0.625 4999
1669064495676 0.75 5049
1669064509334 0.75 5099
1669064523000 0.625 5149
1669064536668 0.375 5199
1669064562999 0.75 5249
1669064576662 0.875 5299
1669064590323 0.75 5349
1669064604000 0.75 5399
1669064630671 0.625 5449
1669064644346 0.375 5499
1669064658028 0.625 5549
1669064671718 0.75 5599
1669064698468 0.75 5649
1669064712093 1.0 5699
1669064725767 0.625 5749
1669064739450 0.75 5799
1669064753135 1.0 5849
1669064779320 0.625 5899
1669064792997 0.875 5949
1669064806671 0.5 5999
1669064820356 1.0 6049
1669064846864 0.75 6099
1669064860535 0.625 6149
1669064874215 0.5 6199
1669064887892 0.625 6249
1669064914237 0.75 6299
1669064927877 0.625 6349
1669064941556 0.625 6399
1669064955245 0.875 6449
1669064968920 0.75 6499
1669064995242 0.5 6549
1669065008909 0.625 6599
1669065022605 0.5 6649
1669065036281 0.625 6699
1669065062480 0.5 6749
1669065076149 0.25 6799
1669065089840 0.875 6849
1669065103544 0.625 6899
1669065129997 0.75 6949
1669065143630 1.0 6999
1669065157325 0.75 7049
1669065171036 0.875 7099
1669065184759 0.75 7149
1669065211246 0.625 7199
1669065224923 0.5 7249
1669065238608 0.75 7299
1669065252286 0.75 7349
1669065278738 0.625 7399
1669065292407 0.375 7449
1669065306119 0.875 7499
1669065319823 0.5 7549
1669065346521 0.75 7599
1669065360167 1.0 7649
1669065373839 0.75 7699
1669065387527 1.0 7749
1669065401209 0.75 7799
1669065427981 0.625 7849
1669065441654 0.875 7899
1669065455337 1.0 7949
1669065469019 0.875 7999
1669065495603 0.875 8049
1669065509251 0.875 8099
1669065522922 0.75 8149
1669065536609 0.5 8199
1669065562882 0.75 8249
1669065576547 0.75 8299
1669065590234 0.75 8349
1669065603944 0.875 8399
1669065617658 1.0 8449
1669065644241 0.625 8499
1669065657945 0.875 8549
1669065671623 0.75 8599
1669065685305 0.875 8649
1669065711949 0.75 8699
1669065725616 0.75 8749
1669065739296 0.75 8799
1669065752991 0.875 8849
1669065779605 0.875 8899
1669065793273 0.75 8949
1669065806964 0.75 8999
1669065820646 0.75 9049
1669065834336 0.5 9099
1669065860557 0.75 9149
1669065874235 1.0 9199
1669065887922 0.75 9249
1669065901601 0.75 9299
1669065927736 0.875 9349
1669065941413 0.5 9399
1669065955089 0.5 9449
1669065968773 0.875 9499
1669065995149 1.0 9549
1669066008835 0.5 9599
1669066022521 0.5 9649
1669066036205 0.625 9699
1669066049893 0.875 9749
1669066076416 1.0 9799
1669066090100 0.875 9849
1669066103777 0.875 9899
1669066117453 0.875 9949
1669066143898 0.625 9999
1669066157591 0.625 10049
1669066171266 0.875 10099
1669066184949 0.625 10149
1669066211340 0.625 10199
1669066225017 0.75 10249
1669066238699 0.875 10299
1669066252385 1.0 10349
1669066266072 0.625 10399
1669066292269 0.75 10449
1669066305978 0.875 10499
1669066319692 0.875 10549
1669066333414 0.625 10599
1669066359831 0.875 10649
1669066373511 0.875 10699
1669066387200 0.75 10749
1669066400886 0.75 10799
1669066414402 0.5 10849
1669066440827 1.0 10899
1669066454529 0.75 10949
1669066468244 0.875 10999
1669066481959 0.875 11049
1669066508397 0.625 11099
1669066522078 0.75 11149
1669066535785 0.625 11199
1669066549494 0.75 11249
1669066576123 0.875 11299
1669066589785 0.875 11349
1669066603467 0.75 11399
1669066617146 0.875 11449
1669066630834 0.625 11499
1669066657347 0.875 11549
1669066671022 0.875 11599
1669066684709 0.75 11649
1669066698400 0.625 11699
1669066726984 0.875 11749
1669066740684 0.75 11799
1669066754392 0.875 11849
1669066768092 0.75 11899
1669066794178 0.75 11949
1669066807852 0.625 11999
1669066821565 0.75 12049
1669066835253 0.625 12099
1669066848954 0.625 12149
1669066875427 0.75 12199
1669066889107 0.75 12249
1669066902797 1.0 12299
1669066916499 0.875 12349
1669066942906 0.875 12399
1669066956585 0.75 12449
1669066970287 0.875 12499
1669066984002 0.875 12549
1669067010745 0.5 12599
1669067024415 0.75 12649
1669067038111 0.625 12699
1669067051824 0.5 12749
1669067065533 0.875 12799
1669067092126 0.875 12849
1669067105813 0.875 12899
1669067119512 0.75 12949
1669067133211 0.875 12999
1669067159886 0.625 13049
1669067173631 0.75 13099
1669067187317 0.625 13149
1669067201034 0.75 13199
1669067227608 0.75 13249
1669067241290 1.0 13299
1669067254979 0.75 13349
1669067268684 0.75 13399
1669067282424 0.875 13449
1669067308896 0.75 13499
1669067322594 0.625 13549
1669067336301 0.875 13599
1669067350011 0.5 13649
1669067376461 0.875 13699
1669067390141 0.75 13749
1669067403864 0.625 13799
1669067417587 0.625 13849
1669067443958 0.75 13899
1669067457617 0.875 13949
1669067471321 0.625 13999
1669067485034 0.875 14049
1669067498736 0.625 14099
1669067525281 0.875 14149
1669067538967 0.625 14199
1669067552675 0.75 14249
1669067566405 0.875 14299
1669067592830 0.75 14349
1669067606535 0.75 14399
1669067620244 0.75 14449
1669067633967 1.0 14499
1669067660445 0.75 14549
1669067674096 0.75 14599
1669067687820 1.0 14649
1669067701510 0.5 14699
1669067715215 0.625 14749
1669067741789 0.625 14799
1669067755486 0.875 14849
1669067769198 0.875 14899
1669067782913 0.75 14949
1669067809301 1.0 14999
1669067823021 0.875 15049
1669067836723 0.625 15099
1669067850446 0.625 15149
1669067876882 0.75 15199
1669067890542 0.75 15249
1669067904249 0.875 15299
1669067918053 0.875 15349
1669067931754 0.875 15399
1669067958318 0.875 15449
1669067972014 0.625 15499
1669067985701 0.75 15549
1669067999415 0.625 15599
1669068026001 0.75 15649
1669068039678 0.75 15699
1669068053492 0.625 15749
1669068067223 0.75 15799
1669068093953 0.625 15849
1669068107604 0.375 15899
1669068121370 0.75 15949
1669068135071 0.875 15999
1669068148772 0.625 16049
1669068175339 0.875 16099
1669068189022 0.875 16149
1669068202840 0.5 16199
1669068216585 0.75 16249
1669068243161 0.75 16299
1669068256833 0.875 16349
1669068270568 1.0 16399
1669068284269 0.75 16449
1669068310788 0.625 16499
1669068324422 0.875 16549
1669068338173 0.875 16599
1669068351863 0.75 16649
1669068365559 0.875 16699
1669068392025 0.375 16749
1669068405825 1.0 16799
1669068419564 0.625 16849
1669068433408 0.5 16899
1669068459846 0.625 16949
1669068473532 0.875 16999
1669068487230 0.75 17049
1669068500938 0.875 17099
1669068527256 0.5 17149
1669068540905 0.75 17199
1669068554601 0.875 17249
1669068568306 0.875 17299
1669068582009 0.625 17349
1669068608592 0.875 17399
1669068622561 0.875 17449
1669068636325 0.875 17499
1669068650032 0.875 17549
1669068676498 0.875 17599
1669068690193 0.875 17649
1669068703963 0.875 17699
1669068717669 0.875 17749
1669068744198 0.5 17799
1669068757837 0.875 17849
1669068771512 0.5 17899
1669068785205 0.75 17949
1669068798899 0.625 17999
1669068825263 0.625 18049
1669068839005 0.625 18099
1669068852705 0.625 18149
1669068866413 0.875 18199
1669068892884 0.875 18249
1669068906568 1.0 18299
1669068920272 0.75 18349
1669068933963 0.75 18399
1669068960361 0.875 18449
1669068974152 1.0 18499
1669068987844 0.875 18549
1669069001537 0.5 18599
1669069015237 0.375 18649
1669069041470 0.5 18699
1669069055189 1.0 18749
1669069068894 1.0 18799
1669069082624 0.625 18849
1669069109069 0.75 18899
1669069122744 0.625 18949
1669069136527 0.5 18999
1669069150240 0.75 19049
1669069176558 0.75 19099
1669069190225 0.75 19149
1669069203982 0.625 19199
1669069217950 0.75 19249
1669069231748 0.875 19299
1669069258375 0.875 19349
1669069272056 0.625 19399
1669069285741 0.875 19449
1669069299436 0.875 19499
1669069326404 0.75 19549
1669069340094 0.875 19599
1669069353957 0.75 19649
1669069367657 0.75 19699
1669069394267 0.75 19749
1669069407953 0.75 19799
1669069421628 0.625 19849
1669069435352 0.75 19899
1669069449077 0.75 19949
1669069475324 1.0 19999
1669069489022 0.875 20049
1669069502767 0.875 20099
1669069516483 0.75 20149
1669069542754 0.875 20199
1669069556427 0.875 20249
1669069570189 0.5 20299
1669069583876 1.0 20349
1669069610194 0.5 20399
1669069623874 0.75 20449
1669069637595 0.875 20499
1669069651277 0.875 20549
1669069664991 0.875 20599
1669069691648 0.75 20649
1669069705321 0.625 20699
1669069719157 0.875 20749
1669069732855 0.75 20799
1669069759328 0.75 20849
1669069773009 0.875 20899
1669069786712 0.5 20949
1669069800410 1.0 20999
1669069827004 0.75 21049
1669069840818 1.0 21099
1669069854514 0.875 21149
1669069868222 0.75 21199
1669069881964 0.625 21249
1669069908357 0.75 21299
1669069922048 0.5 21349
1669069936065 0.875 21399
1669069949764 0.625 21449
1669069976263 0.875 21499
1669069989953 0.75 21549
1669070003708 0.625 21599
1669070017401 0.75 21649
1669070030931 1.0 21699
1669070057577 0.875 21749
1669070071266 1.0 21799
1669070084995 0.875 21849
1669070098722 0.75 21899
1669070125198 0.75 21949
1669070138886 0.875 21999
1669070152600 0.75 22049
1669070166335 0.625 22099
1669070192919 0.875 22149
1669070206632 0.5 22199
1669070220334 1.0 22249
1669070234046 0.75 22299
1669070247776 0.75 22349
1669070274178 0.875 22399
1669070287873 0.625 22449
1669070301564 0.875 22499
1669070315269 0.75 22549
1669070341725 0.875 22599
1669070355408 0.75 22649
1669070369189 0.75 22699
1669070382933 0.75 22749
1669070409491 0.625 22799
1669070423189 0.75 22849
1669070436897 0.625 22899
1669070450626 0.875 22949
1669070464359 0.75 22999
1669070490938 0.5 23049
1669070504622 0.75 23099
1669070518313 0.875 23149
1669070532019 0.625 23199
1669070558310 0.875 23249
1669070572031 0.625 23299
1669070585722 0.75 23349
1669070599438 0.75 23399
1669070626420 0.75 23449
1669070640094 0.625 23499
1669070653777 0.625 23549
1669070667509 0.625 23599
1669070681209 0.875 23649
1669070707701 0.875 23699
1669070721481 0.75 23749
1669070735184 0.875 23799
1669070748884 1.0 23849
1669070775363 0.5 23899
1669070789059 0.875 23949
1669070802767 0.875 23999
1669070816515 0.75 24049
1669070843055 1.0 24099
1669070856717 0.625 24149
1669070870404 0.75 24199
1669070884188 0.75 24249
1669070898071 0.75 24299
1669070924617 0.75 24349
1669070938343 0.875 24399
1669070952244 0.5 24449
1669070965974 0.75 24499
1669070992453 0.5 24549
1669071006121 1.0 24599
1669071019833 0.5 24649
1669071033528 0.875 24699
1669071060111 0.875 24749
1669071073789 0.625 24799
1669071087509 0.875 24849
1669071101221 0.75 24899
1669071114935 0.75 24949
1669071141733 0.75 24999
1669071155420 0.875 25049
1669071169133 0.75 25099
1669071182852 0.75 25149
1669071209052 0.625 25199
1669071222756 0.875 25249
1669071236757 0.875 25299
1669071250595 0.875 25349
1669071277291 0.75 25399
1669071290952 1.0 25449
1669071304644 0.5 25499
1669071318360 1.0 25549
1669071332051 0.75 25599
1669071358612 0.375 25649
1669071372282 0.75 25699
1669071385961 0.75 25749
1669071399642 0.75 25799
1669071426214 0.75 25849
1669071439935 0.625 25899
1669071453638 0.625 25949
1669071467341 0.875 25999
1669071494022 0.75 26049
1669071507656 0.75 26099
1669071521327 0.875 26149
1669071535069 0.375 26199
1669071548771 1.0 26249
1669071575147 0.625 26299
1669071588829 0.875 26349
1669071602535 0.875 26399
1669071616250 0.875 26449
1669071642749 0.625 26499
1669071656426 1.0 26549
1669071670181 0.875 26599
1669071683905 0.625 26649
1669071710442 0.75 26699
1669071724106 0.875 26749
1669071737806 1.0 26799
1669071751579 0.875 26849
1669071765289 0.875 26899
1669071791827 0.875 26949
1669071805494 0.375 26999
1669071819173 0.625 27049
1669071832881 0.75 27099
1669071859602 0.75 27149
1669071873268 0.625 27199
1669071886958 0.625 27249
1669071900672 0.75 27299
1669071927011 0.75 27349
1669071940673 0.75 27399
1669071954367 0.875 27449
1669071968077 0.75 27499
1669071981795 0.875 27549
1669072008378 0.5 27599
1669072022154 0.5 27649
1669072035970 0.75 27699
1669072049767 0.625 27749
1669072076393 0.875 27799
1669072090095 0.625 27849
1669072103785 1.0 27899
1669072117481 0.5 27949
1669072143972 0.875 27999
1669072157625 1.0 28049
1669072171419 0.75 28099
1669072185239 0.75 28149
1669072199034 0.625 28199
1669072225686 0.875 28249
1669072239378 0.75 28299
1669072253068 0.75 28349
1669072266790 0.875 28399
1669072293257 0.875 28449
1669072307016 1.0 28499
1669072320792 0.625 28549
1669072334586 0.75 28599
1669072361117 0.75 28649
1669072374781 0.375 28699
1669072388507 0.75 28749
1669072402294 0.625 28799
1669072416105 0.625 28849
1669072442747 0.625 28899
1669072456459 0.625 28949
1669072470153 0.75 28999
1669072483859 0.75 29049
1669072510269 0.875 29099
1669072523934 1.0 29149
1669072537623 1.0 29199
1669072551353 0.5 29249
1669072577824 1.0 29299
1669072591496 0.75 29349
1669072605254 0.75 29399
1669072619121 1.0 29449
1669072632823 1.0 29499
1669072659352 1.0 29549
1669072673038 0.75 29599
1669072686738 0.875 29649
1669072700459 0.75 29699
1669072726987 0.75 29749
1669072740715 0.5 29799
1669072754421 0.75 29849
1669072768149 1.0 29899
1669072794740 0.875 29949
1669072808402 0.875 29999
1669072822088 0.875 30049
1669072835792 0.75 30099
1669072849513 0.75 30149
1669072875918 0.75 30199
1669072889592 0.875 30249
1669072903300 0.75 30299
1669072917005 0.75 30349
1669072943709 0.75 30399
1669072957387 0.625 30449
1669072971121 0.625 30499
1669072984904 0.5 30549
1669073011793 0.625 30599
1669073025466 0.875 30649
1669073039250 0.625 30699
1669073053062 1.0 30749
1669073066974 0.625 30799
1669073093555 0.875 30849
1669073107231 0.875 30899
1669073120903 1.0 30949
1669073134604 0.875 30999
1669073161102 0.875 31049
1669073174772 0.875 31099
1669073188448 0.75 31149
1669073202270 0.5 31199
1669073228949 0.875 31249
1669073242646 1.0 31299
1669073256353 0.625 31349
1669073270093 0.875 31399
1669073283780 0.625 31449
1669073310159 1.0 31499
1669073323841 0.75 31549
1669073337525 0.75 31599
1669073351223 0.875 31649
1669073377541 0.875 31699
1669073391201 1.0 31749
1669073404894 0.5 31799
1669073418601 0.625 31849
1669073444952 0.875 31899
1669073458680 0.625 31949
1669073472455 0.75 31999
1669073486155 0.75 32049
1669073499861 0.625 32099
1669073526064 0.875 32149
1669073539780 0.875 32199
1669073553585 0.875 32249
1669073567607 0.625 32299
1669073594296 0.625 32349
1669073607977 0.875 32399
1669073621750 0.625 32449
1669073635440 0.75 32499
1669073648970 0.5 32549
1669073675439 0.75 32599
1669073689163 1.0 32649
1669073702847 0.875 32699
1669073716689 0.875 32749
1669073743205 0.75 32799
1669073756902 0.5 32849
1669073770585 0.75 32899
1669073784284 0.75 32949
1669073810659 0.75 32999
1669073824384 0.75 33049
1669073838373 0.75 33099
1669073852335 0.5 33149
1669073866383 1.0 33199
1669073893222 0.75 33249
1669073906912 0.875 33299
1669073920594 0.875 33349
1669073934287 0.875 33399
1669073960659 0.875 33449
1669073974316 1.0 33499
1669073988083 0.625 33549
1669074001775 0.625 33599
1669074028354 0.75 33649
1669074042020 0.625 33699
1669074055721 0.875 33749
1669074069424 0.75 33799
1669074083141 0.75 33849
1669074109974 1.0 33899
1669074123666 0.875 33949
1669074137364 1.0 33999
1669074151074 0.875 34049
1669074177624 0.875 34099
1669074191306 0.625 34149
1669074204999 0.75 34199
1669074218696 0.875 34249
1669074245480 0.875 34299
1669074259181 0.5 34349
1669074272954 0.625 34399
1669074286749 0.5 34449
1669074300610 0.625 34499
1669074327155 0.75 34549
1669074340881 1.0 34599
1669074354623 0.875 34649
1669074368348 0.625 34699
1669074394990 1.0 34749
1669074408737 0.75 34799
1669074422546 0.875 34849
1669074436258 0.875 34899
1669074462797 0.875 34949
1669074476498 0.625 34999
1669074490335 0.625 35049
1669074504159 1.0 35099
1669074518021 0.875 35149
1669074544514 0.75 35199
1669074558234 0.5 35249
1669074571924 0.875 35299
1669074585625 0.75 35349
1669074611871 0.75 35399
1669074625554 0.75 35449
1669074639310 0.75 35499
1669074652990 0.5 35549
1669074679680 0.875 35599
1669074693358 0.625 35649
1669074707049 0.875 35699
1669074720736 0.625 35749
1669074734431 0.625 35799
1669074761004 0.875 35849
1669074774682 0.875 35899
1669074788365 0.875 35949
1669074802052 0.625 35999
1669074828221 0.625 36049
1669074841909 1.0 36099
1669074855600 0.5 36149
1669074869288 0.75 36199
1669074895720 0.625 36249
1669074909390 0.5 36299
1669074923087 0.875 36349
1669074936788 1.0 36399
1669074950503 0.625 36449
1669074976972 1.0 36499
1669074990647 0.875 36549
1669075004339 0.75 36599
1669075018038 0.75 36649
1669075044512 0.75 36699
1669075058196 0.875 36749
1669075071875 0.625 36799
1669075085585 0.875 36849
1669075112265 0.5 36899
1669075125913 0.875 36949
1669075139642 0.875 36999
1669075153343 0.75 37049
1669075167023 0.875 37099
1669075193555 0.875 37149
1669075207262 0.875 37199
1669075220976 0.5 37249
1669075234659 0.625 37299
1669075261061 0.75 37349
1669075274746 0.875 37399
1669075288425 0.875 37449
1669075302137 0.75 37499
1669075329141 0.5 37549
1669075342788 0.875 37599
1669075356532 0.625 37649
1669075370235 0.75 37699
1669075384021 0.75 37749
1669075410628 0.875 37799
1669075424312 0.875 37849
1669075437998 0.75 37899
1669075451700 1.0 37949
1669075478148 1.0 37999
1669075491815 0.875 38049
1669075505508 0.75 38099
1669075519203 0.875 38149
1669075545926 1.0 38199
1669075559579 0.625 38249
1669075573298 0.875 38299
1669075587001 1.0 38349
1669075600796 0.625 38399
1669075627841 0.875 38449
1669075641532 0.875 38499
1669075655210 0.625 38549
1669075668979 0.75 38599
1669075695643 0.875 38649
1669075709299 0.5 38699
1669075722977 0.75 38749
1669075736667 0.75 38799
1669075763262 0.75 38849
1669075776925 0.875 38899
1669075790619 0.875 38949
1669075804322 0.875 38999
1669075818049 0.875 39049
1669075844384 0.5 39099
1669075858070 0.875 39149
1669075871837 0.75 39199
1669075885620 0.625 39249
1669075912191 0.375 39299
1669075925868 0.625 39349
1669075939600 0.875 39399
1669075953349 0.875 39449
1669075980057 0.75 39499
1669075993744 0.625 39549
1669076007444 0.75 39599
1669076021308 0.625 39649
1669076034998 0.5 39699
1669076061425 0.75 39749
1669076075189 0.75 39799
1669076088905 1.0 39849
1669076102619 0.875 39899
1669076129044 0.75 39949
1669076142725 0.75 39999
1669076156424 0.75 40049
1669076170123 1.0 40099
1669076196677 0.625 40149
1669076210345 1.0 40199
1669076224034 0.75 40249
1669076237731 0.75 40299
1669076251435 0.75 40349
1669076277830 0.75 40399
1669076291537 0.875 40449
1669076305283 0.625 40499
1669076319019 0.75 40549
1669076345481 0.375 40599
1669076359145 0.75 40649
1669076372824 0.625 40699
1669076386536 0.625 40749
1669076412770 0.75 40799
1669076426478 0.875 40849
1669076440192 0.875 40899
1669076453955 0.75 40949
1669076467742 0.625 40999
1669076494033 0.625 41049
1669076507720 0.75 41099
1669076521413 0.875 41149
1669076535127 0.75 41199
1669076561823 0.75 41249
1669076575502 1.0 41299
1669076589236 0.75 41349
1669076602937 0.875 41399
1669076629466 0.75 41449
1669076643177 0.875 41499
1669076656859 0.625 41549
1669076670542 0.625 41599
1669076684226 0.75 41649
1669076710426 0.875 41699
1669076724107 0.75 41749
1669076737797 0.5 41799
1669076751495 0.875 41849
1669076777618 0.75 41899
1669076791295 0.75 41949
1669076805007 0.75 41999
1669076818778 0.875 42049
