1669062836067 0.25 49
1669062849798 0.5 99
1669062863614 0.800000011920929 149
1669062877230 0.1428571492433548 199
1669062903329 0.6000000238418579 249
1669062916949 0.1428571492433548 299
1669062930580 0.20000000298023224 349
1669062944232 0.4000000059604645 399
1669062970463 0.20000000298023224 449
1669062984085 0.6666666865348816 499
1669062997723 0.20000000298023224 549
1669063011372 0.3333333432674408 599
1669063025027 1.0 649
1669063051644 0.5 699
1669063065293 0.2857142984867096 749
1669063078962 0.4000000059604645 799
1669063092653 0.0 849
1669063118973 0.75 899
1669063132601 0.0 949
1669063146249 0.0 999
1669063159904 0.0 1049
1669063186202 0.5 1099
1669063199838 0.0 1149
1669063213509 0.3333333432674408 1199
1669063227181 0.20000000298023224 1249
1669063240842 0.20000000298023224 1299
1669063267126 0.3333333432674408 1349
1669063280783 0.25 1399
1669063294454 0.8333333134651184 1449
1669063308150 0.25 1499
1669063334432 0.6666666865348816 1549
1669063348083 0.25 1599
1669063361740 0.5 1649
1669063375405 0.1666666716337204 1699
1669063401454 0.6666666865348816 1749
1669063415099 0.25 1799
1669063428750 0.20000000298023224 1849
1669063442411 0.25 1899
1669063456085 0.3333333432674408 1949
1669063482384 0.0 1999
1669063496036 0.20000000298023224 2049
1669063509699 1.0 2099
1669063523371 0.0 2149
1669063549800 0.25 2199
1669063563451 0.0 2249
1669063577113 0.5 2299
1669063590780 0.0 2349
1669063617111 0.25 2399
1669063630769 0.4000000059604645 2449
1669063644440 0.5 2499
1669063658112 0.6000000238418579 2549
1669063671796 0.0 2599
1669063698099 0.3333333432674408 2649
1669063711783 0.0 2699
1669063725469 0.0 2749
1669063739152 0.20000000298023224 2799
1669063765577 0.20000000298023224 2849
1669063779217 0.5 2899
1669063792879 0.3333333432674408 2949
1669063806566 0.3333333432674408 2999
1669063833122 0.6000000238418579 3049
1669063846763 0.25 3099
1669063860433 0.5 3149
1669063874104 0.5 3199
1669063887783 0.5 3249
1669063914442 0.3333333432674408 3299
1669063928109 0.5 3349
1669063941778 0.0 3399
1669063955437 0.25 3449
1669063982093 0.4000000059604645 3499
1669063995783 0.3333333432674408 3549
1669064009484 0.5 3599
1669064023180 0.6666666865348816 3649
1669064049654 0.25 3699
1669064063315 0.1666666716337204 3749
1669064077005 0.25 3799
1669064090701 0.5 3849
1669064104380 0.6666666865348816 3899
1669064131001 0.5 3949
1669064144663 0.3333333432674408 3999
1669064158352 0.5 4049
1669064172042 0.6000000238418579 4099
1669064198344 1.0 4149
1669064212019 0.25 4199
1669064225713 0.6000000238418579 4249
1669064239401 0.0 4299
1669064265703 0.0 4349
1669064279338 0.5 4399
1669064293011 1.0 4449
1669064306682 0.75 4499
1669064320364 1.0 4549
1669064346760 0.800000011920929 4599
1669064360435 0.6666666865348816 4649
1669064374108 0.5 4699
1669064387790 0.3333333432674408 4749
1669064414321 0.3333333432674408 4799
1669064427997 0.3333333432674408 4849
1669064441712 0.5 4899
1669064455427 0.5 4949
1669064482039 0.6000000238418579 4999
1669064495676 1.0 5049
1669064509334 0.6666666865348816 5099
1669064523000 0.25 5149
1669064536668 0.3333333432674408 5199
1669064562999 0.3333333432674408 5249
1669064576662 0.6666666865348816 5299
1669064590323 0.6666666865348816 5349
1669064604000 0.5 5399
1669064630671 0.6000000238418579 5449
1669064644346 0.0 5499
1669064658028 0.75 5549
1669064671718 0.6666666865348816 5599
1669064698468 0.3333333432674408 5649
1669064712093 1.0 5699
1669064725767 0.75 5749
1669064739450 0.0 5799
1669064753135 0.0 5849
1669064779320 0.4000000059604645 5899
1669064792997 0.75 5949
1669064806671 0.0 5999
1669064820356 1.0 6049
1669064846864 0.6666666865348816 6099
1669064860535 0.25 6149
1669064874215 0.3333333432674408 6199
1669064887892 0.4000000059604645 6249
1669064914237 0.5 6299
1669064927877 0.0 6349
1669064941556 1.0 6399
1669064955245 0.6666666865348816 6449
1669064968920 0.5 6499
1669064995242 0.3333333432674408 6549
1669065008909 0.25 6599
1669065022605 0.20000000298023224 6649
1669065036281 0.4000000059604645 6699
1669065062480 0.20000000298023224 6749
1669065076149 0.1666666716337204 6799
1669065089840 1.0 6849
1669065103544 0.5 6899
1669065129997 0.6000000238418579 6949
1669065143630 1.0 6999
1669065157325 0.5 7049
1669065171036 0.75 7099
1669065184759 0.5 7149
1669065211246 0.6000000238418579 7199
1669065224923 0.25 7249
1669065238608 0.6666666865348816 7299
1669065252286 0.6000000238418579 7349
1669065278738 0.4000000059604645 7399
1669065292407 0.25 7449
1669065306119 0.0 7499
1669065319823 0.25 7549
1669065346521 0.6666666865348816 7599
1669065360167 1.0 7649
1669065373839 1.0 7699
1669065387527 1.0 7749
1669065401209 0.3333333432674408 7799
1669065427981 0.0 7849
1669065441654 0.5 7899
1669065455337 1.0 7949
1669065469019 1.0 7999
1669065495603 0.6666666865348816 8049
1669065509251 0.5 8099
1669065522922 0.6000000238418579 8149
1669065536609 0.3333333432674408 8199
1669065562882 0.0 8249
1669065576547 1.0 8299
1669065590234 0.5 8349
1669065603944 0.0 8399
1669065617658 1.0 8449
1669065644241 0.5 8499
1669065657945 0.6666666865348816 8549
1669065671623 0.3333333432674408 8599
1669065685305 0.6666666865348816 8649
1669065711949 0.0 8699
1669065725616 0.5 8749
1669065739296 0.5 8799
1669065752991 1.0 8849
1669065779605 1.0 8899
1669065793273 0.6666666865348816 8949
1669065806964 0.6666666865348816 8999
1669065820646 0.0 9049
1669065834336 0.25 9099
1669065860557 0.6666666865348816 9149
1669065874235 1.0 9199
1669065887922 0.5 9249
1669065901601 0.6666666865348816 9299
1669065927736 0.75 9349
1669065941413 0.0 9399
1669065955089 0.3333333432674408 9449
1669065968773 1.0 9499
1669065995149 1.0 9549
1669066008835 0.0 9599
1669066022521 0.25 9649
1669066036205 0.5714285969734192 9699
1669066049893 0.75 9749
1669066076416 1.0 9799
1669066090100 0.0 9849
1669066103777 0.75 9899
1669066117453 0.8333333134651184 9949
1669066143898 0.5 9999
1669066157591 0.5 10049
1669066171266 1.0 10099
1669066184949 0.25 10149
1669066211340 0.0 10199
1669066225017 0.3333333432674408 10249
1669066238699 0.6666666865348816 10299
1669066252385 1.0 10349
1669066266072 0.5 10399
1669066292269 0.3333333432674408 10449
1669066305978 0.800000011920929 10499
1669066319692 0.75 10549
1669066333414 0.3333333432674408 10599
1669066359831 0.8333333134651184 10649
1669066373511 0.800000011920929 10699
1669066387200 0.5 10749
1669066400886 0.5 10799
1669066414402 0.0 10849
1669066440827 1.0 10899
1669066454529 0.6666666865348816 10949
1669066468244 0.800000011920929 10999
1669066481959 1.0 11049
1669066508397 0.25 11099
1669066522078 0.75 11149
1669066535785 0.0 11199
1669066549494 0.6666666865348816 11249
1669066576123 1.0 11299
1669066589785 0.75 11349
1669066603467 0.6666666865348816 11399
1669066617146 0.5 11449
1669066630834 0.25 11499
1669066657347 0.800000011920929 11549
1669066671022 0.6666666865348816 11599
1669066684709 0.75 11649
1669066698400 0.3333333432674408 11699
1669066726984 0.6666666865348816 11749
1669066740684 0.6666666865348816 11799
1669066754392 0.6666666865348816 11849
1669066768092 0.3333333432674408 11899
1669066794178 0.0 11949
1669066807852 0.4000000059604645 11999
1669066821565 0.5 12049
1669066835253 0.25 12099
1669066848954 0.4000000059604645 12149
1669066875427 1.0 12199
1669066889107 0.5 12249
1669066902797 1.0 12299
1669066916499 0.75 12349
1669066942906 0.5 12399
1669066956585 0.6000000238418579 12449
1669066970287 0.6666666865348816 12499
1669066984002 0.6666666865348816 12549
1669067010745 0.25 12599
1669067024415 0.3333333432674408 12649
1669067038111 0.4000000059604645 12699
1669067051824 0.20000000298023224 12749
1669067065533 1.0 12799
1669067092126 0.6666666865348816 12849
1669067105813 0.6666666865348816 12899
1669067119512 0.6000000238418579 12949
1669067133211 0.800000011920929 12999
1669067159886 0.25 13049
1669067173631 0.3333333432674408 13099
1669067187317 0.5 13149
1669067201034 1.0 13199
1669067227608 0.5 13249
1669067241290 1.0 13299
1669067254979 0.6666666865348816 13349
1669067268684 0.6000000238418579 13399
1669067282424 0.75 13449
1669067308896 0.5 13499
1669067322594 0.4000000059604645 13549
1669067336301 0.6666666865348816 13599
1669067350011 0.4000000059604645 13649
1669067376461 0.800000011920929 13699
1669067390141 0.3333333432674408 13749
1669067403864 0.3333333432674408 13799
1669067417587 0.0 13849
1669067443958 0.3333333432674408 13899
1669067457617 0.75 13949
1669067471321 0.5 13999
1669067485034 0.75 14049
1669067498736 0.5 14099
1669067525281 0.5 14149
1669067538967 0.6000000238418579 14199
1669067552675 0.6666666865348816 14249
1669067566405 0.6666666865348816 14299
1669067592830 0.75 14349
1669067606535 0.6666666865348816 14399
1669067620244 0.6666666865348816 14449
1669067633967 1.0 14499
1669067660445 0.6666666865348816 14549
1669067674096 0.5 14599
1669067687820 1.0 14649
1669067701510 0.25 14699
1669067715215 0.0 14749
1669067741789 0.0 14799
1669067755486 0.6666666865348816 14849
1669067769198 1.0 14899
1669067782913 0.6000000238418579 14949
1669067809301 1.0 14999
1669067823021 0.5 15049
1669067836723 0.3333333432674408 15099
1669067850446 0.5 15149
1669067876882 0.3333333432674408 15199
1669067890542 0.3333333432674408 15249
1669067904249 0.6666666865348816 15299
1669067918053 0.75 15349
1669067931754 1.0 15399
1669067958318 0.75 15449
1669067972014 0.4000000059604645 15499
1669067985701 1.0 15549
1669067999415 0.25 15599
1669068026001 1.0 15649
1669068039678 0.6000000238418579 15699
1669068053492 0.5 15749
1669068067223 0.75 15799
1669068093953 0.4000000059604645 15849
1669068107604 0.25 15899
1669068121370 0.75 15949
1669068135071 0.75 15999
1669068148772 0.5 16049
1669068175339 1.0 16099
1669068189022 0.6666666865348816 16149
1669068202840 0.3333333432674408 16199
1669068216585 0.3333333432674408 16249
1669068243161 0.5 16299
1669068256833 0.6666666865348816 16349
1669068270568 1.0 16399
1669068284269 0.5 16449
1669068310788 0.25 16499
1669068324422 0.5 16549
1669068338173 1.0 16599
1669068351863 0.5 16649
1669068365559 1.0 16699
1669068392025 0.3333333432674408 16749
1669068405825 1.0 16799
1669068419564 0.4000000059604645 16849
1669068433408 0.5 16899
1669068459846 0.4000000059604645 16949
1669068473532 0.5 16999
1669068487230 0.5 17049
1669068500938 1.0 17099
1669068527256 0.4285714328289032 17149
1669068540905 1.0 17199
1669068554601 0.6666666865348816 17249
1669068568306 0.75 17299
1669068582009 0.3333333432674408 17349
1669068608592 1.0 17399
1669068622561 0.800000011920929 17449
1669068636325 0.0 17499
1669068650032 0.6666666865348816 17549
1669068676498 0.5 17599
1669068690193 0.5 17649
1669068703963 0.800000011920929 17699
1669068717669 0.8333333134651184 17749
1669068744198 0.0 17799
1669068757837 0.0 17849
1669068771512 0.25 17899
1669068785205 0.8333333134651184 17949
1669068798899 0.5 17999
1669068825263 0.6666666865348816 18049
1669068839005 0.25 18099
1669068852705 0.0 18149
1669068866413 0.75 18199
1669068892884 0.75 18249
1669068906568 1.0 18299
1669068920272 0.5 18349
1669068933963 0.6666666865348816 18399
1669068960361 1.0 18449
1669068974152 0.0 18499
1669068987844 0.5 18549
1669069001537 0.5 18599
1669069015237 0.3333333432674408 18649
1669069041470 0.3333333432674408 18699
1669069055189 1.0 18749
1669069068894 1.0 18799
1669069082624 0.6000000238418579 18849
1669069109069 0.3333333432674408 18899
1669069122744 0.5 18949
1669069136527 0.0 18999
1669069150240 0.5 19049
1669069176558 0.6666666865348816 19099
1669069190225 0.6666666865348816 19149
1669069203982 0.3333333432674408 19199
1669069217950 0.5 19249
1669069231748 0.800000011920929 19299
1669069258375 0.6666666865348816 19349
1669069272056 0.4000000059604645 19399
1669069285741 0.5 19449
1669069299436 1.0 19499
1669069326404 0.6666666865348816 19549
1669069340094 0.0 19599
1669069353957 0.6000000238418579 19649
1669069367657 0.6000000238418579 19699
1669069394267 0.3333333432674408 19749
1669069407953 0.5 19799
1669069421628 0.5 19849
1669069435352 0.0 19899
1669069449077 0.6666666865348816 19949
1669069475324 1.0 19999
1669069489022 0.800000011920929 20049
1669069502767 0.8333333134651184 20099
1669069516483 0.6666666865348816 20149
1669069542754 0.75 20199
1669069556427 1.0 20249
1669069570189 0.0 20299
1669069583876 1.0 20349
1669069610194 0.25 20399
1669069623874 0.5 20449
1669069637595 1.0 20499
1669069651277 1.0 20549
1669069664991 0.75 20599
1669069691648 0.5 20649
1669069705321 0.5 20699
1669069719157 1.0 20749
1669069732855 0.5 20799
1669069759328 0.6666666865348816 20849
1669069773009 0.5 20899
1669069786712 0.0 20949
1669069800410 1.0 20999
1669069827004 0.75 21049
1669069840818 1.0 21099
1669069854514 0.6666666865348816 21149
1669069868222 0.6000000238418579 21199
1669069881964 0.5 21249
1669069908357 1.0 21299
1669069922048 0.4000000059604645 21349
1669069936065 0.0 21399
1669069949764 0.5 21449
1669069976263 1.0 21499
1669069989953 0.5 21549
1669070003708 0.75 21599
1669070017401 1.0 21649
1669070030931 0.0 21699
1669070057577 0.5 21749
1669070071266 1.0 21799
1669070084995 0.6666666865348816 21849
1669070098722 0.5 21899
1669070125198 1.0 21949
1669070138886 0.8571428656578064 21999
1669070152600 0.6666666865348816 22049
1669070166335 0.3333333432674408 22099
1669070192919 0.6666666865348816 22149
1669070206632 0.0 22199
1669070220334 1.0 22249
1669070234046 0.0 22299
1669070247776 0.7142857313156128 22349
1669070274178 0.6666666865348816 22399
1669070287873 0.4000000059604645 22449
1669070301564 0.75 22499
1669070315269 0.75 22549
1669070341725 0.800000011920929 22599
1669070355408 0.0 22649
1669070369189 0.0 22699
1669070382933 0.3333333432674408 22749
1669070409491 0.4000000059604645 22799
1669070423189 0.0 22849
1669070436897 0.3333333432674408 22899
1669070450626 0.800000011920929 22949
1669070464359 0.6000000238418579 22999
1669070490938 0.25 23049
1669070504622 0.5 23099
1669070518313 0.800000011920929 23149
1669070532019 0.0 23199
1669070558310 0.6666666865348816 23249
1669070572031 0.0 23299
1669070585722 0.6666666865348816 23349
1669070599438 0.5 23399
1669070626420 0.5 23449
1669070640094 0.4000000059604645 23499
1669070653777 0.0 23549
1669070667509 0.3333333432674408 23599
1669070681209 0.5 23649
1669070707701 0.5 23699
1669070721481 0.75 23749
1669070735184 0.6666666865348816 23799
1669070748884 1.0 23849
1669070775363 0.0 23899
1669070789059 0.6666666865348816 23949
1669070802767 0.6666666865348816 23999
1669070816515 0.0 24049
1669070843055 1.0 24099
1669070856717 0.0 24149
1669070870404 0.5 24199
1669070884188 0.6666666865348816 24249
1669070898071 0.5 24299
1669070924617 0.6000000238418579 24349
1669070938343 0.75 24399
1669070952244 0.25 24449
1669070965974 0.6000000238418579 24499
1669070992453 0.5 24549
1669071006121 1.0 24599
1669071019833 0.0 24649
1669071033528 0.75 24699
1669071060111 0.5 24749
1669071073789 0.25 24799
1669071087509 0.6666666865348816 24849
1669071101221 0.3333333432674408 24899
1669071114935 0.0 24949
1669071141733 0.6666666865348816 24999
1669071155420 0.5 25049
1669071169133 0.6000000238418579 25099
1669071182852 0.6666666865348816 25149
1669071209052 0.0 25199
1669071222756 0.6666666865348816 25249
1669071236757 0.6666666865348816 25299
1669071250595 0.75 25349
1669071277291 0.0 25399
1669071290952 1.0 25449
1669071304644 0.3333333432674408 25499
1669071318360 1.0 25549
1669071332051 0.6000000238418579 25599
1669071358612 0.1666666716337204 25649
1669071372282 0.5 25699
1669071385961 0.6666666865348816 25749
1669071399642 0.800000011920929 25799
1669071426214 0.6666666865348816 25849
1669071439935 0.6666666865348816 25899
1669071453638 0.5 25949
1669071467341 0.0 25999
1669071494022 1.0 26049
1669071507656 0.3333333432674408 26099
1669071521327 0.6666666865348816 26149
1669071535069 0.25 26199
1669071548771 1.0 26249
1669071575147 0.0 26299
1669071588829 0.75 26349
1669071602535 0.75 26399
1669071616250 0.75 26449
1669071642749 0.6000000238418579 26499
1669071656426 1.0 26549
1669071670181 0.5 26599
1669071683905 0.25 26649
1669071710442 0.75 26699
1669071724106 0.6666666865348816 26749
1669071737806 1.0 26799
1669071751579 1.0 26849
1669071765289 0.6666666865348816 26899
1669071791827 0.5 26949
1669071805494 0.25 26999
1669071819173 0.25 27049
1669071832881 0.0 27099
1669071859602 0.3333333432674408 27149
1669071873268 0.25 27199
1669071886958 0.25 27249
1669071900672 0.3333333432674408 27299
1669071927011 0.3333333432674408 27349
1669071940673 0.5 27399
1669071954367 0.5 27449
1669071968077 0.0 27499
1669071981795 0.800000011920929 27549
1669072008378 0.0 27599
1669072022154 0.5 27649
1669072035970 0.6000000238418579 27699
1669072049767 0.5 27749
1669072076393 0.75 27799
1669072090095 0.0 27849
1669072103785 1.0 27899
1669072117481 0.25 27949
1669072143972 0.6666666865348816 27999
1669072157625 1.0 28049
1669072171419 0.6000000238418579 28099
1669072185239 0.75 28149
1669072199034 0.25 28199
1669072225686 0.75 28249
1669072239378 0.3333333432674408 28299
1669072253068 0.6666666865348816 28349
1669072266790 0.75 28399
1669072293257 0.75 28449
1669072307016 1.0 28499
1669072320792 0.0 28549
1669072334586 0.3333333432674408 28599
1669072361117 0.0 28649
1669072374781 0.20000000298023224 28699
1669072388507 0.6000000238418579 28749
1669072402294 0.4000000059604645 28799
1669072416105 0.6666666865348816 28849
1669072442747 0.5 28899
1669072456459 0.5 28949
1669072470153 0.5 28999
1669072483859 0.6666666865348816 29049
1669072510269 0.75 29099
1669072523934 1.0 29149
1669072537623 1.0 29199
1669072551353 0.20000000298023224 29249
1669072577824 1.0 29299
1669072591496 0.8333333134651184 29349
1669072605254 0.0 29399
1669072619121 1.0 29449
1669072632823 1.0 29499
1669072659352 1.0 29549
1669072673038 0.6666666865348816 29599
1669072686738 0.0 29649
1669072700459 0.5 29699
1669072726987 0.5 29749
1669072740715 0.25 29799
1669072754421 0.75 29849
1669072768149 1.0 29899
1669072794740 0.6666666865348816 29949
1669072808402 0.800000011920929 29999
1669072822088 0.6666666865348816 30049
1669072835792 0.6666666865348816 30099
1669072849513 0.3333333432674408 30149
1669072875918 0.6666666865348816 30199
1669072889592 0.75 30249
1669072903300 0.5 30299
1669072917005 0.5 30349
1669072943709 0.0 30399
1669072957387 0.75 30449
1669072971121 0.3333333432674408 30499
1669072984904 0.5 30549
1669073011793 0.5 30599
1669073025466 0.800000011920929 30649
1669073039250 0.5 30699
1669073053062 1.0 30749
1669073066974 0.5 30799
1669073093555 0.75 30849
1669073107231 0.75 30899
1669073120903 1.0 30949
1669073134604 1.0 30999
1669073161102 0.0 31049
1669073174772 0.6666666865348816 31099
1669073188448 0.5 31149
1669073202270 0.3333333432674408 31199
1669073228949 0.75 31249
1669073242646 1.0 31299
1669073256353 0.6666666865348816 31349
1669073270093 0.5 31399
1669073283780 0.6000000238418579 31449
1669073310159 1.0 31499
1669073323841 0.6000000238418579 31549
1669073337525 0.6000000238418579 31599
1669073351223 0.75 31649
1669073377541 0.6666666865348816 31699
1669073391201 1.0 31749
1669073404894 0.0 31799
1669073418601 0.6000000238418579 31849
1669073444952 0.800000011920929 31899
1669073458680 0.5 31949
1669073472455 0.6000000238418579 31999
1669073486155 0.6666666865348816 32049
1669073499861 0.5 32099
1669073526064 0.6666666865348816 32149
1669073539780 0.75 32199
1669073553585 0.6666666865348816 32249
1669073567607 0.25 32299
1669073594296 0.0 32349
1669073607977 0.75 32399
1669073621750 0.5 32449
1669073635440 0.3333333432674408 32499
1669073648970 0.0 32549
1669073675439 0.5 32599
1669073689163 1.0 32649
1669073702847 0.6666666865348816 32699
1669073716689 0.75 32749
1669073743205 0.3333333432674408 32799
1669073756902 0.25 32849
1669073770585 0.6000000238418579 32899
1669073784284 0.75 32949
1669073810659 0.6000000238418579 32999
1669073824384 0.3333333432674408 33049
1669073838373 0.5 33099
1669073852335 0.25 33149
1669073866383 1.0 33199
1669073893222 0.5 33249
1669073906912 0.6666666865348816 33299
1669073920594 1.0 33349
1669073934287 0.5 33399
1669073960659 0.6666666865348816 33449
1669073974316 1.0 33499
1669073988083 0.3333333432674408 33549
1669074001775 0.25 33599
1669074028354 0.0 33649
1669074042020 0.5 33699
1669074055721 0.5 33749
1669074069424 0.6666666865348816 33799
1669074083141 0.75 33849
1669074109974 1.0 33899
1669074123666 0.800000011920929 33949
1669074137364 1.0 33999
1669074151074 0.6666666865348816 34049
1669074177624 1.0 34099
1669074191306 0.75 34149
1669074204999 0.3333333432674408 34199
1669074218696 0.75 34249
1669074245480 0.75 34299
1669074259181 0.25 34349
1669074272954 0.5 34399
1669074286749 0.20000000298023224 34449
1669074300610 0.25 34499
1669074327155 0.5 34549
1669074340881 1.0 34599
1669074354623 1.0 34649
1669074368348 0.4000000059604645 34699
1669074394990 1.0 34749
1669074408737 0.3333333432674408 34799
1669074422546 0.6666666865348816 34849
1669074436258 0.6666666865348816 34899
1669074462797 1.0 34949
1669074476498 0.0 34999
1669074490335 0.6000000238418579 35049
1669074504159 1.0 35099
1669074518021 0.5 35149
1669074544514 0.3333333432674408 35199
1669074558234 0.25 35249
1669074571924 0.5 35299
1669074585625 0.5 35349
1669074611871 0.5 35399
1669074625554 0.0 35449
1669074639310 0.75 35499
1669074652990 0.5 35549
1669074679680 0.800000011920929 35599
1669074693358 0.75 35649
1669074707049 0.5 35699
1669074720736 0.5 35749
1669074734431 0.0 35799
1669074761004 0.75 35849
1669074774682 0.5 35899
1669074788365 1.0 35949
1669074802052 0.4000000059604645 35999
1669074828221 0.5 36049
1669074841909 1.0 36099
1669074855600 0.3333333432674408 36149
1669074869288 1.0 36199
1669074895720 0.0 36249
1669074909390 0.3333333432674408 36299
1669074923087 0.75 36349
1669074936788 0.0 36399
1669074950503 0.3333333432674408 36449
1669074976972 1.0 36499
1669074990647 0.75 36549
1669075004339 0.5 36599
1669075018038 0.5 36649
1669075044512 0.3333333432674408 36699
1669075058196 0.5 36749
1669075071875 0.25 36799
1669075085585 0.800000011920929 36849
1669075112265 0.4000000059604645 36899
1669075125913 0.6666666865348816 36949
1669075139642 0.6666666865348816 36999
1669075153343 0.6666666865348816 37049
1669075167023 0.75 37099
1669075193555 1.0 37149
1669075207262 1.0 37199
1669075220976 0.4000000059604645 37249
1669075234659 0.0 37299
1669075261061 1.0 37349
1669075274746 0.75 37399
1669075288425 0.75 37449
1669075302137 0.3333333432674408 37499
1669075329141 0.4000000059604645 37549
1669075342788 1.0 37599
1669075356532 0.0 37649
1669075370235 0.6000000238418579 37699
1669075384021 0.0 37749
1669075410628 0.800000011920929 37799
1669075424312 0.5 37849
1669075437998 0.5 37899
1669075451700 1.0 37949
1669075478148 1.0 37999
1669075491815 0.5 38049
1669075505508 0.6000000238418579 38099
1669075519203 0.6666666865348816 38149
1669075545926 1.0 38199
1669075559579 0.25 38249
1669075573298 0.6666666865348816 38299
1669075587001 1.0 38349
1669075600796 0.3333333432674408 38399
1669075627841 0.6666666865348816 38449
1669075641532 0.6666666865348816 38499
1669075655210 0.4000000059604645 38549
1669075668979 0.5 38599
1669075695643 0.5 38649
1669075709299 0.25 38699
1669075722977 0.6666666865348816 38749
1669075736667 0.7142857313156128 38799
1669075763262 0.5 38849
1669075776925 0.75 38899
1669075790619 1.0 38949
1669075804322 1.0 38999
1669075818049 0.5 39049
1669075844384 0.3333333432674408 39099
1669075858070 1.0 39149
1669075871837 0.5 39199
1669075885620 0.5 39249
1669075912191 0.0 39299
1669075925868 0.5 39349
1669075939600 0.6666666865348816 39399
1669075953349 0.75 39449
1669075980057 0.5 39499
1669075993744 0.6000000238418579 39549
1669076007444 0.6000000238418579 39599
1669076021308 0.6000000238418579 39649
1669076034998 0.0 39699
1669076061425 0.3333333432674408 39749
1669076075189 0.5 39799
1669076088905 1.0 39849
1669076102619 0.800000011920929 39899
1669076129044 1.0 39949
1669076142725 0.5 39999
1669076156424 0.800000011920929 40049
1669076170123 1.0 40099
1669076196677 0.3333333432674408 40149
1669076210345 1.0 40199
1669076224034 0.6666666865348816 40249
1669076237731 0.5 40299
1669076251435 0.3333333432674408 40349
1669076277830 0.5 40399
1669076291537 0.5 40449
1669076305283 0.5 40499
1669076319019 0.3333333432674408 40549
1669076345481 0.20000000298023224 40599
1669076359145 0.75 40649
1669076372824 0.6666666865348816 40699
1669076386536 0.4000000059604645 40749
1669076412770 0.3333333432674408 40799
1669076426478 0.75 40849
1669076440192 0.0 40899
1669076453955 0.6000000238418579 40949
1669076467742 0.75 40999
1669076494033 0.5 41049
1669076507720 0.6666666865348816 41099
1669076521413 0.0 41149
1669076535127 0.6666666865348816 41199
1669076561823 0.5 41249
1669076575502 1.0 41299
1669076589236 0.6666666865348816 41349
1669076602937 0.5 41399
1669076629466 0.5 41449
1669076643177 0.800000011920929 41499
1669076656859 0.4000000059604645 41549
1669076670542 0.5 41599
1669076684226 0.6666666865348816 41649
1669076710426 0.0 41699
1669076724107 0.6666666865348816 41749
1669076737797 0.3333333432674408 41799
1669076751495 0.6666666865348816 41849
1669076777618 0.6000000238418579 41899
1669076791295 0.0 41949
1669076805007 0.5 41999
1669076818778 1.0 42049
