1668855869049 0.26754891872406006 216
1668855940934 0.27255168557167053 433
1668856013099 0.26434633135795593 650
1668856084964 0.2620864510536194 867
1668856157006 0.2598830461502075 1084
1668856228919 0.2611464560031891 1301
1668856301150 0.25997117161750793 1518
1668856373324 0.2647647261619568 1735
1668856445382 0.26238518953323364 1952
1668856517515 0.25823429226875305 2169
1668856589421 0.26308295130729675 2386
1668856661324 0.26237550377845764 2603
1668856733321 0.2622791826725006 2820
1668856805235 0.2704831063747406 3037
1668856877647 0.2696642279624939 3254
1668856949687 0.2625241279602051 3471
1668857021308 0.2715965807437897 3688
1668857093211 0.2686994671821594 3905
1668857165172 0.2668718099594116 4122
1668857237592 0.2758505642414093 4339
1668857309628 0.2667796313762665 4556
1668857381374 0.2712235450744629 4773
1668857453444 0.2729439437389374 4990
1668857525457 0.27109280228614807 5207
1668857597361 0.27712225914001465 5424
1668857669192 0.2690407931804657 5641
1668857741093 0.2742307186126709 5858
1668857813180 0.26401737332344055 6075
1668857884770 0.2642320990562439 6292
1668857956988 0.2675021290779114 6509
1668858028919 0.27284207940101624 6726
1668858101101 0.2637889087200165 6943
1668858173394 0.26926788687705994 7160
1668858245287 0.26623183488845825 7377
1668858316850 0.26864030957221985 7594
1668858388820 0.270491361618042 7811
1668858461445 0.26965874433517456 8028
1668858533652 0.26531386375427246 8245
1668858605612 0.2714134752750397 8462
1668858677577 0.2703936696052551 8679
1668858749463 0.2675516605377197 8896
1668858821412 0.271930992603302 9113
1668858893098 0.26746219396591187 9330
1668858965047 0.2681833505630493 9547
1668859036957 0.2676163911819458 9764
1668859108778 0.2665359675884247 9981
1668859180429 0.26586300134658813 10198
1668859252116 0.2675805389881134 10415
1668859323910 0.26933392882347107 10632
1668859395840 0.2663487493991852 10849
1668859467855 0.26794251799583435 11066
1668859539622 0.2692224383354187 11283
1668859611629 0.2677195966243744 11500
1668859683741 0.2689596116542816 11717
1668859755941 0.2729342579841614 11934
1668859827892 0.2615979015827179 12151
1668859900069 0.265908420085907 12368
1668859972012 0.2661079466342926 12585
1668860044027 0.2710033655166626 12802
1668860116294 0.26331818103790283 13019
1668860187755 0.2652835547924042 13236
1668860259737 0.26413851976394653 13453
1668860331662 0.2631751000881195 13670
1668860403592 0.26793840527534485 13887
1668860475629 0.26723232865333557 14104
1668860547736 0.2663240432739258 14321
1668860619886 0.2645128667354584 14538
1668860691773 0.26660892367362976 14755
1668860763828 0.26315852999687195 14972
1668860835818 0.2662566006183624 15189
1668860907697 0.26276081800460815 15406
1668860979735 0.26463261246681213 15623
1668861052027 0.2643408179283142 15840
1668861123727 0.2673768997192383 16057
1668861195755 0.2637062966823578 16274
1668861267628 0.26188144087791443 16491
1668861339391 0.26568543910980225 16708
1668861411317 0.26580655574798584 16925
1668861483203 0.2643751800060272 17142
1668861555290 0.26195576786994934 17359
1668861627352 0.2614066004753113 17576
1668861699233 0.2666406035423279 17793
1668861771110 0.25815442204475403 18010
1668861843086 0.2618235945701599 18227
1668861914970 0.2590944468975067 18444
1668861986741 0.2697935700416565 18661
1668862058718 0.26184290647506714 18878
1668862130688 0.26621532440185547 19095
1668862202803 0.2574140131473541 19312
1668862274599 0.2600440979003906 19529
1668862346720 0.2573905885219574 19746
1668862418677 0.25952932238578796 19963
1668862491052 0.2649161219596863 20180
1668862563034 0.2592087388038635 20397
1668862635062 0.26285308599472046 20614
1668862706958 0.2617162764072418 20831
1668862779041 0.2632260322570801 21048
1668862851132 0.25846824049949646 21265
1668862923548 0.2643352746963501 21482
1668862995798 0.25868844985961914 21699
1668863067776 0.26033449172973633 21916
1668863139800 0.25718143582344055 22133
1668863211775 0.25761908292770386 22350
1668863283685 0.259550005197525 22567
1668863355754 0.26153460144996643 22784
1668863427842 0.25663501024246216 23001
1668863499961 0.2648046016693115 23218
1668863571990 0.2627924978733063 23435
1668863644170 0.2578076422214508 23652
1668863716230 0.26227638125419617 23869
1668863788224 0.2601087689399719 24086
1668863860068 0.26619741320610046 24303
1668863932164 0.2586595416069031 24520
1668864004013 0.25882887840270996 24737
1668864075889 0.2600812613964081 24954
1668864147735 0.26190340518951416 25171
1668864219540 0.26093727350234985 25388
1668864291811 0.2573617100715637 25605
1668864363746 0.2571497857570648 25822
1668864435806 0.2595294117927551 26039
1668864507866 0.25605979561805725 26256
1668864579821 0.26195570826530457 26473
1668864651784 0.2602449655532837 26690
1668864723796 0.26085612177848816 26907
1668864795842 0.26233696937561035 27124
1668864868172 0.253007173538208 27341
1668864940174 0.26386740803718567 27558
1668865012122 0.2588962912559509 27775
1668865084121 0.2647894620895386 27992
1668865156269 0.2627471089363098 28209
1668865228235 0.2638673782348633 28426
1668865300245 0.2627072036266327 28643
1668865372106 0.2545624077320099 28860
1668865443982 0.25901877880096436 29077
1668865516010 0.2656138837337494 29294
1668865587956 0.2566116750240326 29511
1668865659941 0.26206445693969727 29728
1668865731900 0.262357622385025 29945
1668865804077 0.2614135146141052 30162
1668865877074 0.2621622085571289 30379
1668865949200 0.2634407579898834 30596
1668866021315 0.2569364607334137 30813
1668866093423 0.25980323553085327 31030
1668866165381 0.2568594217300415 31247
1668866237467 0.2633058726787567 31464
1668866309610 0.25845032930374146 31681
1668866381745 0.25705617666244507 31898
1668866454190 0.25650152564048767 32115
1668866525878 0.2528337836265564 32332
1668866598432 0.2598513960838318 32549
1668866670402 0.265240877866745 32766
1668866742500 0.26033177971839905 32983
1668866814339 0.25583407282829285 33200
1668866886057 0.2594797909259796 33417
1668866958282 0.2607845067977905 33634
1668867030604 0.2589912712574005 33851
1668867102740 0.25584641098976135 34068
1668867174789 0.2575957179069519 34285
1668867246771 0.26472339034080505 34502
1668867318859 0.2554432153701782 34719
1668867391015 0.2563226521015167 34936
1668867463083 0.2576686143875122 35153
1668867535032 0.25731080770492554 35370
1668867606962 0.2565345764160156 35587
1668867678757 0.2587682604789734 35804
1668867750560 0.25950732827186584 36021
1668867822597 0.2615690231323242 36238
1668867894836 0.25335678458213806 36455
1668867967486 0.2593573331832886 36672
1668868039612 0.26326316595077515 36889
1668868112040 0.2634833753108978 37106
1668868184148 0.2647812068462372 37323
1668868256116 0.25455960631370544 37540
1668868328212 0.26093730330467224 37757
1668868400326 0.25699564814567566 37974
1668868472431 0.2601982355117798 38191
1668868544150 0.24905316531658173 38408
1668868616360 0.25646573305130005 38625
1668868688149 0.25142863392829895 38842
1668868759933 0.261549711227417 39059
1668868832003 0.26257094740867615 39276
1668868904031 0.25349709391593933 39493
1668868976315 0.26315170526504517 39710
1668869048335 0.2535921037197113 39927
1668869119984 0.2559441328048706 40144
1668869191885 0.2567024528980255 40361
1668869263685 0.25584787130355835 40578
1668869335805 0.25471925735473633 40795
1668869407939 0.26174378395080566 41012
1668869480039 0.26341181993484497 41229
1668869552067 0.25546520948410034 41446
1668869624306 0.26621392369270325 41663
1668869696440 0.25531110167503357 41880
1668869768762 0.25518447160720825 42097
1668869840638 0.2584352493286133 42314
1668869912631 0.261127233505249 42531
1668869984694 0.2525516450405121 42748
1668870056794 0.25721171498298645 42965
1668870129252 0.2614079415798187 43182
1668870201975 0.25824394822120667 43399
1668870274177 0.2608932852745056 43616
1668870346276 0.2601115107536316 43833
1668870418546 0.2623905837535858 44050
1668870490602 0.2570699155330658 44267
1668870562763 0.25754204392433167 44484
1668870634830 0.25639835000038147 44701
1668870707034 0.2606620192527771 44918
1668870779166 0.2574126422405243 45135
1668870851312 0.26072534918785095 45352
1668870923341 0.2604982256889343 45569
1668870995351 0.26148226857185364 45786
1668871067295 0.26214292645454407 46003
1668871139352 0.25576251745224 46220
1668871211562 0.25848615169525146 46437
1668871283954 0.253398060798645 46654
1668871356153 0.2530553936958313 46871
1668871428335 0.25774022936820984 47088
1668871500497 0.25421279668807983 47305
1668871572484 0.2637421488761902 47522
1668871644717 0.26137080788612366 47739
1668871717241 0.26135843992233276 47956
1668871789236 0.25906142592430115 48173
1668871861507 0.2631104290485382 48390
1668871933708 0.2571759819984436 48607
1668872005687 0.2585453391075134 48824
1668872078071 0.256032258272171 49041
1668872150064 0.2566598057746887 49258
1668872221957 0.25674930214881897 49475
1668872293695 0.25355637073516846 49692
1668872365650 0.2583141028881073 49909
1668872437712 0.2647247910499573 50126
1668872509766 0.25951147079467773 50343
1668872581899 0.2540063261985779 50560
1668872653917 0.26052165031433105 50777
1668872726008 0.2568221986293793 50994
1668872797939 0.2538178563117981 51211
1668872869829 0.25864991545677185 51428
1668872942029 0.24933390319347382 51645
1668873014246 0.260119765996933 51862
1668873086481 0.26058632135391235 52079
1668873158830 0.25614094734191895 52296
1668873231137 0.261385977268219 52513
1668873303142 0.26389214396476746 52730
1668873375297 0.26136529445648193 52947
1668873447200 0.25994226336479187 53164
1668873519203 0.2570493221282959 53381
1668873591295 0.2555312514305115 53598
1668873663603 0.2641192078590393 53815
1668873735532 0.2592403292655945 54032
1668873807701 0.25821226835250854 54249
1668873879620 0.2592376172542572 54466
1668873951477 0.25910821557044983 54683
1668874023386 0.25876548886299133 54900
1668874095382 0.2564643919467926 55117
1668874167625 0.2591591477394104 55334
1668874239513 0.25825637578964233 55551
1668874311496 0.26005786657333374 55768
1668874383658 0.25393620133399963 55985
1668874455788 0.2559468746185303 56202
1668874527926 0.2557363510131836 56419
1668874599789 0.2552298903465271 56636
1668874672015 0.2572874128818512 56853
1668874744275 0.2618773281574249 57070
1668874816380 0.2531489431858063 57287
1668874888337 0.2595018446445465 57504
1668874960264 0.2559359073638916 57721
1668875032084 0.26081475615501404 57938
1668875104122 0.2596311867237091 58155
1668875176262 0.25928300619125366 58372
1668875248134 0.2588549554347992 58589
1668875320543 0.2560391426086426 58806
1668875392725 0.2511409819126129 59023
1668875464751 0.25611624121665955 59240
1668875536739 0.2572915554046631 59457
1668875608875 0.25649741291999817 59674
1668875680941 0.25543633103370667 59891
1668875753279 0.2577292025089264 60108
1668875825523 0.2632714509963989 60325
1668875897656 0.25609830021858215 60542
1668875969725 0.2552546560764313 60759
1668876041829 0.25873664021492004 60976
1668876113984 0.2542389929294586 61193
1668876186319 0.2583237290382385 61410
1668876258280 0.263082891702652 61627
1668876330384 0.2588824927806854 61844
1668876402477 0.2522144913673401 62061
1668876474404 0.2568897008895874 62278
1668876546439 0.2532108426094055 62495
1668876618567 0.2563074827194214 62712
1668876690491 0.25702592730522156 62929
1668876762836 0.2569240629673004 63146
1668876834703 0.26144376397132874 63363
1668876906865 0.2618016004562378 63580
1668876978800 0.25894856452941895 63797
1668877050791 0.2608657479286194 64014
1668877122687 0.25870218873023987 64231
1668877194451 0.26180300116539 64448
1668877266757 0.25733694434165955 64665
1668877338533 0.25769615173339844 64882
1668877410568 0.25861823558807373 65099
