1669850688426 0.3333333432674408 49
1669850703096 0.5 99
1669850718353 0.25 149
1669850732966 0.0 199
1669850760549 0.5 249
1669850775154 0.20000000298023224 299
1669850789753 0.6666666865348816 349
1669850804317 0.5 399
1669850831759 0.0 449
1669850846721 0.4000000059604645 499
1669850861836 0.75 549
1669850876663 1.0 599
1669850891306 0.5 649
1669850918755 0.25 699
1669850933379 0.6666666865348816 749
1669850948158 0.0 799
1669850962944 0.0 849
1669850990800 0.6666666865348816 899
1669851005620 0.0 949
1669851020272 0.25 999
1669851035090 0.25 1049
1669851063412 0.5 1099
1669851078159 0.6666666865348816 1149
1669851092863 0.0 1199
1669851107672 0.2857142984867096 1249
1669851122504 0.0 1299
1669851150480 0.3333333432674408 1349
1669851165427 0.0 1399
1669851180236 0.6666666865348816 1449
1669851195008 0.20000000298023224 1499
1669851222459 0.6000000238418579 1549
1669851237136 0.25 1599
1669851252061 0.6666666865348816 1649
1669851266852 0.0 1699
1669851294591 0.4000000059604645 1749
1669851309458 0.3333333432674408 1799
1669851324101 0.3333333432674408 1849
1669851338863 0.25 1899
1669851353710 0.5 1949
1669851381726 0.1666666716337204 1999
1669851396516 0.3333333432674408 2049
1669851411291 0.3333333432674408 2099
1669851425929 0.20000000298023224 2149
1669851454072 0.0 2199
1669851469020 0.5 2249
1669851483723 0.5 2299
1669851498369 0.25 2349
1669851526167 0.20000000298023224 2399
1669851540922 0.5 2449
1669851556033 0.800000011920929 2499
1669851570808 0.75 2549
1669851585818 0.3333333432674408 2599
1669851613402 0.3333333432674408 2649
1669851628138 0.3333333432674408 2699
1669851642977 0.3333333432674408 2749
1669851657927 0.25 2799
1669851685884 0.0 2849
1669851700868 0.25 2899
1669851715705 0.3333333432674408 2949
1669851730386 0.0 2999
1669851758374 0.5 3049
1669851773168 0.3333333432674408 3099
1669851787856 0.20000000298023224 3149
1669851802706 0.3333333432674408 3199
1669851817768 0.5 3249
1669851845637 0.0 3299
1669851860558 0.4000000059604645 3349
1669851875309 0.0 3399
1669851890112 0.4000000059604645 3449
1669851917809 0.0 3499
1669851932488 0.0 3549
1669851947236 0.6666666865348816 3599
1669851962032 0.6666666865348816 3649
1669851990056 0.0 3699
1669852004993 0.0 3749
1669852019644 0.0 3799
1669852034435 0.3333333432674408 3849
1669852049299 1.0 3899
1669852077336 0.3333333432674408 3949
1669852092022 0.25 3999
1669852106829 0.0 4049
1669852121468 0.75 4099
1669852149272 0.25 4149
1669852164041 0.4000000059604645 4199
1669852179169 0.5 4249
1669852193846 0.3333333432674408 4299
1669852221356 0.0 4349
1669852236020 0.4000000059604645 4399
1669852250721 0.1666666716337204 4449
1669852265859 0.75 4499
1669852280637 0.5 4549
1669852308155 0.25 4599
1669852322954 0.0 4649
1669852337804 0.3333333432674408 4699
1669852352532 0.0 4749
1669852380501 0.20000000298023224 4799
1669852395195 0.5 4849
1669852409828 0.4000000059604645 4899
1669852424730 0.5 4949
1669852452474 0.6666666865348816 4999
1669852467423 0.4000000059604645 5049
1669852482367 0.0 5099
1669852497014 0.0 5149
1669852511635 0.4000000059604645 5199
1669852539048 0.3333333432674408 5249
1669852553690 0.4000000059604645 5299
1669852568320 0.0 5349
1669852582982 0.0 5399
1669852610639 0.3333333432674408 5449
1669852625489 1.0 5499
1669852640252 0.6666666865348816 5549
1669852655018 0.6666666865348816 5599
1669852682869 0.25 5649
1669852697543 0.20000000298023224 5699
1669852712239 0.6666666865348816 5749
1669852727309 0.3333333432674408 5799
1669852742288 0.0 5849
1669852769961 0.4000000059604645 5899
1669852784711 0.3333333432674408 5949
1669852799377 0.25 5999
1669852814173 0.0 6049
1669852842398 0.3333333432674408 6099
1669852857176 0.0 6149
1669852871973 0.0 6199
1669852886639 0.1666666716337204 6249
1669852914714 0.5 6299
1669852929517 0.0 6349
1669852944334 0.6000000238418579 6399
1669852959323 0.0 6449
1669852974013 0.0 6499
1669853001594 0.3333333432674408 6549
1669853016424 0.0 6599
1669853031369 0.25 6649
1669853046249 0.0 6699
1669853073862 0.0 6749
1669853088659 0.0 6799
1669853103326 0.6000000238418579 6849
1669853117995 0.6666666865348816 6899
1669853146166 0.0 6949
1669853160936 0.20000000298023224 6999
1669853175616 0.25 7049
1669853190295 0.0 7099
1669853205127 0.6666666865348816 7149
1669853232567 0.6666666865348816 7199
1669853247374 0.0 7249
1669853262145 0.3333333432674408 7299
1669853276966 0.75 7349
1669853304627 0.20000000298023224 7399
1669853319428 0.0 7449
1669853334286 0.0 7499
1669853349273 0.4000000059604645 7549
1669853377124 0.25 7599
1669853392065 0.0 7649
1669853406718 0.3333333432674408 7699
1669853421360 0.4000000059604645 7749
1669853436289 0.25 7799
1669853464424 0.0 7849
1669853479072 0.5 7899
1669853493710 0.6666666865348816 7949
1669853508433 0.6000000238418579 7999
1669853536184 0.3333333432674408 8049
1669853551000 0.3333333432674408 8099
1669853565920 0.4000000059604645 8149
1669853580584 0.0 8199
1669853608347 0.20000000298023224 8249
1669853623018 0.4000000059604645 8299
1669853637734 0.20000000298023224 8349
1669853652503 0.0 8399
1669853667253 0.0 8449
1669853695141 0.25 8499
1669853709824 0.0 8549
1669853724655 0.0 8599
1669853739503 0.0 8649
1669853767678 0.0 8699
1669853782410 0.3333333432674408 8749
1669853797131 0.25 8799
1669853812182 0.4000000059604645 8849
1669853839885 0.4000000059604645 8899
1669853854665 0.25 8949
1669853869630 0.5 8999
1669853884637 0.0 9049
1669853899350 0.25 9099
1669853927199 0.4000000059604645 9149
1669853941883 0.0 9199
1669853956892 0.0 9249
1669853971654 0.0 9299
1669853999376 0.3333333432674408 9349
1669854014161 0.25 9399
1669854028830 0.0 9449
1669854043515 0.25 9499
1669854071492 0.3333333432674408 9549
1669854086233 0.0 9599
1669854100902 0.1666666716337204 9649
1669854116172 0.25 9699
1669854130852 0.5 9749
1669854158489 0.5 9799
1669854173245 0.0 9849
1669854187988 0.0 9899
1669854202938 0.6000000238418579 9949
1669854230585 0.3333333432674408 9999
1669854245299 0.20000000298023224 10049
1669854260118 0.0 10099
1669854274932 0.20000000298023224 10149
1669854302661 0.0 10199
1669854317323 0.0 10249
1669854332126 0.0 10299
1669854346763 0.3333333432674408 10349
1669854361862 0.4000000059604645 10399
1669854390025 0.0 10449
1669854404830 0.25 10499
1669854419487 0.4000000059604645 10549
1669854434187 0.20000000298023224 10599
1669854461714 0.6666666865348816 10649
1669854476678 0.0 10699
1669854491806 0.20000000298023224 10749
1669854506452 0.0 10799
1669854520917 0.0 10849
1669854548588 0.25 10899
1669854563355 0.5714285969734192 10949
1669854578279 0.5 10999
1669854593080 0.3333333432674408 11049
1669854620886 0.0 11099
1669854635857 0.6000000238418579 11149
1669854650529 0.0 11199
1669854665211 0.0 11249
1669854692900 0.5 11299
1669854707607 0.0 11349
1669854722274 0.4000000059604645 11399
1669854737416 0.3333333432674408 11449
1669854752039 0.0 11499
1669854780459 0.3333333432674408 11549
1669854795369 0.3333333432674408 11599
1669854810018 0.5 11649
1669854824723 0.3333333432674408 11699
1669854852665 0.0 11749
1669854867595 0.4000000059604645 11799
1669854882347 0.20000000298023224 11849
1669854897002 0.25 11899
1669854924518 0.0 11949
1669854939460 0.0 11999
1669854954231 0.3333333432674408 12049
1669854969001 0.25 12099
1669854983886 0.25 12149
1669855011612 0.5 12199
1669855026459 0.3333333432674408 12249
1669855041192 0.4000000059604645 12299
1669855056008 0.4000000059604645 12349
1669855084423 0.1666666716337204 12399
1669855099070 1.0 12449
1669855113719 0.5 12499
1669855128704 0.3333333432674408 12549
1669855156901 0.3333333432674408 12599
1669855171716 0.0 12649
1669855186481 0.3333333432674408 12699
1669855201275 0.0 12749
1669855216037 0.5 12799
1669855244521 0.20000000298023224 12849
1669855259434 0.5 12899
1669855274295 0.0 12949
1669855289096 0.3333333432674408 12999
1669855316788 0.3333333432674408 13049
1669855331605 0.0 13099
1669855346337 0.0 13149
1669855361227 0.6000000238418579 13199
1669855389454 0.0 13249
1669855404420 0.6666666865348816 13299
1669855419082 0.25 13349
1669855433793 0.25 13399
1669855448455 0.3333333432674408 13449
1669855476948 0.0 13499
1669855491759 0.25 13549
1669855506583 0.3333333432674408 13599
1669855521364 0.6666666865348816 13649
1669855549125 0.5 13699
1669855564054 0.0 13749
1669855578862 0.0 13799
1669855593589 0.0 13849
1669855621351 0.3333333432674408 13899
1669855636013 0.4000000059604645 13949
1669855650806 0.3333333432674408 13999
1669855665588 0.75 14049
1669855680331 0.3333333432674408 14099
1669855708378 0.0 14149
1669855723190 0.0 14199
1669855737851 0.3333333432674408 14249
1669855752541 0.3333333432674408 14299
1669855781058 0.5714285969734192 14349
1669855795860 0.0 14399
1669855810545 0.5 14449
1669855825221 0.3333333432674408 14499
1669855853061 0.25 14549
1669855867996 0.3333333432674408 14599
1669855882739 0.0 14649
1669855897606 0.25 14699
1669855912249 0.1666666716337204 14749
1669855940101 0.1666666716337204 14799
1669855954785 0.0 14849
1669855969622 0.25 14899
1669855984599 0.20000000298023224 14949
1669856012483 0.25 14999
1669856027171 0.0 15049
1669856041875 0.25 15099
1669856056741 0.5 15149
1669856085282 0.0 15199
1669856099987 0.0 15249
1669856114655 0.5 15299
1669856129487 0.6666666865348816 15349
1669856144138 0.25 15399
1669856172255 0.0 15449
1669856187083 1.0 15499
1669856201995 0.6000000238418579 15549
1669856216709 0.25 15599
1669856244751 0.4000000059604645 15649
1669856259405 0.20000000298023224 15699
1669856274208 0.3333333432674408 15749
1669856289166 0.4000000059604645 15799
1669856317092 0.1666666716337204 15849
1669856331903 0.0 15899
1669856346584 0.6000000238418579 15949
1669856361312 0.25 15999
1669856376099 0.25 16049
1669856404523 0.2857142984867096 16099
1669856419200 0.0 16149
1669856433858 0.25 16199
1669856448745 0.0 16249
1669856477489 0.3333333432674408 16299
1669856492282 0.0 16349
1669856507114 0.4000000059604645 16399
1669856521817 0.3333333432674408 16449
1669856549546 0.3333333432674408 16499
1669856564285 0.0 16549
1669856579126 0.25 16599
1669856594272 0.3333333432674408 16649
1669856608986 0.3333333432674408 16699
1669856636627 0.6666666865348816 16749
1669856651329 0.0 16799
1669856666232 0.0 16849
1669856681049 1.0 16899
1669856708889 0.0 16949
1669856723475 0.25 16999
1669856738236 0.4000000059604645 17049
1669856752852 0.6666666865348816 17099
1669856780729 0.5 17149
1669856795638 0.5 17199
1669856810442 0.3333333432674408 17249
1669856825316 0.0 17299
1669856839938 0.6666666865348816 17349
1669856868054 0.0 17399
1669856883205 0.75 17449
1669856898412 0.0 17499
1669856913104 0.0 17549
1669856940818 0.3333333432674408 17599
1669856955636 0.0 17649
1669856970374 0.25 17699
1669856984993 0.0 17749
1669857012810 0.75 17799
1669857027472 0.0 17849
1669857042271 0.4000000059604645 17899
1669857056954 0.6666666865348816 17949
1669857071618 0.3333333432674408 17999
1669857099097 0.4000000059604645 18049
1669857113930 0.0 18099
1669857128652 0.4000000059604645 18149
1669857143453 0.6666666865348816 18199
1669857171387 0.25 18249
1669857186082 0.20000000298023224 18299
1669857200946 0.0 18349
1669857215648 0.0 18399
1669857244180 0.4000000059604645 18449
1669857258943 0.0 18499
1669857273777 0.0 18549
1669857288439 0.5 18599
1669857303114 0.3333333432674408 18649
1669857331053 1.0 18699
1669857345873 0.5 18749
1669857360666 0.3333333432674408 18799
1669857375700 1.0 18849
1669857403305 0.20000000298023224 18899
1669857417974 0.5 18949
1669857432830 0.0 18999
1669857447637 0.3333333432674408 19049
1669857475313 0.6666666865348816 19099
1669857490023 0.5 19149
1669857504851 0.4000000059604645 19199
1669857519548 0.20000000298023224 19249
1669857534530 0.5 19299
1669857562649 0.3333333432674408 19349
1669857577425 0.1666666716337204 19399
1669857592085 0.25 19449
1669857606765 0.6000000238418579 19499
1669857634499 0.25 19549
1669857649405 0.0 19599
1669857664173 0.25 19649
1669857678950 0.6666666865348816 19699
1669857706815 0.0 19749
1669857721446 0.3333333432674408 19799
1669857736073 0.3333333432674408 19849
1669857750654 0.0 19899
1669857765536 0.0 19949
1669857793297 0.4000000059604645 19999
1669857808056 0.6000000238418579 20049
1669857822939 0.5 20099
1669857837819 0.2857142984867096 20149
1669857866144 0.375 20199
1669857880820 0.0 20249
1669857895547 0.25 20299
1669857910438 0.3333333432674408 20349
1669857938852 0.25 20399
1669857953600 0.20000000298023224 20449
1669857968387 0.0 20499
1669857983052 0.25 20549
1669857997840 0.6666666865348816 20599
1669858025549 0.0 20649
1669858040304 0.3333333432674408 20699
1669858055405 0.3333333432674408 20749
1669858070034 0.0 20799
1669858097664 0.5 20849
1669858112344 0.0 20899
1669858127123 0.1666666716337204 20949
1669858141923 0.6666666865348816 20999
1669858169992 0.4000000059604645 21049
1669858184969 0.0 21099
1669858199668 0.3333333432674408 21149
1669858214375 0.0 21199
1669858229318 0.5 21249
1669858257519 1.0 21299
1669858272238 0.5 21349
1669858286928 0.0 21399
1669858301656 0.0 21449
1669858329689 0.25 21499
1669858344475 0.5 21549
1669858359229 0.6666666865348816 21599
1669858373990 0.5 21649
1669858388451 0.0 21699
1669858415998 0.1428571492433548 21749
1669858430688 0.25 21799
1669858445635 0.3333333432674408 21849
1669858460559 0.20000000298023224 21899
1669858488394 0.6666666865348816 21949
1669858503070 1.0 21999
1669858517739 0.0 22049
1669858532485 0.20000000298023224 22099
1669858560649 0.0 22149
1669858575498 0.0 22199
1669858590239 0.1666666716337204 22249
1669858605118 0.0 22299
1669858619963 0.5 22349
1669858648252 0.3333333432674408 22399
1669858663033 0.25 22449
1669858677695 0.5 22499
1669858692343 0.75 22549
1669858720065 0.25 22599
1669858734989 0.20000000298023224 22649
1669858749824 0.0 22699
1669858764642 0.0 22749
1669858792292 0.0 22799
1669858807084 0.0 22849
1669858821736 0.3333333432674408 22899
1669858836435 1.0 22949
1669858851214 0.3333333432674408 22999
1669858879485 0.0 23049
1669858894177 0.5 23099
1669858908894 0.4000000059604645 23149
1669858923597 0.3333333432674408 23199
1669858952077 0.6666666865348816 23249
1669858966872 0.0 23299
1669858981690 0.4000000059604645 23349
1669858996358 0.0 23399
1669859023997 0.0 23449
1669859038653 0.0 23499
1669859053441 0.0 23549
1669859068206 0.20000000298023224 23599
1669859083116 0.20000000298023224 23649
1669859111063 0.0 23699
1669859125816 0.25 23749
1669859140445 0.0 23799
1669859155229 0.0 23849
1669859182875 0.20000000298023224 23899
1669859197608 0.3333333432674408 23949
1669859212507 0.5 23999
1669859227412 0.0 24049
1669859255718 0.5 24099
1669859270397 0.0 24149
1669859285212 0.0 24199
1669859299864 0.6000000238418579 24249
1669859314648 0.5 24299
1669859343080 0.5 24349
1669859357723 0.0 24399
1669859372403 0.3333333432674408 24449
1669859387055 0.5 24499
1669859415055 0.75 24549
1669859429859 0.25 24599
1669859444650 0.0 24649
1669859459306 0.4000000059604645 24699
1669859486982 0.3333333432674408 24749
1669859501683 0.20000000298023224 24799
1669859516457 0.4000000059604645 24849
1669859531300 0.0 24899
1669859546303 0.0 24949
1669859574114 0.6000000238418579 24999
1669859588807 0.1428571492433548 25049
1669859603763 0.0 25099
1669859618446 0.3333333432674408 25149
1669859646547 0.0 25199
1669859661265 0.2857142984867096 25249
1669859675954 0.0 25299
1669859690764 1.0 25349
1669859718714 0.0 25399
1669859733674 0.0 25449
1669859748804 0.3333333432674408 25499
1669859763530 0.3333333432674408 25549
1669859778183 0.3333333432674408 25599
1669859805966 0.0 25649
1669859820692 0.3333333432674408 25699
1669859835693 0.25 25749
1669859850458 0.25 25799
1669859878313 0.3333333432674408 25849
1669859893054 1.0 25899
1669859907784 0.3333333432674408 25949
1669859922603 0.0 25999
1669859951007 0.6666666865348816 26049
1669859965661 0.0 26099
1669859980477 0.3333333432674408 26149
1669859995272 0.6000000238418579 26199
1669860009933 0.0 26249
1669860038394 0.0 26299
1669860053107 0.25 26349
1669860067776 0.3333333432674408 26399
1669860082596 0.5 26449
1669860110201 0.5 26499
1669860125175 0.5 26549
1669860140072 0.0 26599
1669860154773 0.0 26649
1669860182285 0.5 26699
1669860197078 0.25 26749
1669860211895 0.20000000298023224 26799
1669860226729 0.0 26849
1669860241500 0.20000000298023224 26899
1669860269296 0.0 26949
1669860284283 0.20000000298023224 26999
1669860298975 0.0 27049
1669860313702 0.0 27099
1669860341882 0.0 27149
1669860356811 0.20000000298023224 27199
1669860371498 0.3333333432674408 27249
1669860386261 0.3333333432674408 27299
1669860413982 0.0 27349
1669860428858 0.0 27399
1669860443761 0.25 27449
1669860458488 0.0 27499
1669860473271 0.3333333432674408 27549
1669860500950 0.0 27599
1669860515599 0.3333333432674408 27649
1669860530242 0.3333333432674408 27699
1669860544917 0.25 27749
1669860572365 1.0 27799
1669860587082 0.3333333432674408 27849
1669860601939 0.1666666716337204 27899
1669860616972 0.5 27949
1669860645055 0.0 27999
1669860659743 0.0 28049
1669860674456 0.5 28099
1669860689284 0.0 28149
1669860704048 0.3333333432674408 28199
1669860732181 0.20000000298023224 28249
1669860746901 0.20000000298023224 28299
1669860761929 0.5 28349
1669860776778 0.6666666865348816 28399
1669860805157 0.0 28449
1669860819980 0.0 28499
1669860834859 0.25 28549
1669860849578 0.1666666716337204 28599
1669860877273 0.3333333432674408 28649
1669860891967 0.3333333432674408 28699
1669860906876 0.3333333432674408 28749
1669860921843 0.0 28799
1669860936810 0.6666666865348816 28849
1669860964561 0.0 28899
1669860979365 0.5 28949
1669860993975 0.5 28999
1669861008766 0.4000000059604645 29049
1669861037378 0.0 29099
1669861052165 0.0 29149
1669861066996 0.0 29199
1669861081812 0.0 29249
1669861110150 0.5 29299
1669861124945 0.6666666865348816 29349
1669861139736 0.0 29399
1669861154453 0.20000000298023224 29449
1669861169293 0.20000000298023224 29499
1669861197415 0.1666666716337204 29549
1669861212366 0.4000000059604645 29599
1669861227347 0.0 29649
1669861242139 0.25 29699
1669861338846 0.20000000298023224 29749
1669861353505 0.3333333432674408 29799
1669861368316 0.4000000059604645 29849
1669861383129 0.1428571492433548 29899
1669861411123 0.0 29949
1669861426105 0.3333333432674408 29999
1669861440956 0.0 30049
1669861455830 0.5 30099
1669861470544 0.25 30149
1669861498110 0.3333333432674408 30199
1669861513199 0.6666666865348816 30249
1669861527973 0.3333333432674408 30299
1669861542691 0.0 30349
1669861570575 0.0 30399
1669861585404 0.5 30449
1669861600045 0.0 30499
1669861614854 0.3333333432674408 30549
1669861642895 0.5 30599
1669861657527 0.6000000238418579 30649
1669861672326 0.25 30699
1669861687146 0.5 30749
1669861701923 0.4285714328289032 30799
1669861730298 0.0 30849
1669861745245 0.5 30899
1669861759919 0.3333333432674408 30949
1669861774581 0.4000000059604645 30999
1669861802319 0.0 31049
1669861817118 0.3333333432674408 31099
1669861832071 0.4000000059604645 31149
1669861846980 0.25 31199
1669861874882 0.0 31249
1669861889617 0.1428571492433548 31299
1669861904303 0.6000000238418579 31349
1669861918974 0.25 31399
1669861933721 1.0 31449
1669861961092 0.3333333432674408 31499
1669861975974 0.25 31549
1669861990999 0.25 31599
1669862005928 0.5 31649
1669862033498 0.3333333432674408 31699
1669862048235 0.0 31749
1669862063004 0.0 31799
1669862078037 0.4000000059604645 31849
1669862106308 0.4000000059604645 31899
1669862121087 0.25 31949
1669862135857 0.4000000059604645 31999
1669862150634 0.0 32049
1669862165305 0.5 32099
1669862193559 0.1666666716337204 32149
1669862208364 0.0 32199
1669862223289 0.0 32249
1669862238056 0.0 32299
1669862265942 0.0 32349
1669862280895 0.3333333432674408 32399
1669862295632 0.4285714328289032 32449
1669862310420 0.0 32499
1669862324844 0.0 32549
1669862352745 0.1666666716337204 32599
1669862367557 1.0 32649
1669862382480 0.0 32699
1669862397447 0.6000000238418579 32749
1669862425163 0.0 32799
1669862439838 0.5 32849
1669862454514 0.0 32899
1669862469239 0.4000000059604645 32949
1669862497716 0.6666666865348816 32999
1669862512535 0.0 33049
1669862527196 0.25 33099
1669862541995 0.5 33149
1669862556649 0.2857142984867096 33199
1669862584698 0.5 33249
1669862599463 0.6666666865348816 33299
1669862614292 0.25 33349
1669862628932 0.0 33399
1669862656678 0.0 33449
1669862671514 0.0 33499
1669862686498 0.20000000298023224 33549
1669862701311 0.0 33599
1669862729020 0.0 33649
1669862743824 0.25 33699
1669862758466 0.0 33749
1669862773141 0.5 33799
1669862788114 0.4000000059604645 33849
1669862816579 0.20000000298023224 33899
1669862831260 0.3333333432674408 33949
1669862845966 0.25 33999
1669862860651 0.0 34049
1669862888876 0.0 34099
1669862903697 0.5 34149
1669862918621 0.1666666716337204 34199
1669862933302 0.5 34249
1669862961243 0.3333333432674408 34299
1669862975901 0.20000000298023224 34349
1669862990689 0.20000000298023224 34399
1669863005471 0.0 34449
1669863020172 0.0 34499
1669863048256 0.0 34549
1669863062923 0.3333333432674408 34599
1669863077795 0.6666666865348816 34649
1669863092561 0.0 34699
1669863120687 0.25 34749
1669863135356 0.5 34799
1669863150007 0.0 34849
1669863164820 0.0 34899
1669863192973 0.6000000238418579 34949
1669863207792 0.5 34999
1669863222617 1.0 35049
1669863237590 0.0 35099
1669863252255 0.25 35149
1669863280150 0.0 35199
1669863294786 0.6666666865348816 35249
1669863309621 0.0 35299
1669863324473 0.20000000298023224 35349
1669863352526 0.3333333432674408 35399
1669863367477 0.0 35449
1669863382283 1.0 35499
1669863397064 0.6000000238418579 35549
1669863424898 0.3333333432674408 35599
1669863439558 0.5 35649
1669863454454 0.25 35699
1669863469456 0.4000000059604645 35749
1669863484231 0.0 35799
1669863512273 0.20000000298023224 35849
1669863526922 0.3333333432674408 35899
1669863541581 0.3333333432674408 35949
1669863556336 0.0 35999
1669863584784 0.5 36049
1669863599649 0.0 36099
1669863614465 0.6666666865348816 36149
1669863629146 0.20000000298023224 36199
1669863657118 0.0 36249
1669863672031 0.1666666716337204 36299
1669863686781 0.2857142984867096 36349
1669863701413 0.0 36399
1669863716048 0.0 36449
1669863743877 0.20000000298023224 36499
1669863758616 0.0 36549
1669863773795 0.3333333432674408 36599
1669863788797 0.3333333432674408 36649
1669863816601 0.0 36699
1669863831293 0.0 36749
1669863846123 0.25 36799
1669863860886 0.6000000238418579 36849
1669863889093 0.6000000238418579 36899
1669863903936 0.20000000298023224 36949
1669863918616 0.3333333432674408 36999
1669863933571 1.0 37049
1669863948235 0.20000000298023224 37099
1669863976443 0.5 37149
1669863991228 0.5714285969734192 37199
1669864006019 0.3333333432674408 37249
1669864020690 0.25 37299
1669864048667 0.3333333432674408 37349
1669864063328 0.3333333432674408 37399
1669864078295 0.5 37449
1669864093255 0.3333333432674408 37499
1669864120995 0.4000000059604645 37549
1669864135616 1.0 37599
1669864150248 0.0 37649
1669864164912 0.4000000059604645 37699
1669864179711 0.0 37749
1669864208146 0.4000000059604645 37799
1669864222961 0.0 37849
1669864237749 0.0 37899
1669864252592 0.0 37949
1669864280936 0.0 37999
1669864295816 0.25 38049
1669864310531 0.4000000059604645 38099
1669864325203 0.20000000298023224 38149
1669864352897 0.0 38199
1669864367789 0.5 38249
1669864383131 0.20000000298023224 38299
1669864397919 0.0 38349
1669864412601 0.0 38399
1669864440411 0.0 38449
1669864455118 0.4000000059604645 38499
1669864469906 0.0 38549
1669864484736 0.0 38599
1669864512939 0.25 38649
1669864527907 0.25 38699
1669864542598 1.0 38749
1669864557289 0.6000000238418579 38799
1669864585688 0.25 38849
1669864600476 0.3333333432674408 38899
1669864615165 0.5 38949
1669864630069 0.5 38999
1669864644708 0.0 39049
1669864672312 0.20000000298023224 39099
1669864687254 0.4000000059604645 39149
1669864701949 0.0 39199
1669864716634 0.4000000059604645 39249
1669864744354 0.25 39299
1669864759548 0.3333333432674408 39349
1669864774367 0.0 39399
1669864789136 0.25 39449
1669864817046 0.25 39499
1669864831859 0.5 39549
1669864846652 0.5 39599
1669864861439 1.0 39649
1669864876188 0.5 39699
1669864904271 0.5 39749
1669864919039 0.0 39799
1669864933925 0.0 39849
1669864948725 0.4000000059604645 39899
1669864977178 1.0 39949
1669864992009 0.3333333432674408 39999
1669865006692 0.6666666865348816 40049
1669865021376 0.0 40099
1669865049726 0.3333333432674408 40149
1669865064693 0.0 40199
1669865079495 0.3333333432674408 40249
1669865094194 0.5 40299
1669865109042 0.0 40349
1669865136592 0.25 40399
1669865151320 0.1666666716337204 40449
1669865166158 0.3333333432674408 40499
1669865180963 0.25 40549
1669865209369 0.25 40599
1669865224566 0.5 40649
1669865239436 0.5 40699
1669865254123 0.3333333432674408 40749
1669865282389 0.0 40799
1669865297149 0.375 40849
1669865311878 0.0 40899
1669865326742 0.6000000238418579 40949
1669865341557 0.6666666865348816 40999
1669865369839 0.20000000298023224 41049
1669865384609 0.20000000298023224 41099
1669865399472 0.0 41149
1669865414122 0.5 41199
1669865442025 0.20000000298023224 41249
1669865456705 0.4000000059604645 41299
1669865471551 0.0 41349
1669865486697 0.25 41399
1669865514459 0.20000000298023224 41449
1669865529280 0.3333333432674408 41499
1669865543942 0.20000000298023224 41549
1669865558617 0.5 41599
1669865573612 0.3333333432674408 41649
1669865601676 0.0 41699
1669865616345 0.0 41749
1669865631178 0.1428571492433548 41799
1669865645855 0.4000000059604645 41849
1669865674059 0.3333333432674408 41899
1669865689043 0.0 41949
1669865703716 0.3333333432674408 41999
1669865718378 0.6666666865348816 42049
1669865746380 0.0 42099
1669865761119 0.0 42149
1669865775930 0.0 42199
1669865790658 0.3333333432674408 42249
1669865805545 0.3333333432674408 42299
1669865833310 0.6666666865348816 42349
1669865848052 0.3333333432674408 42399
1669865862900 0.3333333432674408 42449
1669865877763 0.0 42499
1669865906113 0.3333333432674408 42549
1669865920808 0.5 42599
1669865935647 0.75 42649
1669865950382 0.0 42699
1669865978755 0.20000000298023224 42749
1669865993509 0.4000000059604645 42799
1669866008209 0.0 42849
1669866022875 0.0 42899
1669866037554 0.6666666865348816 42949
1669866065785 0.20000000298023224 42999
1669866080553 0.0 43049
1669866095475 0.0 43099
1669866110107 0.0 43149
1669866137699 0.25 43199
1669866152428 0.3333333432674408 43249
1669866167090 0.25 43299
1669866182040 0.0 43349
1669866196524 0.0 43399
1669866224575 0.5 43449
1669866239319 0.0 43499
1669866254067 0.4000000059604645 43549
1669866268825 0.20000000298023224 43599
1669866296874 0.5 43649
1669866311851 0.25 43699
1669866326522 1.0 43749
1669866341568 0.6000000238418579 43799
1669866369985 0.75 43849
1669866384660 0.0 43899
1669866399287 0.5 43949
1669866413889 0.25 43999
1669866428649 0.5 44049
1669866456905 0.0 44099
1669866471738 0.20000000298023224 44149
1669866486590 0.5 44199
1669866501412 0.5 44249
1669866529478 0.25 44299
1669866544245 0.3333333432674408 44349
1669866559063 0.0 44399
1669866574001 0.0 44449
1669866601720 0.5 44499
1669866616366 0.5 44549
1669866631148 0.0 44599
1669866645861 0.3333333432674408 44649
1669866660798 0.6666666865348816 44699
1669866689002 0.6666666865348816 44749
1669866703642 0.6666666865348816 44799
1669866718428 0.20000000298023224 44849
1669866733076 0.0 44899
1669866761787 0.20000000298023224 44949
1669866776564 0.5 44999
1669866791310 0.0 45049
1669866806158 0.0 45099
1669866834013 0.6000000238418579 45149
1669866848801 0.75 45199
1669866863580 0.3333333432674408 45249
1669866878504 0.5 45299
1669866893242 0.0 45349
1669866921149 0.4000000059604645 45399
1669866935794 0.0 45449
1669866950461 0.0 45499
1669866965320 0.20000000298023224 45549
1669866993718 0.0 45599
1669867008432 0.5 45649
1669867023246 0.0 45699
1669867037889 1.0 45749
1669867065811 0.75 45799
1669867080595 0.0 45849
1669867095520 0.3333333432674408 45899
1669867110220 0.6666666865348816 45949
1669867124983 0.3333333432674408 45999
1669867153114 1.0 46049
1669867167893 0.20000000298023224 46099
1669867182692 0.3333333432674408 46149
1669867197485 0.25 46199
1669867224907 0.3333333432674408 46249
1669867239727 1.0 46299
1669867254395 0.0 46349
1669867269715 0.5 46399
1669867297867 0.20000000298023224 46449
1669867312712 0.4000000059604645 46499
1669867327397 0.6666666865348816 46549
1669867342081 1.0 46599
1669867356788 0.0 46649
1669867384671 0.3333333432674408 46699
1669867399923 0.0 46749
1669867414815 1.0 46799
1669867429466 0.25 46849
1669867457232 0.3333333432674408 46899
1669867471987 0.6666666865348816 46949
1669867486841 0.0 46999
1669867501713 0.0 47049
1669867529515 0.25 47099
1669867544439 0.4285714328289032 47149
1669867559072 0.20000000298023224 47199
1669867573837 0.0 47249
1669867588606 0.25 47299
1669867617146 0.0 47349
1669867631790 0.800000011920929 47399
1669867646393 0.3333333432674408 47449
1669867661015 0.6666666865348816 47499
1669867689078 0.0 47549
1669867703748 0.0 47599
1669867718560 0.0 47649
1669867733217 0.3333333432674408 47699
1669867761351 0.5 47749
1669867776151 0.4000000059604645 47799
1669867790919 0.800000011920929 47849
1669867805753 0.2857142984867096 47899
1669867820740 0.0 47949
1669867848771 0.25 47999
1669867863801 0.3333333432674408 48049
1669867878632 0.25 48099
1669867893289 1.0 48149
1669867921118 0.800000011920929 48199
1669867935835 0.6666666865348816 48249
1669867950892 0.0 48299
1669867965800 0.5 48349
1669867993787 0.4000000059604645 48399
1669868008634 0.4000000059604645 48449
1669868023254 0.4000000059604645 48499
1669868037890 0.20000000298023224 48549
1669868052609 0.25 48599
1669868081232 0.5 48649
1669868096056 0.5 48699
1669868110760 0.3333333432674408 48749
1669868125470 0.0 48799
1669868152964 0.20000000298023224 48849
1669868167810 0.3333333432674408 48899
1669868182629 0.6000000238418579 48949
1669868197314 0.3333333432674408 48999
1669868225215 0.3333333432674408 49049
1669868240011 1.0 49099
1669868254879 0.4000000059604645 49149
1669868269687 0.0 49199
1669868284479 0.5 49249
1669868312797 0.0 49299
1669868327484 0.3333333432674408 49349
1669868342205 0.0 49399
1669868357175 0.75 49449
1669868385494 0.0 49499
1669868400338 0.25 49549
1669868415142 0.5 49599
1669868429825 0.20000000298023224 49649
1669868457672 0.20000000298023224 49699
1669868472646 0.25 49749
1669868487466 0.5 49799
1669868502260 0.0 49849
1669868517077 1.0 49899
1669868545117 0.4000000059604645 49949
1669868559865 0.6666666865348816 49999
1669868574624 1.0 50049
1669868589520 0.20000000298023224 50099
1669868617671 0.25 50149
1669868632328 0.0 50199
1669868647012 0.6000000238418579 50249
1669868661838 0.3333333432674408 50299
1669868690387 0.0 50349
1669868705241 1.0 50399
1669868720025 0.6666666865348816 50449
1669868734770 0.5 50499
1669868749493 0.1666666716337204 50549
1669868777493 0.3333333432674408 50599
1669868792325 0.0 50649
1669868807135 0.3333333432674408 50699
1669868821983 0.25 50749
1669868849904 0.0 50799
1669868864639 0.3333333432674408 50849
1669868879368 0.5 50899
1669868894413 0.5 50949
1669868922541 0.0 50999
1669868937265 0.6666666865348816 51049
1669868952142 0.0 51099
1669868966895 0.4000000059604645 51149
1669868981647 0.6666666865348816 51199
1669869010304 0.3333333432674408 51249
1669869025026 0.20000000298023224 51299
1669869039832 0.25 51349
1669869054510 0.20000000298023224 51399
1669869082558 0.5 51449
1669869097337 0.0 51499
1669869112277 0.5 51549
1669869126947 0.800000011920929 51599
1669869155239 0.0 51649
1669869169996 0.1428571492433548 51699
1669869184635 0.4000000059604645 51749
1669869199269 0.3333333432674408 51799
1669869214069 0.3333333432674408 51849
1669869241897 0.25 51899
1669869256571 0.0 51949
1669869271726 0.0 51999
1669869286518 0.3333333432674408 52049
1669869314672 0.5 52099
1669869329568 0.5 52149
1669869344315 0.0 52199
1669869359068 0.5 52249
1669869387635 0.3333333432674408 52299
1669869402323 0.3333333432674408 52349
1669869417317 0.1666666716337204 52399
1669869432067 1.0 52449
1669869446883 0.5 52499
1669869474780 1.0 52549
1669869489586 0.3333333432674408 52599
1669869504347 0.0 52649
1669869519331 0.20000000298023224 52699
1669869547348 0.4000000059604645 52749
1669869562027 0.20000000298023224 52799
1669869577009 0.25 52849
1669869591985 0.0 52899
1669869620214 0.0 52949
1669869634915 0.1666666716337204 52999
1669869649564 0.20000000298023224 53049
1669869664483 0.20000000298023224 53099
1669869679505 0.4000000059604645 53149
1669869707572 0.3333333432674408 53199
1669869722267 0.0 53249
1669869736961 0.0 53299
1669869751630 0.3333333432674408 53349
1669869779856 0.800000011920929 53399
1669869794666 0.0 53449
1669869809779 0.25 53499
1669869824617 0.0 53549
1669869852490 1.0 53599
1669869867121 0.3333333432674408 53649
1669869881937 0.75 53699
1669869896897 0.0 53749
1669869911587 0.5 53799
1669869939539 0.5 53849
1669869954540 0.0 53899
1669869969479 0.2857142984867096 53949
1669869984277 0.0 53999
1669870012426 0.6666666865348816 54049
1669870027087 0.1666666716337204 54099
1669870041905 0.4000000059604645 54149
1669870056626 0.0 54199
1669870071183 0.5 54249
1669870100033 0.0 54299
1669870114888 0.6000000238418579 54349
1669870129571 0.3333333432674408 54399
1669870144241 0.25 54449
1669870172163 0.5 54499
1669870186975 0.0 54549
1669870201746 0.3333333432674408 54599
1669870216459 0.0 54649
1669870244361 0.5 54699
1669870259232 0.6666666865348816 54749
1669870274112 0.4000000059604645 54799
1669870289143 0.25 54849
1669870303955 0.0 54899
1669870331651 0.25 54949
1669870346272 0.4000000059604645 54999
1669870360900 0.0 55049
1669870375595 0.5 55099
1669870404324 0.3333333432674408 55149
1669870419198 0.5 55199
1669870434179 0.25 55249
1669870448883 0.0 55299
1669870476747 0.0 55349
1669870491558 0.0 55399
1669870506344 0.5 55449
1669870521070 0.0 55499
1669870535851 0.0 55549
1669870564217 0.0 55599
1669870578852 0.0 55649
1669870593478 0.25 55699
1669870608116 0.0 55749
1669870636046 0.0 55799
1669870650721 0.3333333432674408 55849
1669870665640 0.20000000298023224 55899
1669870680598 0.25 55949
1669870708710 0.5 55999
1669870723572 0.0 56049
1669870738265 0.4000000059604645 56099
1669870753048 0.5 56149
1669870767838 0.3333333432674408 56199
1669870796087 0.5 56249
1669870810824 0.5 56299
1669870825756 0.25 56349
1669870840804 0.5 56399
1669870869085 0.0 56449
1669870884088 0.0 56499
1669870898787 0.5 56549
1669870913484 0.0 56599
1669870941139 0.0 56649
1669870955854 0.75 56699
1669870970902 0.0 56749
1669870985936 0.3333333432674408 56799
1669871000705 0.5 56849
1669871028472 0.5714285969734192 56899
1669871043170 0.20000000298023224 56949
1669871058047 0.3333333432674408 56999
1669871072890 0.0 57049
1669871101227 0.4000000059604645 57099
1669871116050 0.4000000059604645 57149
1669871130829 0.5 57199
1669871145489 0.3333333432674408 57249
1669871173707 0.0 57299
1669871188614 0.5 57349
1669871203239 0.3333333432674408 57399
1669871218001 0.0 57449
1669871232771 0.800000011920929 57499
1669871260495 1.0 57549
1669871275351 0.5 57599
1669871290182 0.20000000298023224 57649
1669871305042 0.20000000298023224 57699
1669871332782 0.6666666865348816 57749
1669871347785 0.3333333432674408 57799
1669871362480 0.0 57849
1669871377320 0.0 57899
1669871405586 0.4000000059604645 57949
1669871420219 1.0 57999
1669871435003 0.20000000298023224 58049
1669871449647 0.3333333432674408 58099
1669871464443 0.75 58149
1669871492916 0.3333333432674408 58199
1669871507837 0.0 58249
1669871522491 0.25 58299
1669871537148 1.0 58349
1669871565034 0.4000000059604645 58399
1669871579850 0.3333333432674408 58449
1669871594763 0.0 58499
1669871609522 0.0 58549
1669871637492 0.3333333432674408 58599
1669871652309 0.3333333432674408 58649
1669871666987 0.5 58699
1669871681771 0.20000000298023224 58749
1669871696729 0.25 58799
1669871724792 0.5 58849
1669871739424 0.3333333432674408 58899
1669871754213 0.25 58949
1669871768876 0.800000011920929 58999
1669871797502 0.6000000238418579 59049
1669871812274 0.25 59099
1669871826999 0.0 59149
1669871841973 0.0 59199
1669871869852 0.20000000298023224 59249
1669871884748 0.5 59299
1669871899756 0.2857142984867096 59349
1669871914587 0.75 59399
1669871929446 1.0 59449
1669871957205 0.20000000298023224 59499
1669871971837 0.0 59549
1669871986497 0.0 59599
1669872001434 0.0 59649
1669872029403 0.4000000059604645 59699
1669872044090 0.25 59749
1669872058749 0.0 59799
1669872073557 0.0 59849
1669872101868 0.0 59899
1669872116523 0.4000000059604645 59949
1669872131212 0.25 59999
1669872146160 0.3333333432674408 60049
1669872160904 0.5 60099
1669872189375 0.3333333432674408 60149
1669872204056 0.0 60199
1669872218730 0.20000000298023224 60249
1669872233406 0.75 60299
1669872261480 0.3333333432674408 60349
1669872276252 0.6666666865348816 60399
1669872291004 0.3333333432674408 60449
1669872306064 0.20000000298023224 60499
1669872333971 0.1666666716337204 60549
1669872348925 0.25 60599
1669872363592 0.0 60649
1669872378370 0.5 60699
1669872393134 0.1666666716337204 60749
1669872421273 0.25 60799
1669872435968 0.5 60849
1669872450785 0.5 60899
1669872465437 0.25 60949
1669872493975 0.0 60999
1669872508728 0.5 61049
1669872523355 0.25 61099
1669872537990 0.0 61149
1669872565892 0.0 61199
1669872580785 0.5 61249
1669872595543 0.25 61299
1669872610290 0.5 61349
1669872625062 0.0 61399
1669872653055 0.3333333432674408 61449
1669872667725 0.20000000298023224 61499
1669872682434 0.0 61549
1669872697561 0.4000000059604645 61599
1669872725629 0.5 61649
1669872740298 1.0 61699
1669872754950 0.5 61749
1669872769747 0.4000000059604645 61799
1669872798229 0.6666666865348816 61849
1669872813031 0.20000000298023224 61899
1669872827804 0.6000000238418579 61949
1669872842780 0.6666666865348816 61999
1669872857485 0.3333333432674408 62049
1669872885260 0.25 62099
1669872900098 0.5 62149
1669872915015 0.3333333432674408 62199
1669872929662 0.0 62249
1669872957511 0.6666666865348816 62299
1669872972341 0.5 62349
1669872987083 0.0 62399
1669873001893 0.1428571492433548 62449
1669873029766 0.0 62499
1669873044591 0.0 62549
1669873059281 0.1666666716337204 62599
1669873073960 1.0 62649
1669873088725 0.3333333432674408 62699
1669873116961 0.75 62749
1669873131637 0.3333333432674408 62799
1669873146461 0.25 62849
1669873161263 0.5 62899
1669873189286 0.75 62949
1669873204259 0.0 62999
1669873219052 0.0 63049
1669873233746 0.4285714328289032 63099
1669873261240 0.5 63149
1669873276122 0.0 63199
1669873291370 0.25 63249
1669873306200 0.0 63299
1669873321169 0.3333333432674408 63349
1669873348997 0.4000000059604645 63399
1669873363678 0.0 63449
1669873378361 0.0 63499
1669873393118 0.5 63549
1669873422048 0.0 63599
1669873436776 0.4000000059604645 63649
1669873451434 0.3333333432674408 63699
1669873466191 0.0 63749
1669873493922 0.0 63799
1669873508657 0.25 63849
1669873523382 0.25 63899
1669873538285 0.0 63949
1669873553011 0.1666666716337204 63999
1669873581823 0.0 64049
1669873596658 0.4285714328289032 64099
1669873611475 0.0 64149
1669873626174 0.5 64199
1669873654339 0.0 64249
1669873669114 0.20000000298023224 64299
1669873684076 0.0 64349
1669873698887 0.5 64399
1669873726769 0.5 64449
1669873741558 1.0 64499
1669873756410 0.0 64549
1669873771217 0.6666666865348816 64599
1669873786027 0.3333333432674408 64649
1669873814110 0.0 64699
1669873828818 0.3333333432674408 64749
1669873843755 0.0 64799
1669873858534 0.0 64849
1669873887009 0.6666666865348816 64899
1669873901767 0.25 64949
1669873916400 0.25 64999
1669873931203 0.0 65049
1669873945664 0.0 65099
