1669850688426 0.3333333432674408 49
1669850703096 0.25 99
1669850718353 0.20000000298023224 149
1669850732966 0.0 199
1669850760549 0.20000000298023224 249
1669850775154 0.5 299
1669850789753 0.6666666865348816 349
1669850804317 0.5 399
1669850831759 0.0 449
1669850846721 0.5 499
1669850861836 1.0 549
1669850876663 0.5 599
1669850891306 0.1666666716337204 649
1669850918755 0.3333333432674408 699
1669850933379 0.6666666865348816 749
1669850948158 0.0 799
1669850962944 0.0 849
1669850990800 0.3333333432674408 899
1669851005620 0.0 949
1669851020272 0.5 999
1669851035090 0.5 1049
1669851063412 0.3333333432674408 1099
1669851078159 0.5 1149
1669851092863 0.0 1199
1669851107672 0.6666666865348816 1249
1669851122504 0.0 1299
1669851150480 0.6666666865348816 1349
1669851165427 0.0 1399
1669851180236 0.4000000059604645 1449
1669851195008 1.0 1499
1669851222459 0.75 1549
1669851237136 0.3333333432674408 1599
1669851252061 0.6666666865348816 1649
1669851266852 0.0 1699
1669851294591 0.6666666865348816 1749
1669851309458 1.0 1799
1669851324101 0.5 1849
1669851338863 0.5 1899
1669851353710 0.6666666865348816 1949
1669851381726 0.5 1999
1669851396516 0.3333333432674408 2049
1669851411291 0.5 2099
1669851425929 1.0 2149
1669851454072 0.0 2199
1669851469020 1.0 2249
1669851483723 1.0 2299
1669851498369 0.5 2349
1669851526167 0.5 2399
1669851540922 0.5 2449
1669851556033 0.800000011920929 2499
1669851570808 0.6000000238418579 2549
1669851585818 0.3333333432674408 2599
1669851613402 0.5 2649
1669851628138 1.0 2699
1669851642977 1.0 2749
1669851657927 0.5 2799
1669851685884 0.0 2849
1669851700868 0.25 2899
1669851715705 0.3333333432674408 2949
1669851730386 0.0 2999
1669851758374 1.0 3049
1669851773168 0.6666666865348816 3099
1669851787856 0.5 3149
1669851802706 0.5 3199
1669851817768 0.6666666865348816 3249
1669851845637 0.0 3299
1669851860558 0.5 3349
1669851875309 0.0 3399
1669851890112 1.0 3449
1669851917809 0.0 3499
1669851932488 0.0 3549
1669851947236 0.6666666865348816 3599
1669851962032 0.4000000059604645 3649
1669851990056 0.0 3699
1669852004993 0.0 3749
1669852019644 0.0 3799
1669852034435 0.3333333432674408 3849
1669852049299 0.6000000238418579 3899
1669852077336 0.3333333432674408 3949
1669852092022 1.0 3999
1669852106829 0.0 4049
1669852121468 0.6000000238418579 4099
1669852149272 0.3333333432674408 4149
1669852164041 0.6666666865348816 4199
1669852179169 0.5 4249
1669852193846 0.5 4299
1669852221356 0.0 4349
1669852236020 1.0 4399
1669852250721 0.3333333432674408 4449
1669852265859 0.75 4499
1669852280637 1.0 4549
1669852308155 0.20000000298023224 4599
1669852322954 0.0 4649
1669852337804 0.3333333432674408 4699
1669852352532 0.0 4749
1669852380501 1.0 4799
1669852395195 0.6666666865348816 4849
1669852409828 0.6666666865348816 4899
1669852424730 1.0 4949
1669852452474 0.5 4999
1669852467423 0.5 5049
1669852482367 0.0 5099
1669852497014 0.0 5149
1669852511635 0.6666666865348816 5199
1669852539048 1.0 5249
1669852553690 1.0 5299
1669852568320 0.0 5349
1669852582982 0.0 5399
1669852610639 0.25 5449
1669852625489 0.6666666865348816 5499
1669852640252 0.800000011920929 5549
1669852655018 0.5 5599
1669852682869 1.0 5649
1669852697543 1.0 5699
1669852712239 0.4000000059604645 5749
1669852727309 1.0 5799
1669852742288 0.0 5849
1669852769961 1.0 5899
1669852784711 0.3333333432674408 5949
1669852799377 1.0 5999
1669852814173 0.0 6049
1669852842398 0.3333333432674408 6099
1669852857176 0.0 6149
1669852871973 0.0 6199
1669852886639 0.5 6249
1669852914714 1.0 6299
1669852929517 0.0 6349
1669852944334 0.5 6399
1669852959323 0.0 6449
1669852974013 0.0 6499
1669853001594 0.6666666865348816 6549
1669853016424 0.0 6599
1669853031369 1.0 6649
1669853046249 0.0 6699
1669853073862 0.0 6749
1669853088659 0.0 6799
1669853103326 0.75 6849
1669853117995 0.6666666865348816 6899
1669853146166 0.0 6949
1669853160936 0.5 6999
1669853175616 0.5 7049
1669853190295 0.0 7099
1669853205127 1.0 7149
1669853232567 0.5 7199
1669853247374 0.0 7249
1669853262145 0.3333333432674408 7299
1669853276966 1.0 7349
1669853304627 0.5 7399
1669853319428 0.0 7449
1669853334286 0.0 7499
1669853349273 1.0 7549
1669853377124 0.3333333432674408 7599
1669853392065 0.0 7649
1669853406718 0.20000000298023224 7699
1669853421360 0.6666666865348816 7749
1669853436289 1.0 7799
1669853464424 0.0 7849
1669853479072 1.0 7899
1669853493710 0.5 7949
1669853508433 0.6000000238418579 7999
1669853536184 0.5 8049
1669853551000 1.0 8099
1669853565920 0.6666666865348816 8149
1669853580584 0.0 8199
1669853608347 1.0 8249
1669853623018 0.6666666865348816 8299
1669853637734 0.5 8349
1669853652503 0.0 8399
1669853667253 0.0 8449
1669853695141 0.3333333432674408 8499
1669853709824 0.0 8549
1669853724655 0.0 8599
1669853739503 0.0 8649
1669853767678 0.0 8699
1669853782410 0.5 8749
1669853797131 0.5 8799
1669853812182 0.6666666865348816 8849
1669853839885 0.6666666865348816 8899
1669853854665 0.25 8949
1669853869630 0.3333333432674408 8999
1669853884637 0.0 9049
1669853899350 0.5 9099
1669853927199 0.6666666865348816 9149
1669853941883 0.0 9199
1669853956892 0.0 9249
1669853971654 0.0 9299
1669853999376 0.3333333432674408 9349
1669854014161 1.0 9399
1669854028830 0.0 9449
1669854043515 0.5 9499
1669854071492 0.25 9549
1669854086233 0.0 9599
1669854100902 0.5 9649
1669854116172 0.25 9699
1669854130852 0.6666666865348816 9749
1669854158489 0.25 9799
1669854173245 0.0 9849
1669854187988 0.0 9899
1669854202938 0.6000000238418579 9949
1669854230585 0.6666666865348816 9999
1669854245299 0.3333333432674408 10049
1669854260118 0.0 10099
1669854274932 1.0 10149
1669854302661 0.0 10199
1669854317323 0.0 10249
1669854332126 0.0 10299
1669854346763 1.0 10349
1669854361862 0.6666666865348816 10399
1669854390025 0.0 10449
1669854404830 0.25 10499
1669854419487 0.6666666865348816 10549
1669854434187 0.5 10599
1669854461714 0.800000011920929 10649
1669854476678 0.0 10699
1669854491806 0.5 10749
1669854506452 0.0 10799
1669854520917 0.0 10849
1669854548588 0.5 10899
1669854563355 1.0 10949
1669854578279 0.5 10999
1669854593080 1.0 11049
1669854620886 0.0 11099
1669854635857 0.75 11149
1669854650529 0.0 11199
1669854665211 0.0 11249
1669854692900 0.3333333432674408 11299
1669854707607 0.0 11349
1669854722274 0.5 11399
1669854737416 1.0 11449
1669854752039 0.0 11499
1669854780459 0.25 11549
1669854795369 1.0 11599
1669854810018 0.5 11649
1669854824723 0.5 11699
1669854852665 0.0 11749
1669854867595 0.6666666865348816 11799
1669854882347 0.5 11849
1669854897002 1.0 11899
1669854924518 0.0 11949
1669854939460 0.0 11999
1669854954231 1.0 12049
1669854969001 1.0 12099
1669854983886 0.5 12149
1669855011612 1.0 12199
1669855026459 0.5 12249
1669855041192 1.0 12299
1669855056008 0.6666666865348816 12349
1669855084423 1.0 12399
1669855099070 0.3333333432674408 12449
1669855113719 1.0 12499
1669855128704 0.5 12549
1669855156901 1.0 12599
1669855171716 0.0 12649
1669855186481 1.0 12699
1669855201275 0.0 12749
1669855216037 0.5 12799
1669855244521 0.5 12849
1669855259434 0.5 12899
1669855274295 0.0 12949
1669855289096 0.25 12999
1669855316788 1.0 13049
1669855331605 0.0 13099
1669855346337 0.0 13149
1669855361227 0.75 13199
1669855389454 0.0 13249
1669855404420 0.5 13299
1669855419082 0.3333333432674408 13349
1669855433793 0.3333333432674408 13399
1669855448455 0.6666666865348816 13449
1669855476948 0.0 13499
1669855491759 0.5 13549
1669855506583 0.5 13599
1669855521364 0.6666666865348816 13649
1669855549125 0.25 13699
1669855564054 0.0 13749
1669855578862 0.0 13799
1669855593589 0.0 13849
1669855621351 1.0 13899
1669855636013 0.6666666865348816 13949
1669855650806 0.3333333432674408 13999
1669855665588 1.0 14049
1669855680331 0.6666666865348816 14099
1669855708378 0.0 14149
1669855723190 0.0 14199
1669855737851 0.6666666865348816 14249
1669855752541 0.5 14299
1669855781058 1.0 14349
1669855795860 0.0 14399
1669855810545 1.0 14449
1669855825221 0.25 14499
1669855853061 0.3333333432674408 14549
1669855867996 0.5 14599
1669855882739 0.0 14649
1669855897606 0.5 14699
1669855912249 1.0 14749
1669855940101 1.0 14799
1669855954785 0.0 14849
1669855969622 0.3333333432674408 14899
1669855984599 0.3333333432674408 14949
1669856012483 1.0 14999
1669856027171 0.0 15049
1669856041875 0.5 15099
1669856056741 0.6666666865348816 15149
1669856085282 0.0 15199
1669856099987 0.0 15249
1669856114655 0.5 15299
1669856129487 0.6666666865348816 15349
1669856144138 0.5 15399
1669856172255 0.0 15449
1669856187083 0.5 15499
1669856201995 0.6000000238418579 15549
1669856216709 1.0 15599
1669856244751 0.6666666865348816 15649
1669856259405 0.3333333432674408 15699
1669856274208 0.3333333432674408 15749
1669856289166 0.5 15799
1669856317092 0.5 15849
1669856331903 0.0 15899
1669856346584 0.75 15949
1669856361312 0.3333333432674408 15999
1669856376099 0.3333333432674408 16049
1669856404523 1.0 16099
1669856419200 0.0 16149
1669856433858 0.3333333432674408 16199
1669856448745 0.0 16249
1669856477489 0.5 16299
1669856492282 0.0 16349
1669856507114 0.6666666865348816 16399
1669856521817 1.0 16449
1669856549546 1.0 16499
1669856564285 0.0 16549
1669856579126 0.25 16599
1669856594272 0.5 16649
1669856608986 1.0 16699
1669856636627 0.6666666865348816 16749
1669856651329 0.0 16799
1669856666232 0.0 16849
1669856681049 0.25 16899
1669856708889 0.0 16949
1669856723475 1.0 16999
1669856738236 1.0 17049
1669856752852 0.5 17099
1669856780729 1.0 17149
1669856795638 0.4000000059604645 17199
1669856810442 1.0 17249
1669856825316 0.0 17299
1669856839938 1.0 17349
1669856868054 0.0 17399
1669856883205 0.75 17449
1669856898412 0.0 17499
1669856913104 0.0 17549
1669856940818 1.0 17599
1669856955636 0.0 17649
1669856970374 0.25 17699
1669856984993 0.0 17749
1669857012810 0.75 17799
1669857027472 0.0 17849
1669857042271 1.0 17899
1669857056954 0.3333333432674408 17949
1669857071618 0.3333333432674408 17999
1669857099097 0.5 18049
1669857113930 0.0 18099
1669857128652 1.0 18149
1669857143453 0.6666666865348816 18199
1669857171387 0.3333333432674408 18249
1669857186082 1.0 18299
1669857200946 0.0 18349
1669857215648 0.0 18399
1669857244180 0.5 18449
1669857258943 0.0 18499
1669857273777 0.0 18549
1669857288439 0.5 18599
1669857303114 0.3333333432674408 18649
1669857331053 0.3333333432674408 18699
1669857345873 0.20000000298023224 18749
1669857360666 0.5 18799
1669857375700 1.0 18849
1669857403305 1.0 18899
1669857417974 0.6666666865348816 18949
1669857432830 0.0 18999
1669857447637 0.5 19049
1669857475313 0.6666666865348816 19099
1669857490023 1.0 19149
1669857504851 1.0 19199
1669857519548 0.5 19249
1669857534530 0.5 19299
1669857562649 0.5 19349
1669857577425 0.5 19399
1669857592085 1.0 19449
1669857606765 0.75 19499
1669857634499 0.25 19549
1669857649405 0.0 19599
1669857664173 0.3333333432674408 19649
1669857678950 0.6666666865348816 19699
1669857706815 0.0 19749
1669857721446 0.5 19799
1669857736073 0.3333333432674408 19849
1669857750654 0.0 19899
1669857765536 0.0 19949
1669857793297 0.6666666865348816 19999
1669857808056 0.75 20049
1669857822939 0.20000000298023224 20099
1669857837819 0.6666666865348816 20149
1669857866144 1.0 20199
1669857880820 0.0 20249
1669857895547 1.0 20299
1669857910438 0.5 20349
1669857938852 0.5 20399
1669857953600 0.5 20449
1669857968387 0.0 20499
1669857983052 0.5 20549
1669857997840 0.6666666865348816 20599
1669858025549 0.0 20649
1669858040304 0.3333333432674408 20699
1669858055405 0.5 20749
1669858070034 0.0 20799
1669858097664 0.5 20849
1669858112344 0.0 20899
1669858127123 0.5 20949
1669858141923 0.6666666865348816 20999
1669858169992 0.5 21049
1669858184969 0.0 21099
1669858199668 1.0 21149
1669858214375 0.0 21199
1669858229318 0.6666666865348816 21249
1669858257519 0.6000000238418579 21299
1669858272238 0.3333333432674408 21349
1669858286928 0.0 21399
1669858301656 0.0 21449
1669858329689 0.3333333432674408 21499
1669858344475 0.5 21549
1669858359229 0.4000000059604645 21599
1669858373990 0.4000000059604645 21649
1669858388451 0.0 21699
1669858415998 1.0 21749
1669858430688 0.3333333432674408 21799
1669858445635 0.5 21849
1669858460559 0.5 21899
1669858488394 0.4000000059604645 21949
1669858503070 0.6666666865348816 21999
1669858517739 0.0 22049
1669858532485 0.5 22099
1669858560649 0.0 22149
1669858575498 0.0 22199
1669858590239 1.0 22249
1669858605118 0.0 22299
1669858619963 0.4000000059604645 22349
1669858648252 0.5 22399
1669858663033 0.5 22449
1669858677695 0.6666666865348816 22499
1669858692343 0.75 22549
1669858720065 0.25 22599
1669858734989 1.0 22649
1669858749824 0.0 22699
1669858764642 0.0 22749
1669858792292 0.0 22799
1669858807084 0.0 22849
1669858821736 0.5 22899
1669858836435 0.5 22949
1669858851214 0.3333333432674408 22999
1669858879485 0.0 23049
1669858894177 0.5 23099
1669858908894 0.5 23149
1669858923597 0.5 23199
1669858952077 1.0 23249
1669858966872 0.0 23299
1669858981690 0.5 23349
1669858996358 0.0 23399
1669859023997 0.0 23449
1669859038653 0.0 23499
1669859053441 0.0 23549
1669859068206 0.5 23599
1669859083116 1.0 23649
1669859111063 0.0 23699
1669859125816 0.25 23749
1669859140445 0.0 23799
1669859155229 0.0 23849
1669859182875 0.5 23899
1669859197608 1.0 23949
1669859212507 0.5 23999
1669859227412 0.0 24049
1669859255718 1.0 24099
1669859270397 0.0 24149
1669859285212 0.0 24199
1669859299864 1.0 24249
1669859314648 0.5 24299
1669859343080 0.6666666865348816 24349
1669859357723 0.0 24399
1669859372403 0.5 24449
1669859387055 0.3333333432674408 24499
1669859415055 0.75 24549
1669859429859 0.3333333432674408 24599
1669859444650 0.0 24649
1669859459306 0.6666666865348816 24699
1669859486982 1.0 24749
1669859501683 1.0 24799
1669859516457 1.0 24849
1669859531300 0.0 24899
1669859546303 0.0 24949
1669859574114 1.0 24999
1669859588807 1.0 25049
1669859603763 0.0 25099
1669859618446 0.6666666865348816 25149
1669859646547 0.0 25199
1669859661265 1.0 25249
1669859675954 0.0 25299
1669859690764 0.3333333432674408 25349
1669859718714 0.0 25399
1669859733674 0.0 25449
1669859748804 1.0 25499
1669859763530 0.3333333432674408 25549
1669859778183 0.3333333432674408 25599
1669859805966 0.0 25649
1669859820692 0.5 25699
1669859835693 0.25 25749
1669859850458 0.20000000298023224 25799
1669859878313 0.3333333432674408 25849
1669859893054 0.4000000059604645 25899
1669859907784 0.3333333432674408 25949
1669859922603 0.0 25999
1669859951007 0.3333333432674408 26049
1669859965661 0.0 26099
1669859980477 1.0 26149
1669859995272 1.0 26199
1669860009933 0.0 26249
1669860038394 0.0 26299
1669860053107 0.3333333432674408 26349
1669860067776 0.3333333432674408 26399
1669860082596 0.3333333432674408 26449
1669860110201 0.5 26499
1669860125175 0.5 26549
1669860140072 0.0 26599
1669860154773 0.0 26649
1669860182285 0.5 26699
1669860197078 0.5 26749
1669860211895 0.5 26799
1669860226729 0.0 26849
1669860241500 0.5 26899
1669860269296 0.0 26949
1669860284283 0.3333333432674408 26999
1669860298975 0.0 27049
1669860313702 0.0 27099
1669860341882 0.0 27149
1669860356811 1.0 27199
1669860371498 1.0 27249
1669860386261 1.0 27299
1669860413982 0.0 27349
1669860428858 0.0 27399
1669860443761 1.0 27449
1669860458488 0.0 27499
1669860473271 0.25 27549
1669860500950 0.0 27599
1669860515599 0.25 27649
1669860530242 0.3333333432674408 27699
1669860544917 0.3333333432674408 27749
1669860572365 0.6666666865348816 27799
1669860587082 0.5 27849
1669860601939 0.3333333432674408 27899
1669860616972 1.0 27949
1669860645055 0.0 27999
1669860659743 0.0 28049
1669860674456 0.6666666865348816 28099
1669860689284 0.0 28149
1669860704048 1.0 28199
1669860732181 0.3333333432674408 28249
1669860746901 1.0 28299
1669860761929 0.6666666865348816 28349
1669860776778 0.6666666865348816 28399
1669860805157 0.0 28449
1669860819980 0.0 28499
1669860834859 1.0 28549
1669860849578 1.0 28599
1669860877273 1.0 28649
1669860891967 0.5 28699
1669860906876 0.3333333432674408 28749
1669860921843 0.0 28799
1669860936810 0.4000000059604645 28849
1669860964561 0.0 28899
1669860979365 0.3333333432674408 28949
1669860993975 0.5 28999
1669861008766 0.6666666865348816 29049
1669861037378 0.0 29099
1669861052165 0.0 29149
1669861066996 0.0 29199
1669861081812 0.0 29249
1669861110150 1.0 29299
1669861124945 0.3333333432674408 29349
1669861139736 0.0 29399
1669861154453 0.5 29449
1669861169293 0.3333333432674408 29499
1669861197415 1.0 29549
1669861212366 0.6666666865348816 29599
1669861227347 0.0 29649
1669861242139 0.5 29699
1669861338846 0.5 29749
1669861353505 0.5 29799
1669861368316 0.5 29849
1669861383129 1.0 29899
1669861411123 0.0 29949
1669861426105 0.25 29999
1669861440956 0.0 30049
1669861455830 0.6666666865348816 30099
1669861470544 1.0 30149
1669861498110 0.6666666865348816 30199
1669861513199 0.6666666865348816 30249
1669861527973 1.0 30299
1669861542691 0.0 30349
1669861570575 0.0 30399
1669861585404 0.4000000059604645 30449
1669861600045 0.0 30499
1669861614854 0.25 30549
1669861642895 0.6666666865348816 30599
1669861657527 0.75 30649
1669861672326 0.3333333432674408 30699
1669861687146 0.5 30749
1669861701923 1.0 30799
1669861730298 0.0 30849
1669861745245 0.3333333432674408 30899
1669861759919 0.3333333432674408 30949
1669861774581 0.6666666865348816 30999
1669861802319 0.0 31049
1669861817118 0.5 31099
1669861832071 1.0 31149
1669861846980 0.5 31199
1669861874882 0.0 31249
1669861889617 1.0 31299
1669861904303 0.75 31349
1669861918974 1.0 31399
1669861933721 0.75 31449
1669861961092 0.5 31499
1669861975974 0.3333333432674408 31549
1669861990999 0.3333333432674408 31599
1669862005928 0.6666666865348816 31649
1669862033498 0.5 31699
1669862048235 0.0 31749
1669862063004 0.0 31799
1669862078037 0.5 31849
1669862106308 0.5 31899
1669862121087 0.3333333432674408 31949
1669862135857 0.6666666865348816 31999
1669862150634 0.0 32049
1669862165305 1.0 32099
1669862193559 0.5 32149
1669862208364 0.0 32199
1669862223289 0.0 32249
1669862238056 0.0 32299
1669862265942 0.0 32349
1669862280895 0.3333333432674408 32399
1669862295632 1.0 32449
1669862310420 0.0 32499
1669862324844 0.0 32549
1669862352745 0.5 32599
1669862367557 0.6000000238418579 32649
1669862382480 0.0 32699
1669862397447 1.0 32749
1669862425163 0.0 32799
1669862439838 1.0 32849
1669862454514 0.0 32899
1669862469239 0.5 32949
1669862497716 0.6666666865348816 32999
1669862512535 0.0 33049
1669862527196 0.5 33099
1669862541995 0.5 33149
1669862556649 1.0 33199
1669862584698 0.5 33249
1669862599463 1.0 33299
1669862614292 0.25 33349
1669862628932 0.0 33399
1669862656678 0.0 33449
1669862671514 0.0 33499
1669862686498 0.5 33549
1669862701311 0.0 33599
1669862729020 0.0 33649
1669862743824 0.3333333432674408 33699
1669862758466 0.0 33749
1669862773141 0.5 33799
1669862788114 0.5 33849
1669862816579 0.5 33899
1669862831260 0.25 33949
1669862845966 0.5 33999
1669862860651 0.0 34049
1669862888876 0.0 34099
1669862903697 0.20000000298023224 34149
1669862918621 1.0 34199
1669862933302 0.6666666865348816 34249
1669862961243 0.3333333432674408 34299
1669862975901 0.5 34349
1669862990689 0.3333333432674408 34399
1669863005471 0.0 34449
1669863020172 0.0 34499
1669863048256 0.0 34549
1669863062923 0.5 34599
1669863077795 0.4000000059604645 34649
1669863092561 0.0 34699
1669863120687 0.5 34749
1669863135356 1.0 34799
1669863150007 0.0 34849
1669863164820 0.0 34899
1669863192973 0.75 34949
1669863207792 1.0 34999
1669863222617 0.5 35049
1669863237590 0.0 35099
1669863252255 1.0 35149
1669863280150 0.0 35199
1669863294786 1.0 35249
1669863309621 0.0 35299
1669863324473 0.5 35349
1669863352526 0.5 35399
1669863367477 0.0 35449
1669863382283 0.25 35499
1669863397064 0.75 35549
1669863424898 0.5 35599
1669863439558 0.4000000059604645 35649
1669863454454 1.0 35699
1669863469456 0.6666666865348816 35749
1669863484231 0.0 35799
1669863512273 0.3333333432674408 35849
1669863526922 1.0 35899
1669863541581 0.1666666716337204 35949
1669863556336 0.0 35999
1669863584784 0.6666666865348816 36049
1669863599649 0.0 36099
1669863614465 0.6666666865348816 36149
1669863629146 0.3333333432674408 36199
1669863657118 0.0 36249
1669863672031 0.5 36299
1669863686781 0.6666666865348816 36349
1669863701413 0.0 36399
1669863716048 0.0 36449
1669863743877 0.3333333432674408 36499
1669863758616 0.0 36549
1669863773795 0.5 36599
1669863788797 1.0 36649
1669863816601 0.0 36699
1669863831293 0.0 36749
1669863846123 1.0 36799
1669863860886 0.75 36849
1669863889093 1.0 36899
1669863903936 0.5 36949
1669863918616 1.0 36999
1669863933571 0.5 37049
1669863948235 0.3333333432674408 37099
1669863976443 0.20000000298023224 37149
1669863991228 1.0 37199
1669864006019 0.3333333432674408 37249
1669864020690 1.0 37299
1669864048667 0.25 37349
1669864063328 0.3333333432674408 37399
1669864078295 0.6666666865348816 37449
1669864093255 1.0 37499
1669864120995 0.6666666865348816 37549
1669864135616 0.3333333432674408 37599
1669864150248 0.0 37649
1669864164912 0.6666666865348816 37699
1669864179711 0.0 37749
1669864208146 0.5 37799
1669864222961 0.0 37849
1669864237749 0.0 37899
1669864252592 0.0 37949
1669864280936 0.0 37999
1669864295816 1.0 38049
1669864310531 0.6666666865348816 38099
1669864325203 0.5 38149
1669864352897 0.0 38199
1669864367789 1.0 38249
1669864383131 0.5 38299
1669864397919 0.0 38349
1669864412601 0.0 38399
1669864440411 0.0 38449
1669864455118 1.0 38499
1669864469906 0.0 38549
1669864484736 0.0 38599
1669864512939 1.0 38649
1669864527907 0.5 38699
1669864542598 0.3333333432674408 38749
1669864557289 0.6000000238418579 38799
1669864585688 0.5 38849
1669864600476 0.3333333432674408 38899
1669864615165 0.6666666865348816 38949
1669864630069 0.5 38999
1669864644708 0.0 39049
1669864672312 0.5 39099
1669864687254 1.0 39149
1669864701949 0.0 39199
1669864716634 0.6666666865348816 39249
1669864744354 1.0 39299
1669864759548 0.3333333432674408 39349
1669864774367 0.0 39399
1669864789136 0.3333333432674408 39449
1669864817046 0.5 39499
1669864831859 0.75 39549
1669864846652 0.6666666865348816 39599
1669864861439 1.0 39649
1669864876188 0.5 39699
1669864904271 1.0 39749
1669864919039 0.0 39799
1669864933925 0.0 39849
1669864948725 0.5 39899
1669864977178 0.20000000298023224 39949
1669864992009 0.5 39999
1669865006692 0.4000000059604645 40049
1669865021376 0.0 40099
1669865049726 1.0 40149
1669865064693 0.0 40199
1669865079495 0.6666666865348816 40249
1669865094194 1.0 40299
1669865109042 0.0 40349
1669865136592 0.5 40399
1669865151320 1.0 40449
1669865166158 0.3333333432674408 40499
1669865180963 1.0 40549
1669865209369 0.5 40599
1669865224566 0.5 40649
1669865239436 0.6000000238418579 40699
1669865254123 1.0 40749
1669865282389 0.0 40799
1669865297149 1.0 40849
1669865311878 0.0 40899
1669865326742 1.0 40949
1669865341557 0.4000000059604645 40999
1669865369839 0.3333333432674408 41049
1669865384609 0.3333333432674408 41099
1669865399472 0.0 41149
1669865414122 0.75 41199
1669865442025 0.5 41249
1669865456705 0.6666666865348816 41299
1669865471551 0.0 41349
1669865486697 1.0 41399
1669865514459 0.5 41449
1669865529280 0.25 41499
1669865543942 0.5 41549
1669865558617 0.6666666865348816 41599
1669865573612 0.25 41649
1669865601676 0.0 41699
1669865616345 0.0 41749
1669865631178 0.5 41799
1669865645855 1.0 41849
1669865674059 0.3333333432674408 41899
1669865689043 0.0 41949
1669865703716 0.5 41999
1669865718378 0.4000000059604645 42049
1669865746380 0.0 42099
1669865761119 0.0 42149
1669865775930 0.0 42199
1669865790658 0.5 42249
1669865805545 0.6666666865348816 42299
1669865833310 0.5 42349
1669865848052 0.6666666865348816 42399
1669865862900 0.3333333432674408 42449
1669865877763 0.0 42499
1669865906113 0.5 42549
1669865920808 0.5 42599
1669865935647 0.75 42649
1669865950382 0.0 42699
1669865978755 0.3333333432674408 42749
1669865993509 0.6666666865348816 42799
1669866008209 0.0 42849
1669866022875 0.0 42899
1669866037554 0.5 42949
1669866065785 1.0 42999
1669866080553 0.0 43049
1669866095475 0.0 43099
1669866110107 0.0 43149
1669866137699 0.25 43199
1669866152428 0.3333333432674408 43249
1669866167090 0.5 43299
1669866182040 0.0 43349
1669866196524 0.0 43399
1669866224575 0.5 43449
1669866239319 0.0 43499
1669866254067 0.5 43549
1669866268825 0.5 43599
1669866296874 1.0 43649
1669866311851 0.5 43699
1669866326522 0.25 43749
1669866341568 0.75 43799
1669866369985 0.5 43849
1669866384660 0.0 43899
1669866399287 0.3333333432674408 43949
1669866413889 0.3333333432674408 43999
1669866428649 0.6666666865348816 44049
1669866456905 0.0 44099
1669866471738 0.3333333432674408 44149
1669866486590 0.6666666865348816 44199
1669866501412 0.5 44249
1669866529478 0.5 44299
1669866544245 1.0 44349
1669866559063 0.0 44399
1669866574001 0.0 44449
1669866601720 0.5 44499
1669866616366 0.6666666865348816 44549
1669866631148 0.0 44599
1669866645861 0.20000000298023224 44649
1669866660798 0.800000011920929 44699
1669866689002 0.6666666865348816 44749
1669866703642 0.5 44799
1669866718428 0.3333333432674408 44849
1669866733076 0.0 44899
1669866761787 1.0 44949
1669866776564 0.25 44999
1669866791310 0.0 45049
1669866806158 0.0 45099
1669866834013 0.75 45149
1669866848801 0.75 45199
1669866863580 0.3333333432674408 45249
1669866878504 0.3333333432674408 45299
1669866893242 0.0 45349
1669866921149 0.6666666865348816 45399
1669866935794 0.0 45449
1669866950461 0.0 45499
1669866965320 0.3333333432674408 45549
1669866993718 0.0 45599
1669867008432 0.5 45649
1669867023246 0.0 45699
1669867037889 1.0 45749
1669867065811 0.6000000238418579 45799
1669867080595 0.0 45849
1669867095520 0.5 45899
1669867110220 0.6666666865348816 45949
1669867124983 0.3333333432674408 45999
1669867153114 0.800000011920929 46049
1669867167893 0.5 46099
1669867182692 1.0 46149
1669867197485 0.25 46199
1669867224907 0.5 46249
1669867239727 0.6000000238418579 46299
1669867254395 0.0 46349
1669867269715 0.6666666865348816 46399
1669867297867 1.0 46449
1669867312712 0.5 46499
1669867327397 0.4000000059604645 46549
1669867342081 0.5 46599
1669867356788 0.0 46649
1669867384671 0.3333333432674408 46699
1669867399923 0.0 46749
1669867414815 0.3333333432674408 46799
1669867429466 0.5 46849
1669867457232 0.6666666865348816 46899
1669867471987 0.6666666865348816 46949
1669867486841 0.0 46999
1669867501713 0.0 47049
1669867529515 0.3333333432674408 47099
1669867544439 1.0 47149
1669867559072 0.5 47199
1669867573837 0.0 47249
1669867588606 0.3333333432674408 47299
1669867617146 0.0 47349
1669867631790 0.800000011920929 47399
1669867646393 0.5 47449
1669867661015 1.0 47499
1669867689078 0.0 47549
1669867703748 0.0 47599
1669867718560 0.0 47649
1669867733217 0.5 47699
1669867761351 1.0 47749
1669867776151 0.5 47799
1669867790919 0.800000011920929 47849
1669867805753 0.6666666865348816 47899
1669867820740 0.0 47949
1669867848771 1.0 47999
1669867863801 0.6666666865348816 48049
1669867878632 0.25 48099
1669867893289 0.5 48149
1669867921118 1.0 48199
1669867935835 0.6666666865348816 48249
1669867950892 0.0 48299
1669867965800 0.3333333432674408 48349
1669867993787 0.5 48399
1669868008634 0.6666666865348816 48449
1669868023254 0.6666666865348816 48499
1669868037890 0.5 48549
1669868052609 0.5 48599
1669868081232 0.6666666865348816 48649
1669868096056 0.5 48699
1669868110760 0.5 48749
1669868125470 0.0 48799
1669868152964 0.3333333432674408 48849
1669868167810 0.5 48899
1669868182629 0.75 48949
1669868197314 0.3333333432674408 48999
1669868225215 0.5 49049
1669868240011 0.4000000059604645 49099
1669868254879 0.6666666865348816 49149
1669868269687 0.0 49199
1669868284479 0.25 49249
1669868312797 0.0 49299
1669868327484 0.5 49349
1669868342205 0.0 49399
1669868357175 0.5 49449
1669868385494 0.0 49499
1669868400338 0.5 49549
1669868415142 0.25 49599
1669868429825 0.5 49649
1669868457672 1.0 49699
1669868472646 0.5 49749
1669868487466 0.6666666865348816 49799
1669868502260 0.0 49849
1669868517077 0.3333333432674408 49899
1669868545117 0.6666666865348816 49949
1669868559865 0.6666666865348816 49999
1669868574624 0.5 50049
1669868589520 1.0 50099
1669868617671 0.3333333432674408 50149
1669868632328 0.0 50199
1669868647012 0.75 50249
1669868661838 0.5 50299
1669868690387 0.0 50349
1669868705241 1.0 50399
1669868720025 0.3333333432674408 50449
1669868734770 0.6666666865348816 50499
1669868749493 0.5 50549
1669868777493 1.0 50599
1669868792325 0.0 50649
1669868807135 0.5 50699
1669868821983 0.5 50749
1669868849904 0.0 50799
1669868864639 0.3333333432674408 50849
1669868879368 0.25 50899
1669868894413 0.5 50949
1669868922541 0.0 50999
1669868937265 0.5 51049
1669868952142 0.0 51099
1669868966895 1.0 51149
1669868981647 1.0 51199
1669869010304 0.3333333432674408 51249
1669869025026 1.0 51299
1669869039832 1.0 51349
1669869054510 1.0 51399
1669869082558 0.5 51449
1669869097337 0.0 51499
1669869112277 0.5 51549
1669869126947 1.0 51599
1669869155239 0.0 51649
1669869169996 0.5 51699
1669869184635 0.5 51749
1669869199269 0.25 51799
1669869214069 0.5 51849
1669869241897 0.3333333432674408 51899
1669869256571 0.0 51949
1669869271726 0.0 51999
1669869286518 0.3333333432674408 52049
1669869314672 0.25 52099
1669869329568 0.5 52149
1669869344315 0.0 52199
1669869359068 0.5 52249
1669869387635 0.3333333432674408 52299
1669869402323 1.0 52349
1669869417317 1.0 52399
1669869432067 0.3333333432674408 52449
1669869446883 1.0 52499
1669869474780 0.3333333432674408 52549
1669869489586 1.0 52599
1669869504347 0.0 52649
1669869519331 0.3333333432674408 52699
1669869547348 1.0 52749
1669869562027 0.5 52799
1669869577009 0.3333333432674408 52849
1669869591985 0.0 52899
1669869620214 0.0 52949
1669869634915 1.0 52999
1669869649564 0.5 53049
1669869664483 0.3333333432674408 53099
1669869679505 0.6666666865348816 53149
1669869707572 0.3333333432674408 53199
1669869722267 0.0 53249
1669869736961 0.0 53299
1669869751630 0.25 53349
1669869779856 0.800000011920929 53399
1669869794666 0.0 53449
1669869809779 1.0 53499
1669869824617 0.0 53549
1669869852490 1.0 53599
1669869867121 0.3333333432674408 53649
1669869881937 1.0 53699
1669869896897 0.0 53749
1669869911587 1.0 53799
1669869939539 0.6666666865348816 53849
1669869954540 0.0 53899
1669869969479 1.0 53949
1669869984277 0.0 53999
1669870012426 0.5 54049
1669870027087 1.0 54099
1669870041905 1.0 54149
1669870056626 0.0 54199
1669870071183 1.0 54249
1669870100033 0.0 54299
1669870114888 0.6000000238418579 54349
1669870129571 0.5 54399
1669870144241 0.5 54449
1669870172163 0.5 54499
1669870186975 0.0 54549
1669870201746 0.6666666865348816 54599
1669870216459 0.0 54649
1669870244361 0.5 54699
1669870259232 0.6666666865348816 54749
1669870274112 0.4000000059604645 54799
1669870289143 0.5 54849
1669870303955 0.0 54899
1669870331651 0.5 54949
1669870346272 1.0 54999
1669870360900 0.0 55049
1669870375595 0.6666666865348816 55099
1669870404324 1.0 55149
1669870419198 1.0 55199
1669870434179 1.0 55249
1669870448883 0.0 55299
1669870476747 0.0 55349
1669870491558 0.0 55399
1669870506344 0.5 55449
1669870521070 0.0 55499
1669870535851 0.0 55549
1669870564217 0.0 55599
1669870578852 0.0 55649
1669870593478 0.5 55699
1669870608116 0.0 55749
1669870636046 0.0 55799
1669870650721 0.5 55849
1669870665640 1.0 55899
1669870680598 1.0 55949
1669870708710 0.5 55999
1669870723572 0.0 56049
1669870738265 0.6666666865348816 56099
1669870753048 0.3333333432674408 56149
1669870767838 0.3333333432674408 56199
1669870796087 0.5 56249
1669870810824 0.3333333432674408 56299
1669870825756 0.3333333432674408 56349
1669870840804 0.3333333432674408 56399
1669870869085 0.0 56449
1669870884088 0.0 56499
1669870898787 0.3333333432674408 56549
1669870913484 0.0 56599
1669870941139 0.0 56649
1669870955854 0.6000000238418579 56699
1669870970902 0.0 56749
1669870985936 0.6666666865348816 56799
1669871000705 0.3333333432674408 56849
1669871028472 0.800000011920929 56899
1669871043170 0.3333333432674408 56949
1669871058047 1.0 56999
1669871072890 0.0 57049
1669871101227 0.6666666865348816 57099
1669871116050 0.6666666865348816 57149
1669871130829 0.4000000059604645 57199
1669871145489 1.0 57249
1669871173707 0.0 57299
1669871188614 0.6666666865348816 57349
1669871203239 0.6666666865348816 57399
1669871218001 0.0 57449
1669871232771 1.0 57499
1669871260495 0.5 57549
1669871275351 0.5 57599
1669871290182 0.3333333432674408 57649
1669871305042 0.3333333432674408 57699
1669871332782 1.0 57749
1669871347785 0.3333333432674408 57799
1669871362480 0.0 57849
1669871377320 0.0 57899
1669871405586 0.6666666865348816 57949
1669871420219 0.6666666865348816 57999
1669871435003 1.0 58049
1669871449647 0.6666666865348816 58099
1669871464443 0.75 58149
1669871492916 0.25 58199
1669871507837 0.0 58249
1669871522491 1.0 58299
1669871537148 0.6000000238418579 58349
1669871565034 0.6666666865348816 58399
1669871579850 0.6666666865348816 58449
1669871594763 0.0 58499
1669871609522 0.0 58549
1669871637492 0.5 58599
1669871652309 0.5 58649
1669871666987 0.5 58699
1669871681771 0.5 58749
1669871696729 0.5 58799
1669871724792 1.0 58849
1669871739424 0.25 58899
1669871754213 0.5 58949
1669871768876 0.6666666865348816 58999
1669871797502 0.75 59049
1669871812274 0.3333333432674408 59099
1669871826999 0.0 59149
1669871841973 0.0 59199
1669871869852 0.3333333432674408 59249
1669871884748 0.6666666865348816 59299
1669871899756 1.0 59349
1669871914587 0.75 59399
1669871929446 1.0 59449
1669871957205 0.5 59499
1669871971837 0.0 59549
1669871986497 0.0 59599
1669872001434 0.0 59649
1669872029403 0.6666666865348816 59699
1669872044090 0.5 59749
1669872058749 0.0 59799
1669872073557 0.0 59849
1669872101868 0.0 59899
1669872116523 0.6666666865348816 59949
1669872131212 0.3333333432674408 59999
1669872146160 0.5 60049
1669872160904 0.4000000059604645 60099
1669872189375 0.3333333432674408 60149
1669872204056 0.0 60199
1669872218730 0.3333333432674408 60249
1669872233406 0.75 60299
1669872261480 0.5 60349
1669872276252 0.5 60399
1669872291004 0.25 60449
1669872306064 0.3333333432674408 60499
1669872333971 0.5 60549
1669872348925 0.3333333432674408 60599
1669872363592 0.0 60649
1669872378370 1.0 60699
1669872393134 1.0 60749
1669872421273 0.5 60799
1669872435968 0.6666666865348816 60849
1669872450785 0.25 60899
1669872465437 0.5 60949
1669872493975 0.0 60999
1669872508728 0.3333333432674408 61049
1669872523355 0.5 61099
1669872537990 0.0 61149
1669872565892 0.0 61199
1669872580785 0.25 61249
1669872595543 0.5 61299
1669872610290 0.6666666865348816 61349
1669872625062 0.0 61399
1669872653055 0.5 61449
1669872667725 0.5 61499
1669872682434 0.0 61549
1669872697561 0.6666666865348816 61599
1669872725629 1.0 61649
1669872740298 0.6666666865348816 61699
1669872754950 1.0 61749
1669872769747 1.0 61799
1669872798229 0.6666666865348816 61849
1669872813031 0.3333333432674408 61899
1669872827804 0.75 61949
1669872842780 0.6666666865348816 61999
1669872857485 1.0 62049
1669872885260 1.0 62099
1669872900098 0.5 62149
1669872915015 1.0 62199
1669872929662 0.0 62249
1669872957511 0.5 62299
1669872972341 0.3333333432674408 62349
1669872987083 0.0 62399
1669873001893 0.5 62449
1669873029766 0.0 62499
1669873044591 0.0 62549
1669873059281 0.5 62599
1669873073960 0.3333333432674408 62649
1669873088725 0.6666666865348816 62699
1669873116961 0.5 62749
1669873131637 0.5 62799
1669873146461 0.5 62849
1669873161263 0.5 62899
1669873189286 0.6000000238418579 62949
1669873204259 0.0 62999
1669873219052 0.0 63049
1669873233746 1.0 63099
1669873261240 0.5 63149
1669873276122 0.0 63199
1669873291370 0.5 63249
1669873306200 0.0 63299
1669873321169 0.3333333432674408 63349
1669873348997 1.0 63399
1669873363678 0.0 63449
1669873378361 0.0 63499
1669873393118 1.0 63549
1669873422048 0.0 63599
1669873436776 0.6666666865348816 63649
1669873451434 0.20000000298023224 63699
1669873466191 0.0 63749
1669873493922 0.0 63799
1669873508657 1.0 63849
1669873523382 0.5 63899
1669873538285 0.0 63949
1669873553011 1.0 63999
1669873581823 0.0 64049
1669873596658 1.0 64099
1669873611475 0.0 64149
1669873626174 0.5 64199
1669873654339 0.0 64249
1669873669114 1.0 64299
1669873684076 0.0 64349
1669873698887 0.6666666865348816 64399
1669873726769 0.25 64449
1669873741558 0.6666666865348816 64499
1669873756410 0.0 64549
1669873771217 0.5 64599
1669873786027 0.3333333432674408 64649
1669873814110 0.0 64699
1669873828818 0.25 64749
1669873843755 0.0 64799
1669873858534 0.0 64849
1669873887009 1.0 64899
1669873901767 1.0 64949
1669873916400 1.0 64999
1669873931203 0.0 65049
1669873945664 0.0 65099
