1669850750000 0.4898844063282013 216
1669850826306 0.4943641722202301 433
1669850903664 0.48526012897491455 650
1669850980367 0.4950866997241974 867
1669851058158 0.49364161491394043 1084
1669851135352 0.49002888798713684 1301
1669851212680 0.48280346393585205 1518
1669851289718 0.4963872730731964 1735
1669851367180 0.4862716794013977 1952
1669851444441 0.48728322982788086 2169
1669851521657 0.4939306378364563 2386
1669851599133 0.49046242237091064 2603
1669851676613 0.4887283146381378 2820
1669851754041 0.4932080805301666 3037
1669851831261 0.4903179109096527 3254
1669851908871 0.4901733994483948 3471
1669851986085 0.48973989486694336 3688
1669852063607 0.4934971034526825 3905
1669852140421 0.48887282609939575 4122
1669852217692 0.4849711060523987 4339
1669852294803 0.4919075071811676 4556
1669852372120 0.49378612637519836 4773
1669852449020 0.49161848425865173 4990
1669852526083 0.48887282609939575 5207
1669852602360 0.4911849796772003 5424
1669852679652 0.4901733994483948 5641
1669852757017 0.4927745759487152 5858
1669852834482 0.48684972524642944 6075
1669852911775 0.4890173375606537 6292
1669852989130 0.4887283146381378 6509
1669853066388 0.48598265647888184 6726
1669853143622 0.49494218826293945 6943
1669853220016 0.48771676421165466 7160
1669853297385 0.48800578713417053 7377
1669853374870 0.4894508719444275 7594
1669853452274 0.49205201864242554 7811
1669853529254 0.4885838031768799 8028
1669853606443 0.4891618490219116 8245
1669853683555 0.4874277412891388 8462
1669853761006 0.4911849796772003 8679
1669853838252 0.49205201864242554 8896
1669853915793 0.4871387183666229 9113
1669853993097 0.4906069338321686 9330
1669854070131 0.4858381450176239 9547
1669854147441 0.4906069338321686 9764
1669854224529 0.49046242237091064 9981
1669854301652 0.4914740025997162 10198
1669854379191 0.4926300644874573 10415
1669854455984 0.49002888798713684 10632
1669854533168 0.4903179109096527 10849
1669854610331 0.49291908740997314 11066
1669854687426 0.49219653010368347 11283
1669854765082 0.4903179109096527 11500
1669854842260 0.48930636048316956 11717
1669854919334 0.4926300644874573 11934
1669854996739 0.4926300644874573 12151
1669855074230 0.4895953834056854 12368
1669855152005 0.49407514929771423 12585
1669855229810 0.4971098303794861 12802
1669855307229 0.49089595675468445 13019
1669855384822 0.49378612637519836 13236
1669855462438 0.49291908740997314 13453
1669855539769 0.4907514452934265 13670
1669855617076 0.49450868368148804 13887
1669855694490 0.4930635690689087 14104
1669855771864 0.49364161491394043 14321
1669855849153 0.49494218826293945 14538
1669855926295 0.4952312111854553 14755
1669856003804 0.4903179109096527 14972
1669856081550 0.4943641722202301 15189
1669856158552 0.4903179109096527 15406
1669856236376 0.4963872730731964 15623
1669856313668 0.49407514929771423 15840
1669856391434 0.4955202341079712 16057
1669856469206 0.4956647455692291 16274
1669856546476 0.4926300644874573 16491
1669856623860 0.4910404682159424 16708
1669856701084 0.49378612637519836 16925
1669856777883 0.49450868368148804 17142
1669856855366 0.4956647455692291 17359
1669856932931 0.4950866997241974 17576
1669857010233 0.4923410415649414 17793
1669857086856 0.49205201864242554 18010
1669857164196 0.49407514929771423 18227
1669857241638 0.49219653010368347 18444
1669857318729 0.49089595675468445 18661
1669857396292 0.49219653010368347 18878
1669857473401 0.4943641722202301 19095
1669857550792 0.4919075071811676 19312
1669857627856 0.4968208074569702 19529
1669857705197 0.4963872730731964 19746
1669857781977 0.4947976768016815 19963
1669857859673 0.49450868368148804 20180
1669857937500 0.4952312111854553 20397
1669858014518 0.4963872730731964 20614
1669858091511 0.497254341840744 20831
1669858168971 0.4963872730731964 21048
1669858246569 0.49335259199142456 21265
1669858323833 0.49580925703048706 21482
1669858400642 0.4956647455692291 21699
1669858477620 0.4947976768016815 21916
1669858555151 0.4975433647632599 22133
1669858632843 0.49450868368148804 22350
1669858709914 0.49537572264671326 22567
1669858787115 0.4943641722202301 22784
1669858864569 0.4971098303794861 23001
1669858941800 0.49609827995300293 23218
1669859019167 0.497254341840744 23435
1669859096528 0.4966762959957123 23652
1669859173231 0.497254341840744 23869
1669859251146 0.4988439381122589 24086
1669859328529 0.49768784642219543 24303
1669859405607 0.495953768491745 24520
1669859482513 0.495953768491745 24737
1669859560185 0.4968208074569702 24954
1669859637494 0.49768784642219543 25171
1669859714589 0.4956647455692291 25388
1669859792362 0.49898844957351685 25605
1669859869623 0.4963872730731964 25822
1669859947288 0.49364161491394043 26039
1669860024795 0.4995664656162262 26256
1669860101857 0.49768784642219543 26473
1669860178905 0.4982658922672272 26690
1669860256202 0.4971098303794861 26907
1669860333522 0.497254341840744 27124
1669860410892 0.49609827995300293 27341
1669860488136 0.49739885330200195 27558
1669860564575 0.4968208074569702 27775
1669860642241 0.49450868368148804 27992
1669860719561 0.49768784642219543 28209
1669860797578 0.4955202341079712 28426
1669860874755 0.5001444816589355 28643
1669860952265 0.49855491518974304 28860
1669861030103 0.4966762959957123 29077
1669861107921 0.4979768693447113 29294
1669861185509 0.49696531891822815 29511
1669861331868 0.49812138080596924 29728
1669861409146 0.5002890229225159 29945
1669861486544 0.4975433647632599 30162
1669861563989 0.4956647455692291 30379
1669861641321 0.49739885330200195 30596
1669861718903 0.5007225275039673 30813
1669861796024 0.5008670687675476 31030
1669861873595 0.49768784642219543 31247
1669861950044 0.49971097707748413 31464
1669862027469 0.498699426651001 31681
1669862105217 0.4956647455692291 31898
1669862182700 0.4962427616119385 32115
1669862260261 0.4991329610347748 32332
1669862337406 0.49812138080596924 32549
1669862414614 0.49971097707748413 32766
1669862492034 0.4991329610347748 32983
1669862569308 0.49985548853874207 33200
1669862646564 0.49855491518974304 33417
1669862723761 0.5014451146125793 33634
1669862801416 0.49898844957351685 33851
1669862878678 0.4975433647632599 34068
1669862956278 0.49985548853874207 34285
1669863033421 0.4975433647632599 34502
1669863111139 0.4984104037284851 34719
1669863188331 0.49812138080596924 34936
1669863265749 0.501300573348999 35153
1669863343062 0.5014451146125793 35370
1669863420596 0.49580925703048706 35587
1669863498216 0.49898844957351685 35804
1669863575699 0.4971098303794861 36021
1669863653078 0.4982658922672272 36238
1669863730144 0.497254341840744 36455
1669863807950 0.5001444816589355 36672
1669863885331 0.502601146697998 36889
1669863962758 0.49971097707748413 37106
1669864039995 0.49898844957351685 37323
1669864117674 0.5037572383880615 37540
1669864194998 0.5002890229225159 37757
1669864272763 0.501300573348999 37974
1669864349792 0.5001444816589355 38191
1669864427581 0.5 38408
1669864505014 0.49783235788345337 38625
1669864582857 0.5023121237754822 38842
1669864659851 0.5015895962715149 39059
1669864736787 0.49494218826293945 39276
1669864814474 0.5005780458450317 39493
1669864891866 0.5020231008529663 39710
1669864969932 0.5018786191940308 39927
1669865047489 0.4995664656162262 40144
1669865124640 0.4988439381122589 40361
1669865202151 0.49739885330200195 40578
1669865280349 0.4988439381122589 40795
1669865357988 0.49812138080596924 41012
1669865435243 0.5017340779304504 41229
1669865512807 0.5008670687675476 41446
1669865590360 0.49985548853874207 41663
1669865667621 0.5018786191940308 41880
1669865744938 0.49971097707748413 42097
1669865822291 0.5031791925430298 42314
1669865899905 0.5057803392410278 42531
1669865977716 0.5001444816589355 42748
1669866054954 0.49942195415496826 42965
1669866131947 0.501300573348999 43182
1669866209038 0.4995664656162262 43399
1669866286330 0.498699426651001 43616
1669866364277 0.4988439381122589 43833
1669866441333 0.5005780458450317 44050
1669866519336 0.5036126971244812 44267
1669866596630 0.5031791925430298 44484
1669866674176 0.4984104037284851 44701
1669866751814 0.5010115504264832 44918
1669866829196 0.5001444816589355 45135
1669866906539 0.5020231008529663 45352
1669866984108 0.5001444816589355 45569
1669867060987 0.4991329610347748 45786
1669867138657 0.5011560916900635 46003
1669867215713 0.5004335045814514 46220
1669867293562 0.5001444816589355 46437
1669867370584 0.5010115504264832 46654
1669867448246 0.5046243071556091 46871
1669867525564 0.5043352842330933 47088
1669867603197 0.5027456879615784 47305
1669867680134 0.502601146697998 47522
1669867757601 0.5028901696205139 47739
1669867835324 0.5010115504264832 47956
1669867912780 0.5024566650390625 48173
1669867990383 0.501300573348999 48390
1669868067880 0.5069364309310913 48607
1669868144983 0.5017340779304504 48824
1669868222034 0.501300573348999 49041
1669868299616 0.5056358575820923 49258
1669868377609 0.49985548853874207 49475
1669868454891 0.5043352842330933 49692
1669868532468 0.5018786191940308 49909
1669868610078 0.507514476776123 50126
1669868687795 0.5007225275039673 50343
1669868765198 0.5023121237754822 50560
1669868842512 0.5036126971244812 50777
1669868920272 0.4988439381122589 50994
1669868998137 0.5036126971244812 51211
1669869075608 0.5023121237754822 51428
1669869153358 0.49985548853874207 51645
1669869230295 0.5017340779304504 51862
1669869308026 0.502601146697998 52079
1669869385956 0.5015895962715149 52296
1669869463105 0.5033236742019653 52513
1669869540997 0.5095375776290894 52730
1669869618734 0.5066474080085754 52947
1669869696419 0.5062138438224792 53164
1669869773754 0.5049132704734802 53381
1669869851457 0.5063583850860596 53598
1669869928835 0.5049132704734802 53815
1669870006720 0.5060693621635437 54032
1669870084123 0.5056358575820923 54249
1669870161773 0.5043352842330933 54466
1669870238878 0.5056358575820923 54683
1669870316595 0.505491316318512 54900
1669870393800 0.5062138438224792 55117
1669870471534 0.5014451146125793 55334
1669870548832 0.5060693621635437 55551
1669870626163 0.5066474080085754 55768
1669870703861 0.5069364309310913 55985
1669870781482 0.5057803392410278 56202
1669870859449 0.5050578117370605 56419
1669870936604 0.5018786191940308 56636
1669871014203 0.5002890229225159 56853
1669871091955 0.5010115504264832 57070
1669871169408 0.5036126971244812 57287
1669871246462 0.5017340779304504 57504
1669871323844 0.5041907429695129 57721
1669871401572 0.5091040730476379 57938
1669871479181 0.5041907429695129 58155
1669871556267 0.5031791925430298 58372
1669871633775 0.5031791925430298 58589
1669871711324 0.5030347108840942 58806
1669871789018 0.4991329610347748 59023
1669871866467 0.5091040730476379 59240
1669871944160 0.5059248805046082 59457
1669872021290 0.5046243071556091 59674
1669872098783 0.5050578117370605 59891
1669872176208 0.5052022933959961 60108
1669872253505 0.5052022933959961 60325
1669872331164 0.5036126971244812 60542
1669872408522 0.5044797658920288 60759
1669872486451 0.5027456879615784 60976
1669872563389 0.5070809125900269 61193
1669872640895 0.5079479813575745 61410
1669872718451 0.5076589584350586 61627
1669872795970 0.5023121237754822 61844
1669872873385 0.5027456879615784 62061
1669872950619 0.5053468346595764 62278
1669873027824 0.5076589584350586 62495
1669873105098 0.5047687888145447 62712
1669873182563 0.5069364309310913 62929
1669873259650 0.5073699355125427 63146
1669873337675 0.5085260272026062 63363
1669873415645 0.5060693621635437 63580
1669873492595 0.501300573348999 63797
1669873570705 0.5037572383880615 64014
1669873648048 0.5033236742019653 64231
1669873725687 0.5057803392410278 64448
1669873803373 0.5041907429695129 64665
1669873881088 0.5028901696205139 64882
1669873958214 0.507514476776123 65099
