1669168623799 37.0 216
1669168695815 193.25 433
1669168767821 85.5 650
1669168839742 120.25 867
1669168911754 88.25 1084
1669168983873 65.75 1301
1669169056047 97.0 1518
1669169128379 129.5 1735
1669169201016 82.5 1952
1669169273147 83.0 2169
1669169345301 72.25 2386
1669169417798 145.25 2603
1669169490025 56.25 2820
1669169562195 50.5 3037
1669169634749 43.0 3254
1669169707109 39.75 3471
1669169779331 186.5 3688
1669169851644 69.25 3905
1669169923921 71.75 4122
1669169996102 32.75 4339
1669170068487 28.5 4556
1669170141139 26.25 4773
1669170213937 26.25 4990
1669170286248 26.5 5207
1669170358647 42.0 5424
1669170431198 20.75 5641
1669170503671 28.25 5858
1669170576106 20.75 6075
1669170648541 20.75 6292
1669170720982 11.25 6509
1669170793480 19.5 6726
1669170865690 13.75 6943
1669170938037 15.25 7160
1669171010514 17.75 7377
1669171082799 10.75 7594
1669171155262 14.5 7811
1669171227794 21.5 8028
1669171300225 22.75 8245
1669171372891 15.5 8462
1669171445368 15.5 8679
1669171517814 10.75 8896
1669171590461 12.0 9113
1669171662739 12.0 9330
1669171735243 12.5 9547
1669171807692 11.0 9764
1669171880213 17.75 9981
1669171952617 18.25 10198
1669172025041 16.5 10415
1669172097571 13.5 10632
1669172170035 18.0 10849
1669172242562 19.75 11066
1669172314805 9.75 11283
1669172387501 10.5 11500
1669172459924 15.0 11717
1669172532252 10.0 11934
1669172604689 9.0 12151
1669172677163 9.25 12368
1669172749577 14.25 12585
1669172821968 11.25 12802
1669172894424 11.0 13019
1669172966942 9.75 13236
1669173039779 11.5 13453
1669173112208 15.25 13670
1669173185111 9.5 13887
1669173257871 16.75 14104
1669173330369 11.75 14321
1669173402652 13.0 14538
1669173475149 13.75 14755
1669173547593 14.5 14972
1669173620307 15.25 15189
1669173692979 9.25 15406
1669173765436 10.75 15623
1669173838531 10.25 15840
1669173911005 18.5 16057
1669173983272 11.75 16274
1669174055711 10.5 16491
1669174128238 13.25 16708
1669174200876 12.0 16925
1669174273280 12.0 17142
1669174346016 8.5 17359
1669174418299 9.75 17576
1669174490818 8.75 17793
1669174563687 8.0 18010
1669174636240 12.5 18227
1669174708570 9.5 18444
1669174781178 9.5 18661
1669174853801 11.0 18878
1669174926328 12.75 19095
1669174999043 10.75 19312
1669175071334 10.5 19529
1669175144003 12.75 19746
1669175216331 11.25 19963
1669175289174 11.25 20180
1669175361688 10.25 20397
1669175434295 9.75 20614
1669175506878 10.5 20831
1669175579174 12.25 21048
1669175651677 11.75 21265
1669175724393 11.5 21482
1669175797089 12.5 21699
1669175869897 13.25 21916
1669175942461 10.75 22133
1669176015064 11.75 22350
1669176087668 9.75 22567
1669176160381 10.25 22784
1669176232870 10.25 23001
1669176305192 9.75 23218
1669176377857 9.5 23435
1669176449954 13.5 23652
1669176522353 9.75 23869
1669176594970 12.0 24086
1669176667348 14.0 24303
1669176739978 8.5 24520
1669176812499 11.75 24737
1669176885224 10.5 24954
1669176957749 10.5 25171
1669177030036 12.5 25388
1669177102580 12.0 25605
1669177175004 11.5 25822
1669177247530 19.0 26039
1669177320267 12.25 26256
1669177392763 12.5 26473
1669177464955 10.75 26690
1669177537417 8.5 26907
1669177610117 9.0 27124
1669177682950 10.75 27341
1669177755352 8.25 27558
1669177827758 8.75 27775
1669177900313 10.0 27992
1669177973035 10.0 28209
1669178045474 9.5 28426
1669178117987 15.0 28643
1669178190703 9.25 28860
1669178262945 11.75 29077
1669178335196 11.0 29294
1669178407770 11.25 29511
1669178480076 9.5 29728
1669178552491 10.25 29945
1669178625170 9.25 30162
1669178697688 10.5 30379
1669178770301 9.75 30596
1669178842767 10.25 30813
1669178915114 8.75 31030
1669178987581 11.25 31247
1669179060131 10.25 31464
1669179132825 11.0 31681
1669179205594 10.75 31898
1669179278398 12.0 32115
1669179350925 9.5 32332
1669179423241 10.75 32549
1669179495540 11.25 32766
1669179567661 14.75 32983
1669179639942 10.0 33200
1669179712387 11.5 33417
1669179785015 9.25 33634
1669179857574 10.25 33851
1669179930146 7.25 34068
1669180002811 12.25 34285
1669180075631 9.75 34502
1669180148144 11.75 34719
1669180220756 9.75 34936
1669180293101 9.0 35153
1669180365430 11.0 35370
1669180437710 8.5 35587
1669180510044 13.0 35804
1669180582640 11.25 36021
1669180655102 9.75 36238
1669180728033 9.75 36455
1669180800333 11.5 36672
1669180873272 11.75 36889
1669180945594 9.25 37106
1669181017917 9.25 37323
1669181090349 11.75 37540
1669181162569 9.0 37757
1669181235139 9.75 37974
1669181307305 12.25 38191
1669181380080 9.5 38408
1669181452341 13.0 38625
1669181524908 11.0 38842
1669181597411 10.5 39059
1669181669949 10.0 39276
1669181742481 11.75 39493
1669181815169 10.5 39710
1669181887389 10.75 39927
1669181959842 10.5 40144
1669182032125 10.0 40361
1669182104547 11.25 40578
1669182177088 10.25 40795
1669182249574 11.5 41012
1669182321794 9.5 41229
1669182394538 10.25 41446
1669182467277 9.25 41663
1669182539751 9.75 41880
1669182612248 12.5 42097
1669182684561 9.25 42314
1669182757213 9.5 42531
1669182829939 9.0 42748
1669182902775 13.75 42965
1669182975000 11.75 43182
1669183047636 9.25 43399
1669183120196 10.0 43616
1669183192625 9.5 43833
1669183265557 12.0 44050
1669183338261 10.5 44267
1669183410325 15.75 44484
1669183482703 10.0 44701
1669183555335 13.75 44918
1669183627930 11.25 45135
1669183700413 12.75 45352
1669183772936 10.5 45569
1669183845452 11.75 45786
1669183918178 11.75 46003
1669183990771 11.5 46220
1669184063453 10.25 46437
1669184136169 10.5 46654
1669184208455 9.75 46871
1669184280611 9.25 47088
1669184353230 10.5 47305
1669184425657 8.75 47522
1669184498315 13.25 47739
1669184571077 10.75 47956
1669184643723 10.5 48173
1669184716127 11.0 48390
1669184788669 10.5 48607
1669184861346 9.0 48824
1669184933652 12.5 49041
1669185006686 10.75 49258
1669185079163 12.75 49475
1669185151586 14.25 49692
1669185224361 11.25 49909
1669185296968 11.0 50126
1669185369541 11.0 50343
1669185442366 13.25 50560
1669185514575 13.25 50777
1669185587323 10.75 50994
1669185659884 9.75 51211
1669185732408 14.5 51428
1669185805416 12.75 51645
1669185878117 10.75 51862
1669185950517 12.5 52079
1669186022999 11.5 52296
1669186095814 12.0 52513
1669186168497 15.75 52730
1669186240825 10.75 52947
1669186313100 11.5 53164
1669186385813 11.5 53381
1669186458192 12.0 53598
1669186530644 17.5 53815
1669186602816 13.0 54032
1669186675451 11.5 54249
1669186747910 9.25 54466
1669186820263 12.75 54683
1669186892833 11.75 54900
1669186965116 11.0 55117
1669187037750 10.75 55334
1669187110226 12.25 55551
1669187182695 11.5 55768
1669187255287 12.75 55985
1669187327757 12.75 56202
1669187400194 10.5 56419
1669187472581 12.25 56636
1669187544992 11.75 56853
1669187616957 11.5 57070
1669187689543 9.75 57287
1669187762138 11.25 57504
1669187834581 10.0 57721
1669187907173 10.75 57938
1669187979819 8.75 58155
1669188052024 11.25 58372
1669188124354 10.25 58589
1669188196817 10.75 58806
1669188269265 9.25 59023
1669188341665 15.5 59240
1669188414137 12.75 59457
1669188486759 14.0 59674
1669188559342 10.75 59891
1669188631702 11.5 60108
1669188704398 10.25 60325
1669188776853 13.75 60542
1669188849195 9.75 60759
1669188921648 10.25 60976
1669188994211 9.75 61193
1669189066853 9.0 61410
1669189139687 12.25 61627
1669189211980 12.25 61844
1669189284571 10.25 62061
1669189357090 9.5 62278
1669189429967 9.25 62495
1669189502529 10.75 62712
1669189575087 10.0 62929
1669189647881 10.5 63146
1669189720348 9.0 63363
1669189792728 10.25 63580
1669189865144 12.75 63797
1669189937585 9.5 64014
1669190010228 9.75 64231
1669190082656 11.75 64448
1669190155370 10.0 64665
1669190227941 9.5 64882
1669190300421 10.25 65099
