1669168571894 0.20000000298023224 49
1669168585555 0.6666666865348816 99
1669168599287 0.5 149
1669168612819 0.20000000298023224 199
1669168639300 0.75 249
1669168652860 0.0 299
1669168666432 0.0 349
1669168680048 0.5 399
1669168706794 0.25 449
1669168720351 0.6666666865348816 499
1669168733930 0.25 549
1669168747527 0.3333333432674408 599
1669168761121 0.6000000238418579 649
1669168787733 0.5 699
1669168801313 0.0 749
1669168814934 0.25 799
1669168828547 0.0 849
1669168855037 0.8333333134651184 899
1669168868640 0.0 949
1669168882269 0.0 999
1669168895888 0.0 1049
1669168922472 0.4000000059604645 1099
1669168936067 0.0 1149
1669168949662 0.0 1199
1669168963285 0.1666666716337204 1249
1669168976917 0.25 1299
1669169003564 0.5 1349
1669169017183 0.0 1399
1669169030811 0.8333333134651184 1449
1669169044442 0.1666666716337204 1499
1669169071160 0.6666666865348816 1549
1669169084763 0.3333333432674408 1599
1669169098389 0.3333333432674408 1649
1669169112022 0.3333333432674408 1699
1669169138873 0.4000000059604645 1749
1669169152450 0.5 1799
1669169166067 0.25 1849
1669169179709 0.0 1899
1669169193368 0.3333333432674408 1949
1669169220336 0.25 1999
1669169233963 0.5 2049
1669169247615 0.0 2099
1669169261271 0.0 2149
1669169287882 0.5 2199
1669169301478 0.3333333432674408 2249
1669169315102 0.20000000298023224 2299
1669169328755 0.1666666716337204 2349
1669169355647 0.3333333432674408 2399
1669169369231 0.20000000298023224 2449
1669169382884 0.75 2499
1669169396528 0.75 2549
1669169410180 0.0 2599
1669169436890 0.3333333432674408 2649
1669169450524 0.0 2699
1669169464156 0.0 2749
1669169477815 0.0 2799
1669169504515 0.1666666716337204 2849
1669169518135 0.5 2899
1669169531749 0.25 2949
1669169545394 0.25 2999
1669169572264 0.75 3049
1669169585845 0.25 3099
1669169599461 0.3333333432674408 3149
1669169613101 0.3333333432674408 3199
1669169626756 0.5 3249
1669169653742 0.3333333432674408 3299
1669169667352 0.5 3349
1669169680991 0.0 3399
1669169694633 0.6666666865348816 3449
1669169721321 0.25 3499
1669169734943 0.3333333432674408 3549
1669169748575 0.6666666865348816 3599
1669169762240 1.0 3649
1669169788988 0.5 3699
1669169802615 0.0 3749
1669169816273 0.5 3799
1669169829946 1.0 3849
1669169843606 1.0 3899
1669169870181 0.5 3949
1669169883820 0.3333333432674408 3999
1669169897475 0.6666666865348816 4049
1669169911158 0.75 4099
1669169937939 1.0 4149
1669169951542 0.0 4199
1669169965176 0.5 4249
1669169978815 0.4000000059604645 4299
1669170005449 0.0 4349
1669170019043 0.25 4399
1669170032681 1.0 4449
1669170046328 0.800000011920929 4499
1669170059985 1.0 4549
1669170086821 0.6666666865348816 4599
1669170100489 0.6666666865348816 4649
1669170114175 0.6666666865348816 4699
1669170127830 0.25 4749
1669170155099 0.5 4799
1669170168764 0.25 4849
1669170182433 1.0 4899
1669170196104 0.25 4949
1669170223091 0.6666666865348816 4999
1669170236678 1.0 5049
1669170250322 0.6666666865348816 5099
1669170263997 0.25 5149
1669170277688 0.5 5199
1669170304495 0.3333333432674408 5249
1669170318137 0.5 5299
1669170331793 0.5 5349
1669170345462 0.3333333432674408 5399
1669170372178 0.6666666865348816 5449
1669170385780 0.3333333432674408 5499
1669170399442 1.0 5549
1669170413110 0.75 5599
1669170440316 0.3333333432674408 5649
1669170453879 0.0 5699
1669170467502 1.0 5749
1669170481167 0.0 5799
1669170494819 0.0 5849
1669170521519 0.25 5899
1669170535147 0.5 5949
1669170548791 0.0 5999
1669170562433 0.0 6049
1669170589463 0.5 6099
1669170603082 0.25 6149
1669170616725 0.25 6199
1669170630391 0.4000000059604645 6249
1669170657148 0.5 6299
1669170670748 0.0 6349
1669170684387 1.0 6399
1669170698044 0.6666666865348816 6449
1669170711712 0.5 6499
1669170738629 0.0 6549
1669170752255 0.0 6599
1669170765899 0.25 6649
1669170779548 0.25 6699
1669170806301 0.25 6749
1669170819915 0.0 6799
1669170833566 1.0 6849
1669170847236 0.3333333432674408 6899
1669170873971 0.75 6949
1669170887581 1.0 6999
1669170901238 0.4000000059604645 7049
1669170914896 1.0 7099
1669170928562 0.5 7149
1669170955373 0.75 7199
1669170969009 0.0 7249
1669170982655 0.5 7299
1669170996311 0.6000000238418579 7349
1669171023259 0.5 7399
1669171036871 0.25 7449
1669171050510 0.0 7499
1669171064186 0.25 7549
1669171090847 0.75 7599
1669171104453 1.0 7649
1669171118084 1.0 7699
1669171131719 1.0 7749
1669171145381 0.3333333432674408 7799
1669171172290 0.0 7849
1669171185946 0.5 7899
1669171199633 1.0 7949
1669171213356 1.0 7999
1669171240202 0.6666666865348816 8049
1669171253840 0.0 8099
1669171267480 0.5 8149
1669171281145 0.3333333432674408 8199
1669171308156 0.0 8249
1669171321741 1.0 8299
1669171335387 0.25 8349
1669171349039 0.0 8399
1669171362713 1.0 8449
1669171389725 0.3333333432674408 8499
1669171403358 0.5 8549
1669171417016 0.25 8599
1669171430689 0.6666666865348816 8649
1669171457499 0.0 8699
1669171471110 0.5 8749
1669171484769 0.6666666865348816 8799
1669171498451 1.0 8849
1669171525302 1.0 8899
1669171538917 0.5714285969734192 8949
1669171552564 0.75 8999
1669171566240 0.0 9049
1669171579903 0.25 9099
1669171606964 1.0 9149
1669171620584 0.0 9199
1669171634227 0.3333333432674408 9249
1669171647892 0.800000011920929 9299
1669171674597 1.0 9349
1669171688209 0.0 9399
1669171701852 0.3333333432674408 9449
1669171715509 1.0 9499
1669171742548 1.0 9549
1669171756160 0.0 9599
1669171769819 0.0 9649
1669171783495 0.6000000238418579 9699
1669171797179 0.75 9749
1669171823968 1.0 9799
1669171837586 0.0 9849
1669171851237 0.6666666865348816 9899
1669171864911 0.8333333134651184 9949
1669171891818 0.5 9999
1669171905433 0.6666666865348816 10049
1669171919096 1.0 10099
1669171932770 0.0 10149
1669171959536 0.0 10199
1669171973129 0.5 10249
1669171986756 0.6666666865348816 10299
1669172000423 1.0 10349
1669172014101 0.5 10399
1669172041019 0.3333333432674408 10449
1669172054654 0.800000011920929 10499
1669172068310 1.0 10549
1669172081982 0.5 10599
1669172108943 0.8333333134651184 10649
1669172122585 0.6666666865348816 10699
1669172136253 0.5 10749
1669172149909 1.0 10799
1669172163444 0.0 10849
1669172190294 1.0 10899
1669172203963 0.6000000238418579 10949
1669172217655 0.800000011920929 10999
1669172231344 1.0 11049
1669172258187 0.0 11099
1669172271813 0.75 11149
1669172285456 0.0 11199
1669172299122 0.6666666865348816 11249
1669172325972 1.0 11299
1669172339592 0.6000000238418579 11349
1669172353250 0.6000000238418579 11399
1669172366905 0.5 11449
1669172380563 0.0 11499
1669172407569 0.800000011920929 11549
1669172421213 0.6666666865348816 11599
1669172434883 0.75 11649
1669172448564 0.3333333432674408 11699
1669172475305 0.6666666865348816 11749
1669172488964 0.6666666865348816 11799
1669172502633 0.6666666865348816 11849
1669172516293 0.3333333432674408 11899
1669172543021 0.0 11949
1669172556656 0.3333333432674408 11999
1669172570298 0.3333333432674408 12049
1669172583968 0.25 12099
1669172597658 0.3333333432674408 12149
1669172624441 1.0 12199
1669172638079 0.3333333432674408 12249
1669172651751 1.0 12299
1669172665435 0.6666666865348816 12349
1669172692315 0.5 12399
1669172705945 0.75 12449
1669172719606 1.0 12499
1669172733283 0.6666666865348816 12549
1669172760002 0.0 12599
1669172773649 0.3333333432674408 12649
1669172787309 0.4000000059604645 12699
1669172800982 0.20000000298023224 12749
1669172814659 1.0 12799
1669172841524 0.6666666865348816 12849
1669172855163 0.5 12899
1669172868837 0.75 12949
1669172882506 0.800000011920929 12999
1669172909382 0.25 13049
1669172923017 0.5 13099
1669172936679 0.5 13149
1669172950356 1.0 13199
1669172977308 0.5 13249
1669172990934 1.0 13299
1669173004609 0.6666666865348816 13349
1669173018302 0.5 13399
1669173032168 0.75 13449
1669173058984 0.3333333432674408 13499
1669173072614 0.5 13549
1669173086267 0.6666666865348816 13599
1669173099930 0.25 13649
1669173126924 0.800000011920929 13699
1669173140574 0.3333333432674408 13749
1669173154236 0.5 13799
1669173167898 0.0 13849
1669173195358 0.3333333432674408 13899
1669173208971 0.6666666865348816 13949
1669173222629 0.5 13999
1669173236302 0.75 14049
1669173249971 0.5 14099
1669173276892 0.5 14149
1669173290549 0.5 14199
1669173304209 1.0 14249
1669173317894 0.6666666865348816 14299
1669173344616 0.75 14349
1669173358264 1.0 14399
1669173371934 0.6666666865348816 14449
1669173385610 1.0 14499
1669173412310 1.0 14549
1669173425921 0.5 14599
1669173439587 1.0 14649
1669173453263 0.4000000059604645 14699
1669173466944 0.0 14749
1669173493778 0.0 14799
1669173507413 0.5 14849
1669173521070 1.0 14899
1669173534724 0.6000000238418579 14949
1669173561695 1.0 14999
1669173575348 0.5 15049
1669173589028 0.3333333432674408 15099
1669173602698 0.5 15149
1669173629709 0.3333333432674408 15199
1669173643318 0.3333333432674408 15249
1669173657015 0.5 15299
1669173670681 0.6666666865348816 15349
1669173684350 1.0 15399
1669173711303 1.0 15449
1669173724930 0.5 15499
1669173738587 1.0 15549
1669173752244 0.25 15599
1669173779357 1.0 15649
1669173792994 0.6000000238418579 15699
1669173806656 0.5 15749
1669173820306 0.75 15799
1669173847651 0.4000000059604645 15849
1669173861272 0.3333333432674408 15899
1669173874932 0.6666666865348816 15949
1669173888602 0.75 15999
1669173902277 0.5 16049
1669173929129 1.0 16099
1669173942746 0.6666666865348816 16149
1669173956404 0.3333333432674408 16199
1669173970071 0.25 16249
1669173996992 0.5 16299
1669174010625 1.0 16349
1669174024277 1.0 16399
1669174037930 0.3333333432674408 16449
1669174064586 0.25 16499
1669174078199 0.5 16549
1669174091880 1.0 16599
1669174105573 0.6666666865348816 16649
1669174119252 1.0 16699
1669174146060 0.3333333432674408 16749
1669174159711 1.0 16799
1669174173350 0.3333333432674408 16849
1669174187015 0.4000000059604645 16899
1669174214105 0.4000000059604645 16949
1669174227721 0.5 16999
1669174241353 1.0 17049
1669174255032 1.0 17099
1669174282025 0.4285714328289032 17149
1669174295659 1.0 17199
1669174309319 1.0 17249
1669174322995 0.75 17299
1669174336673 0.3333333432674408 17349
1669174363572 1.0 17399
1669174377219 0.800000011920929 17449
1669174390895 0.0 17499
1669174404579 0.6666666865348816 17549
1669174431321 0.5 17599
1669174444951 0.5 17649
1669174458591 0.800000011920929 17699
1669174472270 0.800000011920929 17749
1669174499204 0.0 17799
1669174512806 0.0 17849
1669174526453 0.25 17899
1669174540145 1.0 17949
1669174553974 0.3333333432674408 17999
1669174580966 0.6666666865348816 18049
1669174594609 0.3333333432674408 18099
1669174608281 0.0 18149
1669174621968 0.75 18199
1669174648945 0.5 18249
1669174662566 0.0 18299
1669174676217 0.4000000059604645 18349
1669174689876 0.6666666865348816 18399
1669174716671 1.0 18449
1669174730272 0.0 18499
1669174743918 0.5 18549
1669174757595 0.5 18599
1669174771253 0.4000000059604645 18649
1669174798211 0.5 18699
1669174811862 1.0 18749
1669174825546 1.0 18799
1669174839223 0.5 18849
1669174866137 0.3333333432674408 18899
1669174879751 0.5 18949
1669174893402 0.0 18999
1669174907064 0.5 19049
1669174934249 1.0 19099
1669174947850 0.6666666865348816 19149
1669174961511 0.5 19199
1669174975182 0.5 19249
1669174988851 0.800000011920929 19299
1669175015792 0.6666666865348816 19349
1669175029424 0.4000000059604645 19399
1669175043070 0.3333333432674408 19449
1669175056739 1.0 19499
1669175083583 0.6000000238418579 19549
1669175097239 0.0 19599
1669175110892 0.75 19649
1669175124567 0.6000000238418579 19699
1669175151448 0.3333333432674408 19749
1669175165074 0.5 19799
1669175178702 0.5 19849
1669175192347 0.0 19899
1669175206017 0.6666666865348816 19949
1669175232856 1.0 19999
1669175246546 1.0 20049
1669175260227 0.8333333134651184 20099
1669175273905 0.6666666865348816 20149
1669175301091 0.75 20199
1669175314753 1.0 20249
1669175328411 0.0 20299
1669175342085 1.0 20349
1669175369077 0.0 20399
1669175382671 0.6666666865348816 20449
1669175396301 1.0 20499
1669175409964 1.0 20549
1669175423626 0.6666666865348816 20599
1669175450472 0.5 20649
1669175464093 0.3333333432674408 20699
1669175477740 1.0 20749
1669175491415 0.5 20799
1669175518359 0.6666666865348816 20849
1669175531974 0.5 20899
1669175545612 0.0 20949
1669175559271 1.0 20999
1669175586129 0.75 21049
1669175599757 1.0 21099
1669175613385 1.0 21149
1669175627057 0.6000000238418579 21199
1669175640727 0.5 21249
1669175667691 1.0 21299
1669175681336 0.5 21349
1669175695016 0.0 21399
1669175708689 0.5 21449
1669175735734 1.0 21499
1669175749363 0.5 21549
1669175762994 0.75 21599
1669175776680 1.0 21649
1669175790187 0.0 21699
1669175817397 0.5 21749
1669175831045 1.0 21799
1669175844704 0.6666666865348816 21849
1669175858358 0.5 21899
1669175885602 1.0 21949
1669175899223 0.8571428656578064 21999
1669175912870 0.3333333432674408 22049
1669175926538 0.3333333432674408 22099
1669175953557 0.6666666865348816 22149
1669175967168 0.0 22199
1669175980807 1.0 22249
1669175994459 0.0 22299
1669176008134 0.6666666865348816 22349
1669176035054 0.6666666865348816 22399
1669176048706 0.4000000059604645 22449
1669176062367 0.6666666865348816 22499
1669176076047 0.6666666865348816 22549
1669176103022 1.0 22599
1669176116661 0.0 22649
1669176130311 0.0 22699
1669176143982 0.3333333432674408 22749
1669176171310 0.4000000059604645 22799
1669176184934 0.0 22849
1669176198600 0.3333333432674408 22899
1669176212303 0.800000011920929 22949
1669176226007 0.6000000238418579 22999
1669176252650 0.3333333432674408 23049
1669176266294 0.5 23099
1669176279960 0.800000011920929 23149
1669176293631 0.0 23199
1669176320299 0.6666666865348816 23249
1669176333925 0.0 23299
1669176347594 0.6000000238418579 23349
1669176361287 0.5 23399
1669176388167 0.5 23449
1669176401771 0.4000000059604645 23499
1669176415439 0.0 23549
1669176429099 0.5 23599
1669176442760 0.5 23649
1669176469319 0.5 23699
1669176482954 1.0 23749
1669176496614 0.6666666865348816 23799
1669176510276 0.0 23849
1669176537204 0.0 23899
1669176550884 0.6666666865348816 23949
1669176564554 0.5 23999
1669176578225 0.0 24049
1669176605188 1.0 24099
1669176618801 0.0 24149
1669176632452 0.6666666865348816 24199
1669176646111 0.6666666865348816 24249
1669176659784 0.5 24299
1669176686589 0.6000000238418579 24349
1669176700224 0.6666666865348816 24399
1669176713883 0.0 24449
1669176727554 0.6000000238418579 24499
1669176754575 0.5 24549
1669176768181 1.0 24599
1669176781842 0.0 24649
1669176795513 0.6666666865348816 24699
1669176822602 0.5 24749
1669176836213 0.0 24799
1669176849881 1.0 24849
1669176863588 0.3333333432674408 24899
1669176877290 0.0 24949
1669176904331 0.6666666865348816 24999
1669176917952 0.5 25049
1669176931602 0.6000000238418579 25099
1669176945369 0.6666666865348816 25149
1669176972121 0.0 25199
1669176985749 0.6666666865348816 25249
1669176999398 1.0 25299
1669177013052 0.75 25349
1669177039884 0.0 25399
1669177053465 1.0 25449
1669177067115 0.3333333432674408 25499
1669177080761 1.0 25549
1669177094445 0.75 25599
1669177121207 0.1666666716337204 25649
1669177134834 0.5 25699
1669177148507 0.6666666865348816 25749
1669177162165 0.75 25799
1669177189073 0.6666666865348816 25849
1669177202711 0.800000011920929 25899
1669177216403 0.5 25949
1669177230078 0.0 25999
1669177257046 1.0 26049
1669177270651 0.5 26099
1669177284318 0.5 26149
1669177298003 0.25 26199
1669177311685 1.0 26249
1669177338608 0.0 26299
1669177352251 0.6666666865348816 26349
1669177365938 0.75 26399
1669177379595 0.6666666865348816 26449
1669177406516 0.6000000238418579 26499
1669177420146 1.0 26549
1669177433796 0.5 26599
1669177447476 0.25 26649
1669177474251 0.75 26699
1669177487851 0.6666666865348816 26749
1669177501502 1.0 26799
1669177515168 1.0 26849
1669177528842 1.0 26899
1669177555561 0.5 26949
1669177569189 0.25 26999
1669177582847 0.0 27049
1669177596529 0.0 27099
1669177623584 0.25 27149
1669177637218 0.25 27199
1669177650864 0.25 27249
1669177664533 0.3333333432674408 27299
1669177691746 0.5 27349
1669177705334 0.5 27399
1669177718981 0.0 27449
1669177732643 0.0 27499
1669177746335 0.800000011920929 27549
1669177773158 0.0 27599
1669177786799 0.6666666865348816 27649
1669177800450 0.5 27699
1669177814130 0.5 27749
1669177840998 0.75 27799
1669177854662 0.0 27849
1669177868317 1.0 27899
1669177881987 0.3333333432674408 27949
1669177908976 0.0 27999
1669177922601 1.0 28049
1669177936256 0.6666666865348816 28099
1669177949928 0.75 28149
1669177963617 0.25 28199
1669177990485 0.75 28249
1669178004118 0.3333333432674408 28299
1669178017771 0.6666666865348816 28349
1669178031449 0.6666666865348816 28399
1669178058422 0.6666666865348816 28449
1669178072049 1.0 28499
1669178085695 0.0 28549
1669178099355 0.0 28599
1669178126416 0.0 28649
1669178140055 0.20000000298023224 28699
1669178153729 0.5 28749
1669178167432 0.4000000059604645 28799
1669178181137 0.6666666865348816 28849
1669178207983 0.5 28899
1669178221641 0.5 28949
1669178235301 0.5 28999
1669178248991 0.6666666865348816 29049
1669178275638 1.0 29099
1669178289284 1.0 29149
1669178302920 0.0 29199
1669178316576 0.20000000298023224 29249
1669178343311 0.6666666865348816 29299
1669178356901 0.8333333134651184 29349
1669178370533 0.0 29399
1669178384204 1.0 29449
1669178397874 1.0 29499
1669178424791 0.5 29549
1669178438457 0.6666666865348816 29599
1669178452127 0.0 29649
1669178465804 0.5 29699
1669178492423 0.0 29749
1669178506050 0.3333333432674408 29799
1669178519695 0.75 29849
1669178533353 1.0 29899
1669178560316 0.6666666865348816 29949
1669178573919 0.800000011920929 29999
1669178587560 0.6666666865348816 30049
1669178601218 0.6666666865348816 30099
1669178614877 0.5 30149
1669178641978 0.6666666865348816 30199
1669178655623 0.75 30249
1669178669286 0.5 30299
1669178682975 0.3333333432674408 30349
1669178709817 0.0 30399
1669178723450 0.75 30449
1669178737124 0.25 30499
1669178750795 0.5 30549
1669178777829 0.4000000059604645 30599
1669178791442 0.75 30649
1669178805080 0.5 30699
1669178818735 1.0 30749
1669178832434 0.5 30799
1669178859242 0.75 30849
1669178872865 0.6666666865348816 30899
1669178886519 1.0 30949
1669178900190 1.0 30999
1669178927018 0.0 31049
1669178940637 0.6666666865348816 31099
1669178954306 0.5 31149
1669178967972 0.4000000059604645 31199
1669178994828 0.75 31249
1669179008417 1.0 31299
1669179022046 0.6666666865348816 31349
1669179035689 0.5 31399
1669179049356 0.6000000238418579 31449
1669179076337 1.0 31499
1669179089985 0.5 31549
1669179103636 0.6000000238418579 31599
1669179117322 0.75 31649
1669179144477 1.0 31699
1669179158121 1.0 31749
1669179171783 0.0 31799
1669179185450 0.6000000238418579 31849
1669179212645 1.0 31899
1669179226267 0.5 31949
1669179239952 0.6000000238418579 31999
1669179253642 0.800000011920929 32049
1669179267360 0.6000000238418579 32099
1669179294269 0.6666666865348816 32149
1669179307912 0.6666666865348816 32199
1669179321584 1.0 32249
1669179335249 0.25 32299
1669179362183 0.0 32349
1669179375788 0.75 32399
1669179389405 0.5 32449
1669179403049 0.3333333432674408 32499
1669179416554 0.0 32549
1669179443460 0.5 32599
1669179457093 1.0 32649
1669179470749 0.6666666865348816 32699
1669179484446 0.75 32749
1669179511202 0.3333333432674408 32799
1669179524824 0.25 32849
1669179538491 0.6000000238418579 32899
1669179552151 0.6666666865348816 32949
1669179578669 0.6000000238418579 32999
1669179592330 0.3333333432674408 33049
1669179605984 0.6666666865348816 33099
1669179619644 0.25 33149
1669179633321 1.0 33199
1669179659969 0.5 33249
1669179673602 0.6666666865348816 33299
1669179687274 1.0 33349
1669179700951 0.0 33399
1669179727808 1.0 33449
1669179741411 1.0 33499
1669179755079 0.3333333432674408 33549
1669179768739 0.25 33599
1669179795791 0.0 33649
1669179809418 0.5 33699
1669179823076 0.5 33749
1669179836750 0.6666666865348816 33799
1669179850429 1.0 33849
1669179877283 1.0 33899
1669179890900 0.800000011920929 33949
1669179904567 1.0 33999
1669179918232 1.0 34049
1669179945372 1.0 34099
1669179959002 0.75 34149
1669179972652 0.3333333432674408 34199
1669179986321 1.0 34249
1669180013386 0.75 34299
1669180027020 0.25 34349
1669180040672 0.5 34399
1669180054326 0.25 34449
1669180068001 0.3333333432674408 34499
1669180095148 0.0 34549
1669180108808 1.0 34599
1669180122473 1.0 34649
1669180136143 0.4000000059604645 34699
1669180162987 1.0 34749
1669180176634 0.3333333432674408 34799
1669180190289 0.6666666865348816 34849
1669180203995 0.6666666865348816 34899
1669180230938 1.0 34949
1669180244551 1.0 34999
1669180258204 0.6000000238418579 35049
1669180271859 0.6666666865348816 35099
1669180285548 1.0 35149
1669180312069 0.3333333432674408 35199
1669180325702 0.4000000059604645 35249
1669180339359 0.5 35299
1669180353017 0.5 35349
1669180379887 0.5 35399
1669180393511 0.0 35449
1669180407147 0.75 35499
1669180420805 0.5 35549
1669180447634 0.800000011920929 35599
1669180461238 0.75 35649
1669180474898 0.5 35699
1669180488583 0.6000000238418579 35749
1669180502264 0.0 35799
1669180528932 0.75 35849
1669180542575 1.0 35899
1669180556239 1.0 35949
1669180569918 0.25 35999
1669180596932 0.5 36049
1669180610561 1.0 36099
1669180624203 0.3333333432674408 36149
1669180637876 1.0 36199
1669180664957 0.0 36249
1669180678561 0.3333333432674408 36299
1669180692227 0.75 36349
1669180705896 0.0 36399
1669180719592 0.3333333432674408 36449
1669180746680 1.0 36499
1669180760328 0.75 36549
1669180773998 0.3333333432674408 36599
1669180787691 0.5 36649
1669180814400 0.5 36699
1669180828039 0.5 36749
1669180841714 0.25 36799
1669180855370 0.75 36849
1669180882731 0.5 36899
1669180896319 0.6666666865348816 36949
1669180909973 0.6666666865348816 36999
1669180923634 0.6666666865348816 37049
1669180937311 0.6666666865348816 37099
1669180964006 1.0 37149
1669180977641 1.0 37199
1669180991287 0.4000000059604645 37249
1669181004971 0.0 37299
1669181031773 1.0 37349
1669181045422 0.6666666865348816 37399
1669181059082 0.75 37449
1669181072747 0.3333333432674408 37499
1669181099552 0.0 37549
1669181113149 0.6666666865348816 37599
1669181126779 0.0 37649
1669181140439 0.3333333432674408 37699
1669181154116 0.0 37749
1669181180689 0.800000011920929 37799
1669181194356 0.0 37849
1669181208044 0.5 37899
1669181221744 1.0 37949
1669181248611 1.0 37999
1669181262234 0.5 38049
1669181275889 0.5 38099
1669181289553 0.6666666865348816 38149
1669181316174 1.0 38199
1669181329765 0.25 38249
1669181343408 0.6666666865348816 38299
1669181357088 1.0 38349
1669181370775 0.3333333432674408 38399
1669181397876 0.5 38449
1669181411527 0.6666666865348816 38499
1669181425185 0.4000000059604645 38549
1669181438842 0.5 38599
1669181465524 0.0 38649
1669181479161 0.25 38699
1669181492830 0.6666666865348816 38749
1669181506495 0.7142857313156128 38799
1669181533533 0.5 38849
1669181547138 0.75 38899
1669181560802 1.0 38949
1669181574468 1.0 38999
1669181588172 0.5 39049
1669181614962 0.3333333432674408 39099
1669181628593 0.5 39149
1669181642291 0.5 39199
1669181655983 0.5 39249
1669181682983 0.0 39299
1669181696603 0.5 39349
1669181710267 1.0 39399
1669181723929 0.6666666865348816 39449
1669181750875 0.5 39499
1669181764489 0.6000000238418579 39549
1669181778172 0.6000000238418579 39599
1669181791846 0.6666666865348816 39649
1669181805514 0.0 39699
1669181832412 0.3333333432674408 39749
1669181846060 0.5 39799
1669181859705 0.0 39849
1669181873384 0.800000011920929 39899
1669181900005 1.0 39949
1669181913649 0.6666666865348816 39999
1669181927304 0.800000011920929 40049
1669181940976 1.0 40099
1669181967853 0.25 40149
1669181981479 1.0 40199
1669181995131 0.6666666865348816 40249
1669182008795 0.3333333432674408 40299
1669182022471 0.3333333432674408 40349
1669182049092 0.6666666865348816 40399
1669182062732 0.5 40449
1669182076380 0.25 40499
1669182090060 0.3333333432674408 40549
1669182116937 0.20000000298023224 40599
1669182130589 0.75 40649
1669182144232 0.5 40699
1669182157918 0.4000000059604645 40749
1669182184933 0.3333333432674408 40799
1669182198553 0.6666666865348816 40849
1669182212190 0.0 40899
1669182225856 1.0 40949
1669182239519 1.0 40999
1669182266215 0.5 41049
1669182279856 0.6666666865348816 41099
1669182293529 0.0 41149
1669182307199 0.6000000238418579 41199
1669182333971 0.5 41249
1669182347585 1.0 41299
1669182361200 0.6666666865348816 41349
1669182374839 0.5 41399
1669182402100 0.5 41449
1669182415704 0.800000011920929 41499
1669182429336 0.4000000059604645 41549
1669182442988 0.3333333432674408 41599
1669182456651 0.6000000238418579 41649
1669182483904 0.0 41699
1669182497529 0.6666666865348816 41749
1669182511176 0.3333333432674408 41799
1669182524845 0.6666666865348816 41849
1669182551684 0.6000000238418579 41899
1669182565298 0.0 41949
1669182578942 0.5 41999
1669182592601 1.0 42049
1669182619592 0.5 42099
1669182633202 0.5 42149
1669182646848 0.0 42199
1669182660511 0.5 42249
1669182674196 0.5 42299
1669182700736 0.75 42349
1669182714349 0.5 42399
1669182728001 1.0 42449
1669182741662 0.3333333432674408 42499
1669182768846 0.5 42549
1669182782459 1.0 42599
1669182796120 1.0 42649
1669182809775 1.0 42699
1669182836931 0.75 42749
1669182850542 0.6666666865348816 42799
1669182864175 0.3333333432674408 42849
1669182877821 0.3333333432674408 42899
1669182891472 0.6000000238418579 42949
1669182918718 0.0 42999
1669182932342 0.75 43049
1669182945999 0.20000000298023224 43099
1669182959679 0.0 43149
1669182986383 1.0 43199
1669183000003 0.3333333432674408 43249
1669183013645 0.5 43299
1669183027312 0.3333333432674408 43349
1669183040830 0.0 43399
1669183068007 0.5 43449
1669183081655 0.3333333432674408 43499
1669183095329 1.0 43549
1669183109028 0.0 43599
1669183135777 0.6666666865348816 43649
1669183149420 0.5 43699
1669183163072 0.6000000238418579 43749
1669183176755 0.75 43799
1669183203758 0.8333333134651184 43849
1669183217376 0.0 43899
1669183231023 1.0 43949
1669183244695 0.6666666865348816 43999
1669183258380 1.0 44049
1669183285546 0.6666666865348816 44099
1669183299206 0.6000000238418579 44149
1669183312887 0.25 44199
1669183326593 0.5 44249
1669183353638 1.0 44299
1669183367259 0.0 44349
1669183380902 0.5 44399
1669183394580 0.5 44449
1669183421136 0.0 44499
1669183434767 0.75 44549
1669183448394 1.0 44599
1669183462078 1.0 44649
1669183475747 0.6000000238418579 44699
1669183502432 1.0 44749
1669183516063 0.6666666865348816 44799
1669183529721 0.75 44849
1669183543390 0.0 44899
1669183570469 0.20000000298023224 44949
1669183584089 0.6666666865348816 44999
1669183597739 0.0 45049
1669183611421 0.5 45099
1669183638445 0.5 45149
1669183652061 0.6000000238418579 45199
1669183665713 0.6666666865348816 45249
1669183679374 0.75 45299
1669183693060 0.5 45349
1669183719899 1.0 45399
1669183733541 0.0 45449
1669183747216 0.5 45499
1669183760916 0.375 45549
1669183787817 0.25 45599
1669183801439 0.3333333432674408 45649
1669183815075 0.5 45699
1669183828739 1.0 45749
1669183855834 1.0 45799
1669183869412 0.0 45849
1669183883038 0.4000000059604645 45899
1669183896695 1.0 45949
1669183910351 0.20000000298023224 45999
1669183937456 0.7142857313156128 46049
1669183951104 1.0 46099
1669183964752 1.0 46149
1669183978424 0.75 46199
1669184005237 0.800000011920929 46249
1669184018857 0.800000011920929 46299
1669184032524 0.0 46349
1669184046192 1.0 46399
1669184073558 0.0 46449
1669184087155 0.6666666865348816 46499
1669184100794 0.6666666865348816 46549
1669184114466 1.0 46599
1669184128152 0.3333333432674408 46649
1669184155239 1.0 46699
1669184168883 1.0 46749
1669184182546 0.75 46799
1669184196239 0.6666666865348816 46849
1669184222445 0.5 46899
1669184236075 0.5 46949
1669184249731 0.6666666865348816 46999
1669184263410 0.0 47049
1669184290325 0.6000000238418579 47099
1669184303916 1.0 47149
1669184317580 0.5 47199
1669184331257 0.0 47249
1669184344927 1.0 47299
1669184371828 0.5 47349
1669184385487 0.8333333134651184 47399
1669184399174 0.3333333432674408 47449
1669184412869 0.75 47499
1669184439766 0.5 47549
1669184453420 1.0 47599
1669184467076 0.0 47649
1669184480745 0.6666666865348816 47699
1669184507687 0.5 47749
1669184521294 0.75 47799
1669184534945 1.0 47849
1669184548627 0.5 47899
1669184562329 0.3333333432674408 47949
1669184589414 0.5 47999
1669184603040 0.6666666865348816 48049
1669184616699 0.75 48099
1669184630379 0.6666666865348816 48149
1669184657418 1.0 48199
1669184671038 0.5 48249
1669184684694 0.3333333432674408 48299
1669184698361 1.0 48349
1669184725382 1.0 48399
1669184738981 0.0 48449
1669184752612 0.75 48499
1669184766275 0.5 48549
1669184779972 0.4000000059604645 48599
1669184806774 1.0 48649
1669184820430 0.4285714328289032 48699
1669184834095 0.5 48749
1669184847774 0.0 48799
1669184874710 0.5 48849
1669184888324 0.0 48899
1669184901965 1.0 48949
1669184915646 0.5 48999
1669184942651 0.75 49049
1669184956258 1.0 49099
1669184969891 1.0 49149
1669184983560 0.25 49199
1669184997223 0.800000011920929 49249
1669185024412 0.5 49299
1669185038029 0.5 49349
1669185051668 0.4000000059604645 49399
1669185065336 0.800000011920929 49449
1669185092400 0.0 49499
1669185106023 1.0 49549
1669185119682 0.6666666865348816 49599
1669185133391 0.6666666865348816 49649
1669185160227 0.0 49699
1669185173846 0.5 49749
1669185187509 0.6000000238418579 49799
1669185201188 0.0 49849
1669185214838 0.25 49899
1669185242084 0.5 49949
1669185255741 0.6666666865348816 49999
1669185269403 1.0 50049
1669185283093 0.0 50099
1669185309841 1.0 50149
1669185323463 1.0 50199
1669185337120 0.6666666865348816 50249
1669185350789 0.4000000059604645 50299
1669185377907 0.5 50349
1669185391505 0.5 50399
1669185405158 0.7142857313156128 50449
1669185418841 0.5 50499
1669185432503 0.5 50549
1669185459628 0.3333333432674408 50599
1669185473286 0.0 50649
1669185486956 0.5 50699
1669185500633 0.5 50749
1669185527192 1.0 50799
1669185540804 0.75 50849
1669185554443 0.6666666865348816 50899
1669185568105 1.0 50949
1669185595356 0.0 50999
1669185608951 1.0 51049
1669185622602 0.0 51099
1669185636262 0.25 51149
1669185649959 0.0 51199
1669185676892 0.5 51249
1669185690533 0.1666666716337204 51299
1669185704177 0.3333333432674408 51349
1669185717848 0.3333333432674408 51399
1669185744917 0.25 51449
1669185758544 0.0 51499
1669185772186 0.5 51549
1669185785852 0.800000011920929 51599
1669185813257 1.0 51649
1669185826857 0.5 51699
1669185840488 0.800000011920929 51749
1669185854131 0.6666666865348816 51799
1669185867820 0.20000000298023224 51849
1669185894776 0.6666666865348816 51899
1669185908409 0.5 51949
1669185922049 0.0 51999
1669185935726 0.6666666865348816 52049
1669185962611 1.0 52099
1669185976239 0.6000000238418579 52149
1669185989882 0.0 52199
1669186003542 0.6000000238418579 52249
1669186030655 0.25 52299
1669186044253 0.1666666716337204 52349
1669186057878 0.5 52399
1669186071533 0.75 52449
1669186085201 0.0 52499
1669186112322 1.0 52549
1669186125958 0.5 52599
1669186139624 0.5 52649
1669186153317 0.6000000238418579 52699
1669186180318 0.25 52749
1669186193939 1.0 52799
1669186207586 0.75 52849
1669186221258 0.3333333432674408 52899
1669186248055 0.4000000059604645 52949
1669186261629 0.0 52999
1669186275268 1.0 53049
1669186288926 0.25 53099
1669186302581 1.0 53149
1669186329491 1.0 53199
1669186343107 0.5 53249
1669186356747 0.0 53299
1669186370394 0.800000011920929 53349
1669186397358 1.0 53399
1669186410964 0.5 53449
1669186424602 0.0 53499
1669186438248 0.25 53549
1669186465184 0.5 53599
1669186478789 1.0 53649
1669186492419 1.0 53699
1669186506087 0.25 53749
1669186519752 0.5 53799
1669186546643 1.0 53849
1669186560279 0.0 53899
1669186573936 0.6666666865348816 53949
1669186587597 0.0 53999
1669186614085 0.75 54049
1669186627690 0.5 54099
1669186641355 0.4000000059604645 54149
1669186655007 0.6666666865348816 54199
1669186668498 1.0 54249
1669186695790 0.2857142984867096 54299
1669186709444 0.8333333134651184 54349
1669186723092 0.3333333432674408 54399
1669186736760 0.6666666865348816 54449
1669186763457 0.3333333432674408 54499
1669186777091 0.0 54549
1669186790736 0.5 54599
1669186804408 0.6666666865348816 54649
1669186831313 0.6000000238418579 54699
1669186844945 1.0 54749
1669186858598 1.0 54799
1669186872263 0.6666666865348816 54849
1669186885943 1.0 54899
1669186912842 0.6666666865348816 54949
1669186926471 0.3333333432674408 54999
1669186940117 1.0 55049
1669186953782 0.6666666865348816 55099
1669186980560 0.0 55149
1669186994193 1.0 55199
1669187007853 0.0 55249
1669187021535 0.25 55299
1669187048485 0.0 55349
1669187062099 0.5 55399
1669187075756 1.0 55449
1669187089415 0.25 55499
1669187103065 0.0 55549
1669187129914 0.0 55599
1669187143576 0.4000000059604645 55649
1669187157217 1.0 55699
1669187170881 1.0 55749
1669187197722 1.0 55799
1669187211367 1.0 55849
1669187225022 0.0 55899
1669187238696 0.20000000298023224 55949
1669187265849 0.6666666865348816 55999
1669187279466 0.0 56049
1669187293096 0.6666666865348816 56099
1669187306750 1.0 56149
1669187320421 0.5 56199
1669187347162 0.5 56249
1669187360788 0.75 56299
1669187374441 0.25 56349
1669187388100 1.0 56399
1669187415194 0.0 56449
1669187428804 1.0 56499
1669187442439 0.6666666865348816 56549
1669187456095 0.0 56599
1669187482775 1.0 56649
1669187496365 0.8333333134651184 56699
1669187510023 0.3333333432674408 56749
1669187523671 0.6666666865348816 56799
1669187537349 1.0 56849
1669187564085 0.7142857313156128 56899
1669187577724 0.5 56949
1669187591363 1.0 56999
1669187605019 0.0 57049
1669187631563 0.5 57099
1669187645179 0.5 57149
1669187658819 0.7142857313156128 57199
1669187672485 0.0 57249
1669187699567 0.3333333432674408 57299
1669187713160 0.4000000059604645 57349
1669187726795 0.6666666865348816 57399
1669187740442 1.0 57449
1669187754108 0.75 57499
1669187781101 1.0 57549
1669187794727 0.75 57599
1669187808384 0.75 57649
1669187822051 0.6666666865348816 57699
1669187848926 1.0 57749
1669187862577 0.75 57799
1669187876262 1.0 57849
1669187889935 1.0 57899
1669187916872 0.6666666865348816 57949
1669187930470 0.6000000238418579 57999
1669187944134 0.0 58049
1669187957798 1.0 58099
1669187971488 0.6666666865348816 58149
1669187998392 0.800000011920929 58199
1669188012013 0.0 58249
1669188025677 1.0 58299
1669188039343 1.0 58349
1669188066010 0.6000000238418579 58399
1669188079626 0.6666666865348816 58449
1669188093278 0.5 58499
1669188106993 0.8333333134651184 58549
1669188133465 0.5 58599
1669188147054 0.3333333432674408 58649
1669188160692 0.6666666865348816 58699
1669188174401 0.5 58749
1669188188097 0.5 58799
1669188215168 0.6666666865348816 58849
1669188228793 0.6000000238418579 58899
1669188242443 0.5 58949
1669188256101 1.0 58999
1669188283043 1.0 59049
1669188296680 0.75 59099
1669188310338 0.6000000238418579 59149
1669188323990 0.4000000059604645 59199
1669188350774 0.75 59249
1669188364393 1.0 59299
1669188378049 0.5 59349
1669188391691 0.4285714328289032 59399
1669188405354 0.6000000238418579 59449
1669188432317 0.3333333432674408 59499
1669188445977 0.0 59549
1669188459655 0.0 59599
1669188473323 1.0 59649
1669188500330 0.4285714328289032 59699
1669188513990 0.5 59749
1669188527646 0.4000000059604645 59799
1669188541288 0.0 59849
1669188568210 0.0 59899
1669188581798 1.0 59949
1669188595451 0.75 59999
1669188609126 0.25 60049
1669188622795 0.75 60099
1669188649431 0.6000000238418579 60149
1669188663093 0.25 60199
1669188676760 0.6000000238418579 60249
1669188690471 0.5 60299
1669188717609 1.0 60349
1669188731240 0.4000000059604645 60399
1669188744894 0.6000000238418579 60449
1669188758593 1.0 60499
1669188785687 1.0 60549
1669188799274 0.4000000059604645 60599
1669188812926 0.6000000238418579 60649
1669188826582 0.5 60699
1669188840266 1.0 60749
1669188866775 0.0 60799
1669188880455 0.75 60849
1669188894105 0.75 60899
1669188907778 0.4000000059604645 60949
1669188934601 0.5 60999
1669188948247 1.0 61049
1669188961892 0.6666666865348816 61099
1669188975575 0.3333333432674408 61149
1669189002476 0.0 61199
1669189016068 0.5 61249
1669189029713 0.5 61299
1669189043385 0.6666666865348816 61349
1669189057073 0.0 61399
1669189084239 0.4000000059604645 61449
1669189097878 0.6666666865348816 61499
1669189111552 0.0 61549
1669189125214 0.6666666865348816 61599
1669189152515 1.0 61649
1669189166143 0.3333333432674408 61699
1669189179793 0.25 61749
1669189193447 0.3333333432674408 61799
1669189220002 1.0 61849
1669189233616 0.6666666865348816 61899
1669189247266 0.6666666865348816 61949
1669189260925 0.75 61999
1669189274587 0.5 62049
1669189301626 0.5 62099
1669189315242 0.5 62149
1669189328901 0.3333333432674408 62199
1669189342568 0.75 62249
1669189369557 1.0 62299
1669189383179 0.3333333432674408 62349
1669189396865 0.5 62399
1669189410558 0.4000000059604645 62449
1669189437724 0.3333333432674408 62499
1669189451344 1.0 62549
1669189464982 0.25 62599
1669189478626 1.0 62649
1669189492290 0.4000000059604645 62699
1669189519385 0.8571428656578064 62749
1669189533044 0.6666666865348816 62799
1669189546711 1.0 62849
1669189560374 0.0 62899
1669189587295 0.75 62949
1669189600934 0.6666666865348816 62999
1669189614604 0.25 63049
1669189628281 0.6000000238418579 63099
1669189655521 0.6000000238418579 63149
1669189669106 0.3333333432674408 63199
1669189682753 0.5 63249
1669189696406 0.5 63299
1669189710090 0.6666666865348816 63349
1669189736808 0.5 63399
1669189750447 0.5 63449
1669189764099 0.25 63499
1669189777761 0.1666666716337204 63549
1669189804581 0.5 63599
1669189818218 0.6666666865348816 63649
1669189831856 0.800000011920929 63699
1669189845522 0.3333333432674408 63749
1669189872622 0.6666666865348816 63799
1669189886244 0.3333333432674408 63849
1669189899876 0.6666666865348816 63899
1669189913530 0.5 63949
1669189927202 1.0 63999
1669189953856 0.6000000238418579 64049
1669189967495 0.6000000238418579 64099
1669189981141 0.75 64149
1669189994814 1.0 64199
1669190021762 0.0 64249
1669190035396 1.0 64299
1669190049056 0.0 64349
1669190062729 0.75 64399
1669190089705 0.6666666865348816 64449
1669190103355 0.75 64499
1669190117019 0.20000000298023224 64549
1669190130700 1.0 64599
1669190144399 0.3333333432674408 64649
1669190171410 0.3333333432674408 64699
1669190185029 1.0 64749
1669190198676 0.3333333432674408 64799
1669190212355 1.0 64849
1669190239334 0.5 64899
1669190252957 0.3333333432674408 64949
1669190266594 0.0 64999
1669190280296 0.6000000238418579 65049
1669190293788 0.0 65099
