1669190547026 0.25 49
1669190561098 0.6000000238418579 99
1669190575047 0.5 149
1669190588872 0.1666666716337204 199
1669190614987 0.75 249
1669190628791 0.0 299
1669190642647 0.0 349
1669190656490 0.6666666865348816 399
1669190683026 0.1666666716337204 449
1669190696833 0.4000000059604645 499
1669190710721 0.25 549
1669190724678 0.1666666716337204 599
1669190738627 0.6000000238418579 649
1669190764730 0.4285714328289032 699
1669190778639 0.0 749
1669190792511 0.1666666716337204 799
1669190806544 0.0 849
1669190833351 0.75 899
1669190847198 0.0 949
1669190861075 0.20000000298023224 999
1669190875055 0.0 1049
1669190901592 0.5 1099
1669190915556 0.25 1149
1669190929443 0.0 1199
1669190943332 0.1666666716337204 1249
1669190957433 0.20000000298023224 1299
1669190984016 0.25 1349
1669190997896 0.0 1399
1669191011817 0.8333333134651184 1449
1669191025716 0.20000000298023224 1499
1669191052282 0.5 1549
1669191066142 0.5 1599
1669191080059 0.5 1649
1669191093955 0.1428571492433548 1699
1669191120415 0.4000000059604645 1749
1669191134325 0.4000000059604645 1799
1669191148322 0.25 1849
1669191162326 0.0 1899
1669191176295 0.25 1949
1669191202920 0.0 1999
1669191216873 0.3333333432674408 2049
1669191230930 0.20000000298023224 2099
1669191244851 0.0 2149
1669191271176 0.3333333432674408 2199
1669191285102 0.0 2249
1669191298991 0.3333333432674408 2299
1669191312916 0.1428571492433548 2349
1669191339368 0.3333333432674408 2399
1669191353211 0.1666666716337204 2449
1669191367141 0.6666666865348816 2499
1669191381201 0.75 2549
1669191395202 0.0 2599
1669191421742 0.25 2649
1669191435665 0.0 2699
1669191449552 0.0 2749
1669191463484 0.0 2799
1669191490086 0.1666666716337204 2849
1669191504091 0.5 2899
1669191517992 0.25 2949
1669191531908 0.3333333432674408 2999
1669191558622 0.5 3049
1669191572531 0.1666666716337204 3099
1669191586406 0.2857142984867096 3149
1669191600332 0.3333333432674408 3199
1669191614275 0.4000000059604645 3249
1669191640847 0.25 3299
1669191654814 0.25 3349
1669191668809 0.0 3399
1669191682749 0.3333333432674408 3449
1669191709386 0.20000000298023224 3499
1669191723287 0.0 3549
1669191737183 0.3333333432674408 3599
1669191751117 0.5 3649
1669191777946 0.3333333432674408 3699
1669191791888 0.0 3749
1669191805894 0.20000000298023224 3799
1669191819855 0.6666666865348816 3849
1669191833766 0.800000011920929 3899
1669191860116 0.5 3949
1669191874023 0.25 3999
1669191888004 0.6666666865348816 4049
1669191902040 0.5 4099
1669191928517 0.3333333432674408 4149
1669191942469 0.0 4199
1669191956409 0.25 4249
1669191970364 0.0 4299
1669191996684 0.0 4349
1669192010529 0.3333333432674408 4399
1669192024463 0.4000000059604645 4449
1669192038466 0.5 4499
1669192052413 0.4000000059604645 4549
1669192078763 0.5 4599
1669192092873 0.5 4649
1669192106875 0.4000000059604645 4699
1669192120864 0.25 4749
1669192147603 0.20000000298023224 4799
1669192161489 0.0 4849
1669192175416 0.5 4899
1669192189335 0.20000000298023224 4949
1669192216057 0.5 4999
1669192229916 0.4000000059604645 5049
1669192243808 0.5 5099
1669192257748 0.0 5149
1669192271738 0.0 5199
1669192298113 0.20000000298023224 5249
1669192312053 0.3333333432674408 5299
1669192325977 0.4000000059604645 5349
1669192340135 0.20000000298023224 5399
1669192366803 0.4000000059604645 5449
1669192380696 0.20000000298023224 5499
1669192394653 0.6666666865348816 5549
1669192408657 0.3333333432674408 5599
1669192435346 0.1666666716337204 5649
1669192449200 0.0 5699
1669192463152 1.0 5749
1669192477102 0.0 5799
1669192491059 0.0 5849
1669192517182 0.20000000298023224 5899
1669192531099 0.5 5949
1669192545070 0.20000000298023224 5999
1669192559088 0.0 6049
1669192585863 0.4000000059604645 6099
1669192599736 0.125 6149
1669192613669 0.1666666716337204 6199
1669192627691 0.3333333432674408 6249
1669192654098 0.3333333432674408 6299
1669192667955 0.0 6349
1669192681916 1.0 6399
1669192695913 0.0 6449
1669192709887 0.25 6499
1669192736405 0.0 6549
1669192750329 0.0 6599
1669192764273 0.0 6649
1669192778218 0.0 6699
1669192804870 0.1666666716337204 6749
1669192818787 0.0 6799
1669192832669 0.5 6849
1669192846616 0.20000000298023224 6899
1669192873175 0.0 6949
1669192887042 0.0 6999
1669192900939 0.20000000298023224 7049
1669192914849 0.6000000238418579 7099
1669192928877 0.20000000298023224 7149
1669192955333 0.3333333432674408 7199
1669192969252 0.0 7249
1669192983216 0.3333333432674408 7299
1669192997162 0.375 7349
1669193023501 0.4000000059604645 7399
1669193037455 0.3333333432674408 7449
1669193051434 0.0 7499
1669193065416 0.20000000298023224 7549
1669193091908 0.6666666865348816 7599
1669193105790 0.25 7649
1669193119693 0.5 7699
1669193133651 0.25 7749
1669193147582 0.0 7799
1669193174046 0.0 7849
1669193188035 0.0 7899
1669193202080 0.6000000238418579 7949
1669193216024 1.0 7999
1669193242646 0.3333333432674408 8049
1669193256565 0.0 8099
1669193270474 0.25 8149
1669193284402 0.6000000238418579 8199
1669193310656 0.0 8249
1669193324530 0.5 8299
1669193338526 0.0 8349
1669193352510 0.0 8399
1669193366520 0.6666666865348816 8449
1669193393248 0.20000000298023224 8499
1669193407234 0.20000000298023224 8549
1669193421181 0.1428571492433548 8599
1669193435148 0.20000000298023224 8649
1669193461609 0.0 8699
1669193475696 0.3333333432674408 8749
1669193489612 0.3333333432674408 8799
1669193503717 0.0 8849
1669193530284 0.6666666865348816 8899
1669193544156 0.4285714328289032 8949
1669193558057 0.25 8999
1669193572071 0.0 9049
1669193586066 0.20000000298023224 9099
1669193612433 0.4000000059604645 9149
1669193626320 0.0 9199
1669193640261 0.20000000298023224 9249
1669193654209 0.6666666865348816 9299
1669193680424 0.25 9349
1669193694306 0.0 9399
1669193708262 0.20000000298023224 9449
1669193722171 1.0 9499
1669193748653 0.5 9549
1669193762528 0.0 9599
1669193776463 0.20000000298023224 9649
1669193790573 0.5 9699
1669193804541 0.25 9749
1669193830977 1.0 9799
1669193844874 0.0 9849
1669193858819 0.0 9899
1669193872739 0.5 9949
1669193899187 0.0 9999
1669193913236 0.3333333432674408 10049
1669193927223 0.3333333432674408 10099
1669193941252 0.0 10149
1669193967899 0.0 10199
1669193981797 0.3333333432674408 10249
1669193995725 0.25 10299
1669194009668 0.0 10349
1669194023638 0.2857142984867096 10399
1669194050072 0.0 10449
1669194064001 0.5 10499
1669194078144 0.5 10549
1669194092064 0.6666666865348816 10599
1669194118763 0.6000000238418579 10649
1669194132765 0.25 10699
1669194146767 0.0 10749
1669194160757 0.3333333432674408 10799
1669194175150 0.0 10849
1669194201751 0.0 10899
1669194215771 0.5 10949
1669194229840 0.75 10999
1669194243807 0.5 11049
1669194270341 0.0 11099
1669194284395 0.4000000059604645 11149
1669194298409 0.0 11199
1669194312417 0.25 11249
1669194338840 1.0 11299
1669194352838 0.3333333432674408 11349
1669194367373 0.5 11399
1669194381357 0.0 11449
1669194395297 0.0 11499
1669194422342 0.5 11549
1669194436351 0.6666666865348816 11599
1669194450360 0.20000000298023224 11649
1669194464311 0.0 11699
1669194490880 0.1666666716337204 11749
1669194504791 0.3333333432674408 11799
1669194518858 0.5 11849
1669194532805 0.25 11899
1669194559688 0.0 11949
1669194573625 0.1666666716337204 11999
1669194587532 0.1666666716337204 12049
1669194601483 0.0 12099
1669194615401 0.20000000298023224 12149
1669194642352 0.6666666865348816 12199
1669194656431 0.20000000298023224 12249
1669194670379 0.6666666865348816 12299
1669194684339 0.25 12349
1669194711349 0.0 12399
1669194725279 0.4000000059604645 12449
1669194739336 0.5 12499
1669194753436 0.20000000298023224 12549
1669194779991 0.1666666716337204 12599
1669194793917 0.1428571492433548 12649
1669194807822 0.1428571492433548 12699
1669194821757 0.125 12749
1669194835683 1.0 12799
1669194862839 0.5 12849
1669194876744 0.0 12899
1669194890662 0.25 12949
1669194904599 0.5714285969734192 12999
1669194931553 0.0 13049
1669194945457 0.25 13099
1669194959487 0.25 13149
1669194973476 0.25 13199
1669195000454 0.3333333432674408 13249
1669195014335 0.75 13299
1669195028383 0.1666666716337204 13349
1669195042333 0.25 13399
1669195056265 0.3333333432674408 13449
1669195082633 0.0 13499
1669195096699 0.5 13549
1669195110637 0.20000000298023224 13599
1669195124575 0.25 13649
1669195151489 0.5 13699
1669195165428 0.0 13749
1669195179360 0.0 13799
1669195193370 0.0 13849
1669195220622 0.0 13899
1669195234502 0.3333333432674408 13949
1669195248509 0.5 13999
1669195262478 0.6000000238418579 14049
1669195276452 0.3333333432674408 14099
1669195303391 0.25 14149
1669195317283 0.0 14199
1669195331261 0.75 14249
1669195345197 0.0 14299
1669195371990 0.4000000059604645 14349
1669195386009 0.5 14399
1669195399996 0.3333333432674408 14449
1669195413948 0.75 14499
1669195440972 0.3333333432674408 14549
1669195454881 0.4000000059604645 14599
1669195468812 0.4000000059604645 14649
1669195482785 0.1428571492433548 14699
1669195496718 0.0 14749
1669195523811 0.0 14799
1669195537796 0.5 14849
1669195551728 0.5 14899
1669195565696 0.4000000059604645 14949
1669195592587 0.20000000298023224 14999
1669195606496 0.0 15049
1669195620539 0.0 15099
1669195634464 0.3333333432674408 15149
1669195661692 0.0 15199
1669195675572 0.1666666716337204 15249
1669195689577 0.0 15299
1669195703534 0.4000000059604645 15349
1669195717573 0.3333333432674408 15399
1669195744591 0.3333333432674408 15449
1669195758502 0.20000000298023224 15499
1669195772442 0.75 15549
1669195786371 0.0 15599
1669195813737 0.6666666865348816 15649
1669195827880 0.4000000059604645 15699
1669195841911 0.3333333432674408 15749
1669195855876 0.3333333432674408 15799
1669195882961 0.20000000298023224 15849
1669195896920 0.0 15899
1669195910881 0.0 15949
1669195924788 0.6000000238418579 15999
1669195938694 0.4000000059604645 16049
1669195965694 0.4000000059604645 16099
1669195979600 0.0 16149
1669195993563 0.0 16199
1669196007500 0.1666666716337204 16249
1669196033879 0.0 16299
1669196047939 0.0 16349
1669196061911 0.4000000059604645 16399
1669196075882 0.25 16449
1669196102863 0.1666666716337204 16499
1669196116998 0.0 16549
1669196130946 0.3333333432674408 16599
1669196144889 0.25 16649
1669196158914 0.0 16699
1669196185717 0.375 16749
1669196199655 0.0 16799
1669196213614 0.1666666716337204 16849
1669196227550 0.5 16899
1669196254303 0.0 16949
1669196268327 0.1666666716337204 16999
1669196282287 0.3333333432674408 17049
1669196296241 0.6666666865348816 17099
1669196323145 0.20000000298023224 17149
1669196337019 1.0 17199
1669196350943 0.5 17249
1669196364904 0.6666666865348816 17299
1669196378882 0.2857142984867096 17349
1669196405619 1.0 17399
1669196419554 0.6000000238418579 17449
1669196433512 0.0 17499
1669196447495 0.20000000298023224 17549
1669196474369 0.20000000298023224 17599
1669196488271 1.0 17649
1669196502334 0.25 17699
1669196516280 0.6666666865348816 17749
1669196543320 0.3333333432674408 17799
1669196557293 0.0 17849
1669196571231 0.0 17899
1669196585154 1.0 17949
1669196599142 0.0 17999
1669196626192 0.0 18049
1669196640184 0.20000000298023224 18099
1669196654150 0.0 18149
1669196668139 0.4000000059604645 18199
1669196695054 0.0 18249
1669196708952 0.0 18299
1669196722903 0.2857142984867096 18349
1669196736858 0.25 18399
1669196763665 0.5 18449
1669196777549 0.0 18499
1669196791673 0.1666666716337204 18549
1669196805606 0.5 18599
1669196819568 0.4000000059604645 18649
1669196846216 0.25 18699
1669196860125 0.6000000238418579 18749
1669196874066 1.0 18799
1669196888017 0.25 18849
1669196914974 0.0 18899
1669196928911 0.20000000298023224 18949
1669196942837 0.0 18999
1669196956763 0.20000000298023224 19049
1669196983656 0.0 19099
1669196997533 0.6000000238418579 19149
1669197011461 0.20000000298023224 19199
1669197025435 0.0 19249
1669197039391 0.3333333432674408 19299
1669197066138 0.3333333432674408 19349
1669197080046 0.3333333432674408 19399
1669197093994 0.25 19449
1669197107965 0.3333333432674408 19499
1669197134981 0.3333333432674408 19549
1669197148849 0.0 19599
1669197162772 0.6666666865348816 19649
1669197176739 0.3333333432674408 19699
1669197203505 0.1666666716337204 19749
1669197217426 0.1428571492433548 19799
1669197231327 0.0 19849
1669197245252 0.0 19899
1669197259204 0.2857142984867096 19949
1669197285782 0.6000000238418579 19999
1669197299685 1.0 20049
1669197313714 0.6666666865348816 20099
1669197327687 0.25 20149
1669197354574 0.25 20199
1669197368536 0.6000000238418579 20249
1669197382455 0.0 20299
1669197396417 0.3333333432674408 20349
1669197423068 0.0 20399
1669197436959 0.6666666865348816 20449
1669197450894 0.5 20499
1669197464825 0.25 20549
1669197478830 0.0 20599
1669197505247 0.1666666716337204 20649
1669197519170 0.0 20699
1669197533127 0.4000000059604645 20749
1669197547166 0.25 20799
1669197574412 0.4285714328289032 20849
1669197588326 0.0 20899
1669197602226 0.0 20949
1669197616156 0.5 20999
1669197642917 0.75 21049
1669197656971 1.0 21099
1669197670953 0.25 21149
1669197685013 0.0 21199
1669197698924 0.4000000059604645 21249
1669197725795 0.5 21299
1669197739745 0.0 21349
1669197753674 0.0 21399
1669197767650 0.25 21449
1669197794770 1.0 21499
1669197808865 0.0 21549
1669197822862 0.6000000238418579 21599
1669197836857 0.6666666865348816 21649
1669197850711 0.0 21699
1669197877535 0.0 21749
1669197891508 0.75 21799
1669197905446 0.0 21849
1669197919355 0.25 21899
1669197946264 1.0 21949
1669197960182 0.8333333134651184 21999
1669197974124 0.0 22049
1669197988083 0.25 22099
1669198014597 0.5 22149
1669198028634 0.0 22199
1669198042529 0.3333333432674408 22249
1669198056481 0.0 22299
1669198070556 0.5 22349
1669198097329 0.20000000298023224 22399
1669198111254 0.25 22449
1669198125279 0.5 22499
1669198139272 0.25 22549
1669198166520 0.4000000059604645 22599
1669198180469 0.1666666716337204 22649
1669198194395 0.0 22699
1669198208347 0.1666666716337204 22749
1669198235166 0.3333333432674408 22799
1669198249092 0.0 22849
1669198263069 0.0 22899
1669198277072 0.25 22949
1669198291071 0.25 22999
1669198317977 0.1666666716337204 23049
1669198331904 0.5 23099
1669198345854 0.6000000238418579 23149
1669198359891 0.20000000298023224 23199
1669198386620 0.4000000059604645 23249
1669198400611 0.0 23299
1669198414560 0.25 23349
1669198428492 0.3333333432674408 23399
1669198455128 0.5 23449
1669198469041 0.2857142984867096 23499
1669198482963 0.0 23549
1669198496868 0.5 23599
1669198510814 0.0 23649
1669198537508 0.0 23699
1669198551462 0.4000000059604645 23749
1669198565396 0.5 23799
1669198579355 0.0 23849
1669198606451 0.0 23899
1669198620390 0.3333333432674408 23949
1669198634377 0.3333333432674408 23999
1669198648316 0.0 24049
1669198675372 0.3333333432674408 24099
1669198689315 0.0 24149
1669198703239 0.0 24199
1669198717220 0.5 24249
1669198731258 0.0 24299
1669198757931 0.5 24349
1669198771879 0.5 24399
1669198785799 0.0 24449
1669198799804 0.4000000059604645 24499
1669198826866 0.4000000059604645 24549
1669198840790 0.5 24599
1669198854751 0.0 24649
1669198868666 0.3333333432674408 24699
1669198895609 0.1666666716337204 24749
1669198909454 0.0 24799
1669198923441 0.2857142984867096 24849
1669198937448 0.0 24899
1669198951437 0.0 24949
1669198978195 0.5 24999
1669198992139 0.20000000298023224 25049
1669199006048 0.4000000059604645 25099
1669199020024 0.5 25149
1669199047037 0.0 25199
1669199060966 0.25 25249
1669199074944 0.0 25299
1669199088863 0.2857142984867096 25349
1669199115781 0.0 25399
1669199129686 0.25 25449
1669199143748 0.1666666716337204 25499
1669199157714 0.25 25549
1669199171634 0.6666666865348816 25599
1669199198370 0.1428571492433548 25649
1669199212394 0.1666666716337204 25699
1669199226309 0.5 25749
1669199240288 0.3333333432674408 25799
1669199267207 0.3333333432674408 25849
1669199281113 0.5 25899
1669199295036 0.0 25949
1669199308962 0.0 25999
1669199335807 1.0 26049
1669199349733 0.0 26099
1669199363628 0.3333333432674408 26149
1669199377540 0.0 26199
1669199391496 0.6666666865348816 26249
1669199418675 0.0 26299
1669199432580 0.3333333432674408 26349
1669199446497 0.4000000059604645 26399
1669199460447 0.3333333432674408 26449
1669199487431 0.5714285969734192 26499
1669199501339 0.0 26549
1669199515310 0.0 26599
1669199529299 0.20000000298023224 26649
1669199556389 0.5 26699
1669199570269 0.3333333432674408 26749
1669199584185 0.25 26799
1669199598106 0.3333333432674408 26849
1669199612052 0.6666666865348816 26899
1669199638916 0.1666666716337204 26949
1669199652837 0.0 26999
1669199666741 0.0 27049
1669199680668 0.0 27099
1669199707562 0.0 27149
1669199721443 0.0 27199
1669199735443 0.1666666716337204 27249
1669199749404 0.1666666716337204 27299
1669199776541 0.1428571492433548 27349
1669199790409 0.1666666716337204 27399
1669199804348 0.0 27449
1669199818275 0.0 27499
1669199832220 0.6000000238418579 27549
1669199859129 0.0 27599
1669199873127 0.5 27649
1669199887086 0.0 27699
1669199901010 0.3333333432674408 27749
1669199928012 0.3333333432674408 27799
1669199941956 0.20000000298023224 27849
1669199955946 0.4000000059604645 27899
1669199969942 0.20000000298023224 27949
1669199996990 0.0 27999
1669200010876 0.20000000298023224 28049
1669200024858 0.5 28099
1669200038809 0.25 28149
1669200052762 0.1428571492433548 28199
1669200079762 0.5 28249
1669200093711 0.1428571492433548 28299
1669200107740 0.5 28349
1669200121695 0.25 28399
1669200148872 0.20000000298023224 28449
1669200162828 1.0 28499
1669200176791 0.0 28549
1669200190799 0.0 28599
1669200217744 0.0 28649
1669200231679 0.0 28699
1669200245633 0.3333333432674408 28749
1669200259549 0.2857142984867096 28799
1669200273502 0.25 28849
1669200300377 0.3333333432674408 28899
1669200314314 0.20000000298023224 28949
1669200328255 0.5 28999
1669200342160 0.0 29049
1669200369119 0.5 29099
1669200383083 0.6666666865348816 29149
1669200397048 0.0 29199
1669200411092 0.1428571492433548 29249
1669200438173 0.25 29299
1669200452031 0.5 29349
1669200465984 0.0 29399
1669200480069 0.0 29449
1669200494056 0.4000000059604645 29499
1669200520922 0.0 29549
1669200534843 0.25 29599
1669200548803 0.0 29649
1669200562796 0.1666666716337204 29699
1669200589775 0.5 29749
1669200603740 0.0 29799
1669200617693 0.5 29849
1669200631679 0.25 29899
1669200658810 0.1666666716337204 29949
1669200672740 0.3333333432674408 29999
1669200686655 0.5 30049
1669200700588 0.25 30099
1669200714512 0.1428571492433548 30149
1669200741369 0.0 30199
1669200755302 0.4285714328289032 30249
1669200769254 0.1666666716337204 30299
1669200783176 0.20000000298023224 30349
1669200810002 0.0 30399
1669200823936 0.5 30449
1669200837855 0.0 30499
1669200851846 0.5 30549
1669200879271 0.2857142984867096 30599
1669200893156 0.3333333432674408 30649
1669200907086 0.20000000298023224 30699
1669200921015 0.6666666865348816 30749
1669200934966 0.5 30799
1669200961892 0.5 30849
1669200975807 0.0 30899
1669200989769 0.5 30949
1669201003877 1.0 30999
1669201030721 0.0 31049
1669201044636 0.25 31099
1669201058609 0.0 31149
1669201072532 0.25 31199
1669201099608 0.3333333432674408 31249
1669201113472 0.25 31299
1669201127594 1.0 31349
1669201141615 0.20000000298023224 31399
1669201155662 0.6000000238418579 31449
1669201182863 0.4000000059604645 31499
1669201196814 0.25 31549
1669201210906 0.20000000298023224 31599
1669201224868 0.0 31649
1669201251646 0.0 31699
1669201265620 0.25 31749
1669201279705 0.0 31799
1669201293774 0.4285714328289032 31849
1669201320583 1.0 31899
1669201334479 0.20000000298023224 31949
1669201348426 0.5 31999
1669201362396 0.6000000238418579 32049
1669201376336 0.25 32099
1669201402987 0.4000000059604645 32149
1669201416925 0.20000000298023224 32199
1669201431012 0.5 32249
1669201444947 0.1666666716337204 32299
1669201471670 0.20000000298023224 32349
1669201485640 0.6000000238418579 32399
1669201499572 0.20000000298023224 32449
1669201513548 0.3333333432674408 32499
1669201527319 0.0 32549
1669201554425 0.0 32599
1669201568403 0.5 32649
1669201582602 0.0 32699
1669201596555 0.5 32749
1669201623490 0.1666666716337204 32799
1669201637416 0.1666666716337204 32849
1669201651345 0.5 32899
1669201665353 0.25 32949
1669201692278 0.6000000238418579 32999
1669201706228 0.0 33049
1669201720542 0.0 33099
1669201734660 0.1666666716337204 33149
1669201748640 0.20000000298023224 33199
1669201775604 0.20000000298023224 33249
1669201789552 0.25 33299
1669201803491 0.5 33349
1669201817434 0.0 33399
1669201844084 0.0 33449
1669201858084 0.4000000059604645 33499
1669201872213 0.0 33549
1669201886273 0.1428571492433548 33599
1669201913167 0.0 33649
1669201927072 0.3333333432674408 33699
1669201940979 0.0 33749
1669201954908 0.4285714328289032 33799
1669201968884 0.5 33849
1669201995811 0.20000000298023224 33899
1669202009749 0.5 33949
1669202023662 0.5 33999
1669202037610 0.4000000059604645 34049
1669202064594 0.25 34099
1669202078548 0.6000000238418579 34149
1669202092480 0.0 34199
1669202106426 0.3333333432674408 34249
1669202133436 0.3333333432674408 34299
1669202147449 0.25 34349
1669202161514 0.20000000298023224 34399
1669202175496 0.0 34449
1669202189460 0.0 34499
1669202216346 0.0 34549
1669202230304 0.3333333432674408 34599
1669202244278 0.6000000238418579 34649
1669202258219 0.4000000059604645 34699
1669202285229 0.5 34749
1669202299155 0.0 34799
1669202313115 0.6666666865348816 34849
1669202327079 0.0 34899
1669202353921 0.5 34949
1669202367899 0.4000000059604645 34999
1669202381839 0.5 35049
1669202395890 0.6666666865348816 35099
1669202409941 0.0 35149
1669202436561 0.1428571492433548 35199
1669202450469 0.3333333432674408 35249
1669202464415 0.0 35299
1669202478338 0.3333333432674408 35349
1669202505492 0.20000000298023224 35399
1669202519451 0.0 35449
1669202533506 0.3333333432674408 35499
1669202547476 0.5 35549
1669202574669 0.3333333432674408 35599
1669202588698 0.4000000059604645 35649
1669202602706 0.0 35699
1669202616763 0.2857142984867096 35749
1669202630680 0.0 35799
1669202657590 0.6666666865348816 35849
1669202671503 0.5 35899
1669202685441 1.0 35949
1669202699411 0.20000000298023224 35999
1669202726388 0.20000000298023224 36049
1669202740367 1.0 36099
1669202754387 0.0 36149
1669202768342 0.0 36199
1669202795145 0.5 36249
1669202809033 0.25 36299
1669202822977 0.5 36349
1669202836997 0.0 36399
1669202850963 0.20000000298023224 36449
1669202877852 1.0 36499
1669202891784 0.5 36549
1669202905770 0.1666666716337204 36599
1669202919743 0.0 36649
1669202946376 0.0 36699
1669202960398 0.20000000298023224 36749
1669202974426 0.0 36799
1669202988449 0.4000000059604645 36849
1669203015757 0.25 36899
1669203029668 0.25 36949
1669203043593 0.6666666865348816 36999
1669203057542 0.5 37049
1669203071481 0.4000000059604645 37099
1669203098233 0.5 37149
1669203112172 0.5 37199
1669203126107 0.2857142984867096 37249
1669203140124 0.0 37299
1669203166980 0.0 37349
1669203180895 0.20000000298023224 37399
1669203194824 0.3333333432674408 37449
1669203208763 0.125 37499
1669203235674 0.0 37549
1669203249543 0.0 37599
1669203263562 0.0 37649
1669203277516 0.20000000298023224 37699
1669203291437 0.0 37749
1669203318397 0.75 37799
1669203332473 0.0 37849
1669203346504 0.1428571492433548 37899
1669203360493 0.20000000298023224 37949
1669203387650 0.6666666865348816 37999
1669203401583 0.0 38049
1669203415505 0.20000000298023224 38099
1669203429436 0.4000000059604645 38149
1669203456356 0.1666666716337204 38199
1669203470250 0.20000000298023224 38249
1669203484174 0.25 38299
1669203498128 0.0 38349
1669203512082 0.0 38399
1669203539012 0.1666666716337204 38449
1669203552930 0.3333333432674408 38499
1669203566883 0.5 38549
1669203580941 0.0 38599
1669203607900 0.0 38649
1669203622065 0.0 38699
1669203636066 0.5 38749
1669203650063 0.6666666865348816 38799
1669203677200 0.25 38849
1669203691077 0.5 38899
1669203705022 0.6000000238418579 38949
1669203718985 1.0 38999
1669203732937 0.0 39049
1669203759656 0.20000000298023224 39099
1669203773799 0.0 39149
1669203787738 0.0 39199
1669203801721 0.20000000298023224 39249
1669203828601 0.0 39299
1669203842504 0.4000000059604645 39349
1669203856512 0.4000000059604645 39399
1669203870449 0.20000000298023224 39449
1669203897364 0.20000000298023224 39499
1669203911341 0.20000000298023224 39549
1669203925361 0.4285714328289032 39599
1669203939283 0.6666666865348816 39649
1669203953225 0.20000000298023224 39699
1669203980198 0.1428571492433548 39749
1669203994118 0.5 39799
1669204008057 0.0 39849
1669204022018 0.5 39899
1669204048979 0.5 39949
1669204063013 0.25 39999
1669204076971 0.6000000238418579 40049
1669204090942 0.5 40099
1669204118110 0.0 40149
1669204131993 0.5 40199
1669204145928 0.0 40249
1669204159877 0.20000000298023224 40299
1669204173824 0.1666666716337204 40349
1669204200654 0.5 40399
1669204214565 0.0 40449
1669204228489 0.25 40499
1669204242537 0.0 40549
1669204269488 0.20000000298023224 40599
1669204283397 0.25 40649
1669204297365 0.5 40699
1669204311323 0.1666666716337204 40749
1669204337923 0.0 40799
1669204351821 0.3333333432674408 40849
1669204365739 0.0 40899
1669204379703 1.0 40949
1669204393636 0.6666666865348816 40999
1669204420561 0.5 41049
1669204434477 0.6666666865348816 41099
1669204448444 0.0 41149
1669204462393 0.5 41199
1669204489352 0.20000000298023224 41249
1669204503260 0.5 41299
1669204517193 0.25 41349
1669204531152 0.0 41399
1669204558243 0.1666666716337204 41449
1669204572190 0.4285714328289032 41499
1669204586119 0.2857142984867096 41549
1669204600067 0.0 41599
1669204614038 0.3333333432674408 41649
1669204641108 0.0 41699
1669204655063 0.5 41749
1669204669004 0.20000000298023224 41799
1669204682964 0.3333333432674408 41849
1669204709703 0.5 41899
1669204723605 0.0 41949
1669204737566 0.20000000298023224 41999
1669204751552 0.5 42049
1669204778443 0.20000000298023224 42099
1669204792430 0.4000000059604645 42149
1669204806441 0.0 42199
1669204820420 0.20000000298023224 42249
1669204834353 0.25 42299
1669204860717 0.3333333432674408 42349
1669204874645 0.20000000298023224 42399
1669204888580 0.5 42449
1669204902528 0.3333333432674408 42499
1669204929093 0.25 42549
1669204943010 0.6666666865348816 42599
1669204956957 0.25 42649
1669204971039 0.25 42699
1669204998074 0.5 42749
1669205012056 0.25 42799
1669205026069 0.1666666716337204 42849
1669205040137 0.3333333432674408 42899
1669205054087 0.4000000059604645 42949
1669205081117 0.0 42999
1669205095077 0.4000000059604645 43049
1669205109018 0.1428571492433548 43099
1669205122986 0.0 43149
1669205149942 0.6000000238418579 43199
1669205163832 0.25 43249
1669205177784 0.25 43299
1669205191824 0.0 43349
1669205205610 0.0 43399
1669205232520 0.5 43449
1669205246450 0.3333333432674408 43499
1669205260414 0.5 43549
1669205274373 0.0 43599
1669205301267 0.3333333432674408 43649
1669205315302 0.5 43699
1669205329239 0.5 43749
1669205343206 0.4000000059604645 43799
1669205370091 0.6000000238418579 43849
1669205384020 0.0 43899
1669205398070 0.5 43949
1669205412055 0.20000000298023224 43999
1669205425997 0.5 44049
1669205452734 0.0 44099
1669205466676 0.6000000238418579 44149
1669205480584 0.0 44199
1669205494552 0.0 44249
1669205521326 0.5 44299
1669205535271 0.0 44349
1669205549386 0.20000000298023224 44399
1669205563328 0.4000000059604645 44449
1669205590427 0.0 44499
1669205604334 0.25 44549
1669205618348 0.3333333432674408 44599
1669205632272 1.0 44649
1669205646217 0.6000000238418579 44699
1669205672874 0.5 44749
1669205686802 0.3333333432674408 44799
1669205700730 0.6666666865348816 44849
1669205714665 0.0 44899
1669205741610 0.0 44949
1669205755548 0.5714285969734192 44999
1669205769450 0.0 45049
1669205783402 0.1428571492433548 45099
1669205810300 0.4285714328289032 45149
1669205824208 0.6000000238418579 45199
1669205838162 0.6000000238418579 45249
1669205852114 0.3333333432674408 45299
1669205866073 0.25 45349
1669205892817 0.5 45399
1669205906758 0.0 45449
1669205920761 0.5 45499
1669205934719 0.3333333432674408 45549
1669205961615 0.1428571492433548 45599
1669205975532 0.0 45649
1669205989516 0.25 45699
1669206003424 0.25 45749
1669206030318 0.75 45799
1669206044246 0.0 45849
1669206058193 0.1666666716337204 45899
1669206072166 0.0 45949
1669206086116 0.0 45999
1669206113058 0.5 46049
1669206127011 0.20000000298023224 46099
1669206141078 1.0 46149
1669206154999 0.25 46199
1669206181902 0.6666666865348816 46249
1669206195881 0.75 46299
1669206209861 0.0 46349
1669206223956 0.6666666865348816 46399
1669206251159 0.25 46449
1669206265120 0.4285714328289032 46499
1669206279141 0.6000000238418579 46549
1669206293075 0.25 46599
1669206307019 0.20000000298023224 46649
1669206334027 0.4000000059604645 46699
1669206347913 0.5 46749
1669206361856 0.5 46799
1669206375871 0.0 46849
1669206402813 0.25 46899
1669206416795 0.20000000298023224 46949
1669206430692 0.3333333432674408 46999
1669206444705 0.0 47049
1669206471434 0.20000000298023224 47099
1669206485473 0.5 47149
1669206499413 0.20000000298023224 47199
1669206513370 0.0 47249
1669206527331 0.25 47299
1669206553915 0.5 47349
1669206567840 0.7142857313156128 47399
1669206581794 0.1428571492433548 47449
1669206595732 0.25 47499
1669206622238 0.20000000298023224 47549
1669206636146 1.0 47599
1669206650295 0.0 47649
1669206664246 0.20000000298023224 47699
1669206691421 0.1666666716337204 47749
1669206705303 0.3333333432674408 47799
1669206719308 0.6666666865348816 47849
1669206733284 0.5 47899
1669206747227 0.0 47949
1669206773728 0.5 47999
1669206787626 0.4000000059604645 48049
1669206801582 0.5 48099
1669206815506 0.4000000059604645 48149
1669206842544 0.6000000238418579 48199
1669206856497 0.3333333432674408 48249
1669206870435 0.1666666716337204 48299
1669206884359 0.6000000238418579 48349
1669206911354 1.0 48399
1669206925239 0.5 48449
1669206939191 0.6000000238418579 48499
1669206953153 0.20000000298023224 48549
1669206967113 0.4000000059604645 48599
1669206993733 0.25 48649
1669207007757 0.3333333432674408 48699
1669207021697 0.20000000298023224 48749
1669207035662 0.0 48799
1669207062574 0.0 48849
1669207076576 0.0 48899
1669207090494 0.3333333432674408 48949
1669207104510 0.25 48999
1669207131351 0.75 49049
1669207145200 0.6666666865348816 49099
1669207159156 0.0 49149
1669207173112 0.1666666716337204 49199
1669207187206 0.6000000238418579 49249
1669207214160 0.4000000059604645 49299
1669207228107 0.25 49349
1669207242058 0.25 49399
1669207256035 0.75 49449
1669207282852 0.0 49499
1669207296825 0.5 49549
1669207310839 0.25 49599
1669207324852 0.0 49649
1669207351627 0.1666666716337204 49699
1669207365515 0.3333333432674408 49749
1669207379483 0.3333333432674408 49799
1669207393624 0.0 49849
1669207407578 0.0 49899
1669207434725 0.4000000059604645 49949
1669207448655 0.3333333432674408 49999
1669207462684 0.0 50049
1669207476638 0.0 50099
1669207503455 0.6666666865348816 50149
1669207517373 1.0 50199
1669207531349 0.4000000059604645 50249
1669207545284 0.2857142984867096 50299
1669207572365 0.20000000298023224 50349
1669207586216 0.1666666716337204 50399
1669207600250 0.5 50449
1669207614199 0.3333333432674408 50499
1669207628132 0.0 50549
1669207655098 0.1666666716337204 50599
1669207669003 0.0 50649
1669207682945 0.4000000059604645 50699
1669207696887 0.20000000298023224 50749
1669207723853 0.6666666865348816 50799
1669207737789 0.5 50849
1669207751737 0.3333333432674408 50899
1669207765727 0.3333333432674408 50949
1669207792473 0.0 50999
1669207806368 0.5 51049
1669207820308 0.0 51099
1669207834264 0.0 51149
1669207848252 0.3333333432674408 51199
1669207875435 0.25 51249
1669207889373 0.1428571492433548 51299
1669207903312 0.1428571492433548 51349
1669207917263 0.0 51399
1669207944194 0.25 51449
1669207958096 0.0 51499
1669207972017 0.25 51549
1669207985996 0.75 51599
1669208012897 0.5 51649
1669208026826 0.4000000059604645 51699
1669208040745 0.6000000238418579 51749
1669208054683 0.25 51799
1669208068773 0.0 51849
1669208095625 0.5 51899
1669208109556 0.25 51949
1669208123473 0.0 51999
1669208137397 0.3333333432674408 52049
1669208164006 1.0 52099
1669208177913 0.3333333432674408 52149
1669208191880 0.0 52199
1669208205816 0.25 52249
1669208232772 0.1666666716337204 52299
1669208246705 0.125 52349
1669208260726 0.3333333432674408 52399
1669208274660 0.6000000238418579 52449
1669208288622 0.0 52499
1669208315322 0.3333333432674408 52549
1669208329269 0.0 52599
1669208343281 0.25 52649
1669208357221 0.0 52699
1669208383879 0.3333333432674408 52749
1669208397776 0.0 52799
1669208411723 0.6666666865348816 52849
1669208425673 0.1428571492433548 52899
1669208452510 0.1666666716337204 52949
1669208466476 0.0 52999
1669208480541 0.20000000298023224 53049
1669208494490 0.20000000298023224 53099
1669208508428 0.5 53149
1669208535545 0.5 53199
1669208549489 0.2857142984867096 53249
1669208563413 0.0 53299
1669208577339 0.5 53349
1669208604347 0.75 53399
1669208618307 0.1666666716337204 53449
1669208632300 0.0 53499
1669208646217 0.20000000298023224 53549
1669208672901 0.0 53599
1669208686972 0.25 53649
1669208700982 0.5 53699
1669208714912 0.0 53749
1669208728913 0.20000000298023224 53799
1669208755650 0.6666666865348816 53849
1669208769578 0.0 53899
1669208783517 0.5 53949
1669208797478 0.0 53999
1669208824010 0.4000000059604645 54049
1669208837886 0.25 54099
1669208851832 0.25 54149
1669208865763 0.4000000059604645 54199
1669208879563 0.0 54249
1669208906536 0.2857142984867096 54299
1669208920483 0.75 54349
1669208934405 0.25 54399
1669208948470 0.1666666716337204 54449
1669208975384 0.20000000298023224 54499
1669208989276 0.0 54549
1669209003235 0.0 54599
1669209017159 0.0 54649
1669209044162 0.25 54699
1669209058053 1.0 54749
1669209071990 1.0 54799
1669209085916 0.20000000298023224 54849
1669209099869 0.0 54899
1669209126594 0.5 54949
1669209140512 0.25 54999
1669209154526 0.1666666716337204 55049
1669209168452 0.0 55099
1669209195587 0.5 55149
1669209209483 0.6000000238418579 55199
1669209223423 0.0 55249
1669209237337 0.0 55299
1669209264491 0.0 55349
1669209278440 0.1666666716337204 55399
1669209292352 0.0 55449
1669209306290 0.0 55499
1669209320205 0.0 55549
1669209347144 0.0 55599
1669209361145 0.2857142984867096 55649
1669209375135 0.4000000059604645 55699
1669209389089 0.0 55749
1669209416067 1.0 55799
1669209430214 1.0 55849
1669209444137 0.0 55899
1669209458112 0.0 55949
1669209484848 0.4000000059604645 55999
1669209498774 0.0 56049
1669209512699 0.3333333432674408 56099
1669209526781 0.4000000059604645 56149
1669209540689 0.5 56199
1669209567597 0.20000000298023224 56249
1669209581714 0.5 56299
1669209595636 0.4000000059604645 56349
1669209609559 0.3333333432674408 56399
1669209636451 0.3333333432674408 56449
1669209650353 0.20000000298023224 56499
1669209664274 0.25 56549
1669209678355 0.0 56599
1669209705651 1.0 56649
1669209719584 0.5 56699
1669209733478 0.20000000298023224 56749
1669209747433 0.5 56799
1669209761368 0.3333333432674408 56849
1669209788111 0.6666666865348816 56899
1669209802095 0.3333333432674408 56949
1669209816040 0.0 56999
1669209830119 0.0 57049
1669209857028 0.0 57099
1669209871010 0.20000000298023224 57149
1669209884983 0.5 57199
1669209898914 0.0 57249
1669209925789 0.0 57299
1669209939656 0.0 57349
1669209953625 0.25 57399
1669209967589 0.0 57449
1669209981536 0.6666666865348816 57499
1669210008484 0.6666666865348816 57549
1669210022443 0.6000000238418579 57599
1669210036510 0.5 57649
1669210050485 0.3333333432674408 57699
1669210077507 0.6000000238418579 57749
1669210091480 0.5 57799
1669210105390 0.75 57849
1669210119303 0.1666666716337204 57899
1669210146052 0.25 57949
1669210159927 0.6000000238418579 57999
1669210173944 0.0 58049
1669210187960 0.4000000059604645 58099
1669210201963 0.4285714328289032 58149
1669210229178 0.4000000059604645 58199
1669210243132 0.0 58249
1669210257076 0.0 58299
1669210271056 1.0 58349
1669210297953 0.25 58399
1669210311851 0.0 58449
1669210325841 0.25 58499
1669210339767 0.4000000059604645 58549
1669210366523 0.25 58599
1669210380399 0.3333333432674408 58649
1669210394315 0.5 58699
1669210408257 0.25 58749
1669210422234 0.3333333432674408 58799
1669210449226 0.25 58849
1669210463124 0.0 58899
1669210477254 0.25 58949
1669210491188 0.6666666865348816 58999
1669210518044 0.0 59049
1669210531987 0.3333333432674408 59099
1669210545919 0.3333333432674408 59149
1669210559864 0.20000000298023224 59199
1669210586678 0.5 59249
1669210600564 0.3333333432674408 59299
1669210614491 0.3333333432674408 59349
1669210628447 0.4285714328289032 59399
1669210642417 0.5 59449
1669210669610 0.0 59499
1669210683523 0.0 59549
1669210697429 0.0 59599
1669210711372 0.6000000238418579 59649
1669210738021 0.25 59699
1669210752009 0.0 59749
1669210765914 0.3333333432674408 59799
1669210779850 0.0 59849
1669210806809 0.0 59899
1669210820683 0.5 59949
1669210834681 0.3333333432674408 59999
1669210848617 0.1666666716337204 60049
1669210862646 0.75 60099
1669210889521 0.4000000059604645 60149
1669210903439 0.0 60199
1669210917356 0.20000000298023224 60249
1669210931310 0.0 60299
1669210958282 1.0 60349
1669210972198 0.3333333432674408 60399
1669210986162 0.4000000059604645 60449
1669211000117 0.0 60499
1669211027179 0.25 60549
1669211041117 0.0 60599
1669211055044 0.3333333432674408 60649
1669211069002 0.1666666716337204 60699
1669211082935 1.0 60749
1669211109460 0.0 60799
1669211123412 0.75 60849
1669211137368 0.3333333432674408 60899
1669211151381 0.0 60949
1669211178337 0.20000000298023224 60999
1669211192263 0.25 61049
1669211206286 0.0 61099
1669211220244 0.1666666716337204 61149
1669211247394 0.0 61199
1669211261260 0.4000000059604645 61249
1669211275185 0.1666666716337204 61299
1669211289135 0.3333333432674408 61349
1669211303094 0.1666666716337204 61399
1669211330124 0.20000000298023224 61449
1669211344077 0.25 61499
1669211357992 0.0 61549
1669211371949 0.6666666865348816 61599
1669211398730 1.0 61649
1669211412750 0.20000000298023224 61699
1669211426668 0.1428571492433548 61749
1669211440640 0.20000000298023224 61799
1669211467544 0.5 61849
1669211481516 0.4000000059604645 61899
1669211495537 0.5 61949
1669211509593 0.20000000298023224 61999
1669211523708 0.25 62049
1669211550784 0.5 62099
1669211564778 0.20000000298023224 62149
1669211578805 0.1666666716337204 62199
1669211592796 0.0 62249
1669211619662 0.0 62299
1669211633589 0.25 62349
1669211647832 0.0 62399
1669211661842 0.25 62449
1669211688934 0.0 62499
1669211702880 1.0 62549
1669211716790 0.20000000298023224 62599
1669211730774 0.0 62649
1669211744876 0.3333333432674408 62699
1669211771649 0.6000000238418579 62749
1669211785601 0.5 62799
1669211799657 0.25 62849
1669211813707 0.25 62899
1669211840746 0.5 62949
1669211854683 0.5 62999
1669211868596 0.0 63049
1669211882526 0.2857142984867096 63099
1669211909610 0.4285714328289032 63149
1669211923497 0.0 63199
1669211937393 0.3333333432674408 63249
1669211951341 0.4000000059604645 63299
1669211965380 0.4000000059604645 63349
1669211992318 0.0 63399
1669212006253 0.0 63449
1669212020181 0.0 63499
1669212034117 0.1428571492433548 63549
1669212060955 0.0 63599
1669212074907 0.25 63649
1669212088837 0.5 63699
1669212102752 0.0 63749
1669212129735 0.1666666716337204 63799
1669212143659 0.0 63849
1669212157658 0.25 63899
1669212171695 0.25 63949
1669212185668 0.5 63999
1669212212852 0.25 64049
1669212226770 0.5 64099
1669212240683 0.20000000298023224 64149
1669212254607 0.0 64199
1669212281707 0.0 64249
1669212295585 0.20000000298023224 64299
1669212309504 0.0 64349
1669212323433 0.20000000298023224 64399
1669212350277 0.25 64449
1669212364260 0.75 64499
1669212378304 0.1428571492433548 64549
1669212392318 1.0 64599
1669212406336 0.3333333432674408 64649
1669212433117 0.3333333432674408 64699
1669212447077 0.6666666865348816 64749
1669212460982 0.1428571492433548 64799
1669212474922 0.5 64849
1669212502085 0.20000000298023224 64899
1669212516014 0.20000000298023224 64949
1669212529969 0.0 64999
1669212543899 0.25 65049
1669212557670 0.0 65099
