1669190605247 0.26146993041038513 216
1669190678006 0.2625654339790344 433
1669190750611 0.25546249747276306 650
1669190823849 0.2604624629020691 867
1669190896859 0.2561863958835602 1084
1669190970057 0.2567947208881378 1301
1669191043118 0.26270031929016113 1518
1669191115926 0.2597055435180664 1735
1669191189185 0.2643022835254669 1952
1669191262216 0.26586708426475525 2169
1669191335167 0.26957476139068604 2386
1669191408438 0.2662235200405121 2603
1669191481433 0.2661106586456299 2820
1669191554665 0.2692444622516632 3037
1669191627748 0.2766020596027374 3254
1669191701085 0.2676452398300171 3471
1669191774257 0.2731090486049652 3688
1669191847298 0.27388113737106323 3905
1669191920338 0.27624833583831787 4122
1669191993302 0.27694886922836304 4339
1669192066215 0.273542582988739 4556
1669192139809 0.2790297567844391 4773
1669192212937 0.27048730850219727 4990
1669192285697 0.27709200978279114 5207
1669192359239 0.27950048446655273 5424
1669192432479 0.2772502601146698 5641
1669192505212 0.2822268009185791 5858
1669192578593 0.27578312158584595 6075
1669192651519 0.2806551456451416 6292
1669192724629 0.2718813717365265 6509
1669192797843 0.277482807636261 6726
1669192870896 0.2753441035747528 6943
1669192943904 0.27470001578330994 7160
1669193016789 0.27667632699012756 7377
1669193089879 0.27503442764282227 7594
1669193162858 0.281859427690506 7811
1669193236153 0.2731310725212097 8028
1669193308945 0.27443158626556396 8245
1669193382369 0.2787311375141144 8462
1669193455437 0.2775750458240509 8679
1669193528857 0.27907657623291016 8896
1669193601847 0.2812098264694214 9113
1669193674557 0.28068411350250244 9330
1669193747510 0.2769777476787567 9547
1669193820588 0.2789045572280884 9764
1669193893547 0.2726562023162842 9981
1669193967027 0.2770645022392273 10198
1669194040025 0.26916876435279846 10415
1669194113425 0.27496427297592163 10632
1669194187272 0.2752491533756256 10849
1669194260505 0.27911511063575745 11066
1669194333734 0.2794908583164215 11283
1669194407993 0.277345210313797 11500
1669194481397 0.2803771197795868 11717
1669194554917 0.28229984641075134 11934
1669194628405 0.27299487590789795 12151
1669194702142 0.28536614775657654 12368
1669194775510 0.2815607190132141 12585
1669194849197 0.28214702010154724 12802
1669194922617 0.27774712443351746 13019
1669194996226 0.2778612971305847 13236
1669195069275 0.2803551256656647 13453
1669195142842 0.2734256386756897 13670
1669195216656 0.27745118737220764 13887
1669195290252 0.2743779718875885 14104
1669195363606 0.2736898362636566 14321
1669195437310 0.2755161225795746 14538
1669195511013 0.27694472670555115 14755
1669195584483 0.28318747878074646 14972
1669195658233 0.2768263816833496 15189
1669195732052 0.28071847558021545 15406
1669195805886 0.2730443477630615 15623
1669195879839 0.2802477777004242 15840
1669195953429 0.27829620242118835 16057
1669196026371 0.2763625383377075 16274
1669196099989 0.2728089690208435 16491
1669196173714 0.2840861678123474 16708
1669196247037 0.2789059281349182 16925
1669196320539 0.27430638670921326 17142
1669196393901 0.2772929072380066 17359
1669196467396 0.27651944756507874 17576
1669196541047 0.2769337296485901 17793
1669196614774 0.278513640165329 18010
1669196688335 0.28224340081214905 18227
1669196761651 0.2775007486343384 18444
1669196835114 0.27873390913009644 18661
1669196908534 0.28152769804000854 18878
1669196981950 0.28120291233062744 19095
1669197055258 0.27381643652915955 19312
1669197128826 0.28098276257514954 19529
1669197202060 0.2828640937805176 19746
1669197275199 0.2787435054779053 19963
1669197348673 0.28390729427337646 20180
1669197421891 0.2818951904773712 20397
1669197494945 0.2825048267841339 20614
1669197568773 0.2781943678855896 20831
1669197642046 0.28447291254997253 21048
1669197715723 0.2775089740753174 21265
1669197789462 0.2708093225955963 21482
1669197863056 0.2808850109577179 21699
1669197936514 0.2827168107032776 21916
1669198009599 0.27948397397994995 22133
1669198083176 0.28819435834884644 22350
1669198156930 0.2819516360759735 22567
1669198230374 0.2835191786289215 22784
1669198304059 0.2793765664100647 23001
1669198377349 0.2836430072784424 23218
1669198450642 0.28074049949645996 23435
1669198523860 0.2821181118488312 23652
1669198597510 0.2845912575721741 23869
1669198671145 0.28521060943603516 24086
1669198744611 0.28317371010780334 24303
1669198818140 0.283367782831192 24520
1669198891679 0.2848183810710907 24737
1669198965108 0.27521058917045593 24954
1669199038625 0.2802092134952545 25171
1669199112109 0.2816377580165863 25388
1669199185560 0.28622767329216003 25605
1669199259159 0.2819322943687439 25822
1669199332425 0.2850344777107239 26039
1669199406113 0.2848857641220093 26256
1669199479609 0.2844234108924866 26473
1669199553232 0.27661582827568054 26690
1669199626679 0.27800309658050537 26907
1669199700018 0.2860570549964905 27124
1669199773690 0.2756041884422302 27341
1669199847050 0.28359076380729675 27558
1669199920763 0.2774938642978668 27775
1669199994422 0.278645783662796 27992
1669200068105 0.2762909531593323 28209
1669200141868 0.285673052072525 28426
1669200215460 0.2858711779117584 28643
1669200288945 0.2821016311645508 28860
1669200362393 0.2779659032821655 29077
1669200436146 0.2837655246257782 29294
1669200509712 0.2765965163707733 29511
1669200583304 0.28813108801841736 29728
1669200657061 0.28592899441719055 29945
1669200730517 0.2781696021556854 30162
1669200803845 0.2813061773777008 30379
1669200877816 0.2821841835975647 30596
1669200951318 0.27286550402641296 30813
1669201024810 0.2844192087650299 31030
1669201098411 0.2909400165081024 31247
1669201172519 0.28786957263946533 31464
1669201246066 0.2832576632499695 31681
1669201319698 0.28455686569213867 31898
1669201392972 0.28776639699935913 32115
1669201466326 0.2807900309562683 32332
1669201539907 0.2875722646713257 32549
1669201613739 0.2861533463001251 32766
1669201687229 0.28254616260528564 32983
1669201761394 0.28189927339553833 33200
1669201834543 0.28929403424263 33417
1669201908388 0.28272777795791626 33634
1669201981918 0.29028773307800293 33851
1669202055370 0.28765761852264404 34068
1669202128920 0.2829219102859497 34285
1669202202624 0.2799615263938904 34502
1669202276213 0.28633639216423035 34719
1669202349699 0.2818979322910309 34936
1669202423187 0.27821919322013855 35153
1669202496800 0.29500001668930054 35370
1669202570734 0.28049954771995544 35587
1669202644397 0.2860666513442993 35804
1669202718046 0.28332650661468506 36021
1669202791478 0.2872461676597595 36238
1669202864972 0.2895362377166748 36455
1669202938305 0.2876080870628357 36672
1669203012325 0.29228734970092773 36889
1669203085701 0.2821153700351715 37106
1669203159185 0.2932838201522827 37323
1669203232529 0.2951624095439911 37540
1669203306155 0.29108726978302 37757
1669203380034 0.28858113288879395 37974
1669203453490 0.2859070301055908 38191
1669203526999 0.28488442301750183 38408
1669203600581 0.2879039943218231 38625
1669203674639 0.27818062901496887 38842
1669203747848 0.282577782869339 39059
1669203821605 0.27924999594688416 39276
1669203895092 0.27847784757614136 39493
1669203968742 0.2886306941509247 39710
1669204042252 0.29200664162635803 39927
1669204116092 0.2853633463382721 40144
1669204189535 0.28583264350891113 40361
1669204263070 0.287908136844635 40578
1669204336210 0.2861602306365967 40795
1669204409696 0.2926108241081238 41012
1669204483201 0.28599369525909424 41229
1669204556796 0.28371870517730713 41446
1669204630546 0.28656482696533203 41663
1669204703851 0.29066479206085205 41880
1669204777273 0.2819213271141052 42097
1669204850413 0.288755863904953 42314
1669204923518 0.28421831130981445 42531
1669204997181 0.28899672627449036 42748
1669205071060 0.2895004451274872 42965
1669205144626 0.287049263715744 43182
1669205218012 0.28808289766311646 43399
1669205291509 0.2858767509460449 43616
1669205365043 0.2860735356807709 43833
1669205438527 0.2899436354637146 44050
1669205511825 0.28229978680610657 44267
1669205585637 0.2949945032596588 44484
1669205658937 0.2893834710121155 44701
1669205732428 0.29227638244628906 44918
1669205805803 0.2819405496120453 45135
1669205879166 0.28366369009017944 45352
1669205952731 0.2858203053474426 45569
1669206026127 0.28859075903892517 45786
1669206099760 0.2860928475856781 46003
1669206173280 0.2850247919559479 46220
1669206247156 0.2876988649368286 46437
1669206320925 0.2870548367500305 46654
1669206394451 0.2849257290363312 46871
1669206467769 0.28788742423057556 47088
1669206541127 0.2888260781764984 47305
1669206614158 0.291146457195282 47522
1669206688020 0.2932301461696625 47739
1669206761196 0.28764116764068604 47956
1669206834739 0.2896091639995575 48173
1669206908229 0.29394441843032837 48390
1669206981506 0.29118776321411133 48607
1669207055015 0.2910473644733429 48824
1669207128477 0.2852642834186554 49041
1669207202201 0.2871359884738922 49258
1669207275587 0.2761726379394531 49475
1669207349068 0.2890462577342987 49692
1669207423022 0.29108723998069763 49909
1669207496432 0.2902078926563263 50126
1669207570074 0.29320672154426575 50343
1669207643671 0.2825048565864563 50560
1669207717102 0.28164052963256836 50777
1669207790490 0.2833416163921356 50994
1669207864230 0.28694334626197815 51211
1669207937731 0.28789022564888 51428
1669208011176 0.28116434812545776 51645
1669208084748 0.2887338697910309 51862
1669208157880 0.28561657667160034 52079
1669208231309 0.2850509583950043 52296
1669208304704 0.2981957495212555 52513
1669208378005 0.290306955575943 52730
1669208451381 0.2837311029434204 52947
1669208525152 0.28675755858421326 53164
1669208598591 0.2857280671596527 53381
1669208672011 0.2947481870651245 53598
1669208745585 0.29203692078590393 53815
1669208818708 0.2932576537132263 54032
1669208892067 0.28639698028564453 54249
1669208965555 0.2891261577606201 54466
1669209039110 0.28921419382095337 54683
1669209112426 0.29150155186653137 54900
1669209186004 0.2898940145969391 55117
1669209259704 0.2910749018192291 55334
1669209333244 0.29579827189445496 55551
1669209406863 0.2897413671016693 55768
1669209480368 0.28600332140922546 55985
1669209554012 0.29416877031326294 56202
1669209627555 0.2864837050437927 56419
1669209701391 0.2966102659702301 56636
1669209774755 0.2821318805217743 56853
1669209848380 0.2863955795764923 57070
1669209921869 0.2833113372325897 57287
1669209995378 0.29424169659614563 57504
1669210069151 0.2893023192882538 57721
1669210142350 0.28289157152175903 57938
1669210216409 0.29120567440986633 58155
1669210289874 0.29014042019844055 58372
1669210363110 0.2850660979747772 58589
1669210436695 0.28833335638046265 58806
1669210510188 0.2905106246471405 59023
1669210583550 0.2887517809867859 59240
1669210657329 0.28656208515167236 59457
1669210730502 0.28964635729789734 59674
1669210803973 0.2881145775318146 59891
1669210877541 0.28958025574684143 60108
1669210951003 0.29284894466400146 60325
1669211024594 0.2836471498012543 60542
1669211097796 0.2918758690357208 60759
1669211171395 0.29507023096084595 60976
1669211245094 0.2853606343269348 61193
1669211318705 0.2947729527950287 61410
1669211391948 0.2937201261520386 61627
1669211465500 0.2896876037120819 61844
1669211539599 0.2877388000488281 62061
1669211613237 0.2865868806838989 62278
1669211687200 0.2957404553890228 62495
1669211760735 0.2889513075351715 62712
1669211834575 0.2945692539215088 62929
1669211908173 0.2897358536720276 63146
1669211981762 0.2948417663574219 63363
1669212055072 0.28592902421951294 63580
1669212128530 0.29496973752975464 63797
1669212202492 0.28657448291778564 64014
1669212276113 0.28826454281806946 64231
1669212349349 0.2905890941619873 64448
1669212423055 0.2861671447753906 64665
1669212496777 0.29357007145881653 64882
1669212569918 0.28813931345939636 65099
