1669190605247 1.7898431876576184 216
1669190678006 1.7657082309633563 433
1669190750611 1.746450630120873 650
1669190823849 1.7341454268597172 867
1669190896859 1.726374051499192 1084
1669190970057 1.723913270614597 1301
1669191043118 1.7176616043409156 1518
1669191115926 1.716451056884837 1735
1669191189185 1.7144660088277413 1952
1669191262216 1.7147148070467584 2169
1669191335167 1.7117293038249806 2386
1669191408438 1.712514198892955 2603
1669191481433 1.710072609356671 2820
1669191554665 1.7100338777868809 3037
1669191627748 1.7096246130177568 3254
1669191701085 1.707183436176528 3471
1669191774257 1.7078049998368248 3688
1669191847298 1.707900694982098 3905
1669191920338 1.7059371587056495 4122
1669191993302 1.7082105691364902 4339
1669192066215 1.7061490350574806 4556
1669192139809 1.7064236656454546 4773
1669192212937 1.7058089828824796 4990
1669192285697 1.7054267590416374 5207
1669192359239 1.703304462362656 5424
1669192432479 1.7038759812396502 5641
1669192505212 1.7020177583424132 5858
1669192578593 1.703085439700011 6075
1669192651519 1.703540506817501 6292
1669192724629 1.70303112961403 6509
1669192797843 1.7010326805423486 6726
1669192870896 1.7017820223132456 6943
1669192943904 1.7024350781230217 7160
1669193016789 1.701458950501923 7377
1669193089879 1.7013042546726316 7594
1669193162858 1.7008388191027175 7811
1669193236153 1.701133439980749 8028
1669193308945 1.6995584972194322 8245
1669193382369 1.7006722324689088 8462
1669193455437 1.6988574788885507 8679
1669193528857 1.6992466449308712 8896
1669193601847 1.6980986179994126 9113
1669193674557 1.6974162123664869 9330
1669193747510 1.699487290523476 9547
1669193820588 1.6983820498286988 9764
1669193893547 1.6973616199388233 9981
1669193967027 1.6969418299940926 10198
1669194040025 1.6975667400617596 10415
1669194113425 1.696405000579074 10632
1669194187272 1.698571929729602 10849
1669194260505 1.6973307961642545 11066
1669194333734 1.6975762940792034 11283
1669194407993 1.696790627369272 11500
1669194481397 1.6964011953401963 11717
1669194554917 1.6961710422028753 11934
1669194628405 1.6957974832565363 12151
1669194702142 1.69591475533167 12368
1669194775510 1.6947433106987695 12585
1669194849197 1.6974730474430786 12802
1669194922617 1.6946144559692495 13019
1669194996226 1.6942832604476006 13236
1669195069275 1.6951964914233533 13453
1669195142842 1.6951288373893338 13670
1669195216656 1.6953543712640662 13887
1669195290252 1.6955243174936896 14104
1669195363606 1.6938693329837262 14321
1669195437310 1.69451568505755 14538
1669195511013 1.6944698104496159 14755
1669195584483 1.694970502221795 14972
1669195658233 1.6937922344566927 15189
1669195732052 1.6931395095463542 15406
1669195805886 1.6937593196794445 15623
1669195879839 1.6941783220563482 15840
1669195953429 1.6954749329929384 16057
1669196026371 1.6945644912144102 16274
1669196099989 1.6941116658656667 16491
1669196173714 1.692370751567256 16708
1669196247037 1.6930005842913536 16925
1669196320539 1.692741395338635 17142
1669196393901 1.69237907170765 17359
1669196467396 1.6929114336196929 17576
1669196541047 1.692539601489599 17793
1669196614774 1.6920556479105393 18010
1669196688335 1.692078211123785 18227
1669196761651 1.6940975428447953 18444
1669196835114 1.6923972791095387 18661
1669196908534 1.692058892614036 18878
1669196981950 1.692713759834483 19095
1669197055258 1.6932571591865102 19312
1669197128826 1.6918676138225457 19529
1669197202060 1.6931408445168914 19746
1669197275199 1.691617023162379 19963
1669197348673 1.6919123297406078 20180
1669197421891 1.6917954737315564 20397
1669197494945 1.6919047070800284 20614
1669197568773 1.6900512248987412 20831
1669197642046 1.6911707391831383 21048
1669197715723 1.6919281333672724 21265
1669197789462 1.6910027465718114 21482
1669197863056 1.6910443905266361 21699
1669197936514 1.6915898786838193 21916
1669198009599 1.6900356292755538 22133
1669198083176 1.6908249293686988 22350
1669198156930 1.6916664204240162 22567
1669198230374 1.6907332243170095 22784
1669198304059 1.6904945754368865 23001
1669198377349 1.6905711830189136 23218
1669198450642 1.6906208347911786 23435
1669198523860 1.69057862747768 23652
1669198597510 1.6893440962736155 23869
1669198671145 1.690866926190264 24086
1669198744611 1.6904999914532404 24303
1669198818140 1.6909146066063403 24520
1669198891679 1.6898718114622986 24737
1669198965108 1.6907604029256766 24954
1669199038625 1.6921400481687126 25171
1669199112109 1.690570175407405 25388
1669199185560 1.6900944665444901 25605
1669199259159 1.6900221001328333 25822
1669199332425 1.6897381692324842 26039
1669199406113 1.6907977745651799 26256
1669199479609 1.6903474921577777 26473
1669199553232 1.6886638363951554 26690
1669199626679 1.689970498241204 26907
1669199700018 1.6893745373614613 27124
1669199773690 1.6895742975286676 27341
1669199847050 1.6906232391809757 27558
1669199920763 1.6895018599460794 27775
1669199994422 1.6899432281876416 27992
1669200068105 1.6893282849672706 28209
1669200141868 1.690191483492249 28426
1669200215460 1.6899647421160724 28643
1669200288945 1.6893405847190464 28860
1669200362393 1.690389133757156 29077
1669200436146 1.689420450331992 29294
1669200509712 1.689935762851944 29511
1669200583304 1.6902890151778787 29728
1669200657061 1.6892725266214637 29945
1669200730517 1.688696187173348 30162
1669200803845 1.6886938869985337 30379
1669200877816 1.6891876130291477 30596
1669200951318 1.688936853419339 30813
1669201024810 1.6891270212520926 31030
1669201098411 1.6890826956657192 31247
1669201172519 1.6892045758232288 31464
1669201246066 1.6886886025432515 31681
1669201319698 1.688092353428129 31898
1669201392972 1.689435884445618 32115
1669201466326 1.6894654049854596 32332
1669201539907 1.6893391582156345 32549
1669201613739 1.6894082548474845 32766
1669201687229 1.6884712589617712 32983
1669201761394 1.689485658715326 33200
1669201834543 1.688744846479814 33417
1669201908388 1.6878143845391704 33634
1669201981918 1.6887210560608916 33851
1669202055370 1.68859317949712 34068
1669202128920 1.689037805770207 34285
1669202202624 1.6885224977022146 34502
1669202276213 1.6895651147727009 34719
1669202349699 1.6879949542951984 34936
1669202423187 1.6878937910231782 35153
1669202496800 1.6880491690038029 35370
1669202570734 1.6881758560060978 35587
1669202644397 1.6884999100070672 35804
1669202718046 1.687762363349031 36021
1669202791478 1.6889666797413354 36238
1669202864972 1.6891439957675438 36455
1669202938305 1.6885530481019209 36672
1669203012325 1.688984256100753 36889
1669203085701 1.6885922906947672 37106
1669203159185 1.686817839922849 37323
1669203232529 1.6885556321347008 37540
1669203306155 1.687689147880904 37757
1669203380034 1.687793394575923 37974
1669203453490 1.6874823505720524 38191
1669203526999 1.6887181331016519 38408
1669203600581 1.6882688046585257 38625
1669203674639 1.688180815087604 38842
1669203747848 1.6875964080270411 39059
1669203821605 1.6871607711171992 39276
1669203895092 1.687982761105077 39493
1669203968742 1.6879242510477115 39710
1669204042252 1.6875484156724914 39927
1669204116092 1.6883928149850562 40144
1669204189535 1.6885632695132922 40361
1669204263070 1.6878254103034056 40578
1669204336210 1.687116796832804 40795
1669204409696 1.6865980894149641 41012
1669204483201 1.6874643234243978 41229
1669204556796 1.6880483863162632 41446
1669204630546 1.6875895598921857 41663
1669204703851 1.6875156514610343 41880
1669204777273 1.6875805097931473 42097
1669204850413 1.6881307982598777 42314
1669204923518 1.6875055621595572 42531
1669204997181 1.687101594609453 42748
1669205071060 1.6875458414475395 42965
1669205144626 1.6881035605905346 43182
1669205218012 1.6861949097570283 43399
1669205291509 1.686996218832539 43616
1669205365043 1.687637666246312 43833
1669205438527 1.686570670426626 44050
1669205511825 1.6875942377401092 44267
1669205585637 1.6866307565368996 44484
1669205658937 1.6884052982258138 44701
1669205732428 1.6882186875551903 44918
1669205805803 1.6871955964910468 45135
1669205879166 1.6869717442255348 45352
1669205952731 1.687199226530752 45569
1669206026127 1.6872511272043678 45786
1669206099760 1.687264588611323 46003
1669206173280 1.6869379055861344 46220
1669206247156 1.686556047645736 46437
1669206320925 1.687240116756238 46654
1669206394451 1.6857352228006974 46871
1669206467769 1.6873375248472515 47088
1669206541127 1.6870268423849337 47305
1669206614158 1.686560525177159 47522
1669206688020 1.6861939232551668 47739
1669206761196 1.6860583527149224 47956
1669206834739 1.685449043301854 48173
1669206908229 1.6865377462104536 48390
1669206981506 1.6875596147153997 48607
1669207055015 1.6861158547441781 48824
1669207128477 1.6866000575971307 49041
1669207202201 1.687150493041827 49258
1669207275587 1.6872312659439836 49475
1669207349068 1.6864697255030292 49692
1669207423022 1.6872220343184294 49909
1669207496432 1.685915280673526 50126
1669207570074 1.6864161477796766 50343
1669207643671 1.6866272340077582 50560
1669207717102 1.6864246589191823 50777
1669207790490 1.6863770142525865 50994
1669207864230 1.6851891866980446 51211
1669207937731 1.686081278419723 51428
1669208011176 1.6858815472060598 51645
1669208084748 1.686732106282092 51862
1669208157880 1.687127841399198 52079
1669208231309 1.6862799147568523 52296
1669208304704 1.6859941360300266 52513
1669208378005 1.6860969531021006 52730
1669208451381 1.6861446712708408 52947
1669208525152 1.684737580485952 53164
1669208598591 1.6859111563194664 53381
1669208672011 1.684635403642776 53598
1669208745585 1.6853211873787841 53815
1669208818708 1.6847360379422067 54032
1669208892067 1.6862850064607033 54249
1669208965555 1.6858850804222656 54466
1669209039110 1.6842580205568505 54683
1669209112426 1.6857136841828184 54900
1669209186004 1.6851405668248143 55117
1669209259704 1.6867968579080181 55334
1669209333244 1.6848607888560092 55551
1669209406863 1.686096877639502 55768
1669209480368 1.6860534656702792 55985
1669209554012 1.685477346922837 56202
1669209627555 1.6860693501075967 56419
1669209701391 1.6860661218125743 56636
1669209774755 1.6868708776263455 56853
1669209848380 1.6861152170952443 57070
1669209921869 1.685127648974918 57287
1669209995378 1.685698850659919 57504
1669210069151 1.6860202915131337 57721
1669210142350 1.685299494895093 57938
1669210216409 1.685936793256467 58155
1669210289874 1.6868517380149417 58372
1669210363110 1.6860486209008554 58589
1669210436695 1.6843083055979815 58806
1669210510188 1.6849445207709748 59023
1669210583550 1.685047717742292 59240
1669210657329 1.686090163944429 59457
1669210730502 1.6860383596943684 59674
1669210803973 1.6860500625998895 59891
1669210877541 1.684904895141057 60108
1669210951003 1.6839064389251441 60325
1669211024594 1.6851468625413706 60542
1669211097796 1.6847337193119227 60759
1669211171395 1.6855437847996944 60976
1669211245094 1.6859187480072104 61193
1669211318705 1.6847068679984225 61410
1669211391948 1.685359908463047 61627
1669211465500 1.6839577050569092 61844
1669211539599 1.6851232223668928 62061
1669211613237 1.6850478685565178 62278
1669211687200 1.6839775408418838 62495
1669211760735 1.685834462346756 62712
1669211834575 1.6849905340583426 62929
1669211908173 1.6859163014816108 63146
1669211981762 1.6840244635918502 63363
1669212055072 1.6850819790444143 63580
1669212128530 1.6855889650041265 63797
1669212202492 1.6851950449616473 64014
1669212276113 1.6854329388116844 64231
1669212349349 1.6848273107207474 64448
1669212423055 1.6852010184332171 64665
1669212496777 1.6857219960952672 64882
1669212569918 1.6844339321754 65099
