1669190605247 0.5100495219230652 216
1669190678006 0.5001459121704102 433
1669190750611 0.4926823377609253 650
1669190823849 0.4865180253982544 867
1669190896859 0.48710981011390686 1084
1669190970057 0.4774071276187897 1301
1669191043118 0.4861987233161926 1518
1669191115926 0.48466286063194275 1735
1669191189185 0.4902917742729187 1952
1669191262216 0.477932870388031 2169
1669191335167 0.4929920434951782 2386
1669191408438 0.4861794412136078 2603
1669191481433 0.4682328701019287 2820
1669191554665 0.4843435287475586 3037
1669191627748 0.4946655333042145 3254
1669191701085 0.4799036979675293 3471
1669191774257 0.48127445578575134 3688
1669191847298 0.47311311960220337 3905
1669191920338 0.4693834185600281 4122
1669191993302 0.48121383786201477 4339
1669192066215 0.46736034750938416 4556
1669192139809 0.4749848246574402 4773
1669192212937 0.47703278064727783 4990
1669192285697 0.4781639873981476 5207
1669192359239 0.48068273067474365 5424
1669192432479 0.47637486457824707 5641
1669192505212 0.48986515402793884 5858
1669192578593 0.4705023765563965 6075
1669192651519 0.48284754157066345 6292
1669192724629 0.4643159508705139 6509
1669192797843 0.4896146357059479 6726
1669192870896 0.49287086725234985 6943
1669192943904 0.4790668487548828 7160
1669193016789 0.4649174213409424 7377
1669193089879 0.4706853926181793 7594
1669193162858 0.47253507375717163 7811
1669193236153 0.4620148241519928 8028
1669193308945 0.4657803475856781 8245
1669193382369 0.47539496421813965 8462
1669193455437 0.45297834277153015 8679
1669193528857 0.4717327356338501 8896
1669193601847 0.4791605472564697 9113
1669193674557 0.472855806350708 9330
1669193747510 0.45911097526550293 9547
1669193820588 0.47207680344581604 9764
1669193893547 0.46207544207572937 9981
1669193967027 0.4622102677822113 10198
1669194040025 0.4648018479347229 10415
1669194113425 0.47312137484550476 10632
1669194187272 0.4585948884487152 10849
1669194260505 0.474907785654068 11066
1669194333734 0.46876686811447144 11283
1669194407993 0.4726589322090149 11500
1669194481397 0.4664739966392517 11717
1669194554917 0.48098546266555786 11934
1669194628405 0.46148914098739624 12151
1669194702142 0.4596668779850006 12368
1669194775510 0.46952375769615173 12585
1669194849197 0.46477434039115906 12802
1669194922617 0.4585135877132416 13019
1669194996226 0.48059317469596863 13236
1669195069275 0.48724889755249023 13453
1669195142842 0.46756812930107117 13670
1669195216656 0.4650867283344269 13887
1669195290252 0.4570079743862152 14104
1669195363606 0.46219655871391296 14321
1669195437310 0.45549821853637695 14538
1669195511013 0.4655876159667969 14755
1669195584483 0.4699615240097046 14972
1669195658233 0.47482243180274963 15189
1669195732052 0.4709441661834717 15406
1669195805886 0.4610307812690735 15623
1669195879839 0.4681887924671173 15840
1669195953429 0.46424853801727295 16057
1669196026371 0.46735066175460815 16274
1669196099989 0.4589017629623413 16491
1669196173714 0.4626781940460205 16708
1669196247037 0.46696946024894714 16925
1669196320539 0.4580250382423401 17142
1669196393901 0.47255298495292664 17359
1669196467396 0.461001992225647 17576
1669196541047 0.47269752621650696 17793
1669196614774 0.46502885222435 18010
1669196688335 0.4690917134284973 18227
1669196761651 0.46080926060676575 18444
1669196835114 0.46194881200790405 18661
1669196908534 0.47007983922958374 18878
1669196981950 0.4715854823589325 19095
1669197055258 0.4718497693538666 19312
1669197128826 0.45695561170578003 19529
1669197202060 0.46758604049682617 19746
1669197275199 0.46933940052986145 19963
1669197348673 0.46320533752441406 20180
1669197421891 0.4665124714374542 20397
1669197494945 0.47574174404144287 20614
1669197568773 0.461730033159256 20831
1669197642046 0.47180020809173584 21048
1669197715723 0.4586319625377655 21265
1669197789462 0.45749518275260925 21482
1669197863056 0.45095789432525635 21699
1669197936514 0.4581943452358246 21916
1669198009599 0.4585067927837372 22133
1669198083176 0.4614120423793793 22350
1669198156930 0.47156065702438354 22567
1669198230374 0.465854674577713 22784
1669198304059 0.470558762550354 23001
1669198377349 0.47510597109794617 23218
1669198450642 0.46225428581237793 23435
1669198523860 0.46327006816864014 23652
1669198597510 0.46911370754241943 23869
1669198671145 0.48249930143356323 24086
1669198744611 0.47310760617256165 24303
1669198818140 0.46312415599823 24520
1669198891679 0.4559922516345978 24737
1669198965108 0.4667106866836548 24954
1669199038625 0.46248549222946167 25171
1669199112109 0.4624662697315216 25388
1669199185560 0.4614616334438324 25605
1669199259159 0.47136253118515015 25822
1669199332425 0.45908477902412415 26039
1669199406113 0.45699426531791687 26256
1669199479609 0.4636057913303375 26473
1669199553232 0.4662042558193207 26690
1669199626679 0.4694054126739502 26907
1669199700018 0.4530635476112366 27124
1669199773690 0.44755297899246216 27341
1669199847050 0.46685105562210083 27558
1669199920763 0.4478282630443573 27775
1669199994422 0.4732851982116699 27992
1669200068105 0.4669143855571747 28209
1669200141868 0.46052026748657227 28426
1669200215460 0.4495788514614105 28643
1669200288945 0.4562757909297943 28860
1669200362393 0.45656755566596985 29077
1669200436146 0.4661959707736969 29294
1669200509712 0.4610844850540161 29511
1669200583304 0.46629098057746887 29728
1669200657061 0.46658962965011597 29945
1669200730517 0.4669364392757416 30162
1669200803845 0.45761358737945557 30379
1669200877816 0.4619872570037842 30596
1669200951318 0.4496724605560303 30813
1669201024810 0.4824635684490204 31030
1669201098411 0.46546655893325806 31247
1669201172519 0.46546658873558044 31464
1669201246066 0.45902562141418457 31681
1669201319698 0.4594385027885437 31898
1669201392972 0.4671538770198822 32115
1669201466326 0.45497527718544006 32332
1669201539907 0.471304714679718 32549
1669201613739 0.46084368228912354 32766
1669201687229 0.45599228143692017 32983
1669201761394 0.46337181329727173 33200
1669201834543 0.4658409059047699 33417
1669201908388 0.4620121121406555 33634
1669201981918 0.46986785531044006 33851
1669202055370 0.4628130793571472 34068
1669202128920 0.4617726504802704 34285
1669202202624 0.4659179449081421 34502
1669202276213 0.4630429744720459 34719
1669202349699 0.4649325907230377 34936
1669202423187 0.4576493203639984 35153
1669202496800 0.4675033986568451 35370
1669202570734 0.4680511951446533 35587
1669202644397 0.45120418071746826 35804
1669202718046 0.4613308012485504 36021
1669202791478 0.45738232135772705 36238
1669202864972 0.46070465445518494 36455
1669202938305 0.4734489619731903 36672
1669203012325 0.46425819396972656 36889
1669203085701 0.4660116136074066 37106
1669203159185 0.4686264395713806 37323
1669203232529 0.473175048828125 37540
1669203306155 0.4633938670158386 37757
1669203380034 0.45802226662635803 37974
1669203453490 0.47202587127685547 38191
1669203526999 0.4616377353668213 38408
1669203600581 0.44966694712638855 38625
1669203674639 0.4465923309326172 38842
1669203747848 0.45369938015937805 39059
1669203821605 0.46396371722221375 39276
1669203895092 0.46658825874328613 39493
1669203968742 0.47293147444725037 39710
1669204042252 0.46779799461364746 39927
1669204116092 0.4482135474681854 40144
1669204189535 0.4573025703430176 40361
1669204263070 0.46187451481819153 40578
1669204336210 0.46709054708480835 40795
1669204409696 0.4722350835800171 41012
1669204483201 0.471926748752594 41229
1669204556796 0.46142303943634033 41446
1669204630546 0.47230249643325806 41663
1669204703851 0.4539457857608795 41880
1669204777273 0.45680153369903564 42097
1669204850413 0.45706576108932495 42314
1669204923518 0.4566556513309479 42531
1669204997181 0.4622350335121155 42748
1669205071060 0.4688384234905243 42965
1669205144626 0.45908892154693604 43182
1669205218012 0.4716763496398926 43399
1669205291509 0.46593448519706726 43616
1669205365043 0.4561738669872284 43833
1669205438527 0.4645995497703552 44050
1669205511825 0.4688824713230133 44267
1669205585637 0.4558023512363434 44484
1669205658937 0.46413707733154297 44701
1669205732428 0.4577731490135193 44918
1669205805803 0.46186351776123047 45135
1669205879166 0.4718497097492218 45352
1669205952731 0.4595375657081604 45569
1669206026127 0.4615263044834137 45786
1669206099760 0.4627552926540375 46003
1669206173280 0.4715372920036316 46220
1669206247156 0.46368011832237244 46437
1669206320925 0.45891276001930237 46654
1669206394451 0.4648306965827942 46871
1669206467769 0.46696531772613525 47088
1669206541127 0.45576241612434387 47305
1669206614158 0.46257227659225464 47522
1669206688020 0.46635565161705017 47739
1669206761196 0.44707950949668884 47956
1669206834739 0.4589594900608063 48173
1669206908229 0.4752504527568817 48390
1669206981506 0.462345153093338 48607
1669207055015 0.46959400177001953 48824
1669207128477 0.46695566177368164 49041
1669207202201 0.4581420123577118 49258
1669207275587 0.46389225125312805 49475
1669207349068 0.4532604515552521 49692
1669207423022 0.45535650849342346 49909
1669207496432 0.46376270055770874 50126
1669207570074 0.455439031124115 50343
1669207643671 0.45776495337486267 50560
1669207717102 0.45680704712867737 50777
1669207790490 0.468210905790329 50994
1669207864230 0.4678392708301544 51211
1669207937731 0.4699559509754181 51428
1669208011176 0.46905583143234253 51645
1669208084748 0.45963940024375916 51862
1669208157880 0.46324658393859863 52079
1669208231309 0.46809524297714233 52296
1669208304704 0.4584929645061493 52513
1669208378005 0.463256299495697 52730
1669208451381 0.4636925458908081 52947
1669208525152 0.4662289619445801 53164
1669208598591 0.46567302942276 53381
1669208672011 0.47199559211730957 53598
1669208745585 0.46814337372779846 53815
1669208818708 0.46697500348091125 54032
1669208892067 0.45666393637657166 54249
1669208965555 0.4608381986618042 54466
1669209039110 0.4646848440170288 54683
1669209112426 0.4720451235771179 54900
1669209186004 0.4681227505207062 55117
1669209259704 0.45323702692985535 55334
1669209333244 0.47586846351623535 55551
1669209406863 0.4606454372406006 55768
1669209480368 0.46228739619255066 55985
1669209554012 0.4618111550807953 56202
1669209627555 0.4537380337715149 56419
1669209701391 0.47143682837486267 56636
1669209774755 0.460360586643219 56853
1669209848380 0.46485552191734314 57070
1669209921869 0.46092766523361206 57287
1669209995378 0.46330583095550537 57504
1669210069151 0.46537572145462036 57721
1669210142350 0.4585191607475281 57938
1669210216409 0.46840348839759827 58155
1669210289874 0.4588962495326996 58372
1669210363110 0.4597770571708679 58589
1669210436695 0.4745582640171051 58806
1669210510188 0.460033118724823 59023
1669210583550 0.45980462431907654 59240
1669210657329 0.46193230152130127 59457
1669210730502 0.45925959944725037 59674
1669210803973 0.4603179097175598 59891
1669210877541 0.45909446477890015 60108
1669210951003 0.47238922119140625 60325
1669211024594 0.456366628408432 60542
1669211097796 0.4664795398712158 60759
1669211171395 0.46296727657318115 60976
1669211245094 0.45067843794822693 61193
1669211318705 0.4744618535041809 61410
1669211391948 0.4682494103908539 61627
1669211465500 0.451161652803421 61844
1669211539599 0.4660308361053467 62061
1669211613237 0.4676878750324249 62278
1669211687200 0.46815580129623413 62495
1669211760735 0.45717450976371765 62712
1669211834575 0.4648279845714569 62929
1669211908173 0.46514174342155457 63146
1669211981762 0.4706399142742157 63363
1669212055072 0.46684008836746216 63580
1669212128530 0.47425544261932373 63797
1669212202492 0.4681943356990814 64014
1669212276113 0.4618166983127594 64231
1669212349349 0.4629342257976532 64448
1669212423055 0.4728902280330658 64665
1669212496777 0.460707426071167 64882
1669212569918 0.46815022826194763 65099
