1668950062276 0.3333333432674408 49
1668950076283 0.4000000059604645 99
1668950090024 0.75 149
1668950103789 0.1666666716337204 199
1668950129589 0.6666666865348816 249
1668950143392 0.20000000298023224 299
1668950157220 0.20000000298023224 349
1668950171056 0.3333333432674408 399
1668950197097 0.1428571492433548 449
1668950210876 0.4000000059604645 499
1668950224703 0.25 549
1668950238566 0.3333333432674408 599
1668950252437 0.6666666865348816 649
1668950278462 0.4285714328289032 699
1668950292279 0.1666666716337204 749
1668950306126 0.4000000059604645 799
1668950319980 0.0 849
1668950345957 1.0 899
1668950359832 0.0 949
1668950373742 0.0 999
1668950387653 0.0 1049
1668950413613 0.4000000059604645 1099
1668950427431 0.5 1149
1668950441306 0.0 1199
1668950455187 0.1666666716337204 1249
1668950469050 0.20000000298023224 1299
1668950495026 0.25 1349
1668950508876 0.0 1399
1668950522740 0.7142857313156128 1449
1668950536623 0.1428571492433548 1499
1668950562562 0.4000000059604645 1549
1668950576400 0.25 1599
1668950590253 0.5 1649
1668950604123 0.1666666716337204 1699
1668950630152 0.3333333432674408 1749
1668950643985 0.20000000298023224 1799
1668950657839 0.0 1849
1668950671700 0.0 1899
1668950685556 0.3333333432674408 1949
1668950711769 0.0 1999
1668950725612 0.4000000059604645 2049
1668950739460 0.25 2099
1668950753328 0.0 2149
1668950779376 0.20000000298023224 2199
1668950793262 0.0 2249
1668950807148 0.25 2299
1668950821046 0.0 2349
1668950847238 0.25 2399
1668950861049 0.1666666716337204 2449
1668950874887 0.5 2499
1668950888763 0.6000000238418579 2549
1668950902624 0.0 2599
1668950928554 0.1666666716337204 2649
1668950942396 0.0 2699
1668950956249 0.0 2749
1668950970108 0.0 2799
1668950996327 0.1666666716337204 2849
1668951010176 0.3333333432674408 2899
1668951024074 0.25 2949
1668951037979 0.25 2999
1668951064438 0.4285714328289032 3049
1668951078254 0.20000000298023224 3099
1668951092099 0.4000000059604645 3149
1668951105963 0.2857142984867096 3199
1668951119848 0.3333333432674408 3249
1668951145967 0.3333333432674408 3299
1668951159834 0.3333333432674408 3349
1668951173741 0.0 3399
1668951187674 0.1666666716337204 3449
1668951213958 0.1666666716337204 3499
1668951227777 0.0 3549
1668951241633 0.3333333432674408 3599
1668951255531 0.5 3649
1668951281800 0.0 3699
1668951295598 0.0 3749
1668951309478 0.20000000298023224 3799
1668951323336 0.3333333432674408 3849
1668951337196 0.6666666865348816 3899
1668951363365 0.4000000059604645 3949
1668951377229 0.20000000298023224 3999
1668951391100 0.20000000298023224 4049
1668951404968 0.6000000238418579 4099
1668951431298 0.3333333432674408 4149
1668951445139 0.0 4199
1668951459003 0.4000000059604645 4249
1668951472882 0.25 4299
1668951499058 0.0 4349
1668951512870 0.1666666716337204 4399
1668951526743 0.5 4449
1668951540617 0.5 4499
1668951554496 0.3333333432674408 4549
1668951580693 0.4000000059604645 4599
1668951594555 0.4000000059604645 4649
1668951608451 0.5 4699
1668951622344 0.20000000298023224 4749
1668951648490 0.1666666716337204 4799
1668951662365 0.0 4849
1668951676245 0.25 4899
1668951690149 0.1666666716337204 4949
1668951716438 0.6000000238418579 4999
1668951730269 0.5 5049
1668951744127 0.3333333432674408 5099
1668951758016 0.0 5149
1668951771899 0.0 5199
1668951798220 0.1666666716337204 5249
1668951812079 0.20000000298023224 5299
1668951825957 0.5 5349
1668951839839 0.1666666716337204 5399
1668951866132 0.5 5449
1668951879973 0.25 5499
1668951893850 0.6000000238418579 5549
1668951907744 0.4285714328289032 5599
1668951934141 0.1666666716337204 5649
1668951947941 0.0 5699
1668951961795 0.3333333432674408 5749
1668951975671 0.0 5799
1668951989571 0.0 5849
1668952015549 0.1428571492433548 5899
1668952029401 0.20000000298023224 5949
1668952043262 0.1666666716337204 5999
1668952057147 0.0 6049
1668952083565 0.4285714328289032 6099
1668952097412 0.125 6149
1668952111273 0.20000000298023224 6199
1668952125167 0.4000000059604645 6249
1668952151477 0.2857142984867096 6299
1668952165296 0.0 6349
1668952179161 0.5 6399
1668952193035 0.0 6449
1668952206925 0.1666666716337204 6499
1668952233251 0.0 6549
1668952247113 0.125 6599
1668952260988 0.0 6649
1668952274878 0.0 6699
1668952301131 0.1428571492433548 6749
1668952315008 0.0 6799
1668952328893 0.3333333432674408 6849
1668952342786 0.20000000298023224 6899
1668952369054 0.0 6949
1668952382868 0.1428571492433548 6999
1668952396711 0.2857142984867096 7049
1668952410590 0.4285714328289032 7099
1668952424473 0.25 7149
1668952450629 0.5 7199
1668952464472 0.0 7249
1668952478377 0.20000000298023224 7299
1668952492280 0.5 7349
1668952518297 0.2857142984867096 7399
1668952532113 0.3333333432674408 7449
1668952545988 0.0 7499
1668952559881 0.1428571492433548 7549
1668952586032 0.4000000059604645 7599
1668952599857 0.20000000298023224 7649
1668952613710 0.5 7699
1668952627595 0.20000000298023224 7749
1668952641507 0.0 7799
1668952667740 0.0 7849
1668952681580 0.0 7899
1668952695467 0.75 7949
1668952709390 0.3333333432674408 7999
1668952735612 0.2857142984867096 8049
1668952749456 0.0 8099
1668952763326 0.20000000298023224 8149
1668952777199 0.4285714328289032 8199
1668952803487 0.25 8249
1668952817328 0.4285714328289032 8299
1668952831200 0.0 8349
1668952845093 0.0 8399
1668952859038 0.4000000059604645 8449
1668952885225 0.1666666716337204 8499
1668952899064 0.20000000298023224 8549
1668952912957 0.1428571492433548 8599
1668952926891 0.1666666716337204 8649
1668952953184 0.0 8699
1668952967025 0.20000000298023224 8749
1668952980902 0.20000000298023224 8799
1668952994871 0.3333333432674408 8849
1668953021054 0.5 8899
1668953034923 0.5 8949
1668953048796 0.25 8999
1668953062682 0.0 9049
1668953076575 0.25 9099
1668953102847 0.1666666716337204 9149
1668953116725 0.0 9199
1668953130639 0.20000000298023224 9249
1668953144568 0.5 9299
1668953170819 0.25 9349
1668953184685 0.20000000298023224 9399
1668953198580 0.20000000298023224 9449
1668953212494 0.25 9499
1668953238678 0.4000000059604645 9549
1668953252570 0.0 9599
1668953266483 0.25 9649
1668953280449 0.4000000059604645 9699
1668953294415 0.3333333432674408 9749
1668953320586 0.4285714328289032 9799
1668953334440 0.0 9849
1668953348310 0.0 9899
1668953362195 0.5 9949
1668953388349 0.25 9999
1668953402198 0.20000000298023224 10049
1668953416081 0.25 10099
1668953429968 0.0 10149
1668953456194 0.0 10199
1668953470017 0.20000000298023224 10249
1668953483899 0.5 10299
1668953497807 0.0 10349
1668953511728 0.20000000298023224 10399
1668953538121 0.0 10449
1668953551992 0.25 10499
1668953565859 0.4000000059604645 10549
1668953579744 0.5 10599
1668953605999 0.6000000238418579 10649
1668953619879 0.25 10699
1668953633790 0.0 10749
1668953647723 0.0 10799
1668953661439 0.0 10849
1668953687814 0.0 10899
1668953701692 0.3333333432674408 10949
1668953715635 0.5 10999
1668953729597 0.3333333432674408 11049
1668953756093 0.0 11099
1668953769969 0.5 11149
1668953783841 0.0 11199
1668953797724 0.3333333432674408 11249
1668953824002 0.75 11299
1668953837875 0.4000000059604645 11349
1668953851760 0.3333333432674408 11399
1668953865684 0.0 11449
1668953879577 0.0 11499
1668953905871 0.3333333432674408 11549
1668953919721 0.5 11599
1668953933638 0.5 11649
1668953947585 0.0 11699
1668953973480 0.0 11749
1668953987348 0.20000000298023224 11799
1668954001245 0.4000000059604645 11849
1668954015158 0.1666666716337204 11899
1668954041819 0.0 11949
1668954055649 0.20000000298023224 11999
1668954069530 0.1666666716337204 12049
1668954083442 0.0 12099
1668954097340 0.25 12149
1668954123285 0.3333333432674408 12199
1668954137149 0.25 12249
1668954151023 0.4000000059604645 12299
1668954164907 0.20000000298023224 12349
1668954191268 0.0 12399
1668954205119 0.20000000298023224 12449
1668954219003 0.4000000059604645 12499
1668954232908 0.2857142984867096 12549
1668954259452 0.20000000298023224 12599
1668954273310 0.25 12649
1668954287192 0.25 12699
1668954301081 0.1428571492433548 12749
1668954314980 0.5714285969734192 12799
1668954341327 0.4000000059604645 12849
1668954355241 0.0 12899
1668954369126 0.1666666716337204 12949
1668954383046 0.5714285969734192 12999
1668954409246 0.0 13049
1668954423117 0.25 13099
1668954437015 0.20000000298023224 13149
1668954450935 0.20000000298023224 13199
1668954477252 0.3333333432674408 13249
1668954491120 0.6000000238418579 13299
1668954505019 0.2857142984867096 13349
1668954518918 0.25 13399
1668954532834 0.3333333432674408 13449
1668954558937 0.0 13499
1668954572796 0.3333333432674408 13549
1668954586683 0.20000000298023224 13599
1668954600609 0.1666666716337204 13649
1668954626883 0.6000000238418579 13699
1668954640738 0.0 13749
1668954654630 0.0 13799
1668954668537 0.0 13849
1668954694923 0.0 13899
1668954708768 0.1666666716337204 13949
1668954722639 0.20000000298023224 13999
1668954736533 0.4000000059604645 14049
1668954750419 0.2857142984867096 14099
1668954776626 0.1666666716337204 14149
1668954790474 0.0 14199
1668954804352 0.6000000238418579 14249
1668954818234 0.0 14299
1668954844366 0.4000000059604645 14349
1668954858205 0.20000000298023224 14399
1668954872095 0.1666666716337204 14449
1668954885998 0.6000000238418579 14499
1668954912275 0.25 14549
1668954926081 0.20000000298023224 14599
1668954939957 0.3333333432674408 14649
1668954953854 0.1666666716337204 14699
1668954967759 0.0 14749
1668954994092 0.0 14799
1668955007962 0.20000000298023224 14849
1668955021861 0.4285714328289032 14899
1668955035755 0.3333333432674408 14949
1668955062228 0.1428571492433548 14999
1668955076066 0.0 15049
1668955089949 0.0 15099
1668955103840 0.4000000059604645 15149
1668955130310 0.0 15199
1668955144120 0.20000000298023224 15249
1668955157995 0.1666666716337204 15299
1668955171895 0.5 15349
1668955185794 0.25 15399
1668955212037 0.2857142984867096 15449
1668955225898 0.1428571492433548 15499
1668955239782 0.6000000238418579 15549
1668955253657 0.0 15599
1668955279996 0.3333333432674408 15649
1668955293849 0.3333333432674408 15699
1668955307737 0.25 15749
1668955321624 0.3333333432674408 15799
1668955347903 0.1666666716337204 15849
1668955361743 0.0 15899
1668955375623 0.0 15949
1668955389536 0.4285714328289032 15999
1668955403452 0.5 16049
1668955429569 0.4000000059604645 16099
1668955443451 0.0 16149
1668955457345 0.0 16199
1668955471284 0.20000000298023224 16249
1668955497668 0.20000000298023224 16299
1668955511507 0.0 16349
1668955525394 0.3333333432674408 16399
1668955539354 0.20000000298023224 16449
1668955565505 0.1666666716337204 16499
1668955579309 0.0 16549
1668955593178 0.5 16599
1668955607078 0.1666666716337204 16649
1668955621017 0.20000000298023224 16699
1668955647201 0.375 16749
1668955661072 0.0 16799
1668955674938 0.25 16849
1668955688853 0.4000000059604645 16899
1668955715127 0.1428571492433548 16949
1668955728980 0.1428571492433548 16999
1668955742840 0.3333333432674408 17049
1668955756739 0.4000000059604645 17099
1668955783195 0.25 17149
1668955797028 0.800000011920929 17199
1668955810918 0.20000000298023224 17249
1668955824808 0.4000000059604645 17299
1668955838710 0.20000000298023224 17349
1668955865023 0.6666666865348816 17399
1668955878910 0.4285714328289032 17449
1668955892804 0.0 17499
1668955906709 0.20000000298023224 17549
1668955933010 0.1428571492433548 17599
1668955946864 0.3333333432674408 17649
1668955960766 0.25 17699
1668955974685 0.5714285969734192 17749
1668956001372 0.5 17799
1668956015190 0.0 17849
1668956029066 0.0 17899
1668956042954 0.800000011920929 17949
1668956056847 0.0 17999
1668956083037 0.0 18049
1668956096996 0.1428571492433548 18099
1668956110936 0.3333333432674408 18149
1668956124863 0.5 18199
1668956151302 0.0 18249
1668956165141 0.0 18299
1668956179059 0.1666666716337204 18349
1668956192969 0.25 18399
1668956219401 0.25 18449
1668956233214 0.0 18499
1668956247060 0.1428571492433548 18549
1668956260928 0.20000000298023224 18599
1668956274815 0.4000000059604645 18649
1668956301119 0.1666666716337204 18699
1668956315037 0.5 18749
1668956329002 0.4000000059604645 18799
1668956342942 0.25 18849
1668956369322 0.0 18899
1668956383175 0.3333333432674408 18949
1668956397089 0.0 18999
1668956411021 0.1428571492433548 19049
1668956437315 0.20000000298023224 19099
1668956451159 0.6000000238418579 19149
1668956465031 0.0 19199
1668956478915 0.0 19249
1668956492810 0.25 19299
1668956518876 0.20000000298023224 19349
1668956532743 0.3333333432674408 19399
1668956546628 0.1666666716337204 19449
1668956560526 0.20000000298023224 19499
1668956586641 0.4285714328289032 19549
1668956600536 0.0 19599
1668956614461 0.3333333432674408 19649
1668956628393 0.3333333432674408 19699
1668956654591 0.20000000298023224 19749
1668956668441 0.1428571492433548 19799
1668956682313 0.0 19849
1668956696213 0.0 19899
1668956710104 0.1666666716337204 19949
1668956736473 0.375 19999
1668956750350 0.3333333432674408 20049
1668956764263 0.6666666865348816 20099
1668956778167 0.3333333432674408 20149
1668956804530 0.20000000298023224 20199
1668956818381 0.6000000238418579 20249
1668956832247 0.0 20299
1668956846117 0.1666666716337204 20349
1668956872583 0.0 20399
1668956886451 0.2857142984867096 20449
1668956900341 0.3333333432674408 20499
1668956914248 0.0 20549
1668956928164 0.0 20599
1668956954556 0.1666666716337204 20649
1668956968416 0.0 20699
1668956982295 0.25 20749
1668956996179 0.20000000298023224 20799
1668957022663 0.5 20849
1668957036547 0.0 20899
1668957050467 0.25 20949
1668957064414 0.3333333432674408 20999
1668957090623 0.5 21049
1668957104473 0.0 21099
1668957118352 0.20000000298023224 21149
1668957132219 0.0 21199
1668957146113 0.2857142984867096 21249
1668957172510 0.3333333432674408 21299
1668957186375 0.0 21349
1668957200259 0.0 21399
1668957214146 0.20000000298023224 21449
1668957240503 0.2857142984867096 21499
1668957254355 0.0 21549
1668957268265 0.6666666865348816 21599
1668957282191 0.4000000059604645 21649
1668957295954 0.0 21699
1668957322225 0.20000000298023224 21749
1668957336109 0.375 21799
1668957350007 0.0 21849
1668957363925 0.25 21899
1668957390706 0.6000000238418579 21949
1668957404639 0.8333333134651184 21999
1668957418558 0.0 22049
1668957432497 0.3333333432674408 22099
1668957459026 0.3333333432674408 22149
1668957472908 0.0 22199
1668957486824 0.1428571492433548 22249
1668957500744 0.0 22299
1668957514639 0.4000000059604645 22349
1668957540823 0.20000000298023224 22399
1668957554696 0.25 22449
1668957568592 0.2857142984867096 22499
1668957582479 0.25 22549
1668957608665 0.3333333432674408 22599
1668957622514 0.0 22649
1668957636404 0.0 22699
1668957650306 0.125 22749
1668957676592 0.2857142984867096 22799
1668957690432 0.0 22849
1668957704311 0.0 22899
1668957718176 0.20000000298023224 22949
1668957732056 0.0 22999
1668957758453 0.20000000298023224 23049
1668957772335 0.3333333432674408 23099
1668957786240 0.4285714328289032 23149
1668957800143 0.25 23199
1668957826520 0.3333333432674408 23249
1668957840380 0.0 23299
1668957854456 0.3333333432674408 23349
1668957868360 0.4000000059604645 23399
1668957894162 0.20000000298023224 23449
1668957908068 0.3333333432674408 23499
1668957921982 0.0 23549
1668957935923 0.1666666716337204 23599
1668957949889 0.0 23649
1668957976234 0.0 23699
1668957990117 0.4000000059604645 23749
1668958004010 0.3333333432674408 23799
1668958017976 0.0 23849
1668958044451 0.20000000298023224 23899
1668958058343 0.20000000298023224 23949
1668958072258 0.1666666716337204 23999
1668958086203 0.0 24049
1668958112523 0.3333333432674408 24099
1668958126351 0.0 24149
1668958140249 0.0 24199
1668958154154 0.25 24249
1668958168053 0.20000000298023224 24299
1668958194449 0.4000000059604645 24349
1668958208306 0.25 24399
1668958222182 0.0 24449
1668958236069 0.3333333432674408 24499
1668958262340 0.20000000298023224 24549
1668958276226 0.25 24599
1668958290127 0.0 24649
1668958304040 0.3333333432674408 24699
1668958330295 0.1666666716337204 24749
1668958344118 0.0 24799
1668958357976 0.25 24849
1668958371855 0.0 24899
1668958385719 0.0 24949
1668958412231 0.25 24999
1668958426083 0.0 25049
1668958439958 0.3333333432674408 25099
1668958453846 0.3333333432674408 25149
1668958479898 0.0 25199
1668958493801 0.1666666716337204 25249
1668958507741 0.0 25299
1668958521671 0.3333333432674408 25349
1668958548211 0.0 25399
1668958562082 0.1666666716337204 25449
1668958575977 0.1666666716337204 25499
1668958589886 0.20000000298023224 25549
1668958603806 0.4000000059604645 25599
1668958630081 0.1666666716337204 25649
1668958643962 0.1428571492433548 25699
1668958657843 0.5 25749
1668958671733 0.25 25799
1668958697990 0.3333333432674408 25849
1668958711836 0.5 25899
1668958725716 0.3333333432674408 25949
1668958739602 0.0 25999
1668958765990 0.3333333432674408 26049
1668958779830 0.0 26099
1668958793730 0.20000000298023224 26149
1668958807628 0.0 26199
1668958821525 0.4000000059604645 26249
1668958847721 0.1428571492433548 26299
1668958861615 0.1666666716337204 26349
1668958875508 0.4000000059604645 26399
1668958889419 0.2857142984867096 26449
1668958915489 0.5 26499
1668958929377 0.0 26549
1668958943272 0.0 26599
1668958957189 0.20000000298023224 26649
1668958983576 0.5 26699
1668958997416 0.3333333432674408 26749
1668959011298 0.20000000298023224 26799
1668959025190 0.25 26849
1668959039106 0.3333333432674408 26899
1668959065368 0.20000000298023224 26949
1668959079271 0.4000000059604645 26999
1668959093178 0.0 27049
1668959107099 0.0 27099
1668959133283 0.0 27149
1668959147130 0.0 27199
1668959161000 0.20000000298023224 27249
1668959174896 0.1666666716337204 27299
1668959200961 0.25 27349
1668959214807 0.20000000298023224 27399
1668959228690 0.0 27449
1668959242600 0.0 27499
1668959256498 0.5 27549
1668959282499 0.0 27599
1668959296369 0.6000000238418579 27649
1668959310298 0.0 27699
1668959324212 0.20000000298023224 27749
1668959350583 0.2857142984867096 27799
1668959364435 0.0 27849
1668959378337 0.2857142984867096 27899
1668959392249 0.20000000298023224 27949
1668959418806 0.0 27999
1668959432614 0.1666666716337204 28049
1668959446476 0.4000000059604645 28099
1668959460373 0.5 28149
1668959474252 0.20000000298023224 28199
1668959500504 0.3333333432674408 28249
1668959514358 0.125 28299
1668959528266 0.4000000059604645 28349
1668959542180 0.1666666716337204 28399
1668959568127 0.20000000298023224 28449
1668959582097 0.3333333432674408 28499
1668959596052 0.0 28549
1668959609956 0.0 28599
1668959636449 0.0 28649
1668959650279 0.0 28699
1668959664156 0.2857142984867096 28749
1668959678079 0.25 28799
1668959691971 0.25 28849
1668959718578 0.2857142984867096 28899
1668959732447 0.25 28949
1668959746328 0.3333333432674408 28999
1668959760224 0.0 29049
1668959786376 0.3333333432674408 29099
1668959800249 0.4000000059604645 29149
1668959814127 0.0 29199
1668959828016 0.1666666716337204 29249
1668959854229 0.2857142984867096 29299
1668959868041 0.5 29349
1668959881906 0.0 29399
1668959895794 0.0 29449
1668959909688 0.3333333432674408 29499
1668959936145 0.0 29549
1668959950028 0.20000000298023224 29599
1668959963941 0.0 29649
1668959977831 0.25 29699
1668960003930 0.0 29749
1668960017797 0.0 29799
1668960031673 0.6666666865348816 29849
1668960045574 0.20000000298023224 29899
1668960071718 0.1666666716337204 29949
1668960085541 0.3333333432674408 29999
1668960099412 0.25 30049
1668960113342 0.4000000059604645 30099
1668960127302 0.20000000298023224 30149
1668960153557 0.0 30199
1668960167418 0.375 30249
1668960181310 0.1666666716337204 30299
1668960195216 0.1666666716337204 30349
1668960221486 0.0 30399
1668960235331 0.5 30449
1668960249235 0.0 30499
1668960263164 0.5 30549
1668960289617 0.2857142984867096 30599
1668960303450 0.20000000298023224 30649
1668960317335 0.20000000298023224 30699
1668960331218 0.4000000059604645 30749
1668960345129 0.4285714328289032 30799
1668960371249 0.5 30849
1668960385128 0.0 30899
1668960399013 0.4000000059604645 30949
1668960412967 0.3333333432674408 30999
1668960439379 0.0 31049
1668960453251 0.20000000298023224 31099
1668960467111 0.0 31149
1668960480998 0.20000000298023224 31199
1668960507286 0.4000000059604645 31249
1668960521169 0.125 31299
1668960535092 0.5 31349
1668960549055 0.125 31399
1668960563002 0.3333333432674408 31449
1668960589164 0.3333333432674408 31499
1668960603033 0.25 31549
1668960616925 0.1666666716337204 31599
1668960630813 0.0 31649
1668960657248 0.0 31699
1668960671099 0.1428571492433548 31749
1668960684967 0.0 31799
1668960698869 0.5 31849
1668960725121 0.75 31899
1668960738970 0.20000000298023224 31949
1668960752828 0.3333333432674408 31999
1668960766704 0.6000000238418579 32049
1668960780594 0.3333333432674408 32099
1668960807045 0.25 32149
1668960820926 0.1666666716337204 32199
1668960834835 0.3333333432674408 32249
1668960848755 0.1428571492433548 32299
1668960874917 0.0 32349
1668960888764 0.5 32399
1668960902648 0.20000000298023224 32449
1668960916527 0.25 32499
1668960930232 0.0 32549
1668960956417 0.20000000298023224 32599
1668960970302 0.4000000059604645 32649
1668960984204 0.0 32699
1668960998147 0.3333333432674408 32749
1668961024363 0.1666666716337204 32799
1668961038241 0.0 32849
1668961052156 0.3333333432674408 32899
1668961066076 0.5 32949
1668961092489 0.4285714328289032 32999
1668961106347 0.0 33049
1668961120236 0.0 33099
1668961134130 0.20000000298023224 33149
1668961148028 0.20000000298023224 33199
1668961174841 0.1428571492433548 33249
1668961188719 0.0 33299
1668961202610 0.25 33349
1668961216567 0.0 33399
1668961242869 0.0 33449
1668961256739 0.2857142984867096 33499
1668961270636 0.0 33549
1668961284529 0.1666666716337204 33599
1668961310777 0.0 33649
1668961324668 0.4000000059604645 33699
1668961338573 0.0 33749
1668961352509 0.4285714328289032 33799
1668961366382 0.5 33849
1668961392943 0.20000000298023224 33899
1668961406819 0.4000000059604645 33949
1668961420703 0.20000000298023224 33999
1668961434597 0.3333333432674408 34049
1668961460970 0.1666666716337204 34099
1668961474827 0.5 34149
1668961488712 0.0 34199
1668961502611 0.20000000298023224 34249
1668961528866 0.4000000059604645 34299
1668961542691 0.0 34349
1668961556552 0.25 34399
1668961570436 0.0 34449
1668961584339 0.0 34499
1668961610690 0.0 34549
1668961624543 0.1666666716337204 34599
1668961638437 0.6000000238418579 34649
1668961652340 0.3333333432674408 34699
1668961678665 0.2857142984867096 34749
1668961692509 0.0 34799
1668961706382 0.2857142984867096 34849
1668961720256 0.0 34899
1668961746621 0.4000000059604645 34949
1668961760449 0.1666666716337204 34999
1668961774307 0.4285714328289032 35049
1668961788403 0.4000000059604645 35099
1668961802317 0.0 35149
1668961828323 0.1666666716337204 35199
1668961842206 0.3333333432674408 35249
1668961856090 0.0 35299
1668961869992 0.2857142984867096 35349
1668961896268 0.1666666716337204 35399
1668961910121 0.0 35449
1668961924021 0.3333333432674408 35499
1668961937934 0.4000000059604645 35549
1668961964217 0.25 35599
1668961978049 0.4000000059604645 35649
1668961991898 0.0 35699
1668962005776 0.3333333432674408 35749
1668962019658 0.0 35799
1668962046406 0.4000000059604645 35849
1668962060289 0.25 35899
1668962074197 0.6000000238418579 35949
1668962088112 0.1666666716337204 35999
1668962114331 0.20000000298023224 36049
1668962128206 0.3333333432674408 36099
1668962142107 0.2857142984867096 36149
1668962156028 0.0 36199
1668962182578 0.2857142984867096 36249
1668962196395 0.2857142984867096 36299
1668962210253 0.1666666716337204 36349
1668962224141 0.0 36399
1668962238024 0.25 36449
1668962264310 0.25 36499
1668962278177 0.2857142984867096 36549
1668962292079 0.1666666716337204 36599
1668962305978 0.0 36649
1668962332505 0.0 36699
1668962346375 0.20000000298023224 36749
1668962360312 0.0 36799
1668962374206 0.3333333432674408 36849
1668962400610 0.1666666716337204 36899
1668962414457 0.1666666716337204 36949
1668962428341 0.2857142984867096 36999
1668962442210 0.3333333432674408 37049
1668962456111 0.2857142984867096 37099
1668962482415 0.6666666865348816 37149
1668962496295 0.25 37199
1668962510196 0.20000000298023224 37249
1668962524110 0.0 37299
1668962550517 0.0 37349
1668962564414 0.25 37399
1668962578283 0.3333333432674408 37449
1668962592178 0.1428571492433548 37499
1668962618358 0.0 37549
1668962632242 0.0 37599
1668962646166 0.0 37649
1668962660067 0.1666666716337204 37699
1668962673973 0.0 37749
1668962700193 0.4285714328289032 37799
1668962714065 0.0 37849
1668962727942 0.20000000298023224 37899
1668962741842 0.1666666716337204 37949
1668962768071 0.5 37999
1668962781934 0.0 38049
1668962795821 0.20000000298023224 38099
1668962809741 0.25 38149
1668962836144 0.1666666716337204 38199
1668962849986 0.1666666716337204 38249
1668962863873 0.1666666716337204 38299
1668962877763 0.0 38349
1668962891650 0.0 38399
1668962917886 0.1428571492433548 38449
1668962931742 0.3333333432674408 38499
1668962945626 0.20000000298023224 38549
1668962959492 0.0 38599
1668962985890 0.0 38649
1668962999753 0.0 38699
1668963013646 0.20000000298023224 38749
1668963027525 0.5714285969734192 38799
1668963053995 0.25 38849
1668963067851 0.20000000298023224 38899
1668963081707 0.5 38949
1668963095581 0.5714285969734192 38999
1668963109477 0.0 39049
1668963135882 0.20000000298023224 39099
1668963149742 0.0 39149
1668963163639 0.0 39199
1668963177533 0.1666666716337204 39249
1668963203944 0.0 39299
1668963217809 0.3333333432674408 39349
1668963231711 0.4000000059604645 39399
1668963245603 0.1666666716337204 39449
1668963271908 0.1666666716337204 39499
1668963285725 0.20000000298023224 39549
1668963299586 0.375 39599
1668963313457 0.4000000059604645 39649
1668963327340 0.0 39699
1668963353368 0.1666666716337204 39749
1668963367228 0.3333333432674408 39799
1668963381103 0.0 39849
1668963394991 0.3333333432674408 39899
1668963421270 0.25 39949
1668963435130 0.25 39999
1668963449018 0.5 40049
1668963462912 0.25 40099
1668963489617 0.0 40149
1668963503419 0.0 40199
1668963517297 0.0 40249
1668963531186 0.1666666716337204 40299
1668963545094 0.20000000298023224 40349
1668963571461 0.25 40399
1668963585371 0.0 40449
1668963599240 0.20000000298023224 40499
1668963613161 0.0 40549
1668963639335 0.1428571492433548 40599
1668963653186 0.3333333432674408 40649
1668963667066 0.4000000059604645 40699
1668963680962 0.1666666716337204 40749
1668963707171 0.0 40799
1668963720994 0.1666666716337204 40849
1668963734859 0.0 40899
1668963748748 0.4000000059604645 40949
1668963762635 0.5 40999
1668963788931 0.6000000238418579 41049
1668963802834 0.2857142984867096 41099
1668963816777 0.0 41149
1668963830708 0.3333333432674408 41199
1668963857097 0.25 41249
1668963870937 0.20000000298023224 41299
1668963884818 0.25 41349
1668963898695 0.0 41399
1668963924864 0.25 41449
1668963938731 0.4285714328289032 41499
1668963952617 0.2857142984867096 41549
1668963966525 0.0 41599
1668963980446 0.25 41649
1668964006584 0.0 41699
1668964020448 0.3333333432674408 41749
1668964034357 0.20000000298023224 41799
1668964048261 0.3333333432674408 41849
1668964074841 0.3333333432674408 41899
1668964088682 0.0 41949
1668964102548 0.1666666716337204 41999
1668964116437 0.5 42049
1668964142643 0.20000000298023224 42099
1668964156494 0.4000000059604645 42149
1668964170349 0.0 42199
1668964184235 0.20000000298023224 42249
1668964198134 0.20000000298023224 42299
1668964224594 0.20000000298023224 42349
1668964238489 0.20000000298023224 42399
1668964252403 0.25 42449
1668964266317 0.1428571492433548 42499
1668964292612 0.25 42549
1668964306454 0.5 42599
1668964320331 0.25 42649
1668964334240 0.20000000298023224 42699
1668964360644 0.3333333432674408 42749
1668964374462 0.20000000298023224 42799
1668964388339 0.1428571492433548 42849
1668964402225 0.25 42899
1668964416109 0.4000000059604645 42949
1668964442351 0.0 42999
1668964456202 0.4000000059604645 43049
1668964470078 0.125 43099
1668964483992 0.0 43149
1668964510339 0.6000000238418579 43199
1668964524195 0.25 43249
1668964538082 0.1666666716337204 43299
1668964552021 0.0 43349
1668964565773 0.0 43399
1668964592208 0.4000000059604645 43449
1668964606081 0.3333333432674408 43499
1668964619995 0.5 43549
1668964633872 0.0 43599
1668964660115 0.1666666716337204 43649
1668964673976 0.20000000298023224 43699
1668964687876 0.3333333432674408 43749
1668964701767 0.4000000059604645 43799
1668964728147 0.6666666865348816 43849
1668964742016 0.0 43899
1668964755901 0.3333333432674408 43949
1668964769804 0.20000000298023224 43999
1668964783710 0.4285714328289032 44049
1668964809969 0.0 44099
1668964823884 0.5 44149
1668964837774 0.0 44199
1668964851707 0.0 44249
1668964877755 0.2857142984867096 44299
1668964891635 0.0 44349
1668964905528 0.1666666716337204 44399
1668964919426 0.2857142984867096 44449
1668964946168 0.0 44499
1668964960037 0.20000000298023224 44549
1668964973938 0.3333333432674408 44599
1668964987840 0.6000000238418579 44649
1668965001741 0.6666666865348816 44699
1668965028058 0.3333333432674408 44749
1668965041900 0.20000000298023224 44799
1668965055759 0.5 44849
1668965069655 0.0 44899
1668965095759 0.0 44949
1668965109643 0.5 44999
1668965123535 0.0 45049
1668965137418 0.1428571492433548 45099
1668965163776 0.5 45149
1668965177610 0.3333333432674408 45199
1668965191474 0.375 45249
1668965205375 0.4000000059604645 45299
1668965219275 0.1428571492433548 45349
1668965245388 0.5 45399
1668965259249 0.0 45449
1668965273168 0.20000000298023224 45499
1668965287088 0.3333333432674408 45549
1668965313620 0.125 45599
1668965327461 0.0 45649
1668965341331 0.1666666716337204 45699
1668965355221 0.25 45749
1668965381814 0.5 45799
1668965395638 0.0 45849
1668965409500 0.20000000298023224 45899
1668965423400 0.20000000298023224 45949
1668965437287 0.0 45999
1668965463655 0.6000000238418579 46049
1668965477525 0.1666666716337204 46099
1668965491442 0.1666666716337204 46149
1668965505340 0.3333333432674408 46199
1668965531956 0.3333333432674408 46249
1668965545819 0.75 46299
1668965559716 0.0 46349
1668965573598 0.4000000059604645 46399
1668965599896 0.0 46449
1668965613774 0.5 46499
1668965627694 0.6000000238418579 46549
1668965641616 0.20000000298023224 46599
1668965655545 0.1428571492433548 46649
1668965681816 0.3333333432674408 46699
1668965695711 0.4000000059604645 46749
1668965709661 0.20000000298023224 46799
1668965723622 0.0 46849
1668965749407 0.20000000298023224 46899
1668965763302 0.25 46949
1668965777218 0.3333333432674408 46999
1668965791163 0.0 47049
1668965817520 0.20000000298023224 47099
1668965831354 0.3333333432674408 47149
1668965845227 0.20000000298023224 47199
1668965859109 0.0 47249
1668965873045 0.20000000298023224 47299
1668965899614 0.4285714328289032 47349
1668965913549 0.625 47399
1668965927460 0.20000000298023224 47449
1668965941353 0.25 47499
1668965967605 0.20000000298023224 47549
1668965981463 0.4000000059604645 47599
1668965995327 0.0 47649
1668966009196 0.1428571492433548 47699
1668966035317 0.20000000298023224 47749
1668966049139 0.5 47799
1668966063011 0.5 47849
1668966076889 0.25 47899
1668966090795 0.0 47949
1668966116966 0.1666666716337204 47999
1668966130845 0.4000000059604645 48049
1668966144723 0.4000000059604645 48099
1668966158630 0.4000000059604645 48149
1668966184845 0.4285714328289032 48199
1668966198688 0.3333333432674408 48249
1668966212574 0.1666666716337204 48299
1668966226449 0.5 48349
1668966252808 0.4285714328289032 48399
1668966266621 0.0 48449
1668966280498 0.5 48499
1668966294398 0.1428571492433548 48549
1668966308319 0.20000000298023224 48599
1668966334668 0.25 48649
1668966348521 0.3333333432674408 48699
1668966362412 0.1428571492433548 48749
1668966376311 0.0 48799
1668966402603 0.3333333432674408 48849
1668966416484 0.0 48899
1668966430369 0.3333333432674408 48949
1668966444270 0.1666666716337204 48999
1668966470538 0.4000000059604645 49049
1668966484371 0.6666666865348816 49099
1668966498260 0.0 49149
1668966512150 0.1666666716337204 49199
1668966526051 0.5 49249
1668966552256 0.3333333432674408 49299
1668966566124 0.20000000298023224 49349
1668966580010 0.20000000298023224 49399
1668966593904 0.6000000238418579 49449
1668966620101 0.0 49499
1668966634006 0.4000000059604645 49549
1668966647932 0.25 49599
1668966661881 0.0 49649
1668966688161 0.1428571492433548 49699
1668966702030 0.2857142984867096 49749
1668966715937 0.20000000298023224 49799
1668966729891 0.0 49849
1668966743813 0.0 49899
1668966769939 0.3333333432674408 49949
1668966783826 0.3333333432674408 49999
1668966797722 0.0 50049
1668966811638 0.20000000298023224 50099
1668966837933 0.4000000059604645 50149
1668966851799 0.5 50199
1668966865690 0.3333333432674408 50249
1668966879568 0.2857142984867096 50299
1668966905939 0.25 50349
1668966919771 0.1428571492433548 50399
1668966933638 0.6666666865348816 50449
1668966947534 0.3333333432674408 50499
1668966961426 0.0 50549
1668966987688 0.1428571492433548 50599
1668967001526 0.0 50649
1668967015394 0.3333333432674408 50699
1668967029285 0.20000000298023224 50749
1668967055456 0.3333333432674408 50799
1668967069333 0.4285714328289032 50849
1668967083230 0.3333333432674408 50899
1668967097111 0.20000000298023224 50949
1668967123434 0.0 50999
1668967137245 0.5 51049
1668967151100 0.0 51099
1668967164970 0.0 51149
1668967178880 0.25 51199
1668967205325 0.3333333432674408 51249
1668967219209 0.1428571492433548 51299
1668967233162 0.25 51349
1668967247085 0.0 51399
1668967273403 0.20000000298023224 51449
1668967287243 0.0 51499
1668967301118 0.20000000298023224 51549
1668967315002 0.5 51599
1668967341225 0.4000000059604645 51649
1668967355067 0.4000000059604645 51699
1668967368975 0.5 51749
1668967382887 0.20000000298023224 51799
1668967396817 0.0 51849
1668967423111 0.3333333432674408 51899
1668967437002 0.1666666716337204 51949
1668967450898 0.0 51999
1668967464807 0.20000000298023224 52049
1668967491123 0.3333333432674408 52099
1668967505034 0.3333333432674408 52149
1668967518964 0.0 52199
1668967532904 0.20000000298023224 52249
1668967559147 0.1666666716337204 52299
1668967573028 0.125 52349
1668967586964 0.3333333432674408 52399
1668967600918 0.6000000238418579 52449
1668967614874 0.20000000298023224 52499
1668967641030 0.25 52549
1668967654892 0.0 52599
1668967668792 0.1666666716337204 52649
1668967682691 0.0 52699
1668967709044 0.2857142984867096 52749
1668967722916 0.20000000298023224 52799
1668967736803 0.3333333432674408 52849
1668967750712 0.20000000298023224 52899
1668967776979 0.1428571492433548 52949
1668967790810 0.0 52999
1668967804677 0.20000000298023224 53049
1668967818588 0.20000000298023224 53099
1668967832510 0.4000000059604645 53149
1668967858673 0.4000000059604645 53199
1668967872559 0.2857142984867096 53249
1668967886438 0.0 53299
1668967900326 0.3333333432674408 53349
1668967926889 0.6000000238418579 53399
1668967940728 0.25 53449
1668967954608 0.20000000298023224 53499
1668967968504 0.1666666716337204 53549
1668967994959 0.0 53599
1668968008773 0.20000000298023224 53649
1668968022637 0.2857142984867096 53699
1668968036522 0.0 53749
1668968050404 0.1666666716337204 53799
1668968076710 0.5 53849
1668968090607 0.0 53899
1668968104509 0.25 53949
1668968118434 0.0 53999
1668968144909 0.5 54049
1668968158755 0.125 54099
1668968172631 0.20000000298023224 54149
1668968186518 0.2857142984867096 54199
1668968200236 0.0 54249
1668968226537 0.2857142984867096 54299
1668968240406 0.6000000238418579 54349
1668968254321 0.20000000298023224 54399
1668968268273 0.1428571492433548 54449
1668968294477 0.20000000298023224 54499
1668968308330 0.0 54549
1668968322203 0.0 54599
1668968336093 0.0 54649
1668968362681 0.3333333432674408 54699
1668968376584 0.6000000238418579 54749
1668968390509 0.5 54799
1668968404462 0.1666666716337204 54849
1668968418433 0.0 54899
1668968444815 0.20000000298023224 54949
1668968458668 0.1666666716337204 54999
1668968472564 0.25 55049
1668968486450 0.0 55099
1668968512563 0.20000000298023224 55149
1668968526457 0.4000000059604645 55199
1668968540349 0.1666666716337204 55249
1668968554234 0.0 55299
1668968580353 0.0 55349
1668968594192 0.1428571492433548 55399
1668968608056 0.0 55449
1668968621954 0.0 55499
1668968635870 0.0 55549
1668968662077 0.0 55599
1668968675956 0.2857142984867096 55649
1668968689829 0.3333333432674408 55699
1668968703741 0.0 55749
1668968729902 0.4285714328289032 55799
1668968743768 0.20000000298023224 55849
1668968757650 0.0 55899
1668968771575 0.0 55949
1668968798003 0.4000000059604645 55999
1668968811852 0.0 56049
1668968825762 0.4000000059604645 56099
1668968839705 0.5 56149
1668968853645 0.25 56199
1668968879867 0.3333333432674408 56249
1668968893716 0.4285714328289032 56299
1668968907596 0.2857142984867096 56349
1668968921491 0.2857142984867096 56399
1668968947907 0.3333333432674408 56449
1668968961794 0.1428571492433548 56499
1668968975706 0.3333333432674408 56549
1668968989637 0.0 56599
1668969016480 0.20000000298023224 56649
1668969030306 0.4000000059604645 56699
1668969044174 0.1666666716337204 56749
1668969058042 0.20000000298023224 56799
1668969071927 0.25 56849
1668969098137 0.6666666865348816 56899
1668969112053 0.1666666716337204 56949
1668969125993 0.0 56999
1668969139934 0.0 57049
1668969166314 0.0 57099
1668969180222 0.25 57149
1668969194164 0.5 57199
1668969208118 0.0 57249
1668969234468 0.0 57299
1668969248316 0.0 57349
1668969262188 0.20000000298023224 57399
1668969276070 0.0 57449
1668969289961 0.4000000059604645 57499
1668969316244 0.5714285969734192 57549
1668969330129 0.6000000238418579 57599
1668969344018 0.20000000298023224 57649
1668969357914 0.4000000059604645 57699
1668969384270 0.5 57749
1668969398119 0.375 57799
1668969412003 0.4285714328289032 57849
1668969425918 0.1428571492433548 57899
1668969452165 0.25 57949
1668969466001 0.6000000238418579 57999
1668969479878 0.0 58049
1668969493758 0.2857142984867096 58099
1668969507659 0.5 58149
1668969533810 0.5 58199
1668969547704 0.0 58249
1668969561607 0.0 58299
1668969575533 0.4000000059604645 58349
1668969601801 0.20000000298023224 58399
1668969615650 0.0 58449
1668969629502 0.25 58499
1668969643628 0.5 58549
1668969669725 0.25 58599
1668969683556 0.0 58649
1668969697442 0.4000000059604645 58699
1668969711365 0.20000000298023224 58749
1668969725286 0.20000000298023224 58799
1668969751458 0.20000000298023224 58849
1668969765338 0.0 58899
1668969779214 0.1666666716337204 58949
1668969793118 0.6000000238418579 58999
1668969819490 0.0 59049
1668969833370 0.20000000298023224 59099
1668969847280 0.1666666716337204 59149
1668969861186 0.20000000298023224 59199
1668969887522 0.1666666716337204 59249
1668969901356 0.3333333432674408 59299
1668969915227 0.20000000298023224 59349
1668969929115 0.4285714328289032 59399
1668969943005 0.4285714328289032 59449
1668969969435 0.0 59499
1668969983304 0.0 59549
1668969997197 0.0 59599
1668970011104 0.375 59649
1668970037581 0.25 59699
1668970051425 0.0 59749
1668970065299 0.3333333432674408 59799
1668970079170 0.0 59849
1668970105145 0.0 59899
1668970118978 0.2857142984867096 59949
1668970132851 0.25 59999
1668970146733 0.20000000298023224 60049
1668970160635 0.6666666865348816 60099
1668970186754 0.4000000059604645 60149
1668970200620 0.0 60199
1668970214533 0.20000000298023224 60249
1668970228443 0.0 60299
1668970254854 0.3333333432674408 60349
1668970268701 0.3333333432674408 60399
1668970282578 0.4000000059604645 60449
1668970296464 0.0 60499
1668970322841 0.20000000298023224 60549
1668970336716 0.0 60599
1668970350633 0.2857142984867096 60649
1668970364518 0.0 60699
1668970378419 0.25 60749
1668970405085 0.20000000298023224 60799
1668970418936 0.375 60849
1668970432814 0.5 60899
1668970446700 0.0 60949
1668970473168 0.1428571492433548 60999
1668970487062 0.20000000298023224 61049
1668970500983 0.0 61099
1668970514916 0.20000000298023224 61149
1668970541199 0.0 61199
1668970555030 0.25 61249
1668970568911 0.1666666716337204 61299
1668970582804 0.20000000298023224 61349
1668970596692 0.125 61399
1668970622787 0.20000000298023224 61449
1668970636644 0.20000000298023224 61499
1668970650530 0.0 61549
1668970664412 0.5 61599
1668970690902 0.3333333432674408 61649
1668970704761 0.20000000298023224 61699
1668970718630 0.1666666716337204 61749
1668970732511 0.25 61799
1668970758742 0.4285714328289032 61849
1668970772559 0.2857142984867096 61899
1668970786431 0.5714285969734192 61949
1668970800308 0.20000000298023224 61999
1668970814210 0.25 62049
1668970840233 0.20000000298023224 62099
1668970854100 0.3333333432674408 62149
1668970868004 0.20000000298023224 62199
1668970882081 0.0 62249
1668970908243 0.0 62299
1668970922150 0.20000000298023224 62349
1668970936055 0.0 62399
1668970949960 0.25 62449
1668970976098 0.0 62499
1668970989913 0.25 62549
1668971003774 0.25 62599
1668971017699 0.0 62649
1668971031648 0.3333333432674408 62699
1668971057755 0.6000000238418579 62749
1668971071618 0.2857142984867096 62799
1668971085516 0.3333333432674408 62849
1668971099419 0.3333333432674408 62899
1668971125675 0.3333333432674408 62949
1668971139518 0.25 62999
1668971153390 0.0 63049
1668971167282 0.3333333432674408 63099
1668971193967 0.4285714328289032 63149
1668971207821 0.0 63199
1668971221699 0.20000000298023224 63249
1668971235600 0.2857142984867096 63299
1668971249523 0.2857142984867096 63349
1668971275866 0.0 63399
1668971289748 0.0 63449
1668971303636 0.0 63499
1668971317533 0.1666666716337204 63549
1668971343701 0.0 63599
1668971357560 0.25 63649
1668971371442 0.5 63699
1668971385330 0.0 63749
1668971411673 0.1666666716337204 63799
1668971425523 0.0 63849
1668971439380 0.20000000298023224 63899
1668971453259 0.1666666716337204 63949
1668971467161 0.25 63999
1668971493487 0.20000000298023224 64049
1668971507323 0.3333333432674408 64099
1668971521206 0.1666666716337204 64149
1668971535087 0.0 64199
1668971561134 0.0 64249
1668971574984 0.1428571492433548 64299
1668971588888 0.0 64349
1668971602791 0.3333333432674408 64399
1668971629114 0.20000000298023224 64449
1668971642994 0.4285714328289032 64499
1668971656876 0.1428571492433548 64549
1668971670777 0.6666666865348816 64599
1668971684675 0.25 64649
1668971710795 0.25 64699
1668971724659 0.3333333432674408 64749
1668971738537 0.1666666716337204 64799
1668971752433 0.4285714328289032 64849
1668971778929 0.1666666716337204 64899
1668971792784 0.1428571492433548 64949
1668971806653 0.0 64999
1668971820524 0.20000000298023224 65049
1668971834248 0.0 65099
