1668837012576 0.5214835405349731 216
1668837084128 0.5274263620376587 433
1668837155696 0.5218634605407715 650
1668837227251 0.49823424220085144 867
1668837299319 0.5089787244796753 1084
1668837371188 0.4924085736274719 1301
1668837442812 0.5010514855384827 1518
1668837514720 0.5060005784034729 1735
1668837586602 0.5015345811843872 1952
1668837658779 0.502711296081543 2169
1668837730683 0.5098211169242859 2386
1668837802737 0.5051197409629822 2603
1668837874634 0.49042943120002747 2820
1668837946379 0.5007211565971375 3037
1668838018617 0.5125474333763123 3254
1668838090628 0.5038535594940186 3471
1668838162785 0.5108505487442017 3688
1668838234881 0.509710967540741 3905
1668838306754 0.4907596707344055 4122
1668838378482 0.5088053345680237 4339
1668838451191 0.4981887936592102 4556
1668838523239 0.5072006583213806 4773
1668838595254 0.5226590037345886 4990
1668838667373 0.5112193822860718 5207
1668838739229 0.5189705491065979 5424
1668838811256 0.5193145871162415 5641
1668838883057 0.5137379765510559 5858
1668838954984 0.5129492878913879 6075
