1668837012576 1.7387654773097225 216
1668837084128 1.7100836940469115 433
1668837155696 1.69205820431928 650
1668837227251 1.675977700117998 867
1668837299319 1.6617214690354025 1084
1668837371188 1.6565163652103783 1301
1668837442812 1.6481603175163972 1518
1668837514720 1.6431462617881651 1735
1668837586602 1.6441549848464245 1952
1668837658779 1.644296698929605 2169
1668837730683 1.64240053958839 2386
1668837802737 1.640470627163975 2603
1668837874634 1.641937711988017 2820
1668837946379 1.6404472358625408 3037
1668838018617 1.6357625095910404 3254
1668838090628 1.6386438079879146 3471
1668838162785 1.6349453686648343 3688
1668838234881 1.6381417345660767 3905
1668838306754 1.6359849507872366 4122
1668838378482 1.6368496322252386 4339
1668838451191 1.6392287166521207 4556
1668838523239 1.63476794290501 4773
1668838595254 1.63762570482659 4990
1668838667373 1.6319376714325615 5207
1668838739229 1.6359985599437417 5424
1668838811256 1.6357643050498498 5641
1668838883057 1.63367925575712 5858
1668838954984 1.633240102025133 6075
