1669360645580 1.509910318556589 216
1669360721110 1.492270013076188 433
1669360797335 1.4673993988861935 650
1669360873118 1.4496647998743095 867
1669360949530 1.4382113360046382 1084
1669361025239 1.4317364896062188 1301
1669361101369 1.4234574047653519 1518
1669361177327 1.4121562561680532 1735
1669361253570 1.4089524277727 1952
1669361330074 1.408556187690744 2169
1669361406401 1.402289768007382 2386
1669361483039 1.3962272766544135 2603
1669361559621 1.3911882664154107 2820
1669361636547 1.3914689365971302 3037
1669361712939 1.385801369467737 3254
1669361789681 1.3815899611219304 3471
1669361866145 1.3825602785190063 3688
1669361942838 1.3776057343493018 3905
1669362019264 1.3742574262773717 4122
1669362095926 1.3726826884535603 4339
1669362172548 1.3711020736486763 4556
1669362249014 1.3735248017845185 4773
1669362325321 1.3698321484927354 4990
1669362402189 1.369779088641661 5207
1669362478696 1.3676502516041908 5424
1669362554961 1.3687678142290665 5641
1669362631255 1.3662816236632713 5858
1669362707742 1.3638685196564742 6075
1669362783909 1.366464505234923 6292
1669362860444 1.3641400804190345 6509
1669362936678 1.3663194046335092 6726
1669363012910 1.3627231160927318 6943
1669363088853 1.3634823793951045 7160
1669363164985 1.3627565930769738 7377
1669363241142 1.3633419689841753 7594
1669363317437 1.3607757916287915 7811
1669363393549 1.362551066991785 8028
1669363469853 1.3621825064710809 8245
1669363545881 1.3605203170965394 8462
1669363622247 1.358868550530031 8679
1669363698717 1.3600501547201385 8896
1669363774999 1.3601350759302293 9113
1669363851734 1.3602743356143525 9330
1669363927759 1.3621795654061506 9547
1669364004377 1.3594033730095512 9764
1669364080693 1.3583350923814337 9981
1669364157384 1.3601747104266158 10198
1669364233290 1.3588033831298825 10415
1669364309687 1.3609746361448898 10632
1669364385803 1.3582149696959454 10849
1669364462056 1.3572419113551266 11066
1669364538072 1.3582361927617894 11283
1669364614379 1.358954321102252 11500
1669364690813 1.3582149591359514 11717
1669364767149 1.3585272167538063 11934
1669364843486 1.3562961175165735 12151
1669364920001 1.3570151466226075 12368
1669364996609 1.3576326380809511 12585
1669365073103 1.3577028614099271 12802
1669365149568 1.357176254553557 13019
1669365225955 1.355372952573692 13236
1669365302066 1.35589982215546 13453
1669365378465 1.3565315455343065 13670
1669365454805 1.3582743718685357 13887
1669365531095 1.3564131882890214 14104
1669365607587 1.357929341195563 14321
1669365683319 1.3557897016466132 14538
1669365759937 1.3549291980958686 14755
1669365836122 1.356802422107691 14972
1669365912758 1.3564244698328498 15189
1669365988738 1.355384997548922 15406
1669366065230 1.3555541000148519 15623
1669366141218 1.3565518240596008 15840
1669366217689 1.3560988056225396 16057
1669366294127 1.3553490746412218 16274
1669366370481 1.3530046177558672 16491
1669366447324 1.354148646687023 16708
1669366523483 1.3570004500726762 16925
1669366600602 1.3526573902772034 17142
1669366677041 1.355120983783737 17359
1669366754087 1.352680163093275 17576
1669366830298 1.3544171599937422 17793
1669366906608 1.3561072849894213 18010
1669366982839 1.354594794943253 18227
1669367059366 1.355553455508264 18444
1669367135856 1.3548346722737599 18661
1669367212310 1.3536721022337341 18878
1669367288939 1.3544683997831914 19095
1669367365165 1.352174773453471 19312
1669367441935 1.3549423417155226 19529
1669367518316 1.353391059602231 19746
1669367594649 1.353894227392753 19963
1669367670840 1.3533744172817754 20180
1669367747183 1.3528230317527035 20397
1669367823820 1.3535019175230996 20614
1669367900216 1.3541556032802826 20831
1669367976413 1.352474873699233 21048
1669368052869 1.3516296379758654 21265
1669368129491 1.3511656037968887 21482
1669368205569 1.3547583187332128 21699
1669368282043 1.3542116296697913 21916
1669368358141 1.3509315966872426 22133
1669368434603 1.3521039378720774 22350
1669368511148 1.3528589491012133 22567
1669368587404 1.3508676158312136 22784
1669368664290 1.352915266205679 23001
1669368740420 1.351589104270325 23218
1669368816896 1.3527123183221739 23435
1669368893569 1.3532221349514781 23652
1669368970058 1.350683654458864 23869
1669369046660 1.3521767033356547 24086
1669369123295 1.3519088889927044 24303
1669369199676 1.3517576264897322 24520
1669369276286 1.351094489475843 24737
1669369352664 1.351484373173713 24954
1669369429102 1.3522413640315596 25171
1669369505019 1.353685159881766 25388
1669369581113 1.3517759202575301 25605
1669369657311 1.3519621876539665 25822
1669369733495 1.350960966930807 26039
1669369809603 1.351674579676288 26256
1669369886231 1.3518148111628585 26473
1669369962746 1.3514117073080358 26690
1669370039432 1.3502135380582097 26907
1669370115767 1.351266437689965 27124
1669370192098 1.3509439451243614 27341
1669370268377 1.3521611790891657 27558
1669370344871 1.3510857310015458 27775
1669370420531 1.3509430557828617 27992
1669370496905 1.3509847822473995 28209
1669370573347 1.3517940905751147 28426
1669370649664 1.3512202459925344 28643
1669370726213 1.3509073205769635 28860
1669370802563 1.351054181095596 29077
1669370878800 1.3502556046638916 29294
1669370955313 1.3519194595891644 29511
1669371031689 1.3521011057166232 29728
1669371108070 1.3503929256842697 29945
1669371184644 1.3518547470290376 30162
1669371260936 1.3494358685886276 30379
1669371337241 1.3494910211079183 30596
1669371414178 1.3492740141121804 30813
1669371490662 1.3511172184903655 31030
1669371567380 1.351262916214759 31247
1669371644200 1.3482228204792652 31464
1669371721124 1.3509244256329584 31681
1669371799967 1.3512607482614634 31898
1669371876888 1.349419960259686 32115
1669371953255 1.351000884005367 32332
1669372029953 1.3503249744777195 32549
1669372106494 1.352066801300636 32766
1669372182916 1.348576012666248 32983
1669372260818 1.3489721561863448 33200
1669372337048 1.3491907774053569 33417
1669372413204 1.3498384745032384 33634
1669372489413 1.3496567449721324 33851
1669372566060 1.350127951467877 34068
1669372642551 1.3497630476499471 34285
1669372719271 1.3503428971350442 34502
1669372796223 1.3483814858895362 34719
1669372872672 1.3509665548198926 34936
1669372948824 1.3501545544940512 35153
1669373025307 1.3514120794507953 35370
1669373101682 1.3494743323561513 35587
1669373177987 1.3507581476213442 35804
1669373254622 1.3493994202800856 36021
1669373330791 1.3494365033563562 36238
1669373407131 1.3479539180806868 36455
1669373483596 1.3499499630907965 36672
1669373560135 1.3479400136608808 36889
1669373637070 1.3493270446813042 37106
1669373713668 1.347648551764346 37323
1669373790174 1.35242349096765 37540
1669373866838 1.3494704847642942 37757
1669373943800 1.3498897253241935 37974
1669374020231 1.3500002650158174 38191
1669374096906 1.349736174251379 38408
1669374173586 1.3471778640182408 38625
1669374250520 1.3490168577967656 38842
1669374327295 1.3498105513826066 39059
1669374403684 1.3499942318103437 39276
1669374480691 1.3487812555304985 39493
1669374557652 1.347526051004272 39710
1669374634667 1.3483238102386343 39927
1669374711305 1.3496570697141914 40144
1669374787820 1.350315573679597 40361
1669374864168 1.3503854104369513 40578
1669374941248 1.3470901289355677 40795
1669375017528 1.3491525246709921 41012
1669375094568 1.3494239957923586 41229
1669375171243 1.3473124970638888 41446
1669375248099 1.3492719694196456 41663
1669375324516 1.350166313977984 41880
1669375400889 1.3482024236709695 42097
1669375477823 1.348261504265585 42314
1669375554150 1.348495276191028 42531
1669375630446 1.3500185252920114 42748
1669375706792 1.347451484833869 42965
1669375783164 1.3475948551693664 43182
1669375859980 1.3497989354320812 43399
1669375936108 1.3483451044410049 43616
1669376012751 1.3482917354259947 43833
1669376089613 1.3487780303049808 44050
1669376166391 1.3472085721172842 44267
1669376242859 1.349614162067325 44484
1669376319435 1.3474495177925225 44701
1669376395914 1.3485144870952763 44918
1669376472423 1.3470837629840704 45135
1669376548896 1.3478256379356914 45352
1669376625208 1.3483674848058425 45569
1669376702246 1.346485207468044 45786
1669376778876 1.348222809505798 46003
1669376855052 1.348476708468826 46220
1669376931830 1.3489564232332016 46437
1669377008233 1.3490273999360307 46654
1669377084726 1.3481901840284194 46871
1669377161269 1.3473707138750277 47088
1669377237742 1.3483972955244987 47305
1669377313909 1.3481531274660787 47522
1669377390545 1.3487555532652824 47739
1669377466981 1.3473744552254798 47956
1669377543343 1.348001273099168 48173
1669377619976 1.3473780247964529 48390
1669377695635 1.3471317680872315 48607
1669377772174 1.347210080692328 48824
1669377848255 1.345552012186681 49041
1669377924905 1.3464685494595585 49258
1669378001340 1.348056031722022 49475
1669378077814 1.3471006883982883 49692
1669378153974 1.349200370313499 49909
1669378230616 1.3467868137824222 50126
1669378306925 1.349774213464542 50343
1669378383527 1.3493938394471996 50560
1669378459963 1.3472076160961532 50777
1669378536249 1.347132848864612 50994
1669378613111 1.3474390746863771 51211
1669378689550 1.3465054665503582 51428
1669378766770 1.3456143082048693 51645
1669378842839 1.3463455991558682 51862
1669378919557 1.3480228024386114 52079
1669378995756 1.347550534731286 52296
1669379072494 1.3465941407043858 52513
1669379149042 1.347982044104648 52730
1669379225261 1.3472712920385974 52947
1669379301461 1.345640242887131 53164
1669379377909 1.34675586578805 53381
1669379454959 1.346871511595689 53598
1669379531407 1.347861560313427 53815
1669379607997 1.345630230426403 54032
1669379684248 1.346642590002138 54249
1669379760885 1.3465876217141495 54466
1669379837517 1.3441860271150494 54683
1669379914126 1.3470753876782635 54900
1669379990784 1.3469233000480234 55117
1669380067367 1.3479017203872388 55334
1669380143770 1.3454605295259046 55551
1669380220042 1.3463260650803797 55768
1669380296504 1.348386703464868 55985
1669380372833 1.346404737984433 56202
1669380449282 1.3457603121857085 56419
1669380525561 1.346614494279869 56636
1669380602438 1.3481272629352452 56853
1669380678904 1.3453937791891823 57070
1669380755309 1.3474136784875181 57287
1669380831775 1.3467702872313259 57504
1669380908259 1.3462336149753575 57721
1669380984175 1.346229644511191 57938
1669381060693 1.3463096905740628 58155
1669381136971 1.3473652044175406 58372
1669381213687 1.3462506206311666 58589
1669381290088 1.3450620278067806 58806
1669381366611 1.3462003484296894 59023
1669381443082 1.3456772926455083 59240
1669381519805 1.3460960380229674 59457
1669381596195 1.3471366641682854 59674
1669381672587 1.346702342552285 59891
1669381748875 1.3471459422223246 60108
1669381825514 1.3459191585992412 60325
1669381901637 1.3456516010326454 60542
1669381978239 1.3467166122685796 60759
1669382054269 1.3467638524047754 60976
1669382130843 1.3459537011749405 61193
1669382206982 1.3463196075963815 61410
1669382283097 1.3473002900751192 61627
1669382359291 1.3447884663804666 61844
1669382435824 1.3463439047149706 62061
1669382512021 1.3457633770952218 62278
1669382588281 1.3481048117471366 62495
1669382664889 1.3465667654161169 62712
1669382740943 1.3456625158771713 62929
1669382817483 1.347045888540202 63146
1669382893859 1.3453851695641343 63363
1669382970524 1.3454567944288929 63580
1669383046954 1.344876616860328 63797
1669383123428 1.346009675796917 64014
1669383199866 1.3457978433658258 64231
1669383275990 1.3450476684048012 64448
1669383352280 1.3461375199426646 64665
1669383428725 1.3465184707801539 64882
1669383504837 1.3458673261495395 65099
