1668772884941 1.3060570182213855 864
1668772991857 1.256164905775752 1729
1668773099181 1.2312063917624771 2594
1668773206650 1.1956621893457544 3459
1668773314066 1.166813261290567 4324
1668773421176 1.1427889269910583 5189
1668773527598 1.1237984504020826 6054
1668773634650 1.1080403661608533 6919
1668773741652 1.094713243988176 7784
1668773848249 1.0830062137058245 8649
1668773954898 1.079878089301235 9514
1668774062034 1.0728578037521443 10379
1668774169072 1.0643459579143988 11244
1668774275763 1.061232525664929 12109
1668774383203 1.0574465277145793 12974
1668774489040 1.0527527571945245 13839
1668774595337 1.0576123727233941 14704
1668774702062 1.0541297139492742 15569
1668774808833 1.0502054797538483 16434
1668774916665 1.0519876302686444 17299
1668775024765 1.0506292287361874 18164
1668775131299 1.0529917761551222 19029
1668775238592 1.0511145223060003 19894
1668775345452 1.0507655129156077 20759
1668775451639 1.0492655467831138 21624
1668775558088 1.0476921624956823 22489
1668775664512 1.0448758588728788 23354
1668775772431 1.0452035387452148 24219
1668775879550 1.0452580017956346 25084
1668775987248 1.0472946211558918 25949
1668776094321 1.0467940913064238 26814
1668776200377 1.0442116179598429 27679
1668776307451 1.0459771398974007 28544
1668776413738 1.0439957559239637 29409
1668776520334 1.044978650206697 30274
1668776626776 1.047873385097845 31139
1668776732903 1.045094865412137 32004
1668776839164 1.0465937800352005 32869
1668776946059 1.0433033730355497 33734
1668777052318 1.0449799013548067 34599
1668777159242 1.0421407002531524 35464
1668777266490 1.0432491601078522 36329
1668777373599 1.044523640853091 37194
1668777479676 1.044217979630589 38059
1668777585772 1.0443559763371688 38924
1668777691990 1.0459066120907128 39789
1668777798398 1.0450566302782294 40654
1668777904514 1.0444457140992884 41519
1668778010920 1.0406643513404372 42384
1668778117099 1.039105968298627 43249
1668778222951 1.0423352796255436 44114
1668778329602 1.0427767233789718 44979
1668778437318 1.043100564954351 45844
1668778543736 1.0449357519089415 46709
1668778650066 1.0448683616117125 47574
1668778756155 1.0411417365553222 48439
1668778862289 1.0430740651873562 49304
1668778968374 1.0384807754428473 50169
1668779074447 1.0431211181993876 51034
1668779180792 1.0392751389948895 51899
1668779287608 1.045709972318583 52764
1668779394404 1.0391780624597335 53629
1668779500697 1.0445621460315508 54494
1668779607353 1.0414480499676966 55359
1668779713897 1.0421701141232707 56224
1668779820370 1.0410108257982882 57089
1668779927084 1.0389325023339084 57954
1668780033196 1.0381880130236683 58819
1668780139567 1.0390385031689418 59684
1668780246010 1.0399821684858324 60549
1668780352180 1.0412984263721548 61414
1668780458546 1.0395871687383431 62279
1668780564879 1.035035772570474 63144
1668780670703 1.0394835569593348 64009
1668780776826 1.0391483592684718 64874
1668780883446 1.0389900003620207 65739
1668780989520 1.0340956996385702 66604
1668781096019 1.039015718875007 67469
1668781202551 1.0374373690038494 68334
1668781309223 1.041886418050587 69199
1668781415847 1.0378949057478346 70064
1668781522495 1.0375989078518661 70929
1668781628833 1.0385516651380649 71794
1668781735166 1.0372983758192484 72659
1668781841816 1.0411318360145936 73524
1668781948609 1.0403546877315755 74389
1668782054734 1.0380996243440361 75254
1668782161700 1.0371687482543333 76119
1668782268513 1.0374749014456996 76984
1668782375161 1.0369769752908846 77849
1668782481501 1.0391465242174656 78714
1668782588360 1.0370338661830945 79579
1668782695394 1.0374289888298165 80444
1668782802145 1.0370972576178745 81309
1668782908526 1.035560792973794 82174
1668783016824 1.0367072712643695 83039
1668783123750 1.0382554358401461 83904
1668783230633 1.0352714760737387 84769
1668783337027 1.0385762927752236 85634
1668783443640 1.0371853152335073 86499
1668783550008 1.0388995236479819 87364
1668783656698 1.0335034897678055 88229
1668783765127 1.0330854761979564 89094
1668783871396 1.0358705621415727 89959
1668783977974 1.035173918955609 90824
1668784084353 1.0369218687008994 91689
1668784191035 1.0372615862981327 92554
1668784297675 1.036180286860415 93419
1668784404647 1.0342365179500135 94284
1668784511093 1.0361941252690474 95149
1668784617135 1.0347389755039849 96014
1668784723272 1.035274094553834 96879
1668784829510 1.035574357638022 97744
1668784936359 1.0377056141864323 98609
1668785042803 1.035755205834063 99474
1668785148525 1.036877708737986 100339
1668785255296 1.0369932047596724 101204
1668785361570 1.0368962321492046 102069
1668785467727 1.0349381662296109 102934
1668785574319 1.0356115325832493 103799
1668785680384 1.0331801187889489 104664
1668785786650 1.0341675965514607 105529
1668785892539 1.0334233441579352 106394
1668785998463 1.0353687952212691 107259
1668786105095 1.0332017423406143 108124
1668786211467 1.0336522036779663 108989
1668786318127 1.0331016931755046 109854
1668786423877 1.0344221339975617 110719
1668786530183 1.0338296269438962 111584
1668786636611 1.0329705002905512 112449
1668786742933 1.0348970115264366 113314
1668786849120 1.032505550744453 114179
1668786955268 1.0350173126371693 115044
1668787061873 1.0325242965381038 115909
1668787167762 1.034529830326761 116774
1668787273772 1.0328439909993294 117639
1668787379857 1.0316716407464 118504
1668787486609 1.031249924966272 119369
1668787593223 1.0330497087334694 120234
1668787700331 1.0321206635080344 121099
1668787806627 1.0339789467889609 121964
1668787913577 1.0325197645672928 122829
1668788020176 1.034554010052614 123694
1668788126114 1.0317589114462873 124559
1668788232294 1.0314344179344104 125424
1668788338941 1.0324517411269862 126289
1668788445559 1.034233504082292 127154
1668788552991 1.0353049148071298 128019
1668788659906 1.0329641049015967 128884
1668788766120 1.0320505840241057 129749
1668788872309 1.0333790636478473 130614
1668788978734 1.030597339352554 131479
1668789085224 1.0313964068860806 132344
1668789191633 1.0331113583344713 133209
1668789298172 1.0304737389248182 134074
1668789404384 1.0344081004687777 134939
1668789510853 1.0343971162157346 135804
1668789616947 1.030660054800033 136669
1668789723419 1.0361233176659521 137534
1668789829910 1.0329693186811475 138399
1668789936785 1.0342817721767232 139264
1668790042700 1.0315116131613677 140129
1668790148690 1.0339853862214023 140994
1668790254916 1.0324005541414747 141859
1668790360861 1.0319705044586491 142724
1668790467836 1.032306679732583 143589
1668790574511 1.0299464613828935 144454
1668790680515 1.032100812550571 145319
1668790787178 1.0355949392022807 146184
1668790893986 1.0298288121304853 147049
1668791000402 1.0292764046923384 147914
1668791106379 1.0308774160046668 148779
1668791212746 1.032676366253668 149644
1668791318125 1.0337239819778403 150509
1668791424200 1.0334467495598765 151374
1668791529841 1.0303244819728585 152239
1668791637057 1.0338475697112137 153104
1668791743348 1.0345493050813144 153969
1668791849708 1.0336518972287387 154834
1668791956362 1.0338717312840746 155699
1668792062579 1.031172218697691 156564
1668792168699 1.0308468558923722 157429
1668792275108 1.0305448428874289 158294
1668792382122 1.032093134683887 159159
1668792488691 1.033736801671742 160024
1668792594606 1.0339931002131413 160889
1668792700435 1.0294573261483086 161754
1668792806581 1.0299676762063397 162619
1668792912826 1.0338854168098637 163484
1668793019150 1.0315090887454057 164349
1668793126065 1.0308939710552545 165214
1668793232010 1.0308873543562933 166079
1668793338689 1.034199159729915 166944
1668793444985 1.034072039262875 167809
1668793551170 1.0322502803903248 168674
1668793657301 1.033735721964993 169539
1668793764278 1.0324166255626597 170404
1668793870984 1.0303990654874766 171269
1668793977454 1.0347448791971674 172134
1668794084297 1.0309253231599858 172999
1668794190645 1.0298585525862571 173864
1668794296908 1.0325683627746718 174729
1668794403994 1.0309732109168357 175594
1668794510291 1.0327387817065594 176459
1668794616401 1.032114938282401 177324
1668794722775 1.0332500765449033 178189
1668794829201 1.0305830571929617 179054
1668794935442 1.0297603129465727 179919
1668795042336 1.0288022123131642 180784
1668795148643 1.03114920768479 181649
1668795254726 1.0300065568692436 182514
1668795360955 1.031206122631918 183379
1668795467085 1.0314264909452213 184244
1668795574062 1.0292940216162796 185109
1668795680164 1.0327849538828615 185974
1668795786845 1.0304366090986181 186839
1668795893079 1.0319401222654685 187704
1668795999469 1.0308233915547116 188569
1668796105617 1.031178302268459 189434
1668796212227 1.030184909017251 190299
1668796318347 1.0300458540201936 191164
1668796424374 1.0301938389802514 192029
1668796530426 1.0291802328827353 192894
1668796637132 1.0319567296459926 193759
1668796742934 1.029185358425985 194624
1668796848974 1.0280547746037052 195489
1668796955631 1.030787781509777 196354
1668797062469 1.0296948918945783 197219
1668797168585 1.0341842661962548 198084
1668797275260 1.028705244618704 198949
1668797381426 1.0298818254007187 199814
1668797487685 1.0292706734385932 200679
1668797594183 1.030770125975007 201544
1668797700866 1.030072680657671 202409
1668797808088 1.0301465904280227 203274
1668797914595 1.0299125042475747 204139
1668798021796 1.0317614463651683 205004
1668798128338 1.0302888700613455 205869
1668798235387 1.0289781202061479 206734
1668798341620 1.0286348263628657 207599
1668798448217 1.0275366573944946 208464
1668798553912 1.029938848940032 209329
1668798660007 1.029687635805445 210194
1668798767040 1.0314932101884235 211059
1668798873152 1.0319324937980197 211924
1668798979351 1.0292034772408614 212789
1668799086681 1.0297089707061209 213654
1668799193136 1.028384463798038 214519
1668799299533 1.0301925104090477 215384
1668799405726 1.030706152869351 216249
1668799512337 1.0291363107737985 217114
1668799619067 1.0287691032608135 217979
1668799725140 1.030654763119888 218844
1668799831691 1.02892833472241 219709
1668799937970 1.0291841815708218 220574
1668800044271 1.0271164156505226 221439
1668800151101 1.02927165248439 222304
1668800257217 1.0287375732320272 223169
1668800364933 1.0285719101420938 224034
1668800471537 1.0285059002422594 224899
1668800578171 1.0313967153883656 225764
1668800684349 1.0312590628650753 226629
1668800791357 1.0302537322016727 227494
1668800898022 1.0300016663467622 228359
1668801004306 1.0284025838016404 229224
1668801111175 1.030002750990108 230089
1668801218502 1.0301924931218485 230954
1668801325102 1.028813545453968 231819
1668801431666 1.0291960237070652 232684
1668801538614 1.0305056126574057 233549
1668801645641 1.029641269751142 234414
1668801752199 1.0288858533369996 235279
1668801858483 1.030448737583945 236144
1668801964645 1.0290074791447223 237009
1668802071229 1.0286106792417948 237874
1668802177418 1.0303155411214022 238739
1668802284698 1.0271444945407033 239604
1668802391433 1.0288553697392593 240469
1668802497431 1.0283568410580104 241334
1668802603921 1.0284141538914233 242199
1668802710242 1.0266652374308556 243064
1668802817065 1.029779593809769 243929
1668802923605 1.0273367354628868 244794
1668803031041 1.028867411553738 245659
1668803138055 1.0302489843453977 246524
1668803244883 1.0264450430328438 247389
1668803351402 1.0288568431356473 248254
1668803457454 1.0288517375718391 249119
1668803564125 1.0292385875223544 249984
1668803671099 1.0281767631988459 250849
1668803777772 1.0306413528624125 251714
1668803884299 1.0270589003701043 252579
1668803990780 1.028775739667129 253444
1668804096846 1.0267506687418915 254309
1668804203314 1.027860535458004 255174
1668804309739 1.0306526127515112 256039
1668804416352 1.0296569139160674 256904
1668804523230 1.0275121990022587 257769
1668804629460 1.0278029477025752 258634
1668804735725 1.030018458312257 259499
