1668826338667 176.25 864
1668826445698 174.25 1729
1668826552405 163.25 2594
1668826659471 97.25 3459
1668826766123 156.5 4324
1668826872585 97.0 5189
1668826979446 148.25 6054
1668827086290 142.5 6919
1668827193012 157.75 7784
1668827299513 167.0 8649
1668827406025 145.25 9514
1668827512856 132.25 10379
1668827619599 176.0 11244
1668827726559 185.75 12109
1668827833103 73.5 12974
1668827939859 155.0 13839
1668828046633 131.0 14704
1668828153678 140.25 15569
1668828260427 202.0 16434
1668828367147 188.25 17299
1668828473989 192.75 18164
1668828580467 188.5 19029
1668828687240 175.75 19894
1668828794049 197.5 20759
1668828900959 187.5 21624
1668829007802 0.0 22489
1668829114399 143.5 23354
1668829221082 172.0 24219
1668829327973 185.5 25084
1668829434743 198.25 25949
1668829541529 180.0 26814
1668829648634 181.5 27679
1668829755583 131.25 28544
1668829862199 71.75 29409
1668829968638 170.5 30274
1668830075139 156.0 31139
1668830181737 170.25 32004
1668830288217 143.75 32869
1668830395165 117.5 33734
1668830502589 143.5 34599
1668830609450 0.0 35464
1668830716110 78.0 36329
1668830823100 69.5 37194
1668830929629 113.25 38059
1668831036311 114.75 38924
1668831143030 108.0 39789
1668831250126 152.0 40654
1668831357242 168.5 41519
1668831463936 165.75 42384
1668831570568 90.5 43249
1668831677576 147.0 44114
1668831784561 153.5 44979
1668831891273 114.5 45844
1668831997661 133.5 46709
1668832104267 124.0 47574
1668832211238 146.25 48439
1668832318417 86.25 49304
1668832424814 144.5 50169
1668832532240 86.5 51034
1668832639187 136.75 51899
1668832746179 161.0 52764
1668832852930 142.0 53629
1668832959895 140.25 54494
1668833066417 118.5 55359
1668833172663 130.75 56224
1668833279353 184.25 57089
1668833386360 186.25 57954
1668833493641 112.0 58819
1668833600579 104.0 59684
1668833708109 105.5 60549
1668833815572 77.0 61414
1668833923173 183.0 62279
1668834030284 140.5 63144
1668834136647 190.0 64009
1668834243256 150.5 64874
1668834349766 174.75 65739
1668834456758 160.75 66604
1668834563634 172.75 67469
1668834670242 95.5 68334
1668834777130 106.5 69199
1668834884057 101.5 70064
1668834990708 1.25 70929
1668835097044 1.0 71794
1668835203869 82.75 72659
1668835315819 143.0 73524
1668835423246 1.5 74389
1668835530438 71.0 75254
1668835637428 118.25 76119
1668835743901 97.0 76984
1668835850914 94.0 77849
1668835957712 156.5 78714
1668836064058 63.25 79579
1668836170623 29.0 80444
1668836277181 92.0 81309
1668836384223 157.75 82174
1668836490861 91.75 83039
1668836597721 74.25 83904
1668836704640 128.0 84769
1668836810839 115.75 85634
1668836917452 145.25 86499
1668837024757 2.0 87364
1668837131221 13.5 88229
1668837238220 159.25 89094
1668837344534 22.25 89959
1668837451443 75.75 90824
1668837558273 83.0 91689
1668837665258 134.75 92554
1668837772212 160.5 93419
1668837879037 158.75 94284
1668837986165 104.75 95149
1668838093591 169.0 96014
1668838200709 64.25 96879
1668838307671 197.5 97744
1668838415882 182.5 98609
1668838523548 168.0 99474
1668838630171 166.5 100339
1668838736858 198.25 101204
1668838843575 181.25 102069
1668838950043 142.0 102934
1668839056723 138.5 103799
1668839163375 137.25 104664
1668839270715 188.0 105529
1668839378181 194.0 106394
1668839485220 153.25 107259
1668839592645 157.5 108124
1668839700338 120.0 108989
1668839806731 150.0 109854
1668839913762 149.5 110719
1668840020882 79.0 111584
1668840128055 148.25 112449
1668840235390 145.75 113314
1668840342711 141.5 114179
1668840449643 103.25 115044
1668840556925 92.5 115909
1668840663902 1.5 116774
1668840770838 124.75 117639
1668840878424 145.75 118504
1668840984634 125.75 119369
1668841091333 103.75 120234
1668841197821 93.0 121099
1668841304932 149.5 121964
1668841411639 127.75 122829
1668841518304 131.75 123694
1668841624811 117.0 124559
1668841731137 149.25 125424
1668841837647 135.5 126289
1668841944611 97.5 127154
1668842051503 110.75 128019
1668842157888 136.25 128884
1668842264309 130.25 129749
1668842370960 73.25 130614
1668842477935 102.25 131479
1668842584840 16.5 132344
1668842692846 150.75 133209
1668842799740 130.75 134074
1668842906762 96.0 134939
1668843013872 144.0 135804
1668843121075 140.25 136669
1668843227819 118.0 137534
1668843334918 0.5 138399
1668843441842 95.75 139264
1668843548347 106.5 140129
1668843655275 125.0 140994
1668843761751 92.0 141859
1668843869184 77.5 142724
1668843976445 64.5 143589
1668844084303 95.75 144454
1668844190701 136.5 145319
1668844297837 95.5 146184
1668844405119 19.5 147049
1668844511711 143.5 147914
1668844619291 64.5 148779
1668844726357 76.5 149644
1668844833699 68.0 150509
1668844940543 101.25 151374
1668845047097 85.25 152239
1668845154665 158.0 153104
1668845261569 143.0 153969
1668845369106 142.5 154834
1668845476437 149.5 155699
1668845583182 140.5 156564
1668845690467 92.25 157429
1668845797144 123.75 158294
1668845904306 90.25 159159
1668846010753 128.5 160024
1668846117994 141.5 160889
1668846224974 66.75 161754
1668846331612 141.5 162619
1668846438692 3.0 163484
1668846546133 135.25 164349
1668846652760 134.25 165214
1668846759852 154.5 166079
1668846866660 101.75 166944
1668846973552 141.25 167809
1668847080851 154.5 168674
1668847187806 89.75 169539
1668847295231 144.5 170404
1668847401602 123.0 171269
1668847509410 126.25 172134
1668847616967 144.5 172999
1668847723871 146.25 173864
1668847830524 143.25 174729
1668847937393 139.75 175594
1668848044567 143.0 176459
1668848151836 82.25 177324
1668848259356 154.0 178189
1668848366750 138.25 179054
1668848473661 143.5 179919
1668848579438 156.0 180784
1668848686106 134.75 181649
1668848792815 139.5 182514
1668848899833 79.5 183379
1668849007061 1.0 184244
1668849114194 98.0 185109
1668849221267 72.25 185974
1668849327590 69.75 186839
1668849434813 131.25 187704
1668849541954 143.25 188569
1668849650447 125.0 189434
1668849757843 78.25 190299
1668849866268 65.0 191164
1668849972744 64.0 192029
1668850079913 65.25 192894
1668850186527 0.0 193759
1668850293110 1.75 194624
1668850400433 55.25 195489
1668850507896 64.5 196354
1668850615071 0.5 197219
1668850721964 0.0 198084
1668850828976 1.0 198949
1668850935908 0.25 199814
1668851042840 0.0 200679
1668851150059 62.0 201544
1668851257033 1.25 202409
1668851363952 0.75 203274
1668851470741 75.0 204139
1668851577510 0.0 205004
1668851683915 0.0 205869
1668851790574 0.0 206734
1668851897185 70.0 207599
1668852003990 1.75 208464
1668852110864 1.0 209329
1668852218037 104.5 210194
1668852324940 1.75 211059
1668852431683 69.5 211924
1668852539212 0.25 212789
1668852646081 29.5 213654
1668852751978 92.75 214519
1668852858802 116.5 215384
1668852965469 19.0 216249
1668853072745 97.75 217114
1668853179863 1.75 217979
1668853286632 90.0 218844
1668853393349 121.75 219709
1668853500157 90.25 220574
1668853606755 120.75 221439
1668853713440 0.25 222304
1668853820579 61.0 223169
1668853927249 107.75 224034
1668854034198 82.0 224899
1668854140913 115.5 225764
1668854248020 103.25 226629
1668854354926 21.0 227494
1668854461961 133.0 228359
1668854568650 154.0 229224
1668854675169 126.25 230089
1668854782486 141.25 230954
1668854889326 21.0 231819
1668854995671 137.5 232684
1668855102393 112.25 233549
1668855209020 112.0 234414
1668855316547 125.75 235279
1668855424006 80.0 236144
1668855530821 129.5 237009
1668855637644 114.0 237874
1668855744193 71.25 238739
1668855850875 1.75 239604
1668855957095 87.25 240469
1668856063660 20.5 241334
1668856169971 115.0 242199
1668856275927 145.0 243064
1668856381923 113.75 243929
1668856488060 103.25 244794
1668856594305 91.25 245659
1668856700659 62.5 246524
1668856806630 22.25 247389
1668856913651 21.5 248254
1668857020358 135.0 249119
1668857126523 21.0 249984
1668857233267 88.75 250849
1668857339471 76.25 251714
1668857446227 32.25 252579
1668857552910 108.0 253444
1668857658884 112.75 254309
1668857764872 86.0 255174
1668857871063 126.5 256039
1668857977097 29.0 256904
1668858083330 85.25 257769
1668858189809 74.25 258634
1668858296333 153.25 259499
