1668826343981 0.22716763615608215 864
1668826451487 0.23439306020736694 1729
1668826558017 0.23684971034526825 2594
1668826665181 0.23699422180652618 3459
1668826771864 0.24971097707748413 4324
1668826878187 0.24580924212932587 5189
1668826985236 0.24682080745697021 6054
1668827091915 0.24653178453445435 6919
1668827198669 0.25549131631851196 7784
1668827305159 0.24985548853874207 8649
1668827411670 0.2552023231983185 9514
1668827518575 0.2491329461336136 10379
1668827625265 0.2543352544307709 11244
1668827732135 0.25057804584503174 12109
1668827838777 0.25231215357780457 12974
1668827945527 0.2598266005516052 13839
1668828052255 0.2520231306552887 14704
1668828159326 0.25101155042648315 15569
1668828266091 0.25303468108177185 16434
1668828372796 0.2517341077327728 17299
1668828479670 0.24942196905612946 18164
1668828586190 0.24927745759487152 19029
1668828692854 0.2544797658920288 19894
1668828799697 0.25231215357780457 20759
1668828906673 0.2537572383880615 21624
1668829013435 0.2517341077327728 22489
1668829120012 0.25216764211654663 23354
1668829226710 0.24682080745697021 24219
1668829333665 0.25216764211654663 25084
1668829440446 0.2479768842458725 25949
1668829547149 0.25101155042648315 26814
1668829654446 0.2528901696205139 27679
1668829761205 0.25216764211654663 28544
1668829867901 0.2504335343837738 29409
1668829974350 0.25014451146125793 30274
1668830080966 0.251300573348999 31139
1668830187184 0.24710983037948608 32004
1668830294018 0.2459537535905838 32869
1668830400943 0.2553468346595764 33734
1668830508437 0.25187861919403076 34599
1668830615171 0.24869942665100098 35464
1668830721887 0.2504335343837738 36329
1668830828841 0.24783237278461456 37194
1668830935377 0.24768786132335663 38059
1668831042084 0.24739883840084076 38924
1668831148875 0.24494220316410065 39789
1668831255844 0.2459537535905838 40654
1668831363039 0.24696531891822815 41519
1668831469718 0.24725434184074402 42384
1668831576266 0.24783237278461456 43249
1668831683350 0.2504335343837738 44114
1668831790290 0.24725434184074402 44979
1668831896979 0.2484104037284851 45844
1668832003323 0.2504335343837738 46709
1668832110019 0.24768786132335663 47574
1668832216971 0.24465318024158478 48439
1668832324193 0.24869942665100098 49304
1668832430570 0.2475433498620987 50169
1668832538032 0.24985548853874207 51034
1668832644947 0.24450866878032684 51899
1668832751958 0.24566474556922913 52764
1668832858797 0.25 53629
1668832965634 0.24176301062107086 54494
1668833072155 0.2423410415649414 55359
1668833178395 0.24971097707748413 56224
1668833285153 0.24320809543132782 57089
1668833392082 0.24696531891822815 57954
1668833499342 0.24869942665100098 58819
1668833606356 0.2463872879743576 59684
1668833713880 0.24884392321109772 60549
1668833821341 0.24739883840084076 61414
1668833928988 0.25187861919403076 62279
1668834036035 0.24927745759487152 63144
1668834142103 0.25028902292251587 64009
1668834248981 0.24682080745697021 64874
1668834355566 0.24696531891822815 65739
1668834462522 0.24942196905612946 66604
1668834569364 0.25 67469
1668834676030 0.24046242237091064 68334
1668834782912 0.2507225573062897 69199
1668834889840 0.24465318024158478 70064
1668834996191 0.24161849915981293 70929
1668835102761 0.24884392321109772 71794
1668835209576 0.24855491518974304 72659
1668835321565 0.24667629599571228 73524
1668835428985 0.241473987698555 74389
1668835536199 0.25260114669799805 75254
1668835643104 0.23699422180652618 76119
1668835749639 0.2439306378364563 76984
1668835856619 0.24653178453445435 77849
1668835963364 0.24537572264671326 78714
1668836069877 0.24768786132335663 79579
1668836176372 0.24884392321109772 80444
1668836282880 0.24942196905612946 81309
1668836389876 0.25144508481025696 82174
1668836496633 0.25014451146125793 83039
1668836603470 0.24580924212932587 83904
1668836710518 0.24161849915981293 84769
1668836816538 0.25390172004699707 85634
1668836923548 0.24710983037948608 86499
1668837030516 0.24407514929771423 87364
1668837137074 0.24624277651309967 88229
1668837243995 0.2463872879743576 89094
1668837350340 0.24378612637519836 89959
1668837457202 0.2398843914270401 90824
1668837563964 0.2403179258108139 91689
1668837670991 0.25231215357780457 92554
1668837777923 0.2515895962715149 93419
1668837884812 0.2495664805173874 94284
1668837991895 0.24710983037948608 95149
1668838099298 0.2491329461336136 96014
1668838206525 0.24725434184074402 96879
1668838313398 0.2419075071811676 97744
1668838421587 0.24494220316410065 98609
1668838529326 0.2434971034526825 99474
1668838635980 0.2484104037284851 100339
1668838742617 0.24710983037948608 101204
1668838849210 0.2463872879743576 102069
1668838955900 0.241473987698555 102934
1668839062503 0.2504335343837738 103799
1668839169196 0.24609826505184174 104664
1668839276435 0.2507225573062897 105529
1668839383988 0.24624277651309967 106394
1668839490915 0.24523121118545532 107259
1668839598707 0.25028902292251587 108124
1668839706058 0.2459537535905838 108989
1668839812393 0.2484104037284851 109854
1668839919543 0.24494220316410065 110719
1668840026602 0.24971097707748413 111584
1668840133840 0.2450866997241974 112449
1668840241205 0.24783237278461456 113314
1668840348398 0.24450866878032684 114179
1668840455378 0.2443641573190689 115044
1668840562652 0.2450866997241974 115909
1668840669609 0.25014451146125793 116774
1668840776562 0.2450866997241974 117639
1668840883826 0.2511560618877411 118504
1668840990426 0.24219653010368347 119369
1668841097105 0.24869942665100098 120234
1668841203606 0.2495664805173874 121099
1668841310643 0.24971097707748413 121964
1668841417359 0.25 122829
1668841523934 0.24624277651309967 123694
1668841630542 0.2463872879743576 124559
1668841736909 0.24855491518974304 125424
1668841843383 0.2443641573190689 126289
1668841950275 0.252745658159256 127154
1668842057273 0.2508670389652252 128019
1668842163674 0.2479768842458725 128884
1668842270039 0.24450866878032684 129749
1668842376710 0.24465318024158478 130614
1668842483881 0.24580924212932587 131479
1668842590580 0.24696531891822815 132344
1668842698678 0.24653178453445435 133209
1668842805571 0.24566474556922913 134074
1668842912487 0.24739883840084076 134939
1668843019684 0.25014451146125793 135804
1668843126891 0.251300573348999 136669
1668843233630 0.2491329461336136 137534
1668843340650 0.24725434184074402 138399
1668843447560 0.24783237278461456 139264
1668843554085 0.2459537535905838 140129
1668843661031 0.24566474556922913 140994
1668843767492 0.24884392321109772 141859
1668843874984 0.24335260689258575 142724
1668843982214 0.24523121118545532 143589
1668844089997 0.24739883840084076 144454
1668844196535 0.2504335343837738 145319
1668844303518 0.2543352544307709 146184
1668844410773 0.24725434184074402 147049
1668844517446 0.24465318024158478 147914
1668844625080 0.241473987698555 148779
1668844732039 0.24927745759487152 149644
1668844839075 0.24609826505184174 150509
1668844946277 0.24667629599571228 151374
1668845052801 0.2450866997241974 152239
1668845160409 0.2495664805173874 153104
1668845267272 0.251300573348999 153969
1668845374872 0.24898843467235565 154834
1668845482129 0.24898843467235565 155699
1668845589061 0.25 156564
1668845696216 0.24710983037948608 157429
1668845803040 0.24277456104755402 158294
1668845910006 0.25 159159
1668846016481 0.24739883840084076 160024
1668846123708 0.2479768842458725 160889
1668846230732 0.24537572264671326 161754
1668846337346 0.25 162619
1668846444478 0.24580924212932587 163484
1668846551890 0.24494220316410065 164349
1668846658583 0.24682080745697021 165214
1668846765611 0.2520231306552887 166079
1668846872360 0.24566474556922913 166944
1668846979322 0.24855491518974304 167809
1668847086590 0.24450866878032684 168674
1668847193535 0.2455202341079712 169539
1668847300931 0.24523121118545532 170404
1668847407325 0.2450866997241974 171269
1668847515175 0.2479768842458725 172134
1668847622676 0.24855491518974304 172999
1668847729628 0.24768786132335663 173864
1668847836257 0.24335260689258575 174729
1668847943047 0.2450866997241974 175594
1668848050351 0.24523121118545532 176459
1668848157473 0.24942196905612946 177324
1668848265070 0.24378612637519836 178189
1668848372593 0.2517341077327728 179054
1668848479362 0.24465318024158478 179919
1668848585160 0.25216764211654663 180784
1668848691549 0.25101155042648315 181649
1668848798591 0.2520231306552887 182514
1668848905750 0.25014451146125793 183379
1668849012735 0.25057804584503174 184244
1668849119976 0.24624277651309967 185109
1668849226973 0.25 185974
1668849333333 0.2447976917028427 186839
1668849440489 0.25260114669799805 187704
1668849547708 0.24104046821594238 188569
1668849656194 0.2511560618877411 189434
1668849763637 0.24942196905612946 190299
1668849872026 0.24812138080596924 191164
1668849978523 0.2459537535905838 192029
1668850085585 0.25101155042648315 192894
1668850192190 0.2515895962715149 193759
1668850298921 0.24104046821594238 194624
1668850406230 0.24566474556922913 195489
1668850513737 0.24826589226722717 196354
1668850620807 0.24537572264671326 197219
1668850727747 0.2491329461336136 198084
1668850834748 0.2504335343837738 198949
1668850941728 0.24682080745697021 199814
1668851048559 0.24739883840084076 200679
1668851155727 0.24364161491394043 201544
1668851262738 0.24696531891822815 202409
1668851369713 0.24667629599571228 203274
1668851476437 0.24971097707748413 204139
1668851583317 0.2484104037284851 205004
1668851689615 0.24060693383216858 205869
1668851796380 0.24768786132335663 206734
1668851902915 0.24898843467235565 207599
1668852009823 0.2475433498620987 208464
1668852116633 0.24653178453445435 209329
1668852223810 0.25028902292251587 210194
1668852330643 0.2447976917028427 211059
1668852437502 0.24667629599571228 211924
1668852544925 0.24132947623729706 212789
1668852651466 0.24812138080596924 213654
1668852757709 0.2504335343837738 214519
1668852864570 0.24248555302619934 215384
1668852971356 0.2475433498620987 216249
1668853078545 0.2484104037284851 217114
1668853185584 0.2459537535905838 217979
1668853292354 0.24927745759487152 218844
1668853399043 0.2517341077327728 219709
1668853505900 0.24855491518974304 220574
1668853612566 0.2479768842458725 221439
1668853719146 0.2447976917028427 222304
1668853826285 0.24696531891822815 223169
1668853933010 0.2475433498620987 224034
1668854039945 0.24624277651309967 224899
1668854146685 0.24291907250881195 225764
1668854253805 0.24985548853874207 226629
1668854360656 0.24624277651309967 227494
1668854467745 0.24783237278461456 228359
1668854574378 0.24812138080596924 229224
1668854680935 0.2463872879743576 230089
1668854788306 0.24465318024158478 230954
1668854895057 0.24710983037948608 231819
1668855001411 0.24653178453445435 232684
1668855108213 0.2447976917028427 233549
1668855214733 0.2450866997241974 234414
1668855322326 0.2459537535905838 235279
1668855429772 0.24826589226722717 236144
1668855536525 0.24971097707748413 237009
1668855643429 0.251300573348999 237874
1668855749804 0.24812138080596924 238739
1668855856763 0.2507225573062897 239604
1668855962996 0.25231215357780457 240469
1668856069365 0.2423410415649414 241334
1668856175639 0.2475433498620987 242199
1668856281663 0.2479768842458725 243064
1668856387686 0.2536127269268036 243929
1668856493853 0.24725434184074402 244794
1668856600003 0.251300573348999 245659
1668856706433 0.24768786132335663 246524
1668856812357 0.2484104037284851 247389
1668856919403 0.24104046821594238 248254
1668857026152 0.24942196905612946 249119
1668857132288 0.24667629599571228 249984
1668857238947 0.24667629599571228 250849
1668857345341 0.24219653010368347 251714
1668857451966 0.24985548853874207 252579
1668857558701 0.25144508481025696 253444
1668857664538 0.24118496477603912 254309
1668857770711 0.2423410415649414 255174
1668857876785 0.24306358397006989 256039
1668857982921 0.2495664805173874 256904
1668858089101 0.24869942665100098 257769
1668858195585 0.24682080745697021 258634
1668858302054 0.24725434184074402 259499
