1668826243556 1.7470823491448566 49
1668826248871 1.743561995614124 99
1668826254458 1.1734914170722777 149
1668826259923 1.8305368847181345 199
1668826265239 1.357297902079091 249
1668826270538 2.0321798895303016 299
1668826275884 1.9271784380110941 349
1668826281244 1.1414629217163115 399
1668826286575 1.5728243171842995 449
1668826291892 1.7695101089692495 499
1668826297257 1.0556972465860202 549
1668826302586 2.1266795957654425 599
1668826307953 1.8418465404845576 649
1668826313409 1.7844908536063055 699
1668826318806 1.8136904906642561 749
1668826324173 1.7442314191497807 799
1668826329561 1.8923531602605763 849
1668826348230 1.5014417549267254 899
1668826353652 1.4066320815457323 949
1668826359072 1.8899757087231068 999
1668826364510 1.7373985355037829 1049
1668826369937 1.7197203370864151 1099
1668826375268 1.7464737193408832 1149
1668826380723 1.9353853263269531 1199
1668826386136 1.5064745725359234 1249
1668826391554 2.0060966632868418 1299
1668826396883 1.8638421206705378 1349
1668826402502 2.2724665197991607 1399
1668826408016 1.8323976782477676 1449
1668826413629 1.9086775363563895 1499
1668826418997 1.763610820084017 1549
1668826424395 1.7226989792628475 1599
1668826429793 1.7123436116956947 1649
1668826435126 1.1687873011998993 1699
1668826454157 1.734635171666225 1749
1668826459491 1.9802903895448392 1799
1668826464883 1.7847857471337432 1849
1668826470351 1.7631061533467896 1899
1668826475697 1.1949488245784605 1949
1668826481124 1.2799381251673516 1999
1668826486566 1.7529492670101483 2049
1668826492031 1.128183615157605 2099
1668826497423 1.1580809410904362 2149
1668826502749 1.0887851552036751 2199
1668826508076 1.1214346386796323 2249
1668826513417 1.7460559661401458 2299
1668826518762 1.7147429933865732 2349
1668826524172 2.135014784867214 2399
1668826529509 1.7122751768715108 2449
1668826534834 1.9872906731690132 2499
1668826540155 1.2866429297432374 2549
1668826559083 1.0369175254882552 2599
1668826564405 1.892936068068358 2649
1668826569723 0.8983259731103969 2699
1668826575125 1.9332758019065572 2749
1668826580546 1.7452785989688864 2799
1668826585965 1.9211614794721994 2849
1668826591383 1.7370899384585643 2899
1668826596818 1.808467456503224 2949
1668826602225 1.3620114305275444 2999
1668826607629 1.8286974189827574 3049
1668826613018 1.9703520124928458 3099
1668826618420 1.731637532361114 3149
1668826623835 1.6971042364521731 3199
1668826629279 1.232069396946312 3249
1668826634694 1.6915447778809278 3299
1668826640033 1.7855191019772567 3349
1668826645455 2.01553971097513 3399
1668826650837 1.8093921534648556 3449
1668826669965 1.1663136943793644 3499
1668826675381 1.789809356087202 3549
1668826680815 2.1176848388391343 3599
1668826686265 1.7168842592100142 3649
1668826691707 1.4406267020784242 3699
1668826697026 0.8999171274115492 3749
1668826702409 1.7546837533324071 3799
1668826707812 1.8478420137898777 3849
1668826713188 1.7620481646063453 3899
1668826718513 1.6859688380216233 3949
1668826723839 1.687720258917719 3999
1668826729163 1.7102504867323844 4049
1668826734508 1.8151257277902395 4099
1668826739947 1.20739766783963 4149
1668826745368 1.6989791363088225 4199
1668826750775 1.7283808151881228 4249
1668826756136 1.7654773952062646 4299
1668826775074 1.1385536813331756 4349
1668826780397 1.9260171003036959 4399
1668826785757 1.6942135342682327 4449
1668826791063 1.161541385314397 4499
1668826796376 1.1762057781928852 4549
1668826801699 0.9911346095880174 4599
1668826807059 1.6855766472504277 4649
1668826812524 1.7743236102834894 4699
1668826817891 1.6807836232375282 4749
1668826823211 1.6809628302387358 4799
1668826828536 1.8559157037522522 4849
1668826833865 1.4661706927060467 4899
1668826839288 1.089810683632042 4949
1668826844623 1.40811920161135 4999
1668826849981 1.1636168184874123 5049
1668826855323 1.348074049709299 5099
1668826860754 1.606173523053195 5149
1668826879797 1.9143424214195948 5199
1668826885170 1.711153629578432 5249
1668826890584 0.8527828250041516 5299
1668826895995 0.9793956357447755 5349
1668826901398 1.7603547390454948 5399
1668826906801 1.7271191250688154 5449
1668826912203 1.8693598966973473 5499
1668826917561 1.6788843367850927 5549
1668826922980 1.7485708494800378 5599
1668826928345 1.1030817710987875 5649
1668826933713 1.6800516865951325 5699
1668826939112 1.6793546926056206 5749
1668826944488 1.1908155807403045 5799
1668826949919 1.6804948845361465 5849
1668826955371 2.1235140053272055 5899
1668826960795 1.7751101868963508 5949
1668826966178 1.0836031849654246 5999
1668826971581 1.3989994213665156 6049
1668826990558 1.8184518004474337 6099
1668826995970 1.7602028861624714 6149
1668827001355 1.9030498506728528 6199
1668827006722 0.7614873667981611 6249
1668827012120 1.6849477204316554 6299
1668827017495 1.2062766455735567 6349
1668827022895 1.7128063567540481 6399
1668827028299 1.863418271318138 6449
1668827033681 1.7971519274688288 6499
1668827039027 1.745988077202028 6549
1668827044417 1.287120745761304 6599
1668827049820 1.8075918249668872 6649
1668827055183 1.1305248038744617 6699
1668827060615 1.947435824882664 6749
1668827066023 1.555080764334762 6799
1668827071389 2.0893731269563816 6849
1668827076793 1.8097285155171412 6899
1668827095651 1.7575085878791088 6949
1668827101051 1.677150964627943 6999
1668827106465 1.730949900742741 7049
1668827111890 1.4880651140538248 7099
1668827117309 1.2768671298311451 7149
1668827122721 1.7575261116249081 7199
1668827128072 1.169631045193207 7249
1668827133468 1.3236142962169277 7299
1668827138842 1.2896532657205877 7349
1668827144177 1.5559947075111664 7399
1668827149544 1.1915738422186473 7449
1668827154890 1.8189549225147963 7499
1668827160307 0.922508291824083 7549
1668827165698 1.6824848353541495 7599
1668827171122 1.7765814299761251 7649
1668827176518 1.7169123076710187 7699
1668827181883 1.3107297030267513 7749
1668827200828 1.6870312961390812 7799
1668827206213 0.8714260675950876 7849
1668827211570 1.7062873526552136 7899
1668827216887 1.6743539765669695 7949
1668827222211 1.7835836553086069 7999
1668827227590 1.8196550283596546 8049
1668827232914 1.438297550772058 8099
1668827238226 1.1306887408233615 8149
1668827243556 1.4941143710289984 8199
1668827248891 1.3061396026137424 8249
1668827254201 2.0153055527454287 8299
1668827259594 1.7094596034255365 8349
1668827264958 0.8772342919943577 8399
1668827270406 1.7283791135897277 8449
1668827275823 1.6969817690058018 8499
1668827281241 1.5775322712637965 8549
1668827286628 1.3674068035197495 8599
1668827292080 1.8194634215911552 8649
1668827311081 1.728067711777033 8699
1668827316490 1.472830947596564 8749
1668827321900 1.0158883468191573 8799
1668827327319 1.673807532586631 8849
1668827332700 1.566845191759453 8899
1668827338058 1.6834356861467104 8949
1668827343394 1.729761884463691 8999
1668827348788 1.7114214395213814 9049
1668827354147 1.8674307577331963 9099
1668827359475 1.6842215968355594 9149
1668827364800 0.9970402164968335 9199
1668827370235 1.6968553216355438 9249
1668827375582 1.7020142414336838 9299
1668827380926 1.7047657938729914 9349
1668827386258 1.735945484979336 9399
1668827391604 1.2174801627224237 9449
1668827397009 1.798307400374341 9499
1668827415942 1.782873621346698 9549
1668827421359 1.722207402198538 9599
1668827426712 1.1941409255021902 9649
1668827432092 1.6915036266228474 9699
1668827437422 1.6763492362051808 9749
1668827442806 1.6946934825457212 9799
1668827448251 1.6743009693114073 9849
1668827453577 1.0821540499844953 9899
1668827458930 1.6861276985220006 9949
1668827464257 1.8381936973609454 9999
1668827469572 1.673547254670602 10049
1668827474914 1.7901566029274014 10099
1668827480329 1.2328032474680601 10149
1668827485854 1.8459383227460033 10199
1668827491322 1.3682407084070072 10249
1668827496761 1.7147503660519678 10299
1668827502195 1.7083579594705172 10349
1668827521221 1.8392340826356905 10399
1668827526552 1.7125757827057146 10449
1668827531856 1.8561216077124265 10499
1668827537286 1.35693944674121 10549
1668827542697 1.7821097102180112 10599
1668827548078 1.8277919151992574 10649
1668827553471 1.819674963197813 10699
1668827558850 1.9287987318376771 10749
1668827564212 1.7263024721537934 10799
1668827569638 1.4901320479812674 10849
1668827574970 1.1114581449720162 10899
1668827580334 1.70230737532778 10949
1668827585797 1.1782817432468518 10999
1668827591205 1.232747039066313 11049
1668827596674 1.6744091615001313 11099
1668827602009 1.7453768342328198 11149
1668827607360 0.910906439036662 11199
1668827626342 1.7215770417061234 11249
1668827631706 1.7398276199581135 11299
1668827637028 1.7401475223054108 11349
1668827642393 1.1841566247751527 11399
1668827647752 1.2196379196483162 11449
1668827653117 1.7248006962310658 11499
1668827658437 1.6844833204066973 11549
1668827663841 1.688554133736553 11599
1668827669207 1.6741302674540848 11649
1668827674569 1.4516620584320807 11699
1668827679924 1.8145577786521105 11749
1668827685271 1.6726240341281529 11799
1668827690631 1.6916675844768114 11849
1668827696135 1.2899126510905434 11899
1668827701535 1.6725637096736197 11949
1668827706940 1.8988514696258447 11999
1668827712363 1.7001173280751598 12049
1668827717755 0.9499109000008826 12099
1668827736892 1.6724896474623256 12149
1668827742266 1.7568086484140202 12199
1668827747603 1.0956513369478333 12249
1668827752953 1.7473369526414249 12299
1668827758394 1.7338733463813198 12349
1668827763712 1.9933867029866719 12399
1668827769156 1.707085375556919 12449
1668827774570 1.7660525904560411 12499
1668827779981 1.591852775063999 12549
1668827785324 1.699968416899548 12599
1668827790650 1.7020238874866545 12649
1668827795999 1.7402402321811503 12699
1668827801377 1.5134995790307624 12749
1668827806730 1.7260384715453594 12799
1668827812077 1.7618992625078265 12849
1668827817501 1.7035759665167238 12899
1668827822860 1.7210573173404096 12949
1668827841991 1.4486971504901072 12999
1668827847452 0.9429153611448899 13049
1668827852840 0.9591978616009891 13099
1668827858167 1.6001622741126216 13149
1668827863563 1.7735233329111337 13199
1668827868954 1.5010259528286392 13249
1668827874384 1.680706063518843 13299
1668827879717 1.710030269377331 13349
1668827885055 1.6786650386560418 13399
1668827890422 1.7763116674158512 13449
1668827895755 1.8864331713395892 13499
1668827901118 1.7226322341750162 13549
1668827906505 1.6999944520444377 13599
1668827911902 1.7034442840547261 13649
1668827917242 1.5596884090673517 13699
1668827922635 1.9959842017798766 13749
1668827928015 1.7455891827126464 13799
1668827947159 1.6989954441769861 13849
1668827952492 1.7471664372497457 13899
1668827957852 1.9866323933121122 13949
1668827963179 1.781958557633478 13999
1668827968523 1.4197169914751564 14049
1668827974024 1.6857727475750273 14099
1668827979433 1.8174395289034424 14149
1668827984756 1.6997709281697806 14199
1668827990087 1.6726844342956526 14249
1668827995456 1.337857723684669 14299
1668828000779 1.7166549696216338 14349
1668828006118 1.7937052828165503 14399
1668828011578 1.6724969229742108 14449
1668828016949 1.7177826113429755 14499
1668828022349 1.729235671584672 14549
1668828027745 1.6906187172322193 14599
1668828033101 1.6735051367040819 14649
1668828038547 1.7550590723243955 14699
1668828057558 2.073412059099496 14749
1668828062889 1.4492676661576858 14799
1668828068316 1.1071729815108793 14849
1668828073657 1.6877450456492138 14899
1668828079076 1.6726945021164128 14949
1668828084479 1.7902211023353551 14999
1668828089838 1.715057614100152 15049
1668828095265 1.8550798692841517 15099
1668828100679 1.336360437318317 15149
1668828106105 1.4208369831670051 15199
1668828111506 1.1684389351437245 15249
1668828116868 1.7588140961619767 15299
1668828122309 1.747481564939661 15349
1668828127744 1.7581845556017321 15399
1668828133168 1.6839973243725956 15449
1668828138636 1.7677131473578873 15499
1668828144075 1.7202926291756229 15549
1668828163036 1.7461977799708905 15599
1668828168374 1.6754902304790011 15649
1668828173779 1.7634173968809916 15699
1668828179222 1.7642273895416785 15749
1668828184669 1.7441699492357388 15799
1668828190104 1.6989092328971196 15849
1668828195569 1.258325286280653 15899
1668828200936 1.1943839330199675 15949
1668828206304 1.4479811156679265 15999
1668828211670 1.2576001684736209 16049
1668828217013 1.5329959572854852 16099
1668828222360 1.7156112879530934 16149
1668828227752 1.672772296627897 16199
1668828233140 1.8123871910876055 16249
1668828238495 1.6786711935236813 16299
1668828243823 1.6736586085208691 16349
1668828249142 1.1679440531937233 16399
1668828268263 1.6837912907757344 16449
1668828273602 1.255165731177821 16499
1668828278974 0.9454403667024621 16549
1668828284309 1.2326174123471025 16599
1668828289647 1.127004917872962 16649
1668828295014 1.4607015490616564 16699
1668828300386 1.7723186386208458 16749
1668828305735 1.7891522325751525 16799
1668828311175 1.7727242302614885 16849
1668828316552 1.7075202136195113 16899
1668828321903 1.741759947636937 16949
1668828327248 1.1801843818108038 16999
1668828332610 2.0193891708756344 17049
1668828338096 1.6875825834497253 17099
1668828343441 1.006771490212207 17149
1668828348909 1.2561813935572301 17199
1668828354320 1.2239616427864972 17249
1668828359666 0.8860143421461477 17299
1668828378717 1.792964163094381 17349
1668828384105 1.3185251543491612 17399
1668828389503 1.491654820360273 17449
1668828394857 1.6986038886257888 17499
1668828400287 1.8591763213654833 17549
1668828405653 1.7020720133473912 17599
1668828411050 1.9090168280872997 17649
1668828416427 1.270062704316611 17699
1668828421790 0.7890753800215742 17749
1668828427278 1.6846713211370974 17799
1668828432636 1.2404318525228544 17849
1668828438034 1.715437271554457 17899
1668828443428 1.8438025642952158 17949
1668828448767 1.6724861193608458 17999
1668828454117 1.6723423095155954 18049
1668828459521 1.4629078110992109 18099
1668828464872 1.7122608978889238 18149
1668828483910 1.09798623953345 18199
1668828489313 1.6885337704949581 18249
1668828494658 1.716196260806327 18299
1668828500029 1.244956857880688 18349
1668828505477 1.8056705438279037 18399
1668828510893 1.6913393857808998 18449
1668828516241 1.6722753516620554 18499
1668828521627 1.7985368637638746 18549
1668828526980 1.6045039948856328 18599
1668828532342 1.7252935773979643 18649
1668828537683 1.7737602536810453 18699
1668828543040 1.3151750547782388 18749
1668828548459 1.7466937210046023 18799
1668828553842 1.7331309447247436 18849
1668828559188 1.6846106931236697 18899
1668828564513 0.8867203119861314 18949
1668828569839 1.6839512115478963 18999
1668828588875 1.679524109005461 19049
1668828594226 1.228745931071761 19099
1668828599637 1.6931081327422142 19149
1668828605055 1.6988945044145392 19199
1668828610383 1.6993133828220661 19249
1668828615737 1.5131221068611656 19299
1668828621090 1.0415728897221765 19349
1668828626478 1.3058927678980108 19399
1668828631822 1.3074240907421526 19449
1668828637241 1.2098362835370953 19499
1668828642591 1.4456713838016806 19549
1668828647922 1.7241626804113763 19599
1668828653269 1.8511128559971315 19649
1668828658654 1.1626671809363156 19699
1668828664052 1.7229109986765718 19749
1668828669487 1.2342483049858006 19799
1668828674910 0.9896245251047597 19849
1668828693924 1.689968442420029 19899
1668828699299 1.0856035703179243 19949
1668828704698 1.7739284094017231 19999
1668828710085 0.9915532012157071 20049
1668828715449 1.1810234465171825 20099
1668828720816 1.1415522427705365 20149
1668828726233 1.746778114694488 20199
1668828731647 1.6865068817876554 20249
1668828737014 1.2987350766896302 20299
1668828742368 1.5460802733264243 20349
1668828747752 1.1939060621981672 20399
1668828753108 1.808235433509756 20449
1668828758501 1.1370643173410757 20499
1668828763910 1.3550148592380582 20549
1668828769364 1.1302604377820045 20599
1668828774770 1.8118865564015851 20649
1668828780175 1.1569554206571586 20699
1668828785599 1.7726568745644935 20749
1668828804447 0.9790824303741634 20799
1668828809866 1.3594380655061524 20849
1668828815210 1.665382603621796 20899
1668828820576 1.7705272360234283 20949
1668828825962 1.759141775850697 20999
1668828831305 1.6765281789578845 21049
1668828836685 1.7451013315489297 21099
1668828842099 1.1071868688328979 21149
1668828847468 1.1414199663351736 21199
1668828852828 1.1350613518464057 21249
1668828858175 1.5920517263524203 21299
1668828863525 1.936435906022226 21349
1668828868976 1.7200806253937864 21399
1668828874394 1.4602521876970835 21449
1668828879773 1.7171611712146506 21499
1668828885267 1.6854591422738405 21549
1668828890722 1.535234276157213 21599
1668828909868 1.6808002105350417 21649
1668828915259 1.1641527553949589 21699
1668828920646 1.5013096632460456 21749
1668828926057 1.6793704621245404 21799
1668828931429 1.7208160366534109 21849
1668828936803 1.697404368353891 21899
1668828942152 1.7015656452666315 21949
1668828947493 1.3735240495194434 21999
1668828952962 1.253597754731298 22049
1668828958319 0.9803655226128151 22099
1668828963672 1.5078356213010995 22149
1668828968998 1.6920389487118483 22199
1668828974407 1.703956209982323 22249
1668828979808 1.5608049034068268 22299
1668828985137 1.7220664761033475 22349
1668828990583 1.2577998641093453 22399
1668828995994 1.7575988335450279 22449
1668829015059 1.7016474835958362 22499
1668829020408 1.3385527931529555 22549
1668829025798 1.7738601578975581 22599
1668829031162 1.6771600108982265 22649
1668829036523 1.754916939302014 22699
1668829041912 1.088494255912795 22749
1668829047328 1.7598812433913658 22799
1668829052690 1.7180106259337864 22849
1668829058050 1.691290624274464 22899
1668829063437 1.6730998132165482 22949
1668829068801 1.61223998171616 22999
1668829074156 1.0033724094681387 23049
1668829079513 1.7446339143536842 23099
1668829084890 1.7077544884229772 23149
1668829090215 1.317542823656296 23199
1668829095589 1.672496390302425 23249
1668829100987 1.7285509905855678 23299
1668829106397 1.756650733516409 23349
1668829125322 1.6831967622507205 23399
1668829130665 1.4095641843599154 23449
1668829136032 1.6852507589426042 23499
1668829141394 1.6773157167555044 23549
1668829146749 1.7550595383443564 23599
1668829152109 1.7264540040483838 23649
1668829157478 1.5339359335545968 23699
1668829162830 1.3506541347939442 23749
1668829168199 0.8464354599035341 23799
1668829173632 1.7043080653872382 23849
1668829179025 1.2250981244555421 23899
1668829184417 1.6729471780033753 23949
1668829189846 0.9879685412221176 23999
1668829195254 1.0857997069682266 24049
1668829200701 1.6726211042872494 24099
1668829206122 1.1775549870114599 24149
1668829211490 1.7571516643663858 24199
1668829230432 1.2779729539158105 24249
1668829235877 1.1376805799043952 24299
1668829241308 1.6771038060783872 24349
1668829246720 1.6721489302261667 24399
1668829252067 1.2929595250533463 24449
1668829257506 1.8339802552753746 24499
1668829262931 1.5494256510343702 24549
1668829268351 0.8435711113820874 24599
1668829273750 1.4586399223337767 24649
1668829279184 1.458589453790483 24699
1668829284555 1.67342597625126 24749
1668829289896 0.9275095478975821 24799
1668829295263 1.746425896194272 24849
1668829300618 1.073236321452145 24899
1668829305965 1.7039997509112346 24949
1668829311354 1.685740752721951 24999
1668829316739 1.093443230872473 25049
1668829335798 1.3582321521416256 25099
1668829341125 1.677844257063259 25149
1668829346501 1.171273653664926 25199
1668829351931 1.799030478846939 25249
1668829357349 1.6721477003514327 25299
1668829362767 1.7388592848970714 25349
1668829368272 1.890817144772925 25399
1668829373611 1.7914920089799784 25449
1668829378938 1.6722840080780252 25499
1668829384266 1.2076868970475045 25549
1668829389609 1.4600473980357027 25599
1668829394926 1.6775036141834754 25649
1668829400266 1.6742169213052385 25699
1668829405702 1.6764109027285516 25749
1668829411050 1.793608318750236 25799
1668829416406 1.705045697293683 25849
1668829421823 1.6981527956842468 25899
1668829427186 1.6762494469175855 25949
1668829446321 1.163115978505853 25999
1668829451741 1.681323508987871 26049
1668829457136 1.7770493499319526 26099
1668829462478 1.5377227104803475 26149
1668829467835 1.7218643233470505 26199
1668829473162 1.4905163565707074 26249
1668829478608 1.699873223755927 26299
1668829484049 1.191528877622374 26349
1668829489477 1.7163067305521698 26399
1668829494892 1.674742566762951 26449
1668829500238 1.1681712836212008 26499
1668829505593 1.310156838485966 26549
1668829511007 1.2458372627001209 26599
1668829516397 1.7731513934389371 26649
1668829521754 1.2321761006842942 26699
1668829527101 1.676784463308798 26749
1668829532429 1.7160080096844645 26799
1668829551429 0.9652288548307772 26849
1668829556791 1.6876875217007603 26899
1668829562201 1.7442688642078745 26949
1668829567618 1.8059185968508458 26999
1668829573039 0.8320148590638008 27049
1668829578426 1.2605302556512719 27099
1668829583828 1.6920022665657446 27149
1668829589263 1.7177503212549519 27199
1668829594720 1.6722831216609917 27249
1668829600054 1.6999450720634 27299
1668829605403 1.3980944407086668 27349
1668829610741 1.1795463490660085 27399
1668829616096 1.2207721927518578 27449
1668829621589 1.4121966635555463 27499
1668829626987 1.4782651113840577 27549
1668829632371 1.7390714723749743 27599
1668829637856 1.2879243125291955 27649
1668829657090 1.3327062367619005 27699
1668829662503 1.107259202955801 27749
1668829667839 1.6736962353162426 27799
1668829673177 1.677656914139773 27849
1668829678510 1.2747050529951176 27899
1668829683866 0.8566622982711259 27949
1668829689228 1.7275255391281674 27999
1668829694756 1.6772409769299899 28049
1668829700143 1.3050546558702323 28099
1668829705496 1.9399597067175443 28149
1668829710856 1.2796753865039359 28199
1668829716192 1.747540180834755 28249
1668829721548 1.7159186550869925 28299
1668829726958 1.1489661654141896 28349
1668829732359 1.5412481190302219 28399
1668829737803 1.5198888524235747 28449
1668829743208 1.6974509781526594 28499
1668829762288 1.5784358741740145 28549
1668829767615 1.4997922597205005 28599
1668829773027 1.450822910139952 28649
1668829778372 1.3977920514833646 28699
1668829783728 1.2080680942100912 28749
1668829789164 1.0784820399005082 28799
1668829794501 1.6778069130696438 28849
1668829799917 1.2186994996034632 28899
1668829805258 1.1851126479586238 28949
1668829810595 1.70061934611365 28999
1668829815941 1.8528905333765529 29049
1668829821319 1.6737094423517003 29099
1668829826658 1.7001374285631425 29149
1668829832045 1.7439809918286227 29199
1668829837503 1.672876036460789 29249
1668829842927 1.2402138995290373 29299
1668829848253 1.6789303044227828 29349
1668829853579 1.6940950783576691 29399
1668829872700 1.7670559024371786 29449
1668829878080 1.448237179597831 29499
1668829883440 1.2563213819597412 29549
1668829888842 1.7143695297885326 29599
1668829894229 1.3080388457163359 29649
1668829899581 1.6748416020147414 29699
1668829904909 1.6203042966000227 29749
1668829910253 1.6997008662396402 29799
1668829915605 1.7242871077888953 29849
1668829920943 1.8117162252593293 29899
1668829926313 1.4325593752759458 29949
1668829931664 1.7018190006312646 29999
1668829936985 1.7574008958043295 30049
1668829942333 1.6728512908381168 30099
1668829947705 1.672114470675152 30149
1668829953090 1.8318861817979832 30199
1668829958437 1.6773137494632402 30249
1668829977584 1.920103932439736 30299
1668829982975 1.7569971493903052 30349
1668829988353 1.312057326694418 30399
1668829993759 1.7025907188660048 30449
1668829999117 1.331454017360571 30499
1668830004475 1.7244112258274864 30549
1668830009832 1.6708392604356606 30599
1668830015225 1.713430297753303 30649
1668830020592 1.684956848726858 30699
1668830025983 1.2555373367532972 30749
1668830031326 1.6861569573486175 30799
1668830036660 1.7698928105807235 30849
1668830041986 0.9440112221447792 30899
1668830047338 1.7207560171589502 30949
1668830052741 1.3683294064401226 30999
1668830058098 1.4912506900442608 31049
1668830063421 1.699059394011178 31099
1668830082592 1.153428929363204 31149
1668830087898 1.6915899476283758 31199
1668830093208 1.0760159512193828 31249
1668830098578 1.3530017197140003 31299
1668830103987 1.375054487529773 31349
1668830109406 1.3954131454072303 31399
1668830114765 1.4331530809635202 31449
1668830120083 1.676674608844855 31499
1668830125393 1.7827622589105714 31549
1668830130715 1.7256656009893232 31599
1668830136097 1.6828455307565746 31649
1668830141492 1.685417980918216 31699
1668830146869 1.5399432788981082 31749
1668830152279 1.6746639960504563 31799
1668830157664 1.126303479465102 31849
1668830163066 1.6977392663774287 31899
1668830168434 1.2969336407921912 31949
1668830173843 1.6796663873717468 31999
1668830192528 1.7286452832829546 32049
1668830197838 0.9435309351909762 32099
1668830203178 1.672313316384424 32149
1668830208606 1.2792641486682652 32199
1668830213950 1.7179101217339143 32249
1668830219336 1.700300244151486 32299
1668830224754 1.7199861149260172 32349
1668830230178 1.2885701278602013 32399
1668830235671 1.7010906513547202 32449
1668830241028 1.8355419642551063 32499
1668830246406 1.344532777008038 32549
1668830251768 1.3150556613839608 32599
1668830257117 1.3324326767596735 32649
1668830262516 1.2903156673234175 32699
1668830267918 1.3060827061251663 32749
1668830273312 1.3172538036199992 32799
1668830278651 1.6845794748818528 32849
1668830297754 1.550180473918041 32899
1668830303082 1.2485548036108687 32949
1668830308496 1.9369975913170037 32999
1668830313838 1.7437686593786381 33049
1668830319242 1.7490673204168359 33099
1668830324662 1.6844386306477492 33149
1668830330083 1.5455101109948748 33199
1668830335527 1.6770570650026104 33249
1668830340967 1.7878593173729924 33299
1668830346369 1.3704586530848504 33349
1668830351789 1.6747757350007648 33399
1668830357147 0.8104281738060921 33449
1668830362484 1.9145177118292318 33499
1668830367825 1.6845007493111743 33549
1668830373146 1.7181070539405203 33599
1668830378520 1.7162426852597976 33649
1668830383897 1.7796880873887684 33699
1668830403070 1.6847794319238583 33749
1668830408454 1.3158761826771297 33799
1668830413935 1.7428077072971342 33849
1668830419366 1.6825732051439108 33899
1668830424789 1.1245896393354697 33949
1668830430216 1.240116539893967 33999
1668830435656 1.2928761785853482 34049
1668830441104 1.473697816800981 34099
1668830446538 1.6810382352006572 34149
1668830451981 1.5818198807560484 34199
1668830457403 1.2345594118630419 34249
1668830462799 1.7342884715277795 34299
1668830468153 1.237620004967381 34349
1668830473509 1.8514798068555904 34399
1668830478845 1.3314850088439518 34449
1668830484175 1.464134685839939 34499
1668830489501 1.2306092961477433 34549
1668830494859 1.3111548807962383 34599
1668830514259 1.7976561952955312 34649
1668830519583 1.1359413809411827 34699
1668830524926 1.253776352567644 34749
1668830530264 1.7579700610425408 34799
1668830535716 1.6721663979315382 34849
1668830541136 1.0990381401361806 34899
1668830546574 1.1472714481762536 34949
1668830551995 1.818646793381905 34999
1668830557418 1.77352980136904 35049
1668830562828 1.713848087456514 35099
1668830568238 1.6728628608014353 35149
1668830573592 1.2760307618858753 35199
1668830578917 1.7368133994479287 35249
1668830584257 1.6931171559674154 35299
1668830589597 1.6891189836963663 35349
1668830595023 1.7789655945525502 35399
1668830600345 1.1979527661762353 35449
1668830619447 1.7294280444122485 35499
1668830624859 1.6759629921245365 35549
1668830630186 1.6858014536785395 35599
1668830635569 1.7735883610136032 35649
1668830640911 1.3157256526340628 35699
1668830646263 1.3443025984764052 35749
1668830651601 1.7002455737465823 35799
1668830656942 1.8684693366243619 35849
1668830662286 1.6728911849220003 35899
1668830667628 1.0932053846904415 35949
1668830673063 1.7060938969600907 35999
1668830678441 1.3365612401929017 36049
1668830683782 1.8236184309236998 36099
1668830689119 1.6870693986511935 36149
1668830694520 1.754098788986826 36199
1668830699940 1.749350234859005 36249
1668830705292 1.7434655398855292 36299
1668830724554 1.6907494113949253 36349
1668830729943 1.8077839153993853 36399
1668830735306 1.746830093093181 36449
1668830740678 1.6815540116420702 36499
1668830746056 1.7289680778531078 36549
1668830751394 1.3979136227397948 36599
1668830756760 1.6722820727681036 36649
1668830762162 1.3487248053514076 36699
1668830767540 1.6840924071111425 36749
1668830772939 1.7034782293877886 36799
1668830778312 1.1254479893824763 36849
1668830783662 1.6755405934937593 36899
1668830789098 1.823009041665219 36949
1668830794497 1.4907108298661562 36999
1668830799880 1.6961498870776128 37049
1668830805286 1.6999113388458498 37099
1668830810637 1.696041679744981 37149
1668830829901 1.0318530934843746 37199
1668830835284 1.6958881453574093 37249
1668830840621 1.6947683866835455 37299
1668830846015 1.6969591969353948 37349
1668830851368 1.7591176964430917 37399
1668830856741 1.6745823191097569 37449
1668830862114 1.7094661078141904 37499
1668830867466 1.6995633884985692 37549
1668830872782 1.319834374923744 37599
1668830878095 1.8141245303393103 37649
1668830883485 1.2346975423032074 37699
1668830888850 1.6773276287449648 37749
1668830894228 1.7293984367893969 37799
1668830899551 1.400837997463125 37849
1668830904863 1.6740592141734814 37899
1668830910211 1.6725001630761696 37949
1668830915598 1.6728165595137656 37999
1668830921021 1.6991900958678274 38049
1668830940172 1.305759564477413 38099
1668830945533 1.751225871110686 38149
1668830950882 1.6838384173501475 38199
1668830956282 1.070579132941836 38249
1668830961655 1.2146686524095198 38299
1668830966987 1.6751915433051559 38349
1668830972321 1.6954070411729119 38399
1668830977655 1.6754018757637137 38449
1668830982998 1.7181891053742808 38499
1668830988338 0.8539045935437903 38549
1668830993684 1.716877797881643 38599
1668830999062 1.4383168819120145 38649
1668831004444 1.4340863960733512 38699
1668831009823 1.3969983355207383 38749
1668831015272 1.2190194876126172 38799
1668831020665 1.7510258960355274 38849
1668831026059 1.6871958073662294 38899
1668831045261 1.431574545520641 38949
1668831050689 1.7327521829414096 38999
1668831056099 1.284449431065447 39049
1668831061502 1.35035299782248 39099
1668831066902 1.6760301214843834 39149
1668831072303 1.2673133077991574 39199
1668831077698 1.693656302583846 39249
1668831083085 1.2186168696967865 39299
1668831088422 1.8113230520409391 39349
1668831093723 1.4145213505946872 39399
1668831099041 1.3099516272418232 39449
1668831104444 1.1713856945669234 39499
1668831109796 1.1976650572710692 39549
1668831115139 1.2417040412808724 39599
1668831120511 1.1516517617419122 39649
1668831125897 1.7505918848857571 39699
1668831131218 1.7488714774057166 39749
1668831150477 1.2155441019447621 39799
1668831155956 0.8869132001331679 39849
1668831161307 1.760147054234508 39899
1668831166639 1.6879097364065758 39949
1668831171980 1.8440296342502145 39999
1668831177410 1.794949904476804 40049
1668831182775 1.0872285096731664 40099
1668831188301 1.4275054492837893 40149
1668831193729 1.0001473297601984 40199
1668831199116 0.8882872969385397 40249
1668831204467 1.6819817837597868 40299
1668831209889 1.7881803248150214 40349
1668831215282 1.6968786747840587 40399
1668831220596 1.6724521221981785 40449
1668831225924 1.7107452645883876 40499
1668831231277 1.7215872270958013 40549
1668831236619 1.8153377894785712 40599
1668831242024 1.7246195331307448 40649
1668831261147 1.7615238348352606 40699
1668831266486 1.252591049959181 40749
1668831271876 1.2608907867717132 40799
1668831277401 1.8192028248117316 40849
1668831282828 1.872663895296984 40899
1668831288249 1.342268738594354 40949
1668831293631 1.6803021734664845 40999
1668831299027 1.1937539355882099 41049
1668831304470 1.391565485970512 41099
1668831309898 1.2128676378320202 41149
1668831315357 1.8172981031274693 41199
1668831320812 1.708128914380365 41249
1668831326155 1.3597922677146963 41299
1668831331475 1.1900087672599728 41349
1668831336812 1.1270046193457457 41399
1668831342147 1.6955597778500564 41449
1668831347515 1.4418316556743425 41499
1668831366777 1.6726621256856515 41549
1668831372106 1.6790218806340835 41599
1668831377431 1.7140088350030864 41649
1668831382780 1.677278302447179 41699
1668831388146 1.679790874702975 41749
1668831393480 1.7461855378128892 41799
1668831398842 1.7240993939487779 41849
1668831404229 1.6775563579033808 41899
1668831409649 1.673286314896768 41949
1668831414976 1.4711165375010866 41999
1668831420401 1.3535060427691787 42049
1668831425790 1.660741346657281 42099
1668831431223 1.680113221325318 42149
1668831436618 1.698538744602673 42199
1668831442030 1.112091921932736 42249
1668831447412 1.672297311706856 42299
1668831452756 1.7002366312049766 42349
1668831471848 1.3857898804359652 42399
1668831477159 1.1567148943564747 42449
1668831482551 1.193771432204857 42499
1668831487977 1.6778402375315644 42549
1668831493322 1.3721754471763226 42599
1668831498663 1.8282538065042826 42649
1668831504068 1.7195367456143256 42699
1668831509381 1.2682084855199658 42749
1668831514692 1.3889943456554237 42799
1668831520067 1.7578231460813623 42849
1668831525390 1.684480133584559 42899
1668831530734 1.6730224332636467 42949
1668831536150 1.2607746961181483 42999
1668831541498 1.6740070635433035 43049
1668831546833 1.241100432175093 43099
1668831552193 1.7236118813812755 43149
1668831557600 1.7506307034630761 43199
1668831562997 1.2269982048431016 43249
1668831582104 1.6766969583312554 43299
1668831587435 1.0642783235985516 43349
1668831592774 1.7128302265703887 43399
1668831598128 1.879403092090758 43449
1668831603546 1.6021849110027704 43499
1668831608983 1.7923474209580483 43549
1668831614414 1.7002485131936838 43599
1668831619830 1.5011958614189689 43649
1668831625201 1.692891853851219 43699
1668831630617 1.3819750765181409 43749
1668831636025 1.827445555563635 43799
1668831641423 1.2032577055572986 43849
1668831646805 1.3681558173220276 43899
1668831652166 1.7909234812292976 43949
1668831657591 1.2198622586926242 43999
1668831663041 1.6885636240631257 44049
1668831668490 0.8857066678352444 44099
1668831687736 1.2418389988441658 44149
1668831693135 1.5064681137028604 44199
1668831698501 1.806163316248366 44249
1668831703874 1.486354518734305 44299
1668831709239 1.7798308435867476 44349
1668831714644 1.176137924140153 44399
1668831720028 1.3399699166591514 44449
1668831725503 1.7053826960552558 44499
1668831730910 1.323128051850807 44549
1668831736322 1.1548101978444136 44599
1668831741730 1.6939142956061928 44649
1668831747234 1.831600452069044 44699
1668831752583 1.1275244994861116 44749
1668831757912 1.1677221970597687 44799
1668831763260 1.67238033822031 44849
1668831768655 1.7975456719619185 44899
1668831774045 1.6671373671461518 44949
1668831792980 1.2841294957337193 44999
1668831798319 1.246196277153032 45049
1668831803709 0.8346100372281074 45099
1668831809122 1.697209709522819 45149
1668831814527 1.0637220227738318 45199
1668831819899 1.7321982353458236 45249
1668831825237 1.256089628984703 45299
1668831830650 1.720176819148605 45349
1668831836013 1.2253496520437965 45399
1668831841365 1.700061803961208 45449
1668831846767 1.1308373702086632 45499
1668831852095 1.6855505572950835 45549
1668831857444 1.6929851335303572 45599
1668831862791 1.67234502451415 45649
1668831868113 1.7136290334550772 45699
1668831873434 1.7492697464288633 45749
1668831878801 1.7491301955614587 45799
1668831898094 1.2911309466077427 45849
1668831903414 1.7154908400822455 45899
1668831908719 1.678906124637627 45949
1668831914027 1.791008169613059 45999
1668831919401 1.454107799981512 46049
1668831924771 1.6981547759051423 46099
1668831930103 1.7842268352501014 46149
1668831935508 1.3701880306091856 46199
1668831940819 1.6736234991459527 46249
1668831946209 1.3284776050525746 46299
1668831951555 1.7391795937391428 46349
1668831956962 1.7623438596176584 46399
1668831962299 1.6737604703563969 46449
1668831967660 1.806679844659401 46499
1668831972979 1.6824940842864096 46549
1668831978315 1.7975895388755672 46599
1668831983704 1.0069780558121941 46649
1668831989108 1.8183637753556954 46699
1668832008104 1.2942705628509796 46749
1668832013473 1.7620951979058557 46799
1668832018834 1.7201538418130804 46849
1668832024174 1.6774703938117386 46899
1668832029572 1.1243486135066778 46949
1668832034947 1.799133003919328 46999
1668832040329 1.2626739654512265 47049
1668832045650 1.6883214334706493 47099
1668832051082 1.83094340287691 47149
1668832056481 1.6766687636511137 47199
1668832061835 1.7661890491809151 47249
1668832067323 1.5243265420931398 47299
1668832072702 1.6871863522892274 47349
1668832078046 1.6741583836258134 47399
1668832083426 1.7248963616067963 47449
1668832088798 1.6306803027014933 47499
1668832094145 1.6789589186808935 47549
1668832113187 1.3261370342656942 47599
1668832118606 1.365643858567694 47649
1668832123956 1.3304355575157794 47699
1668832129356 1.0333255390364258 47749
1668832134750 1.2712792274463935 47799
1668832140152 1.2234268998061113 47849
1668832145553 1.1644629821521606 47899
1668832150945 1.1872021745687613 47949
1668832156353 1.7676227177423005 47999
1668832161681 1.6761744428668561 48049
1668832167066 1.745518139572947 48099
1668832172480 1.2599952370889336 48149
1668832177898 1.2507910761776246 48199
1668832183265 1.3073921805828603 48249
1668832188604 1.7955048814326489 48299
1668832194043 1.691559943034883 48349
1668832199485 1.6787712912426191 48399
1668832218582 1.7782269836678133 48449
1668832223885 1.20764646649577 48499
1668832229265 1.115880040534478 48549
1668832234667 1.7232769293528476 48599
1668832239999 1.8491872161565777 48649
1668832245350 1.433383837346793 48699
1668832250727 1.6731248986332519 48749
1668832256064 1.7095010248389422 48799
1668832261428 1.6726868830038408 48849
1668832266788 1.6749324794700071 48899
1668832272186 1.3157457781266235 48949
1668832277558 1.8226986801327163 48999
1668832282993 1.3448783213372484 49049
1668832288449 1.1308780613834788 49099
1668832293831 1.6754112763498954 49149
1668832299224 1.6766903673871014 49199
1668832304658 1.2613210136591326 49249
1668832310051 1.7064974551154943 49299
1668832329496 1.6886862323889873 49349
1668832334822 1.2631562477647529 49399
1668832340198 1.7777274859205068 49449
1668832345523 1.6737616703935667 49499
1668832350850 1.7047878438301316 49549
1668832356205 1.3001682221759052 49599
1668832361558 1.6885711962515775 49649
1668832366889 1.7143231953947025 49699
1668832372222 1.4000959072475672 49749
1668832377556 1.23145586861729 49799
1668832382952 1.6859176130222986 49849
1668832388394 1.2790604220327597 49899
1668832393771 1.7034343172038884 49949
1668832399111 1.1928776192532993 49999
1668832404451 1.699635562149882 50049
1668832409845 1.1480577141919466 50099
1668832415191 1.2683318685132723 50149
1668832434300 1.7763096597234678 50199
1668832439701 1.17330463808987 50249
1668832445163 1.2811828033202968 50299
1668832450535 1.6886538683214574 50349
1668832455929 1.742954989945292 50399
1668832461313 1.7159837383912913 50449
1668832466734 1.7325683280203923 50499
1668832472118 1.695111905842427 50549
1668832477507 1.672408061272178 50599
1668832482935 1.6729601900358433 50649
1668832488333 1.6754615157550743 50699
1668832493762 1.6893271921839932 50749
1668832499174 1.6848939467003103 50799
1668832504564 1.6722949838063945 50849
1668832509960 1.7331809617224687 50899
1668832515343 1.7340082673699957 50949
1668832520758 1.7048967900100356 50999
1668832540207 1.689560481428044 51049
1668832545555 1.8619920836041923 51099
1668832550993 1.7369922900092913 51149
1668832556354 1.8092368154244498 51199
1668832561730 1.6748944776645232 51249
1668832567112 1.8859040817948631 51299
1668832572593 1.6829319609518623 51349
1668832578027 1.3723691337784985 51399
1668832583434 1.6746074118576222 51449
1668832588786 1.1210738305148968 51499
1668832594212 1.7181336674255614 51549
1668832599575 1.7720175894335632 51599
1668832604993 1.1869709694640975 51649
1668832610321 1.7815122426844416 51699
1668832615635 1.6779440509223338 51749
1668832620981 1.4809985834252364 51799
1668832626311 1.2336462813046372 51849
1668832631725 1.2050765041419806 51899
1668832650768 1.6751286755837165 51949
1668832656126 1.7082551966525676 51999
1668832661511 1.6725417824489524 52049
1668832666884 1.354895428698036 52099
1668832672237 1.7435148723422857 52149
1668832677622 1.1857191566787435 52199
1668832682999 1.2862862183533865 52249
1668832688438 1.7094799068355733 52299
1668832693849 1.1747241668959016 52349
1668832699233 1.7474723859625958 52399
1668832704769 1.6749763598757763 52449
1668832710156 1.693806507225997 52499
1668832715567 1.2813870171941737 52549
1668832720929 1.68671678168013 52599
1668832726305 1.675583592483595 52649
1668832731751 1.6997324570635104 52699
1668832737164 1.6828613714712441 52749
1668832756219 1.6856045124701953 52799
1668832761575 1.7072398491005465 52849
1668832766933 1.675294371404968 52899
1668832772275 1.3127356362799831 52949
1668832777595 1.6998206204541348 52999
1668832782938 1.7001422936440302 53049
1668832788306 1.7389161547295473 53099
1668832793668 1.68695814458196 53149
1668832799029 1.7607316888863358 53199
1668832804399 1.324261640686843 53249
1668832809748 1.6941344550637407 53299
1668832815267 1.6974191024599434 53349
1668832820631 1.4818393112533141 53399
1668832825958 1.8397191036035374 53449
1668832831317 1.3678583166964495 53499
1668832836730 1.4648141692621444 53549
1668832842099 1.3686213885851852 53599
1668832861498 1.7036312052959461 53649
1668832866924 1.381264718432765 53699
1668832872269 1.218488597640664 53749
1668832877628 1.6855390464741185 53799
1668832883003 1.69987582333711 53849
1668832888343 1.7937982390232377 53899
1668832893676 1.8341179229842903 53949
1668832899046 1.28384710797003 53999
1668832904390 1.7248069598443365 54049
1668832909740 1.6743969738888222 54099
1668832915132 1.2047731310834964 54149
1668832920624 1.257352914547778 54199
1668832925983 1.7739509116775765 54249
1668832931347 1.2257942445996186 54299
1668832936672 1.676568190828874 54349
1668832942009 1.1759364017503868 54399
1668832947339 1.6843512680885793 54449
1668832966726 1.7957671284100312 54499
1668832972056 1.2520140590593294 54549
1668832977381 1.6799595856611695 54599
1668832982729 1.2904390894888713 54649
1668832988137 1.3307933986224438 54699
1668832993505 1.285044839140292 54749
1668832998841 1.3669645508270118 54799
1668833004242 1.6779355879281945 54849
1668833009654 1.3030980610453577 54899
1668833015018 0.8888520004381458 54949
1668833020366 1.75095039926876 54999
1668833025793 1.3946179896720912 55049
1668833031255 1.6727529752017745 55099
1668833036600 1.8252298371041367 55149
1668833041918 1.6737978878932345 55199
1668833047250 1.3983158117503327 55249
1668833052569 1.4982862376287462 55299
1668833057895 1.1955276950350138 55349
1668833076949 1.783026496116298 55399
1668833082284 1.7753386842461916 55449
1668833087659 1.4834286578168778 55499
1668833093014 1.4625992182119032 55549
1668833098357 1.6824073902032388 55599
1668833103720 1.672463954198767 55649
1668833109122 1.126713042236565 55699
1668833114469 1.7447489246169476 55749
1668833119836 1.307877213555871 55799
1668833125192 1.7447815914342002 55849
1668833130550 1.6741404739214203 55899
1668833135878 1.714191735726173 55949
1668833141233 1.5158897821954587 55999
1668833146563 1.6746962367630134 56049
1668833151883 1.4699313305434412 56099
1668833157207 1.4945803794458978 56149
1668833162591 1.6749430970534736 56199
1668833181562 1.7449133109807404 56249
1668833186995 1.6726670574357367 56299
1668833192365 1.382170016340143 56349
1668833197677 1.6839573273196442 56399
1668833202995 1.1246882778903478 56449
1668833208381 1.6872726399235993 56499
1668833213766 1.5060119729882495 56549
1668833219203 1.6735540721173496 56599
1668833224593 1.775145567697376 56649
1668833229951 1.7512141086093633 56699
1668833235299 1.6798761815147802 56749
1668833240715 0.9455738221942801 56799
1668833246077 1.3272351676949614 56849
1668833251441 1.6858241517117407 56899
1668833256794 1.3598499876125416 56949
1668833262143 1.2855635479567042 56999
1668833267516 1.7007539377929868 57049
1668833286774 1.6780033012744968 57099
1668833292126 1.7431038111670896 57149
1668833297526 1.7239023907078082 57199
1668833302939 1.2018843665879486 57249
1668833308363 1.7281700836374132 57299
1668833313789 1.7082548131556765 57349
1668833319164 1.7463584734478275 57399
1668833324546 1.6863605609613406 57449
1668833329878 1.331933883476884 57499
1668833335213 1.3685151681904153 57549
1668833340545 1.7232135960624864 57599
1668833345917 1.6749264770335777 57649
1668833351380 1.422113696358878 57699
1668833356759 1.1520812352151 57749
1668833362119 1.7020040965553658 57799
1668833367483 1.6840341402374412 57849
1668833372869 1.7202982526974777 57899
1668833378214 1.7200561408357935 57949
1668833397459 1.727833721664155 57999
1668833402859 1.420328197049943 58049
1668833408211 1.6743270421407241 58099
1668833413547 1.8699616329456092 58149
1668833418860 1.205329447286338 58199
1668833424194 1.8070169826086129 58249
1668833429626 1.7072009147376483 58299
1668833435046 1.179275800028657 58349
1668833440496 1.406468937107075 58399
1668833445953 1.672572549968974 58449
1668833451502 1.6725741670198493 58499
1668833457000 1.575303552154252 58549
1668833462425 1.7519012257989568 58599
1668833467786 1.67559700178966 58649
1668833473117 1.3020381172259041 58699
1668833478485 1.6727341214136533 58749
1668833483893 1.6971011493216812 58799
1668833503054 0.946249137203814 58849
1668833508358 1.7729284892768222 58899
1668833513811 1.3687690804046357 58949
1668833519251 1.69073712396831 58999
1668833524687 1.6727744673096594 59049
1668833530109 1.8657333411417332 59099
1668833535531 1.1448537879469578 59149
1668833540958 1.342070851208116 59199
1668833546404 1.7057633993893468 59249
1668833551773 1.2068215947611445 59299
1668833557124 1.5094336493620037 59349
1668833562480 1.7618954462830303 59399
1668833567913 1.354586028288214 59449
1668833573288 1.260335794837169 59499
1668833578650 1.7359818809454768 59549
1668833584015 1.3388024397815428 59599
1668833589364 1.2095174152902624 59649
1668833608516 1.7024162078906402 59699
1668833613944 1.684467022588062 59749
1668833619385 1.8106283941205952 59799
1668833624807 1.7061428946339579 59849
1668833630257 1.3009136114239388 59899
1668833635688 1.6787677590555747 59949
1668833641129 1.2616864202565223 59999
1668833646474 1.2023668884565244 60049
1668833651802 1.3520400929259146 60099
1668833657207 1.6762070983746278 60149
1668833662645 1.6733242275735027 60199
1668833668003 1.6724510097670326 60249
1668833673360 1.701909262193149 60299
1668833678823 1.7133094329845004 60349
1668833684194 0.8401072608395332 60399
1668833689554 1.7816602655943088 60449
1668833694914 1.6902418087346405 60499
1668833700348 1.3408203417769078 60549
1668833719755 1.7001144732573983 60599
1668833725150 1.6725231762761235 60649
1668833730495 1.6725289536737098 60699
1668833735979 1.7749198940600657 60749
1668833741380 1.6728367819703671 60799
1668833746805 1.6861806958278356 60849
1668833752261 1.7077615727581592 60899
1668833757643 1.7040070516370913 60949
1668833763092 1.6725788958783814 60999
1668833768498 1.7000543545302902 61049
1668833773999 1.3147901050454596 61099
1668833779442 1.6724944292698152 61149
1668833784843 1.7311685345413628 61199
1668833790225 1.684219940272982 61249
1668833795595 1.7728079957519958 61299
1668833800993 1.42039796200537 61349
1668833806402 1.839785794256691 61399
1668833825731 1.3405934120869754 61449
1668833831212 1.6776934647592534 61499
1668833836642 1.6854559822737243 61549
1668833842042 1.6727888912501003 61599
1668833847416 1.6914535023738986 61649
1668833852805 1.3565566040173884 61699
1668833858196 1.216408671443492 61749
1668833863596 1.4098240178771246 61799
1668833869009 1.675627620424316 61849
1668833874406 1.6727105284312165 61899
1668833879795 1.8318768215854502 61949
1668833885229 1.3091039955175137 61999
1668833890661 1.6747193828479727 62049
1668833896051 1.6858407939408717 62099
1668833901438 1.3935959307346177 62149
1668833906815 1.7456488001208295 62199
1668833912186 1.673601785865196 62249
1668833931690 1.6766831310157322 62299
1668833937127 1.1920156627816247 62349
1668833942523 1.6764385276844869 62399
1668833947939 1.6807755470418635 62449
1668833953376 1.7390072075359537 62499
1668833958800 1.6726510823271143 62549
1668833964193 1.324467020838779 62599
1668833969604 1.7618895106995358 62649
1668833974936 1.7041628513904779 62699
1668833980312 1.7010943580704003 62749
1668833985824 1.1390947460656589 62799
1668833991204 1.8001451772568444 62849
1668833996545 1.673009709539612 62899
1668834001944 1.751894600985827 62949
1668834007296 1.8871656708121654 62999
1668834012649 1.84256171758048 63049
1668834018050 1.424638739635919 63099
1668834037124 1.701783159251185 63149
1668834042464 1.2726611751187198 63199
1668834047878 1.6737000681632974 63249
1668834053187 1.7286440435203567 63299
1668834058514 1.678668122604074 63349
1668834063844 1.7002352747619858 63399
1668834069158 1.6938783856882993 63449
1668834074515 0.9228015698934289 63499
1668834079923 1.8041577964092403 63549
1668834085356 1.6755420516491923 63599
1668834090809 1.6725633202468648 63649
1668834096145 1.6912167588108693 63699
1668834101475 1.672373268008914 63749
1668834106828 1.6916079310831895 63799
1668834112153 1.674639983072621 63849
1668834117467 1.805984546141977 63899
1668834122829 1.450743525737854 63949
1668834128191 1.1852303247446558 63999
1668834146867 0.942854964038794 64049
1668834152177 1.8606490116744245 64099
1668834157522 1.7785544277613923 64149
1668834162906 1.7387314110987142 64199
1668834168290 1.6721343964887048 64249
1668834173730 1.7813329095217494 64299
1668834179100 1.6878127757051313 64349
1668834184569 1.6875615727496354 64399
1668834189965 1.6838651416452968 64449
1668834195359 1.7474746019849179 64499
1668834200779 1.8353412393998854 64549
1668834206154 1.1959627662443995 64599
1668834211500 1.3385962851335784 64649
1668834216905 1.6726716401768127 64699
1668834222308 1.0009659475015895 64749
1668834227717 1.7451500258477592 64799
1668834233075 1.7098233181002394 64849
1668834252173 1.6732221781874594 64899
1668834257496 1.7541595329790545 64949
1668834262858 1.6877022405120425 64999
1668834268201 1.8167284003196067 65049
1668834273587 1.3393255505170827 65099
1668834278951 1.3099201066428594 65149
1668834284296 1.7520992548177712 65199
1668834289668 0.7910803321183709 65249
1668834294995 1.470795831736107 65299
1668834300434 1.813676554256511 65349
1668834305777 1.674292783477748 65399
1668834311142 1.2354803488861967 65449
1668834316569 1.2124519008791954 65499
1668834321940 1.1785838886520643 65549
1668834327299 1.276984255280924 65599
1668834332641 1.363705587087769 65649
1668834337999 1.744314943873678 65699
1668834357175 1.6927115100359633 65749
1668834362716 1.7338288610938033 65799
1668834368146 1.6982138326720717 65849
1668834373575 1.7206207908874276 65899
1668834378988 1.717184855661227 65949
1668834384316 1.843602440790359 65999
1668834389656 1.6748748272600327 66049
1668834394989 1.7463254461355446 66099
1668834400355 1.7234892227777814 66149
1668834405737 1.6751067111361038 66199
1668834411092 1.2011301460960793 66249
1668834416436 1.7896220585548415 66299
1668834421818 1.6448040960640387 66349
1668834427168 1.7189469619081892 66399
1668834432517 1.7551180731666822 66449
1668834437845 1.6861177807186905 66499
1668834443182 1.6765471737185664 66549
1668834448518 1.2365851667053394 66599
1668834467911 1.7201345986650034 66649
1668834473234 1.4390722149082324 66699
1668834478550 1.6870257343308284 66749
1668834483955 1.7293808271415936 66799
1668834489313 1.688209862093836 66849
1668834494667 1.5319325637808228 66899
1668834500035 1.7520124251425289 66949
1668834505445 0.8856254258810303 66999
1668834510855 1.6767476936152526 67049
1668834516221 1.7702165155469012 67099
1668834521629 1.7469758673867268 67149
1668834527020 1.4986944760949181 67199
1668834532381 1.6753675797945342 67249
1668834537764 1.7665303101427106 67299
1668834543125 1.4210769297397075 67349
1668834548482 1.6840277868714826 67399
1668834553830 1.7677014528115302 67449
1668834573074 1.6396935154247054 67499
1668834578420 1.7303272768779765 67549
1668834583790 1.7124048990342713 67599
1668834589170 1.6762441597308027 67649
1668834594559 0.9100559133021283 67699
1668834599937 1.180244110464965 67749
1668834605338 1.7546678488485759 67799
1668834610666 1.7011496833577548 67849
1668834616076 1.8902234262587045 67899
1668834621461 1.8157306882706379 67949
1668834626893 1.67267830102994 67999
1668834632280 1.801132787237378 68049
1668834637598 1.8084886777726683 68099
1668834642936 1.705994030950665 68149
1668834648292 1.419885048222454 68199
1668834653628 1.6833683687473204 68249
1668834658952 1.1696200835784596 68299
1668834678205 1.4862322091355353 68349
1668834683530 1.4940014787561438 68399
1668834688903 1.937944803363346 68449
1668834694243 1.6779078794056637 68499
1668834699598 1.7056476215168068 68549
1668834704943 1.7769273573331605 68599
1668834710319 1.6915543947567164 68649
1668834715722 1.6935945696492483 68699
1668834721123 1.6947575592190587 68749
1668834726499 1.7596860903236997 68799
1668834731873 1.477374093842109 68849
1668834737264 1.5578635825201603 68899
1668834742642 1.7022126430511428 68949
1668834747989 1.6875697856598495 68999
1668834753337 1.2748684734747193 69049
1668834758669 1.6724490906262488 69099
1668834764026 1.6744385467935436 69149
1668834769438 1.2963746515626982 69199
1668834788771 1.9041419736571854 69249
1668834794141 1.4162286740999852 69299
1668834799498 1.6843317469759231 69349
1668834804868 1.6782637885695841 69399
1668834810271 1.6764051613286148 69449
1668834815584 0.7884968370381011 69499
1668834820997 1.6806697467027956 69549
1668834826453 1.3046443047167324 69599
1668834831827 1.3836609818984633 69649
1668834837236 1.6757257350439312 69699
1668834842673 1.7216319999467438 69749
1668834848083 1.7507717452955012 69799
1668834853417 1.3484034325064063 69849
1668834858776 1.204945373389218 69899
1668834864098 1.6783087570209225 69949
1668834869424 1.536700840282764 69999
1668834874790 1.2084171967998056 70049
1668834894079 1.3369394434754545 70099
1668834899485 1.7773415091937426 70149
1668834904888 1.2774237767086651 70199
1668834910280 1.6999631298887667 70249
1668834915596 1.8430725546422533 70299
1668834920916 1.67464850419034 70349
1668834926261 1.6870332798871193 70399
1668834931638 1.2250132049742108 70449
1668834937013 1.6727797707924847 70499
1668834942398 1.6789558225686612 70549
1668834947766 1.674254664457329 70599
1668834953193 1.6761110112092727 70649
1668834958571 0.8871335753332417 70699
1668834963927 1.7098311772376193 70749
1668834969284 1.6281679998518257 70799
1668834974630 1.5885485134541062 70849
1668834980013 1.1332607105551915 70899
1668834998860 1.0823256671398196 70949
1668835004216 1.25298607945955 70999
1668835009592 1.3065203050001606 71049
1668835014969 1.304146945866912 71099
1668835020358 1.7662891439246353 71149
1668835025739 1.7793742982840022 71199
1668835031121 0.9613416354537219 71249
1668835036494 1.175446124966712 71299
1668835041845 1.6725395395326537 71349
1668835047232 1.6736579582753404 71399
1668835052635 1.691832690625068 71449
1668835058032 1.677032394503505 71499
1668835063372 1.6730673709987345 71549
1668835068763 1.6722710015500404 71599
1668835074088 1.6737174471585143 71649
1668835079413 1.6740597617566846 71699
1668835084744 1.8104514322629939 71749
1668835103841 1.189682776555733 71799
1668835109158 1.3615666810513025 71849
1668835114523 1.4684123526890343 71899
1668835119907 1.1951719925581843 71949
1668835125336 1.2717171845142181 71999
1668835130709 1.685091197513131 72049
1668835136049 1.6851212279409737 72099
1668835141467 1.6922337825001887 72149
1668835146845 1.778147873186973 72199
1668835152217 1.7016757438179733 72249
1668835157613 1.2318719831966254 72299
1668835162986 1.4972137375208374 72349
1668835168385 1.5881868061467834 72399
1668835173736 1.7536177481388542 72449
1668835179118 1.6875203666133545 72499
1668835184455 1.8317295661403519 72549
1668835189838 1.6724122072657301 72599
1668835195197 1.7499060098966859 72649
1668835214368 1.720234095117637 72699
1668835219726 1.673072753037724 72749
1668835225127 1.1305039047818726 72799
1668835230476 1.4294504076862014 72849
1668835235855 1.747599171848613 72899
1668835241189 1.7034436621963716 72949
1668835246577 1.2967087717455756 72999
1668835252058 1.437704520186715 73049
1668835258064 1.6816498450655093 73099
1668835264268 1.7285494418490277 73149
1668835269974 1.2450459902342608 73199
1668835276602 1.3535619361799467 73249
1668835282271 1.1508642623303915 73299
1668835288402 1.6845217748274575 73349
1668835294260 1.6728569041045374 73399
1668835299625 1.6727441799970852 73449
1668835305210 1.4447658076567071 73499
1668835324838 1.6971480353126085 73549
1668835330487 1.6905685456234094 73599
1668835335969 1.704570332137432 73649
1668835341350 1.7309672738982649 73699
1668835346796 1.8644760795307755 73749
1668835352247 1.7204591231897242 73799
1668835357635 1.6722978908601085 73849
1668835362967 1.6738366229390882 73899
1668835368305 1.1660773454770261 73949
1668835373722 1.3048463578853648 73999
1668835379067 1.156505144998015 74049
1668835384427 1.7883355065515874 74099
1668835389777 1.7145752983684344 74149
1668835395199 1.675535997357028 74199
1668835400547 1.6261378204173758 74249
1668835405880 1.8155207834261695 74299
1668835411194 1.7488154399124944 74349
1668835430611 1.6724998996512246 74399
1668835436024 1.7749995848467677 74449
1668835441460 1.6850473393103997 74499
1668835446902 1.284933147955705 74549
1668835452351 1.1332592670726034 74599
1668835457794 1.4663354046596941 74649
1668835463221 1.6743531528045532 74699
1668835468649 0.9353251731203795 74749
1668835474079 1.7577864195692812 74799
1668835479511 1.308793702717247 74849
1668835484870 1.757957007956016 74899
1668835490282 1.6724438276276923 74949
1668835495653 1.7773345467611177 74999
1668835500996 0.8496923695757346 75049
1668835506360 1.6741025669074694 75099
1668835511692 1.6763289822931262 75149
1668835517040 1.683897763805422 75199
1668835522423 1.1276631821612768 75249
1668835541558 0.9227828850720783 75299
1668835546954 1.420737041304037 75349
1668835552304 1.7514817675611014 75399
1668835557656 1.2258819703530004 75449
1668835563011 1.672812495374993 75499
1668835568360 1.312578707703879 75549
1668835573781 1.6785729861469636 75599
1668835579169 1.8875288418470317 75649
1668835584601 1.7075071767909953 75699
1668835590121 1.7007974445089813 75749
1668835595528 1.7004546320532972 75799
1668835600964 1.375587192070418 75849
1668835606324 1.4642661276774818 75899
1668835611764 1.6843435770214787 75949
1668835617129 1.77260368357073 75999
1668835622476 1.1705884171647525 76049
1668835627817 1.2270337757384309 76099
1668835646839 1.6739996539643507 76149
1668835652253 1.682714348488326 76199
1668835657567 1.153697094031336 76249
1668835662944 1.2363463867438031 76299
1668835668316 1.1987346733648336 76349
1668835673655 1.675325496328423 76399
1668835679008 1.6805816499543276 76449
1668835684364 1.6891075416725632 76499
1668835689711 1.8502519403962134 76549
1668835695076 1.1137736095784223 76599
1668835700467 1.4497026411358094 76649
1668835705814 1.7763720890673351 76699
1668835711177 1.6840210823135704 76749
1668835716577 1.717789161159596 76799
1668835721967 1.6730858446566637 76849
1668835727319 1.2323806678068254 76899
1668835732683 1.710754045821279 76949
1668835751812 1.6747120803145095 76999
1668835757132 1.754030461462082 77049
1668835762482 1.6723605273676392 77099
1668835767826 1.6724033886991894 77149
1668835773191 1.7735454311544192 77199
1668835778539 1.6802719920196985 77249
1668835783929 1.3400023487230082 77299
1668835789304 1.2695043315285965 77349
1668835794701 1.6731143013761063 77399
1668835800075 1.3048728661423872 77449
1668835805521 1.6777424809871493 77499
1668835810873 1.1436161437656454 77549
1668835816277 1.3906432313627664 77599
1668835821695 1.4647429898846216 77649
1668835827078 1.7821310615666572 77699
1668835832438 1.7777391021743756 77749
1668835837766 1.4853408493682332 77799
1668835843103 1.7490446087965439 77849
1668835862626 0.9964993217953182 77899
1668835868070 1.1612507463839932 77949
1668835873433 1.6723687798083906 77999
1668835878872 1.382502391015335 78049
1668835884228 1.6915244576936925 78099
1668835889595 1.8917716062800731 78149
1668835894995 1.709726327940623 78199
1668835900330 1.710261078143315 78249
1668835905707 1.2752170256282382 78299
1668835911126 1.7607349417668938 78349
1668835916452 1.7114193045181405 78399
1668835921847 1.6724077505115742 78449
1668835927236 1.6723699870693387 78499
1668835932612 1.3396033888520886 78549
1668835937998 1.3012015801061962 78599
1668835943319 1.67274394135127 78649
1668835948645 1.7262904060518918 78699
1668835967604 1.6905501920453743 78749
1668835973002 1.7465248909033366 78799
1668835978349 1.7742669991312612 78849
1668835983709 1.672920717041844 78899
1668835989065 1.6846851490681831 78949
1668835994414 1.8105584147021268 78999
1668835999797 1.8605904596425429 79049
1668836005156 1.8275627238700014 79099
1668836010512 1.3714349926955682 79149
1668836015858 1.7481123452511633 79199
1668836021260 1.3735521788756224 79249
1668836026618 1.6726788725091473 79299
1668836031995 1.7232357022802813 79349
1668836037369 1.3507349186025714 79399
1668836042729 1.7443518251668872 79449
1668836048060 1.7234500499651582 79499
1668836053368 1.67264027825324 79549
1668836072548 1.6725528294800602 79599
1668836077974 1.6724490565295023 79649
1668836083325 1.6802924350865127 79699
1668836088671 1.7161405663017504 79749
1668836094052 1.6725431172846492 79799
1668836099411 1.8483078779218702 79849
1668836104816 1.6746200304935872 79899
1668836110175 1.6786627389221742 79949
1668836115489 1.6728592521286365 79999
1668836120813 1.4633743321187533 80049
1668836126224 1.6828520536792069 80099
1668836131605 1.6757427351939063 80149
1668836136933 1.82009572044439 80199
1668836142281 1.6737873617829326 80249
1668836147633 1.3620386372194186 80299
1668836153009 1.4296924464357579 80349
1668836158351 0.974097099477081 80399
1668836177438 1.4676481282374323 80449
1668836182834 1.3370872700169123 80499
1668836188233 1.689645507666509 80549
1668836193571 1.799528119731809 80599
1668836198955 1.7025917421052923 80649
1668836204326 1.7234358126739586 80699
1668836209754 1.429082500477595 80749
1668836215068 1.3737555172227074 80799
1668836220451 1.7447310124986601 80849
1668836225850 1.362705711596284 80899
1668836231206 1.8008565899887143 80949
1668836236563 1.133008948410254 80999
1668836241905 1.1778565905151805 81049
1668836247334 1.7174212775973055 81099
1668836252674 1.7540935161811815 81149
1668836258092 1.8071997288679051 81199
1668836263423 1.1833646640945634 81249
1668836268745 1.1836579211583664 81299
1668836287663 1.6747571355173843 81349
1668836292990 1.8147813921684341 81399
1668836298336 1.689763529690041 81449
1668836303751 1.219153085982085 81499
1668836309184 1.67362921035238 81549
1668836314596 1.801720813094723 81599
1668836320024 1.6748777469608878 81649
1668836325459 1.1815197431481175 81699
1668836330967 1.6960004871742322 81749
1668836336323 1.358822534930261 81799
1668836341680 1.067457336113206 81849
1668836347045 1.6857634279668687 81899
1668836352493 1.1984743475834168 81949
1668836357845 1.766464184320296 81999
1668836363281 1.6726549426248778 82049
1668836368627 1.8282764137018126 82099
1668836373940 1.6725329268480733 82149
1668836393061 1.726896993555066 82199
1668836398403 1.302741674990028 82249
1668836403756 1.719851179412132 82299
1668836409117 1.6852663078896937 82349
1668836414570 1.731974612689931 82399
1668836420025 1.3510623868911065 82449
1668836425455 1.6858814903045714 82499
1668836430789 1.706419300692162 82549
1668836436123 1.6811301068527462 82599
1668836441588 1.672183398249488 82649
1668836446918 1.3201997639108098 82699
1668836452245 1.7276237923515938 82749
1668836457632 1.2642089923246536 82799
1668836463055 1.1962364648830985 82849
1668836468383 1.7201792909412719 82899
1668836473744 1.776384592969877 82949
1668836479061 1.7133472034013582 82999
1668836498233 1.1546390218573976 83049
1668836503554 1.6845447397968003 83099
1668836508852 1.6725910826872763 83149
1668836514166 1.3296484477532449 83199
1668836519509 1.6723364330499877 83249
1668836524907 1.688835019681632 83299
1668836530336 1.6747013213875084 83349
1668836535671 1.7445659135026585 83399
1668836541104 1.7004441000548085 83449
1668836546536 1.7596199278251694 83499
1668836551886 1.2029038468388376 83549
1668836557221 1.5545608565315057 83599
1668836562657 1.3276602402921605 83649
1668836567976 1.6722355521503884 83699
1668836573411 1.0102312233173036 83749
1668836578792 1.7497067728687186 83799
1668836584139 1.2934617256732888 83849
1668836589466 1.675791844040222 83899
1668836608768 1.6895371923138363 83949
1668836614094 1.7260873062752036 83999
1668836619504 1.6745496475423618 84049
1668836624921 1.6725775990067926 84099
1668836630332 1.7557690835192519 84149
1668836635744 1.271352707606179 84199
1668836641125 1.8091806001384945 84249
1668836646503 1.6750155487634881 84299
1668836651892 1.7355849618107255 84349
1668836657256 1.68711690411695 84399
1668836662688 1.288717275015529 84449
1668836668116 1.3948545182226986 84499
1668836673530 1.6731013638011127 84549
1668836678962 1.673681958684771 84599
1668836684353 1.810549236020992 84649
1668836689694 1.709301827988204 84699
1668836695015 1.6732891493931823 84749
1668836714287 1.1371553982294769 84799
1668836719598 1.6778121691292114 84849
1668836724901 1.4669625602759733 84899
1668836730213 1.6772047471586666 84949
1668836735649 1.7007376727379322 84999
1668836740967 1.6726827608462045 85049
1668836746300 1.7072578521679371 85099
1668836751639 1.7171792287974326 85149
1668836756992 1.672606106968509 85199
1668836762350 1.4507086624413335 85249
1668836767684 1.8437431515952065 85299
1668836773055 1.6888892824782147 85349
1668836778377 1.179290340097831 85399
1668836783700 1.6763346591825727 85449
1668836789085 1.7006595576757797 85499
1668836794425 1.6978888899233844 85549
1668836799727 1.848896494320794 85599
1668836818667 1.4071915412678533 85649
1668836824035 1.3240384945827792 85699
1668836829488 1.353985018169018 85749
1668836834847 1.1231641572418778 85799
1668836840240 1.7448199201958867 85849
1668836845581 1.6723698120179984 85899
1668836850944 1.7639684750542841 85949
1668836856284 1.7743485246913533 85999
1668836861625 1.7122838953516655 86049
1668836867087 1.682560263204747 86099
1668836872608 1.8018483011572681 86149
1668836878008 1.7143384834599673 86199
1668836883350 1.2613301382440283 86249
1668836888676 1.8057119585404653 86299
1668836894029 1.3339786532128572 86349
1668836899373 1.8035896324976566 86399
1668836904691 1.684056345983842 86449
1668836910021 1.6730845349724448 86499
1668836929497 1.673983432822599 86549
1668836934906 1.6948130757941047 86599
1668836940344 1.721767959911055 86649
1668836945733 1.6853343835452308 86699
1668836951131 1.6742746154875574 86749
1668836956561 1.1884244101028456 86799
1668836961932 1.275020377269145 86849
1668836967280 1.7413700987488925 86899
1668836972618 1.6842358995108062 86949
1668836978063 1.699569218558292 86999
1668836983502 1.3185144789055587 87049
1668836988841 1.6741172462087623 87099
1668836994187 1.6784430764382392 87149
1668836999530 1.6851289902644773 87199
1668837004958 1.7702567829161509 87249
1668837010322 1.283451228507017 87299
1668837015707 1.6855090134894768 87349
1668837034769 1.6724137677167696 87399
1668837040105 1.673115445983703 87449
1668837045436 1.809876244180454 87499
1668837050760 1.8150406181751362 87549
1668837056081 1.706319384524298 87599
1668837061410 1.7458528506823443 87649
1668837066751 1.7209392746283547 87699
1668837072124 1.685673002752754 87749
1668837077501 1.7001607933862866 87799
1668837082882 1.8170056336195932 87849
1668837088329 1.6751909220114278 87899
1668837093688 1.7000959955169856 87949
1668837099033 1.7868347909426365 87999
1668837104388 1.819920099109386 88049
1668837109785 1.691234739012055 88099
1668837115167 1.3576551652281514 88149
1668837120540 1.358256299034079 88199
1668837139739 1.3364699386728252 88249
1668837145065 1.4046078284688002 88299
1668837150433 1.677484231318271 88349
1668837155855 1.677576085375285 88399
1668837161181 1.6724897210407383 88449
1668837166611 1.7122892518764714 88499
1668837172042 1.672544941903203 88549
1668837177451 1.6730286135063244 88599
1668837182786 1.3263154875971663 88649
1668837188118 1.283981300457346 88699
1668837193496 1.6800964502611802 88749
1668837198930 1.7082242370521543 88799
1668837204367 1.4014408922342774 88849
1668837209782 1.6832633789754912 88899
1668837215214 1.0743404595549442 88949
1668837220579 1.20162320199642 88999
1668837225903 1.6813659803455159 89049
1668837245081 1.6729981831015117 89099
1668837250414 1.157497420887142 89149
1668837255725 1.6732694384590798 89199
1668837261117 1.060922371146709 89249
1668837266515 1.6727613000110533 89299
1668837271869 1.8467658547331727 89349
1668837277177 1.1603967803725685 89399
1668837282494 1.6911459761177965 89449
1668837287824 1.5135241289779287 89499
1668837293166 1.886278979032362 89549
1668837298509 1.1289021665404273 89599
1668837303982 1.7044817351502635 89649
1668837309359 1.2614361334954436 89699
1668837314770 1.2685397071931905 89749
1668837320124 1.7022871564316187 89799
1668837325470 1.6899026613547836 89849
1668837330811 1.7511425415170552 89899
1668837336144 1.6845209923635305 89949
1668837355137 1.3186595228294458 89999
1668837360480 1.7914333288401985 90049
1668837365979 1.6746066936552337 90099
1668837371401 1.015061494978872 90149
1668837376739 1.6377205504473902 90199
1668837382132 1.7572455225426593 90249
1668837387612 1.8578444314134273 90299
1668837392961 1.7133545930629763 90349
1668837398403 1.6764535479194322 90399
1668837403773 1.4338561268141963 90449
1668837409158 1.1697022549578655 90499
1668837414490 1.6723589187343753 90549
1668837419827 1.3636311536605423 90599
1668837425160 1.6723907742680448 90649
1668837430513 1.7563393897105382 90699
1668837435866 1.7846419983344362 90749
1668837441220 1.6762238128249618 90799
1668837460415 1.169775487921929 90849
1668837465742 1.6868988311804924 90899
1668837471092 1.6759543222603321 90949
1668837476520 1.3647843655070528 90999
1668837481966 0.888627092264089 91049
1668837487341 1.6896541852955638 91099
1668837492715 1.2555594485002826 91149
1668837498145 1.8374198417309553 91199
1668837503520 1.677459866229168 91249
1668837508970 1.68554500802184 91299
1668837514309 1.8472129125158436 91349
1668837519646 1.729362329528752 91399
1668837524979 1.7280851710800145 91449
1668837530414 1.6997190576378836 91499
1668837535845 1.0091055636303063 91549
1668837541191 1.6778377631399808 91599
1668837546507 1.684035338371721 91649
1668837565599 1.7735199772347436 91699
1668837570921 1.7776261243062785 91749
1668837576375 1.6939178527674297 91799
1668837581738 1.7756513503896942 91849
1668837587139 1.6750538963181572 91899
1668837592497 1.6858172107975742 91949
1668837597836 1.7915883446771788 91999
1668837603269 1.4592187418051958 92049
1668837608705 1.7004378042512651 92099
1668837614071 1.787814901461216 92149
1668837619418 1.530383808529684 92199
1668837624815 1.6758552873030776 92249
1668837630274 1.2200291535640584 92299
1668837635681 1.6724141347757417 92349
1668837641146 1.673842109317938 92399
1668837646562 1.4129050365592295 92449
1668837651917 1.8611463494061926 92499
1668837657280 1.7005970913297153 92549
1668837676301 1.2456279501175413 92599
1668837681632 1.6729281857781861 92649
1668837686977 1.6744432073005049 92699
1668837692420 1.274460097411875 92749
1668837697763 1.6844836322543468 92799
1668837703103 1.773474683797493 92849
1668837708437 1.67592651813397 92899
1668837713844 1.2164700653507496 92949
1668837719274 1.8154602818166032 92999
1668837724677 1.3382664225661296 93049
1668837730013 1.4272930646297448 93099
1668837735353 1.7208457470330587 93149
1668837740769 1.6735109887255017 93199
1668837746175 1.449522916907843 93249
1668837751615 1.0012587011879182 93299
1668837757026 0.9414245916328261 93349
1668837762421 1.6787189218767862 93399
1668837781638 1.7055285796904753 93449
1668837787086 1.446021750569781 93499
1668837792514 1.7731342095282878 93549
1668837797934 1.6735833937441464 93599
1668837803274 1.7403618173825424 93649
1668837808610 1.4866284053638608 93699
1668837813937 0.8719135564943696 93749
1668837819303 1.3817015409015903 93799
1668837824727 1.149931748952506 93849
1668837830170 1.6909380391473208 93899
1668837835598 1.6790161895994098 93949
1668837841034 1.172323829226042 93999
1668837846361 1.684390700183089 94049
1668837851700 1.1683182081849395 94099
1668837857062 1.2982660026652153 94149
1668837862451 1.7869395496404779 94199
1668837867772 1.3996776533972155 94249
1668837886948 1.6726937175713938 94299
1668837892412 1.3327210267595304 94349
1668837897863 1.6791832206047703 94399
1668837903315 1.7937142511362818 94449
1668837908663 1.353388675401277 94499
1668837913993 1.0086294375998508 94549
1668837919316 1.3263551627408254 94599
1668837924657 1.3184912508158406 94649
1668837930111 1.3972868517267891 94699
1668837935555 1.3317648161354378 94749
1668837941013 1.674859541912 94799
1668837946364 1.7647890818468375 94849
1668837951709 1.4389658574953539 94899
1668837957144 1.6852690043277938 94949
1668837962557 1.7003910310801118 94999
1668837967981 1.7032477365589809 95049
1668837973312 1.6772353014173553 95099
1668837978652 1.3568903511829609 95149
1668837997739 1.6732474357511058 95199
1668838003149 1.6775806320787219 95249
1668838008598 1.3981655908020911 95299
1668838014076 1.675243051146249 95349
1668838019427 1.2001604135305524 95399
1668838024775 1.7856808305826444 95449
1668838030168 1.807326271870771 95499
1668838035609 1.6739012008989316 95549
1668838041064 1.168239453885526 95599
1668838046499 1.700009480516707 95649
1668838052004 1.6760597862159754 95699
1668838057479 1.3899306437482033 95749
1668838062916 1.6847368704649663 95799
1668838068271 0.8855760240693341 95849
1668838073707 1.432488210575062 95899
1668838079061 1.2080946685797629 95949
1668838084420 1.6793207498721678 95999
1668838103603 1.276490288278926 96049
1668838109039 1.3802170151280966 96099
1668838114454 1.236854659375827 96149
1668838119772 1.6999097458488637 96199
1668838125121 1.5011186499288067 96249
1668838130446 1.6779165648283665 96299
1668838135836 1.3222489590852862 96349
1668838141324 1.7038739770703293 96399
1668838146762 1.5568654243613045 96449
1668838152076 1.2657737058918155 96499
1668838157522 1.687938590100484 96549
1668838162997 1.0679716741571392 96599
1668838168437 1.700043263555692 96649
1668838173902 1.68444931372421 96699
1668838179317 1.6746390483170335 96749
1668838184693 1.1823324148022398 96799
1668838190033 1.4119555284836558 96849
1668838209221 1.6854430444989217 96899
1668838214542 1.66978816490918 96949
1668838219862 1.414084066922543 96999
1668838225191 1.678528635563885 97049
1668838230549 1.6731719834636902 97099
1668838235976 1.6762569171055213 97149
1668838241405 1.383976577957013 97199
1668838246867 1.2754862676820427 97249
1668838252286 1.67303376990073 97299
1668838257707 1.3032432713692874 97349
1668838263122 1.7001736872909015 97399
1668838268455 1.6728871344181577 97449
1668838273837 1.7973803109533129 97499
1668838279184 1.3357957140044623 97549
1668838284600 1.365442968730381 97599
1668838289958 1.674275742097283 97649
1668838295295 1.6761758408582466 97699
1668838314497 1.7586009164523748 97749
1668838319921 1.186257030544396 97799
1668838325281 1.4293985690048012 97849
1668838330643 1.67260146158941 97899
1668838336118 1.3284981566242924 97949
1668838341538 1.876742083892205 97999
1668838346911 1.3738239269696393 98049
1668838352223 1.2376261687276524 98099
1668838357666 1.4379991153729543 98149
1668838363086 1.8177184525140295 98199
1668838368422 1.4715193198796186 98249
1668838373767 1.3286863161635298 98299
1668838379248 1.3447949809737572 98349
1668838384644 1.711888357345921 98399
1668838391125 1.6741460345164683 98449
1668838396523 1.6934043808839903 98499
1668838401876 1.0393077273323006 98549
1668838407197 1.8640432803206934 98599
1668838426697 1.3384763381901295 98649
1668838432049 1.6728763013592083 98699
1668838437401 1.2326783292473291 98749
1668838442728 1.7181881654277396 98799
1668838448169 1.6766830079822623 98849
1668838453587 1.1311682608678773 98899
1668838458978 1.626652463248491 98949
1668838464423 1.7509739937789717 98999
1668838469861 1.419937903962755 99049
1668838475309 0.8986731794366132 99099
1668838480756 1.6928231913054903 99149
1668838486200 1.6725782501476287 99199
1668838491643 1.1249778581272625 99249
1668838497084 1.7320674049303082 99299
1668838502523 1.6732124479695814 99349
1668838507874 1.6986878836883252 99399
1668838513216 1.3368874318092425 99449
1668838532564 1.3193453168509284 99499
1668838537897 1.346698099623788 99549
1668838543274 1.6796353908103385 99599
1668838548667 1.6793295072665284 99649
1668838554043 1.339156908751808 99699
1668838559386 1.3809540229367168 99749
1668838564778 1.7456013493782103 99799
1668838570203 1.3420478959874773 99849
1668838575548 1.6790609871408928 99899
1668838580875 1.7032006719125097 99949
1668838586239 1.6741059924235762 99999
1668838591653 1.84357512032898 100049
1668838597073 1.712025152374835 100099
1668838602420 1.307989138201476 100149
1668838607767 1.239566352218597 100199
1668838613147 1.3208931715903356 100249
1668838618493 1.6826502862807655 100299
1668838637621 1.6725805684898305 100349
1668838642923 1.6724454269505036 100399
1668838648266 1.1783557924927335 100449
1668838653618 1.764756976131546 100499
1668838659002 1.3899972492034998 100549
1668838664442 0.9264016757794955 100599
1668838669865 1.7370280333374892 100649
1668838675189 1.1444944122590448 100699
1668838680594 1.7906022327760236 100749
1668838685942 1.8287312789884786 100799
1668838691314 1.686794148857466 100849
1668838696710 1.6864703158729628 100899
1668838702062 1.7119043641290967 100949
1668838707422 1.1460865634019861 100999
1668838712789 1.7834982534711257 101049
1668838718202 1.781168771101021 101099
1668838723588 1.7146915804534555 101149
1668838728964 1.6727890898744036 101199
1668838747998 1.6795646632182393 101249
1668838753310 1.4942205086746567 101299
1668838758631 1.3024034155876847 101349
1668838763950 1.6729693343096819 101399
1668838769300 1.7248394734001677 101449
1668838774732 1.6823354662587513 101499
1668838780169 1.3834638621947262 101549
1668838785509 1.289855137216107 101599
1668838790870 1.1970402773107554 101649
1668838796225 1.7200307396693137 101699
1668838801640 1.723694293300718 101749
1668838807074 1.7261902668004274 101799
1668838812447 1.58490199731994 101849
1668838817873 1.690542097833701 101899
1668838823217 1.1643230370315092 101949
1668838828626 1.7315240293675465 101999
1668838833964 1.6925449925613996 102049
1668838852915 1.441629506905475 102099
1668838858259 1.6759110482883561 102149
1668838863670 1.7606852755479157 102199
1668838869087 1.3113826410542724 102249
1668838874412 1.4602281423399814 102299
1668838879752 1.295997830254578 102349
1668838885133 1.40135084994523 102399
1668838890565 1.7448786298770929 102449
1668838895997 1.7081005946700263 102499
1668838901363 1.6725033611534614 102549
1668838906686 1.6880317428067855 102599
1668838912009 1.6725743216642766 102649
1668838917346 1.3171086172544877 102699
1668838922705 1.6762465442093326 102749
1668838928093 1.691310690790972 102799
1668838933443 1.4210646129786773 102849
1668838938781 1.7163801341650076 102899
1668838958063 1.3278946475094568 102949
1668838963460 1.2627249957654987 102999
1668838968777 1.806664730510152 103049
1668838974124 1.7903718676012055 103099
1668838979542 1.6800425556816483 103149
1668838984901 1.761687814496528 103199
1668838990296 1.7895291362238623 103249
1668838995706 1.3025472734242975 103299
1668839001126 1.2797994766125418 103349
1668839006574 1.6934693933995564 103399
1668839011923 1.22162373505868 103449
1668839017314 1.7571985106074757 103499
1668839022677 1.2724738351076585 103549
1668839028062 1.842593036445233 103599
1668839033516 1.3355896481530154 103649
1668839038900 1.7003615817936446 103699
1668839044281 1.6727588380291587 103749
1668839049632 1.7771693407667746 103799
1668839068342 1.7142101876881546 103849
1668839073658 1.453621721193301 103899
1668839079080 0.9001772898938786 103949
1668839084491 1.721234321884213 103999
1668839089878 1.6723675391276875 104049
1668839095230 1.6855446090054957 104099
1668839100637 1.6748914725790849 104149
1668839106029 1.1927959142617635 104199
1668839111383 1.4404394131671612 104249
1668839116730 1.6724495961694275 104299
1668839122051 1.2493620770159573 104349
1668839127375 1.6855027131591087 104399
1668839132695 1.7001008119692627 104449
1668839138039 1.8236034238710968 104499
1668839143540 1.182529949073944 104549
1668839148888 1.6729948079849097 104599
1668839154210 1.6778935411691993 104649
