1668826243556 0.0 49
1668826248871 0.0 99
1668826254458 0.0 149
1668826259923 0.5 199
1668826265239 0.0 249
1668826270538 1.0 299
1668826275884 0.0 349
1668826281244 1.0 399
1668826286575 0.0 449
1668826291892 0.0 499
1668826297257 0.0 549
1668826302586 1.0 599
1668826307953 0.0 649
1668826313409 0.0 699
1668826318806 0.5 749
1668826324173 0.0 799
1668826329561 0.0 849
1668826348230 0.0 899
1668826353652 0.0 949
1668826359072 1.0 999
1668826364510 0.0 1049
1668826369937 0.0 1099
1668826375268 0.0 1149
1668826380723 0.0 1199
1668826386136 0.0 1249
1668826391554 0.0 1299
1668826396883 0.5 1349
1668826402502 0.0 1399
1668826408016 0.0 1449
1668826413629 0.0 1499
1668826418997 0.0 1549
1668826424395 0.0 1599
1668826429793 0.0 1649
1668826435126 0.0 1699
1668826454157 0.0 1749
1668826459491 0.0 1799
1668826464883 0.0 1849
1668826470351 0.0 1899
1668826475697 0.0 1949
1668826481124 0.5 1999
1668826486566 0.0 2049
1668826492031 1.0 2099
1668826497423 0.5 2149
1668826502749 0.0 2199
1668826508076 0.0 2249
1668826513417 0.5 2299
1668826518762 0.0 2349
1668826524172 1.0 2399
1668826529509 0.0 2449
1668826534834 0.0 2499
1668826540155 1.0 2549
1668826559083 0.0 2599
1668826564405 0.0 2649
1668826569723 0.0 2699
1668826575125 1.0 2749
1668826580546 0.5 2799
1668826585965 0.0 2849
1668826591383 0.0 2899
1668826596818 0.5 2949
1668826602225 0.5 2999
1668826607629 0.5 3049
1668826613018 0.0 3099
1668826618420 0.0 3149
1668826623835 0.0 3199
1668826629279 0.0 3249
1668826634694 0.0 3299
1668826640033 0.0 3349
1668826645455 0.5 3399
1668826650837 0.0 3449
1668826669965 0.5 3499
1668826675381 0.5 3549
1668826680815 0.0 3599
1668826686265 0.5 3649
1668826691707 0.0 3699
1668826697026 0.0 3749
1668826702409 0.5 3799
1668826707812 0.5 3849
1668826713188 0.0 3899
1668826718513 0.0 3949
1668826723839 0.0 3999
1668826729163 0.0 4049
1668826734508 0.0 4099
1668826739947 1.0 4149
1668826745368 0.0 4199
1668826750775 1.0 4249
1668826756136 1.0 4299
1668826775074 0.0 4349
1668826780397 1.0 4399
1668826785757 0.0 4449
1668826791063 0.0 4499
1668826796376 0.0 4549
1668826801699 0.5 4599
1668826807059 0.0 4649
1668826812524 0.0 4699
1668826817891 0.0 4749
1668826823211 0.0 4799
1668826828536 1.0 4849
1668826833865 0.0 4899
1668826839288 0.5 4949
1668826844623 0.0 4999
1668826849981 0.0 5049
1668826855323 0.0 5099
1668826860754 0.0 5149
1668826879797 1.0 5199
1668826885170 1.0 5249
1668826890584 0.0 5299
1668826895995 0.0 5349
1668826901398 0.0 5399
1668826906801 0.0 5449
1668826912203 0.5 5499
1668826917561 0.0 5549
1668826922980 0.5 5599
1668826928345 0.0 5649
1668826933713 0.0 5699
1668826939112 0.0 5749
1668826944488 0.0 5799
1668826949919 0.0 5849
1668826955371 0.5 5899
1668826960795 0.0 5949
1668826966178 0.0 5999
1668826971581 0.0 6049
1668826990558 0.0 6099
1668826995970 0.0 6149
1668827001355 1.0 6199
1668827006722 0.0 6249
1668827012120 0.0 6299
1668827017495 0.0 6349
1668827022895 0.0 6399
1668827028299 0.0 6449
1668827033681 1.0 6499
1668827039027 0.0 6549
1668827044417 1.0 6599
1668827049820 1.0 6649
1668827055183 0.0 6699
1668827060615 1.0 6749
1668827066023 0.0 6799
1668827071389 1.0 6849
1668827076793 1.0 6899
1668827095651 1.0 6949
1668827101051 0.0 6999
1668827106465 0.0 7049
1668827111890 0.0 7099
1668827117309 0.0 7149
1668827122721 0.5 7199
1668827128072 0.0 7249
1668827133468 0.0 7299
1668827138842 0.0 7349
1668827144177 0.0 7399
1668827149544 0.0 7449
1668827154890 0.0 7499
1668827160307 0.0 7549
1668827165698 0.0 7599
1668827171122 1.0 7649
1668827176518 0.5 7699
1668827181883 0.0 7749
1668827200828 1.0 7799
1668827206213 0.0 7849
1668827211570 0.5 7899
1668827216887 0.0 7949
1668827222211 0.5 7999
1668827227590 0.0 8049
1668827232914 0.0 8099
1668827238226 0.0 8149
1668827243556 0.0 8199
1668827248891 0.0 8249
1668827254201 0.0 8299
1668827259594 0.0 8349
1668827264958 0.0 8399
1668827270406 0.5 8449
1668827275823 0.0 8499
1668827281241 0.0 8549
1668827286628 0.0 8599
1668827292080 0.0 8649
1668827311081 0.0 8699
1668827316490 0.0 8749
1668827321900 0.0 8799
1668827327319 0.0 8849
1668827332700 0.0 8899
1668827338058 0.0 8949
1668827343394 0.0 8999
1668827348788 0.5 9049
1668827354147 0.5 9099
1668827359475 0.0 9149
1668827364800 0.0 9199
1668827370235 0.0 9249
1668827375582 1.0 9299
1668827380926 0.0 9349
1668827386258 0.0 9399
1668827391604 1.0 9449
1668827397009 1.0 9499
1668827415942 1.0 9549
1668827421359 1.0 9599
1668827426712 0.0 9649
1668827432092 0.0 9699
1668827437422 0.0 9749
1668827442806 0.5 9799
1668827448251 0.0 9849
1668827453577 0.5 9899
1668827458930 0.0 9949
1668827464257 1.0 9999
1668827469572 0.0 10049
1668827474914 0.0 10099
1668827480329 0.0 10149
1668827485854 1.0 10199
1668827491322 0.0 10249
1668827496761 0.5 10299
1668827502195 0.0 10349
1668827521221 0.0 10399
1668827526552 0.0 10449
1668827531856 0.0 10499
1668827537286 1.0 10549
1668827542697 1.0 10599
1668827548078 0.0 10649
1668827553471 0.0 10699
1668827558850 1.0 10749
1668827564212 0.0 10799
1668827569638 0.0 10849
1668827574970 0.5 10899
1668827580334 0.5 10949
1668827585797 0.0 10999
1668827591205 0.5 11049
1668827596674 0.0 11099
1668827602009 0.0 11149
1668827607360 0.0 11199
1668827626342 0.0 11249
1668827631706 0.0 11299
1668827637028 0.0 11349
1668827642393 0.5 11399
1668827647752 0.0 11449
1668827653117 1.0 11499
1668827658437 1.0 11549
1668827663841 0.0 11599
1668827669207 0.0 11649
1668827674569 0.0 11699
1668827679924 0.5 11749
1668827685271 0.0 11799
1668827690631 0.5 11849
1668827696135 0.0 11899
1668827701535 0.0 11949
1668827706940 1.0 11999
1668827712363 1.0 12049
1668827717755 0.0 12099
1668827736892 0.0 12149
1668827742266 0.5 12199
1668827747603 0.5 12249
1668827752953 0.0 12299
1668827758394 0.0 12349
1668827763712 0.0 12399
1668827769156 0.5 12449
1668827774570 0.5 12499
1668827779981 0.0 12549
1668827785324 0.0 12599
1668827790650 0.5 12649
1668827795999 0.5 12699
1668827801377 0.0 12749
1668827806730 0.0 12799
1668827812077 1.0 12849
1668827817501 0.0 12899
1668827822860 0.0 12949
1668827841991 0.0 12999
1668827847452 0.0 13049
1668827852840 0.0 13099
1668827858167 0.0 13149
1668827863563 1.0 13199
1668827868954 0.0 13249
1668827874384 0.0 13299
1668827879717 0.0 13349
1668827885055 0.0 13399
1668827890422 0.0 13449
1668827895755 1.0 13499
1668827901118 1.0 13549
1668827906505 1.0 13599
1668827911902 1.0 13649
1668827917242 0.0 13699
1668827922635 1.0 13749
1668827928015 0.5 13799
1668827947159 0.0 13849
1668827952492 0.0 13899
1668827957852 0.0 13949
1668827963179 1.0 13999
1668827968523 0.0 14049
1668827974024 0.0 14099
1668827979433 0.0 14149
1668827984756 0.5 14199
1668827990087 0.0 14249
1668827995456 0.5 14299
1668828000779 0.0 14349
1668828006118 1.0 14399
1668828011578 0.0 14449
1668828016949 0.0 14499
1668828022349 0.0 14549
1668828027745 0.0 14599
1668828033101 0.0 14649
1668828038547 0.5 14699
1668828057558 0.5 14749
1668828062889 0.0 14799
1668828068316 0.0 14849
1668828073657 0.0 14899
1668828079076 0.0 14949
1668828084479 0.0 14999
1668828089838 0.0 15049
1668828095265 0.0 15099
1668828100679 0.5 15149
1668828106105 0.0 15199
1668828111506 0.0 15249
1668828116868 1.0 15299
1668828122309 0.5 15349
1668828127744 0.0 15399
1668828133168 1.0 15449
1668828138636 1.0 15499
1668828144075 0.0 15549
1668828163036 0.0 15599
1668828168374 0.0 15649
1668828173779 0.0 15699
1668828179222 1.0 15749
1668828184669 0.0 15799
1668828190104 0.0 15849
1668828195569 0.0 15899
1668828200936 0.0 15949
1668828206304 0.0 15999
1668828211670 0.0 16049
1668828217013 0.0 16099
1668828222360 0.0 16149
1668828227752 0.0 16199
1668828233140 0.5 16249
1668828238495 0.0 16299
1668828243823 0.0 16349
1668828249142 0.0 16399
1668828268263 1.0 16449
1668828273602 0.0 16499
1668828278974 0.0 16549
1668828284309 0.0 16599
1668828289647 0.0 16649
1668828295014 0.5 16699
1668828300386 1.0 16749
1668828305735 0.0 16799
1668828311175 1.0 16849
1668828316552 1.0 16899
1668828321903 0.0 16949
1668828327248 0.0 16999
1668828332610 1.0 17049
1668828338096 0.0 17099
1668828343441 0.0 17149
1668828348909 0.0 17199
1668828354320 1.0 17249
1668828359666 0.0 17299
1668828378717 1.0 17349
1668828384105 1.0 17399
1668828389503 0.0 17449
1668828394857 0.0 17499
1668828400287 1.0 17549
1668828405653 0.0 17599
1668828411050 0.0 17649
1668828416427 0.0 17699
1668828421790 0.0 17749
1668828427278 0.0 17799
1668828432636 0.0 17849
1668828438034 0.0 17899
1668828443428 1.0 17949
1668828448767 0.0 17999
1668828454117 0.0 18049
1668828459521 0.5 18099
1668828464872 0.0 18149
1668828483910 0.0 18199
1668828489313 0.0 18249
1668828494658 0.0 18299
1668828500029 0.0 18349
1668828505477 1.0 18399
1668828510893 0.0 18449
1668828516241 0.0 18499
1668828521627 1.0 18549
1668828526980 0.0 18599
1668828532342 0.0 18649
1668828537683 1.0 18699
1668828543040 0.0 18749
1668828548459 0.0 18799
1668828553842 0.5 18849
1668828559188 1.0 18899
1668828564513 0.0 18949
1668828569839 1.0 18999
1668828588875 0.0 19049
1668828594226 0.0 19099
1668828599637 0.0 19149
1668828605055 1.0 19199
1668828610383 1.0 19249
1668828615737 0.0 19299
1668828621090 0.5 19349
1668828626478 0.0 19399
1668828631822 0.0 19449
1668828637241 0.0 19499
1668828642591 0.0 19549
1668828647922 0.0 19599
1668828653269 1.0 19649
1668828658654 0.0 19699
1668828664052 0.0 19749
1668828669487 0.0 19799
1668828674910 0.0 19849
1668828693924 0.5 19899
1668828699299 0.0 19949
1668828704698 0.0 19999
1668828710085 0.0 20049
1668828715449 0.0 20099
1668828720816 0.0 20149
1668828726233 0.0 20199
1668828731647 0.0 20249
1668828737014 0.0 20299
1668828742368 0.0 20349
1668828747752 0.0 20399
1668828753108 1.0 20449
1668828758501 0.0 20499
1668828763910 0.0 20549
1668828769364 0.0 20599
1668828774770 0.0 20649
1668828780175 0.5 20699
1668828785599 1.0 20749
1668828804447 0.0 20799
1668828809866 0.0 20849
1668828815210 1.0 20899
1668828820576 1.0 20949
1668828825962 0.0 20999
1668828831305 0.0 21049
1668828836685 0.0 21099
1668828842099 0.5 21149
1668828847468 0.5 21199
1668828852828 0.0 21249
1668828858175 0.0 21299
1668828863525 1.0 21349
1668828868976 0.0 21399
1668828874394 0.5 21449
1668828879773 1.0 21499
1668828885267 0.0 21549
1668828890722 0.0 21599
1668828909868 0.0 21649
1668828915259 0.0 21699
1668828920646 0.0 21749
1668828926057 0.0 21799
1668828931429 1.0 21849
1668828936803 0.0 21899
1668828942152 1.0 21949
1668828947493 0.0 21999
1668828952962 0.0 22049
1668828958319 0.0 22099
1668828963672 0.5 22149
1668828968998 0.0 22199
1668828974407 0.0 22249
1668828979808 0.0 22299
1668828985137 0.0 22349
1668828990583 0.5 22399
1668828995994 1.0 22449
1668829015059 0.0 22499
1668829020408 0.0 22549
1668829025798 1.0 22599
1668829031162 0.0 22649
1668829036523 0.0 22699
1668829041912 0.0 22749
1668829047328 0.0 22799
1668829052690 0.0 22849
1668829058050 0.0 22899
1668829063437 0.0 22949
1668829068801 1.0 22999
1668829074156 0.0 23049
1668829079513 0.0 23099
1668829084890 0.0 23149
1668829090215 0.0 23199
1668829095589 0.0 23249
1668829100987 0.0 23299
1668829106397 1.0 23349
1668829125322 0.0 23399
1668829130665 0.0 23449
1668829136032 0.0 23499
1668829141394 0.0 23549
1668829146749 1.0 23599
1668829152109 0.0 23649
1668829157478 0.0 23699
1668829162830 0.0 23749
1668829168199 0.0 23799
1668829173632 0.0 23849
1668829179025 0.0 23899
1668829184417 0.0 23949
1668829189846 0.0 23999
1668829195254 0.0 24049
1668829200701 0.0 24099
1668829206122 0.0 24149
1668829211490 1.0 24199
1668829230432 0.0 24249
1668829235877 0.0 24299
1668829241308 0.0 24349
1668829246720 0.0 24399
1668829252067 0.0 24449
1668829257506 0.0 24499
1668829262931 0.0 24549
1668829268351 0.0 24599
1668829273750 0.0 24649
1668829279184 0.0 24699
1668829284555 0.0 24749
1668829289896 0.0 24799
1668829295263 1.0 24849
1668829300618 0.0 24899
1668829305965 0.0 24949
1668829311354 1.0 24999
1668829316739 0.0 25049
1668829335798 0.0 25099
1668829341125 0.0 25149
1668829346501 0.5 25199
1668829351931 0.0 25249
1668829357349 0.0 25299
1668829362767 1.0 25349
1668829368272 1.0 25399
1668829373611 0.0 25449
1668829378938 0.0 25499
1668829384266 0.0 25549
1668829389609 0.0 25599
1668829394926 0.0 25649
1668829400266 0.0 25699
1668829405702 0.0 25749
1668829411050 1.0 25799
1668829416406 0.5 25849
1668829421823 0.0 25899
1668829427186 0.0 25949
1668829446321 0.0 25999
1668829451741 0.0 26049
1668829457136 0.0 26099
1668829462478 1.0 26149
1668829467835 0.5 26199
1668829473162 0.0 26249
1668829478608 0.0 26299
1668829484049 0.0 26349
1668829489477 0.5 26399
1668829494892 0.0 26449
1668829500238 0.0 26499
1668829505593 0.0 26549
1668829511007 0.0 26599
1668829516397 1.0 26649
1668829521754 0.0 26699
1668829527101 0.0 26749
1668829532429 1.0 26799
1668829551429 0.0 26849
1668829556791 0.0 26899
1668829562201 0.0 26949
1668829567618 1.0 26999
1668829573039 0.0 27049
1668829578426 0.0 27099
1668829583828 0.5 27149
1668829589263 0.0 27199
1668829594720 0.0 27249
1668829600054 0.0 27299
1668829605403 0.0 27349
1668829610741 0.0 27399
1668829616096 1.0 27449
1668829621589 0.0 27499
1668829626987 0.0 27549
1668829632371 0.0 27599
1668829637856 1.0 27649
1668829657090 0.5 27699
1668829662503 0.5 27749
1668829667839 0.0 27799
1668829673177 0.0 27849
1668829678510 0.0 27899
1668829683866 0.0 27949
1668829689228 1.0 27999
1668829694756 0.0 28049
1668829700143 0.0 28099
1668829705496 1.0 28149
1668829710856 0.0 28199
1668829716192 1.0 28249
1668829721548 0.5 28299
1668829726958 0.0 28349
1668829732359 0.0 28399
1668829737803 0.0 28449
1668829743208 0.0 28499
1668829762288 0.0 28549
1668829767615 0.0 28599
1668829773027 0.5 28649
1668829778372 0.0 28699
1668829783728 0.5 28749
1668829789164 0.5 28799
1668829794501 0.0 28849
1668829799917 0.0 28899
1668829805258 0.0 28949
1668829810595 0.0 28999
1668829815941 1.0 29049
1668829821319 0.0 29099
1668829826658 0.5 29149
1668829832045 0.0 29199
1668829837503 0.0 29249
1668829842927 0.5 29299
1668829848253 0.0 29349
1668829853579 0.0 29399
1668829872700 1.0 29449
1668829878080 0.0 29499
1668829883440 0.0 29549
1668829888842 0.0 29599
1668829894229 0.0 29649
1668829899581 0.0 29699
1668829904909 0.0 29749
1668829910253 0.0 29799
1668829915605 1.0 29849
1668829920943 1.0 29899
1668829926313 0.0 29949
1668829931664 0.0 29999
1668829936985 0.0 30049
1668829942333 0.0 30099
1668829947705 0.0 30149
1668829953090 0.0 30199
1668829958437 0.0 30249
1668829977584 1.0 30299
1668829982975 0.0 30349
1668829988353 0.5 30399
1668829993759 1.0 30449
1668829999117 0.5 30499
1668830004475 0.0 30549
1668830009832 1.0 30599
1668830015225 0.0 30649
1668830020592 0.0 30699
1668830025983 0.0 30749
1668830031326 0.0 30799
1668830036660 0.0 30849
1668830041986 0.0 30899
1668830047338 0.0 30949
1668830052741 0.0 30999
1668830058098 0.0 31049
1668830063421 0.0 31099
1668830082592 0.0 31149
1668830087898 0.0 31199
1668830093208 0.0 31249
1668830098578 0.0 31299
1668830103987 0.0 31349
1668830109406 0.0 31399
1668830114765 0.5 31449
1668830120083 0.0 31499
1668830125393 1.0 31549
1668830130715 1.0 31599
1668830136097 0.0 31649
1668830141492 1.0 31699
1668830146869 0.0 31749
1668830152279 0.0 31799
1668830157664 0.0 31849
1668830163066 0.0 31899
1668830168434 0.0 31949
1668830173843 0.0 31999
1668830192528 1.0 32049
1668830197838 0.0 32099
1668830203178 0.0 32149
1668830208606 0.0 32199
1668830213950 0.0 32249
1668830219336 0.0 32299
1668830224754 0.5 32349
1668830230178 0.5 32399
1668830235671 0.0 32449
1668830241028 0.0 32499
1668830246406 0.0 32549
1668830251768 0.0 32599
1668830257117 0.5 32649
1668830262516 0.0 32699
1668830267918 0.0 32749
1668830273312 0.0 32799
1668830278651 1.0 32849
1668830297754 0.0 32899
1668830303082 0.5 32949
1668830308496 1.0 32999
1668830313838 0.5 33049
1668830319242 1.0 33099
1668830324662 0.0 33149
1668830330083 0.0 33199
1668830335527 0.0 33249
1668830340967 1.0 33299
1668830346369 0.0 33349
1668830351789 0.0 33399
1668830357147 0.0 33449
1668830362484 0.0 33499
1668830367825 0.0 33549
1668830373146 0.5 33599
1668830378520 0.0 33649
1668830383897 0.0 33699
1668830403070 0.0 33749
1668830408454 0.0 33799
1668830413935 0.0 33849
1668830419366 0.0 33899
1668830424789 0.0 33949
1668830430216 0.0 33999
1668830435656 0.0 34049
1668830441104 0.0 34099
1668830446538 0.0 34149
1668830451981 0.0 34199
1668830457403 0.0 34249
1668830462799 0.0 34299
1668830468153 0.0 34349
1668830473509 0.0 34399
1668830478845 0.0 34449
1668830484175 0.0 34499
1668830489501 0.5 34549
1668830494859 0.0 34599
1668830514259 1.0 34649
1668830519583 0.5 34699
1668830524926 0.0 34749
1668830530264 1.0 34799
1668830535716 0.0 34849
1668830541136 0.0 34899
1668830546574 0.0 34949
1668830551995 1.0 34999
1668830557418 0.0 35049
1668830562828 0.0 35099
1668830568238 0.0 35149
1668830573592 0.0 35199
1668830578917 0.0 35249
1668830584257 0.0 35299
1668830589597 0.0 35349
1668830595023 0.0 35399
1668830600345 0.0 35449
1668830619447 1.0 35499
1668830624859 0.0 35549
1668830630186 0.0 35599
1668830635569 1.0 35649
1668830640911 0.0 35699
1668830646263 0.0 35749
1668830651601 0.0 35799
1668830656942 1.0 35849
1668830662286 0.0 35899
1668830667628 0.0 35949
1668830673063 0.0 35999
1668830678441 1.0 36049
1668830683782 0.0 36099
1668830689119 0.0 36149
1668830694520 0.5 36199
1668830699940 0.0 36249
1668830705292 0.0 36299
1668830724554 1.0 36349
1668830729943 1.0 36399
1668830735306 0.0 36449
1668830740678 0.0 36499
1668830746056 0.5 36549
1668830751394 0.0 36599
1668830756760 0.0 36649
1668830762162 0.0 36699
1668830767540 1.0 36749
1668830772939 0.0 36799
1668830778312 0.0 36849
1668830783662 0.0 36899
1668830789098 1.0 36949
1668830794497 0.0 36999
1668830799880 0.0 37049
1668830805286 0.5 37099
1668830810637 0.5 37149
1668830829901 0.0 37199
1668830835284 0.5 37249
1668830840621 0.0 37299
1668830846015 1.0 37349
1668830851368 0.0 37399
1668830856741 0.0 37449
1668830862114 0.0 37499
1668830867466 1.0 37549
1668830872782 0.0 37599
1668830878095 0.0 37649
1668830883485 0.0 37699
1668830888850 0.0 37749
1668830894228 1.0 37799
1668830899551 0.0 37849
1668830904863 0.0 37899
1668830910211 0.0 37949
1668830915598 0.0 37999
1668830921021 0.0 38049
1668830940172 0.0 38099
1668830945533 0.0 38149
1668830950882 0.0 38199
1668830956282 0.0 38249
1668830961655 0.0 38299
1668830966987 0.0 38349
1668830972321 0.0 38399
1668830977655 0.0 38449
1668830982998 1.0 38499
1668830988338 0.0 38549
1668830993684 0.0 38599
1668830999062 0.0 38649
1668831004444 0.0 38699
1668831009823 1.0 38749
1668831015272 0.0 38799
1668831020665 0.0 38849
1668831026059 0.0 38899
1668831045261 0.0 38949
1668831050689 0.0 38999
1668831056099 0.0 39049
1668831061502 0.0 39099
1668831066902 0.0 39149
1668831072303 0.0 39199
1668831077698 0.0 39249
1668831083085 0.0 39299
1668831088422 0.0 39349
1668831093723 0.0 39399
1668831099041 0.0 39449
1668831104444 0.0 39499
1668831109796 0.0 39549
1668831115139 0.0 39599
1668831120511 0.0 39649
1668831125897 0.5 39699
1668831131218 0.5 39749
1668831150477 0.0 39799
1668831155956 0.0 39849
1668831161307 1.0 39899
1668831166639 0.5 39949
1668831171980 0.0 39999
1668831177410 0.0 40049
1668831182775 0.0 40099
1668831188301 0.0 40149
1668831193729 0.0 40199
1668831199116 0.0 40249
1668831204467 0.0 40299
1668831209889 1.0 40349
1668831215282 0.0 40399
1668831220596 0.0 40449
1668831225924 0.0 40499
1668831231277 1.0 40549
1668831236619 1.0 40599
1668831242024 0.0 40649
1668831261147 0.0 40699
1668831266486 0.0 40749
1668831271876 0.0 40799
1668831277401 1.0 40849
1668831282828 0.0 40899
1668831288249 0.5 40949
1668831293631 0.0 40999
1668831299027 0.5 41049
1668831304470 0.0 41099
1668831309898 0.0 41149
1668831315357 1.0 41199
1668831320812 0.0 41249
1668831326155 0.0 41299
1668831331475 0.5 41349
1668831336812 0.0 41399
1668831342147 0.0 41449
1668831347515 1.0 41499
1668831366777 0.0 41549
1668831372106 0.0 41599
1668831377431 1.0 41649
1668831382780 0.0 41699
1668831388146 0.0 41749
1668831393480 0.0 41799
1668831398842 1.0 41849
1668831404229 0.0 41899
1668831409649 0.0 41949
1668831414976 0.0 41999
1668831420401 0.5 42049
1668831425790 0.0 42099
1668831431223 0.0 42149
1668831436618 1.0 42199
1668831442030 0.0 42249
1668831447412 0.0 42299
1668831452756 1.0 42349
1668831471848 0.0 42399
1668831477159 1.0 42449
1668831482551 0.0 42499
1668831487977 0.0 42549
1668831493322 0.0 42599
1668831498663 0.0 42649
1668831504068 0.0 42699
1668831509381 0.0 42749
1668831514692 0.0 42799
1668831520067 0.0 42849
1668831525390 1.0 42899
1668831530734 0.0 42949
1668831536150 0.5 42999
1668831541498 0.0 43049
1668831546833 0.0 43099
1668831552193 0.0 43149
1668831557600 0.0 43199
1668831562997 0.0 43249
1668831582104 0.0 43299
1668831587435 0.0 43349
1668831592774 1.0 43399
1668831598128 0.0 43449
1668831603546 1.0 43499
1668831608983 1.0 43549
1668831614414 1.0 43599
1668831619830 0.5 43649
1668831625201 0.0 43699
1668831630617 0.0 43749
1668831636025 1.0 43799
1668831641423 0.0 43849
1668831646805 0.0 43899
1668831652166 1.0 43949
1668831657591 0.0 43999
1668831663041 0.0 44049
1668831668490 0.0 44099
1668831687736 0.5 44149
1668831693135 0.0 44199
1668831698501 1.0 44249
1668831703874 0.0 44299
1668831709239 1.0 44349
1668831714644 0.0 44399
1668831720028 0.0 44449
1668831725503 0.0 44499
1668831730910 1.0 44549
1668831736322 0.0 44599
1668831741730 0.0 44649
1668831747234 0.0 44699
1668831752583 0.0 44749
1668831757912 0.0 44799
1668831763260 0.0 44849
1668831768655 0.0 44899
1668831774045 0.5 44949
1668831792980 0.0 44999
1668831798319 0.0 45049
1668831803709 0.0 45099
1668831809122 0.0 45149
1668831814527 0.0 45199
1668831819899 1.0 45249
1668831825237 0.5 45299
1668831830650 1.0 45349
1668831836013 0.0 45399
1668831841365 1.0 45449
1668831846767 0.0 45499
1668831852095 1.0 45549
1668831857444 0.0 45599
1668831862791 0.0 45649
1668831868113 0.0 45699
1668831873434 1.0 45749
1668831878801 0.0 45799
1668831898094 0.5 45849
1668831903414 1.0 45899
1668831908719 0.0 45949
1668831914027 1.0 45999
1668831919401 0.5 46049
1668831924771 0.0 46099
1668831930103 1.0 46149
1668831935508 0.0 46199
1668831940819 0.0 46249
1668831946209 0.0 46299
1668831951555 1.0 46349
1668831956962 0.5 46399
1668831962299 0.0 46449
1668831967660 1.0 46499
1668831972979 0.0 46549
1668831978315 1.0 46599
1668831983704 0.0 46649
1668831989108 1.0 46699
1668832008104 0.0 46749
1668832013473 1.0 46799
1668832018834 0.0 46849
1668832024174 0.0 46899
1668832029572 0.0 46949
1668832034947 1.0 46999
1668832040329 0.5 47049
1668832045650 0.0 47099
1668832051082 1.0 47149
1668832056481 0.0 47199
1668832061835 1.0 47249
1668832067323 1.0 47299
1668832072702 0.0 47349
1668832078046 0.0 47399
1668832083426 1.0 47449
1668832088798 0.0 47499
1668832094145 0.0 47549
1668832113187 1.0 47599
1668832118606 0.0 47649
1668832123956 0.0 47699
1668832129356 0.5 47749
1668832134750 0.5 47799
1668832140152 0.5 47849
1668832145553 0.0 47899
1668832150945 0.0 47949
1668832156353 0.0 47999
1668832161681 0.0 48049
1668832167066 1.0 48099
1668832172480 0.0 48149
1668832177898 0.0 48199
1668832183265 0.0 48249
1668832188604 0.0 48299
1668832194043 0.0 48349
1668832199485 0.0 48399
1668832218582 1.0 48449
1668832223885 0.0 48499
1668832229265 0.0 48549
1668832234667 1.0 48599
1668832239999 0.0 48649
1668832245350 0.5 48699
1668832250727 0.0 48749
1668832256064 1.0 48799
1668832261428 0.0 48849
1668832266788 0.0 48899
1668832272186 0.0 48949
1668832277558 0.0 48999
1668832282993 0.0 49049
1668832288449 0.5 49099
1668832293831 0.0 49149
1668832299224 0.0 49199
1668832304658 0.0 49249
1668832310051 1.0 49299
1668832329496 0.0 49349
1668832334822 0.0 49399
1668832340198 0.0 49449
1668832345523 0.0 49499
1668832350850 0.0 49549
1668832356205 0.0 49599
1668832361558 0.0 49649
1668832366889 1.0 49699
1668832372222 0.5 49749
1668832377556 0.0 49799
1668832382952 0.0 49849
1668832388394 0.5 49899
1668832393771 0.5 49949
1668832399111 0.5 49999
1668832404451 1.0 50049
1668832409845 0.0 50099
1668832415191 0.0 50149
1668832434300 1.0 50199
1668832439701 0.0 50249
1668832445163 0.0 50299
1668832450535 0.0 50349
1668832455929 1.0 50399
1668832461313 0.0 50449
1668832466734 0.0 50499
1668832472118 0.0 50549
1668832477507 0.0 50599
1668832482935 0.0 50649
1668832488333 0.0 50699
1668832493762 0.0 50749
1668832499174 0.0 50799
1668832504564 0.0 50849
1668832509960 1.0 50899
1668832515343 1.0 50949
1668832520758 0.0 50999
1668832540207 0.0 51049
1668832545555 0.0 51099
1668832550993 1.0 51149
1668832556354 1.0 51199
1668832561730 0.0 51249
1668832567112 0.0 51299
1668832572593 0.0 51349
1668832578027 0.0 51399
1668832583434 0.0 51449
1668832588786 0.0 51499
1668832594212 0.0 51549
1668832599575 0.0 51599
1668832604993 0.5 51649
1668832610321 0.0 51699
1668832615635 0.0 51749
1668832620981 0.0 51799
1668832626311 0.0 51849
1668832631725 0.5 51899
1668832650768 0.0 51949
1668832656126 0.5 51999
1668832661511 0.0 52049
1668832666884 0.0 52099
1668832672237 0.0 52149
1668832677622 0.0 52199
1668832682999 0.0 52249
1668832688438 0.0 52299
1668832693849 0.0 52349
1668832699233 0.5 52399
1668832704769 0.0 52449
1668832710156 0.0 52499
1668832715567 0.0 52549
1668832720929 0.0 52599
1668832726305 0.0 52649
1668832731751 1.0 52699
1668832737164 0.0 52749
1668832756219 0.0 52799
1668832761575 1.0 52849
1668832766933 0.0 52899
1668832772275 1.0 52949
1668832777595 1.0 52999
1668832782938 0.0 53049
1668832788306 1.0 53099
1668832793668 0.0 53149
1668832799029 1.0 53199
1668832804399 0.0 53249
1668832809748 0.0 53299
1668832815267 0.0 53349
1668832820631 0.0 53399
1668832825958 1.0 53449
1668832831317 0.5 53499
1668832836730 0.0 53549
1668832842099 0.5 53599
1668832861498 1.0 53649
1668832866924 0.0 53699
1668832872269 0.5 53749
1668832877628 1.0 53799
1668832883003 1.0 53849
1668832888343 1.0 53899
1668832893676 1.0 53949
1668832899046 0.0 53999
1668832904390 1.0 54049
1668832909740 0.0 54099
1668832915132 0.0 54149
1668832920624 0.0 54199
1668832925983 1.0 54249
1668832931347 0.0 54299
1668832936672 0.0 54349
1668832942009 0.5 54399
1668832947339 1.0 54449
1668832966726 1.0 54499
1668832972056 0.5 54549
1668832977381 0.0 54599
1668832982729 0.5 54649
1668832988137 0.0 54699
1668832993505 0.5 54749
1668832998841 0.0 54799
1668833004242 0.0 54849
1668833009654 0.5 54899
1668833015018 0.0 54949
1668833020366 0.5 54999
1668833025793 0.0 55049
1668833031255 0.0 55099
1668833036600 1.0 55149
1668833041918 0.0 55199
1668833047250 0.0 55249
1668833052569 0.0 55299
1668833057895 0.0 55349
1668833076949 1.0 55399
1668833082284 1.0 55449
1668833087659 0.0 55499
1668833093014 0.0 55549
1668833098357 0.0 55599
1668833103720 0.0 55649
1668833109122 0.0 55699
1668833114469 0.0 55749
1668833119836 1.0 55799
1668833125192 0.0 55849
1668833130550 0.0 55899
1668833135878 0.0 55949
1668833141233 0.0 55999
1668833146563 0.0 56049
1668833151883 0.0 56099
1668833157207 0.0 56149
1668833162591 0.0 56199
1668833181562 1.0 56249
1668833186995 0.0 56299
1668833192365 0.0 56349
1668833197677 1.0 56399
1668833202995 0.0 56449
1668833208381 0.0 56499
1668833213766 0.0 56549
1668833219203 0.0 56599
1668833224593 1.0 56649
1668833229951 0.0 56699
1668833235299 0.0 56749
1668833240715 0.0 56799
1668833246077 0.0 56849
1668833251441 0.0 56899
1668833256794 0.0 56949
1668833262143 0.0 56999
1668833267516 0.5 57049
1668833286774 0.0 57099
1668833292126 1.0 57149
1668833297526 1.0 57199
1668833302939 0.0 57249
1668833308363 1.0 57299
1668833313789 0.0 57349
1668833319164 1.0 57399
1668833324546 0.0 57449
1668833329878 0.0 57499
1668833335213 0.0 57549
1668833340545 0.5 57599
1668833345917 0.0 57649
1668833351380 0.0 57699
1668833356759 0.0 57749
1668833362119 1.0 57799
1668833367483 0.0 57849
1668833372869 0.5 57899
1668833378214 0.0 57949
1668833397459 0.0 57999
1668833402859 0.0 58049
1668833408211 0.0 58099
1668833413547 1.0 58149
1668833418860 0.0 58199
1668833424194 1.0 58249
1668833429626 0.5 58299
1668833435046 0.0 58349
1668833440496 0.0 58399
1668833445953 0.0 58449
1668833451502 0.0 58499
1668833457000 0.0 58549
1668833462425 1.0 58599
1668833467786 0.0 58649
1668833473117 0.5 58699
1668833478485 0.0 58749
1668833483893 0.0 58799
1668833503054 0.0 58849
1668833508358 1.0 58899
1668833513811 0.0 58949
1668833519251 0.0 58999
1668833524687 0.0 59049
1668833530109 1.0 59099
1668833535531 0.0 59149
1668833540958 0.0 59199
1668833546404 0.5 59249
1668833551773 0.0 59299
1668833557124 0.0 59349
1668833562480 1.0 59399
1668833567913 0.0 59449
1668833573288 0.0 59499
1668833578650 0.0 59549
1668833584015 0.0 59599
1668833589364 0.0 59649
1668833608516 1.0 59699
1668833613944 1.0 59749
1668833619385 1.0 59799
1668833624807 0.0 59849
1668833630257 0.0 59899
1668833635688 0.0 59949
1668833641129 0.0 59999
1668833646474 0.0 60049
1668833651802 0.0 60099
1668833657207 0.0 60149
1668833662645 0.0 60199
1668833668003 0.0 60249
1668833673360 0.5 60299
1668833678823 1.0 60349
1668833684194 0.0 60399
1668833689554 0.0 60449
1668833694914 0.0 60499
1668833700348 0.0 60549
1668833719755 0.5 60599
1668833725150 0.0 60649
1668833730495 0.0 60699
1668833735979 0.0 60749
1668833741380 0.0 60799
1668833746805 1.0 60849
1668833752261 0.0 60899
1668833757643 1.0 60949
1668833763092 0.0 60999
1668833768498 0.5 61049
1668833773999 0.5 61099
1668833779442 0.0 61149
1668833784843 1.0 61199
1668833790225 1.0 61249
1668833795595 0.0 61299
1668833800993 0.0 61349
1668833806402 0.0 61399
1668833825731 0.0 61449
1668833831212 0.0 61499
1668833836642 0.0 61549
1668833842042 0.0 61599
1668833847416 0.0 61649
1668833852805 0.0 61699
1668833858196 0.5 61749
1668833863596 0.0 61799
1668833869009 0.0 61849
1668833874406 0.0 61899
1668833879795 1.0 61949
1668833885229 0.0 61999
1668833890661 0.0 62049
1668833896051 0.0 62099
1668833901438 0.5 62149
1668833906815 0.0 62199
1668833912186 0.0 62249
1668833931690 0.0 62299
1668833937127 0.5 62349
1668833942523 0.0 62399
1668833947939 0.0 62449
1668833953376 0.0 62499
1668833958800 0.0 62549
1668833964193 1.0 62599
1668833969604 0.0 62649
1668833974936 0.5 62699
1668833980312 0.0 62749
1668833985824 0.5 62799
1668833991204 1.0 62849
1668833996545 0.0 62899
1668834001944 0.0 62949
1668834007296 1.0 62999
1668834012649 0.0 63049
1668834018050 0.0 63099
1668834037124 0.0 63149
1668834042464 0.5 63199
1668834047878 0.0 63249
1668834053187 1.0 63299
1668834058514 0.0 63349
1668834063844 0.5 63399
1668834069158 0.0 63449
1668834074515 0.0 63499
1668834079923 0.0 63549
1668834085356 0.0 63599
1668834090809 0.0 63649
1668834096145 0.0 63699
1668834101475 0.0 63749
1668834106828 0.0 63799
1668834112153 0.0 63849
1668834117467 0.0 63899
1668834122829 0.0 63949
1668834128191 0.0 63999
1668834146867 0.0 64049
1668834152177 0.0 64099
1668834157522 1.0 64149
1668834162906 0.0 64199
1668834168290 0.0 64249
1668834173730 0.0 64299
1668834179100 0.0 64349
1668834184569 1.0 64399
1668834189965 0.0 64449
1668834195359 0.5 64499
1668834200779 1.0 64549
1668834206154 0.0 64599
1668834211500 0.0 64649
1668834216905 0.0 64699
1668834222308 0.0 64749
1668834227717 0.0 64799
1668834233075 0.0 64849
1668834252173 0.0 64899
1668834257496 1.0 64949
1668834262858 0.0 64999
1668834268201 1.0 65049
1668834273587 0.0 65099
1668834278951 0.0 65149
1668834284296 0.0 65199
1668834289668 0.0 65249
1668834294995 1.0 65299
1668834300434 1.0 65349
1668834305777 0.0 65399
1668834311142 0.0 65449
1668834316569 0.0 65499
1668834321940 0.0 65549
1668834327299 0.0 65599
1668834332641 0.0 65649
1668834337999 1.0 65699
1668834357175 0.5 65749
1668834362716 1.0 65799
1668834368146 0.5 65849
1668834373575 0.0 65899
1668834378988 0.5 65949
1668834384316 0.0 65999
1668834389656 0.0 66049
1668834394989 0.0 66099
1668834400355 0.0 66149
1668834405737 0.0 66199
1668834411092 0.0 66249
1668834416436 0.0 66299
1668834421818 0.0 66349
1668834427168 0.0 66399
1668834432517 0.0 66449
1668834437845 1.0 66499
1668834443182 0.0 66549
1668834448518 0.0 66599
1668834467911 0.5 66649
1668834473234 0.0 66699
1668834478550 0.0 66749
1668834483955 1.0 66799
1668834489313 1.0 66849
1668834494667 0.0 66899
1668834500035 0.0 66949
1668834505445 0.0 66999
1668834510855 0.0 67049
1668834516221 1.0 67099
1668834521629 0.0 67149
1668834527020 0.0 67199
1668834532381 0.0 67249
1668834537764 0.0 67299
1668834543125 0.0 67349
1668834548482 1.0 67399
1668834553830 1.0 67449
1668834573074 0.0 67499
1668834578420 0.0 67549
1668834583790 0.0 67599
1668834589170 0.0 67649
1668834594559 0.0 67699
1668834599937 0.5 67749
1668834605338 1.0 67799
1668834610666 0.5 67849
1668834616076 1.0 67899
1668834621461 1.0 67949
1668834626893 0.0 67999
1668834632280 0.0 68049
1668834637598 0.0 68099
1668834642936 0.0 68149
1668834648292 0.0 68199
1668834653628 0.0 68249
1668834658952 0.0 68299
1668834678205 0.0 68349
1668834683530 0.0 68399
1668834688903 1.0 68449
1668834694243 0.0 68499
1668834699598 1.0 68549
1668834704943 1.0 68599
1668834710319 0.0 68649
1668834715722 0.0 68699
1668834721123 0.0 68749
1668834726499 0.0 68799
1668834731873 1.0 68849
1668834737264 0.0 68899
1668834742642 0.0 68949
1668834747989 0.0 68999
1668834753337 0.0 69049
1668834758669 0.0 69099
1668834764026 0.0 69149
1668834769438 1.0 69199
1668834788771 1.0 69249
1668834794141 0.0 69299
1668834799498 1.0 69349
1668834804868 0.0 69399
1668834810271 0.0 69449
1668834815584 0.0 69499
1668834820997 0.0 69549
1668834826453 0.0 69599
1668834831827 0.5 69649
1668834837236 0.0 69699
1668834842673 0.0 69749
1668834848083 0.0 69799
1668834853417 0.0 69849
1668834858776 0.0 69899
1668834864098 0.0 69949
1668834869424 0.0 69999
1668834874790 0.0 70049
1668834894079 0.0 70099
1668834899485 1.0 70149
1668834904888 1.0 70199
1668834910280 0.5 70249
1668834915596 0.0 70299
1668834920916 0.0 70349
1668834926261 0.5 70399
1668834931638 0.0 70449
1668834937013 0.0 70499
1668834942398 0.0 70549
1668834947766 0.0 70599
1668834953193 0.0 70649
1668834958571 0.0 70699
1668834963927 0.0 70749
1668834969284 1.0 70799
1668834974630 0.0 70849
1668834980013 0.0 70899
1668834998860 0.0 70949
1668835004216 0.0 70999
1668835009592 0.0 71049
1668835014969 0.0 71099
1668835020358 0.0 71149
1668835025739 1.0 71199
1668835031121 0.0 71249
1668835036494 0.0 71299
1668835041845 0.0 71349
1668835047232 0.0 71399
1668835052635 0.0 71449
1668835058032 0.0 71499
1668835063372 0.0 71549
1668835068763 0.0 71599
1668835074088 0.0 71649
1668835079413 0.0 71699
1668835084744 1.0 71749
1668835103841 0.0 71799
1668835109158 0.0 71849
1668835114523 0.0 71899
1668835119907 0.0 71949
1668835125336 0.0 71999
1668835130709 1.0 72049
1668835136049 1.0 72099
1668835141467 0.0 72149
1668835146845 0.0 72199
1668835152217 1.0 72249
1668835157613 0.0 72299
1668835162986 0.0 72349
1668835168385 0.0 72399
1668835173736 1.0 72449
1668835179118 0.0 72499
1668835184455 1.0 72549
1668835189838 0.0 72599
1668835195197 0.0 72649
1668835214368 1.0 72699
1668835219726 0.0 72749
1668835225127 0.0 72799
1668835230476 0.5 72849
1668835235855 0.0 72899
1668835241189 1.0 72949
1668835246577 0.5 72999
1668835252058 0.0 73049
1668835258064 0.0 73099
1668835264268 1.0 73149
1668835269974 0.5 73199
1668835276602 0.5 73249
1668835282271 0.5 73299
1668835288402 1.0 73349
1668835294260 0.0 73399
1668835299625 0.0 73449
1668835305210 0.0 73499
1668835324838 0.0 73549
1668835330487 1.0 73599
1668835335969 0.0 73649
1668835341350 0.0 73699
1668835346796 1.0 73749
1668835352247 0.5 73799
1668835357635 0.0 73849
1668835362967 0.0 73899
1668835368305 0.0 73949
1668835373722 0.0 73999
1668835379067 0.0 74049
1668835384427 1.0 74099
1668835389777 1.0 74149
1668835395199 0.0 74199
1668835400547 0.5 74249
1668835405880 0.0 74299
1668835411194 0.0 74349
1668835430611 0.0 74399
1668835436024 0.0 74449
1668835441460 1.0 74499
1668835446902 0.5 74549
1668835452351 0.5 74599
1668835457794 0.0 74649
1668835463221 0.0 74699
1668835468649 0.0 74749
1668835474079 1.0 74799
1668835479511 0.0 74849
1668835484870 0.0 74899
1668835490282 0.0 74949
1668835495653 1.0 74999
1668835500996 0.0 75049
1668835506360 0.0 75099
1668835511692 0.0 75149
1668835517040 0.0 75199
1668835522423 0.5 75249
1668835541558 0.0 75299
1668835546954 0.5 75349
1668835552304 1.0 75399
1668835557656 0.5 75449
1668835563011 0.0 75499
1668835568360 0.0 75549
1668835573781 0.0 75599
1668835579169 1.0 75649
1668835584601 1.0 75699
1668835590121 1.0 75749
1668835595528 1.0 75799
1668835600964 0.0 75849
1668835606324 0.0 75899
1668835611764 1.0 75949
1668835617129 1.0 75999
1668835622476 0.0 76049
1668835627817 0.5 76099
1668835646839 0.0 76149
1668835652253 0.0 76199
1668835657567 0.0 76249
1668835662944 0.0 76299
1668835668316 0.0 76349
1668835673655 0.0 76399
1668835679008 0.0 76449
1668835684364 0.0 76499
1668835689711 1.0 76549
1668835695076 0.0 76599
1668835700467 0.5 76649
1668835705814 0.0 76699
1668835711177 1.0 76749
1668835716577 0.0 76799
1668835721967 0.0 76849
1668835727319 0.0 76899
1668835732683 0.0 76949
1668835751812 0.0 76999
1668835757132 0.0 77049
1668835762482 0.0 77099
1668835767826 0.0 77149
1668835773191 1.0 77199
1668835778539 0.0 77249
1668835783929 0.0 77299
1668835789304 0.0 77349
1668835794701 0.0 77399
1668835800075 0.0 77449
1668835805521 0.0 77499
1668835810873 0.5 77549
1668835816277 0.0 77599
1668835821695 0.0 77649
1668835827078 1.0 77699
1668835832438 0.0 77749
1668835837766 0.0 77799
1668835843103 0.0 77849
1668835862626 0.0 77899
1668835868070 0.0 77949
1668835873433 0.0 77999
1668835878872 0.0 78049
1668835884228 0.0 78099
1668835889595 1.0 78149
1668835894995 0.0 78199
1668835900330 1.0 78249
1668835905707 0.0 78299
1668835911126 0.0 78349
1668835916452 0.0 78399
1668835921847 0.0 78449
1668835927236 0.0 78499
1668835932612 0.0 78549
1668835937998 0.0 78599
1668835943319 0.0 78649
1668835948645 0.0 78699
1668835967604 0.0 78749
1668835973002 0.0 78799
1668835978349 1.0 78849
1668835983709 0.0 78899
1668835989065 1.0 78949
1668835994414 1.0 78999
1668835999797 0.0 79049
1668836005156 0.0 79099
1668836010512 0.0 79149
1668836015858 1.0 79199
1668836021260 0.0 79249
1668836026618 0.0 79299
1668836031995 1.0 79349
1668836037369 0.0 79399
1668836042729 0.0 79449
1668836048060 0.0 79499
1668836053368 0.0 79549
1668836072548 0.0 79599
1668836077974 0.0 79649
1668836083325 0.0 79699
1668836088671 1.0 79749
1668836094052 0.0 79799
1668836099411 1.0 79849
1668836104816 0.0 79899
1668836110175 0.0 79949
1668836115489 0.0 79999
1668836120813 1.0 80049
1668836126224 0.0 80099
1668836131605 0.0 80149
1668836136933 0.0 80199
1668836142281 0.0 80249
1668836147633 0.0 80299
1668836153009 0.0 80349
1668836158351 0.0 80399
1668836177438 0.0 80449
1668836182834 0.0 80499
1668836188233 0.0 80549
1668836193571 1.0 80599
1668836198955 0.0 80649
1668836204326 1.0 80699
1668836209754 0.0 80749
1668836215068 0.0 80799
1668836220451 0.0 80849
1668836225850 0.0 80899
1668836231206 0.0 80949
1668836236563 0.0 80999
1668836241905 0.0 81049
1668836247334 0.0 81099
1668836252674 0.0 81149
1668836258092 0.0 81199
1668836263423 0.0 81249
1668836268745 0.5 81299
1668836287663 0.0 81349
1668836292990 1.0 81399
1668836298336 1.0 81449
1668836303751 0.0 81499
1668836309184 0.0 81549
1668836314596 1.0 81599
1668836320024 0.0 81649
1668836325459 0.5 81699
1668836330967 0.5 81749
1668836336323 0.0 81799
1668836341680 0.0 81849
1668836347045 1.0 81899
1668836352493 0.5 81949
1668836357845 1.0 81999
1668836363281 0.0 82049
1668836368627 0.0 82099
1668836373940 0.0 82149
1668836393061 0.0 82199
1668836398403 0.0 82249
1668836403756 0.0 82299
1668836409117 1.0 82349
1668836414570 0.0 82399
1668836420025 0.5 82449
1668836425455 0.0 82499
1668836430789 0.0 82549
1668836436123 0.0 82599
1668836441588 0.0 82649
1668836446918 0.0 82699
1668836452245 0.0 82749
1668836457632 0.0 82799
1668836463055 0.0 82849
1668836468383 0.0 82899
1668836473744 1.0 82949
1668836479061 1.0 82999
1668836498233 0.0 83049
1668836503554 0.0 83099
1668836508852 0.0 83149
1668836514166 0.0 83199
1668836519509 0.0 83249
1668836524907 0.0 83299
1668836530336 0.0 83349
1668836535671 0.0 83399
1668836541104 1.0 83449
1668836546536 1.0 83499
1668836551886 0.0 83549
1668836557221 0.0 83599
1668836562657 0.0 83649
1668836567976 0.0 83699
1668836573411 0.0 83749
1668836578792 0.0 83799
1668836584139 0.0 83849
1668836589466 0.0 83899
1668836608768 0.0 83949
1668836614094 1.0 83999
1668836619504 0.0 84049
1668836624921 0.0 84099
1668836630332 1.0 84149
1668836635744 0.0 84199
1668836641125 1.0 84249
1668836646503 0.0 84299
1668836651892 0.0 84349
1668836657256 1.0 84399
1668836662688 0.5 84449
1668836668116 0.0 84499
1668836673530 0.0 84549
1668836678962 0.0 84599
1668836684353 1.0 84649
1668836689694 0.0 84699
1668836695015 0.0 84749
1668836714287 0.5 84799
1668836719598 0.0 84849
1668836724901 1.0 84899
1668836730213 0.0 84949
1668836735649 0.5 84999
1668836740967 0.0 85049
1668836746300 1.0 85099
1668836751639 0.0 85149
1668836756992 0.0 85199
1668836762350 0.0 85249
1668836767684 1.0 85299
1668836773055 0.0 85349
1668836778377 0.0 85399
1668836783700 0.0 85449
1668836789085 1.0 85499
1668836794425 0.0 85549
1668836799727 0.0 85599
1668836818667 1.0 85649
1668836824035 1.0 85699
1668836829488 0.0 85749
1668836834847 0.0 85799
1668836840240 0.5 85849
1668836845581 0.0 85899
1668836850944 0.0 85949
1668836856284 0.0 85999
1668836861625 1.0 86049
1668836867087 0.0 86099
1668836872608 0.0 86149
1668836878008 0.0 86199
1668836883350 0.0 86249
1668836888676 1.0 86299
1668836894029 0.0 86349
1668836899373 0.0 86399
1668836904691 0.0 86449
1668836910021 0.0 86499
1668836929497 0.0 86549
1668836934906 0.0 86599
1668836940344 0.0 86649
1668836945733 1.0 86699
1668836951131 0.0 86749
1668836956561 0.5 86799
1668836961932 0.0 86849
1668836967280 1.0 86899
1668836972618 0.0 86949
1668836978063 0.0 86999
1668836983502 0.0 87049
1668836988841 0.0 87099
1668836994187 0.0 87149
1668836999530 1.0 87199
1668837004958 1.0 87249
1668837010322 0.0 87299
1668837015707 0.0 87349
1668837034769 0.0 87399
1668837040105 0.0 87449
1668837045436 1.0 87499
1668837050760 0.0 87549
1668837056081 1.0 87599
1668837061410 0.0 87649
1668837066751 0.5 87699
1668837072124 1.0 87749
1668837077501 0.5 87799
1668837082882 1.0 87849
1668837088329 0.0 87899
1668837093688 0.5 87949
1668837099033 1.0 87999
1668837104388 0.0 88049
1668837109785 0.0 88099
1668837115167 0.0 88149
1668837120540 0.0 88199
1668837139739 0.0 88249
1668837145065 0.0 88299
1668837150433 0.0 88349
1668837155855 0.0 88399
1668837161181 0.0 88449
1668837166611 0.0 88499
1668837172042 0.0 88549
1668837177451 0.0 88599
1668837182786 0.0 88649
1668837188118 0.0 88699
1668837193496 0.0 88749
1668837198930 1.0 88799
1668837204367 0.0 88849
1668837209782 0.0 88899
1668837215214 0.0 88949
1668837220579 0.0 88999
1668837225903 0.0 89049
1668837245081 0.0 89099
1668837250414 0.0 89149
1668837255725 0.0 89199
1668837261117 0.0 89249
1668837266515 0.0 89299
1668837271869 1.0 89349
1668837277177 0.0 89399
1668837282494 0.0 89449
1668837287824 0.0 89499
1668837293166 1.0 89549
1668837298509 0.0 89599
1668837303982 0.0 89649
1668837309359 0.5 89699
1668837314770 0.0 89749
1668837320124 0.0 89799
1668837325470 0.0 89849
1668837330811 0.0 89899
1668837336144 1.0 89949
1668837355137 0.0 89999
1668837360480 1.0 90049
1668837365979 0.0 90099
1668837371401 0.0 90149
1668837376739 0.0 90199
1668837382132 0.0 90249
1668837387612 0.0 90299
1668837392961 0.0 90349
1668837398403 0.0 90399
1668837403773 0.0 90449
1668837409158 0.0 90499
1668837414490 0.0 90549
1668837419827 0.5 90599
1668837425160 0.0 90649
1668837430513 0.0 90699
1668837435866 0.0 90749
1668837441220 0.0 90799
1668837460415 0.0 90849
1668837465742 0.0 90899
1668837471092 0.0 90949
1668837476520 0.0 90999
1668837481966 0.0 91049
1668837487341 0.0 91099
1668837492715 0.0 91149
1668837498145 0.0 91199
1668837503520 0.0 91249
1668837508970 0.0 91299
1668837514309 1.0 91349
1668837519646 1.0 91399
1668837524979 0.0 91449
1668837530414 1.0 91499
1668837535845 0.0 91549
1668837541191 0.0 91599
1668837546507 0.0 91649
1668837565599 0.0 91699
1668837570921 1.0 91749
1668837576375 0.0 91799
1668837581738 1.0 91849
1668837587139 0.0 91899
1668837592497 0.0 91949
1668837597836 1.0 91999
1668837603269 0.0 92049
1668837608705 1.0 92099
1668837614071 0.0 92149
1668837619418 0.0 92199
1668837624815 0.0 92249
1668837630274 0.0 92299
1668837635681 0.0 92349
1668837641146 0.0 92399
1668837646562 0.0 92449
1668837651917 0.0 92499
1668837657280 0.0 92549
1668837676301 0.0 92599
1668837681632 0.0 92649
1668837686977 0.0 92699
1668837692420 0.0 92749
1668837697763 1.0 92799
1668837703103 1.0 92849
1668837708437 0.0 92899
1668837713844 0.0 92949
1668837719274 1.0 92999
1668837724677 0.0 93049
1668837730013 0.0 93099
1668837735353 0.0 93149
1668837740769 0.0 93199
1668837746175 1.0 93249
1668837751615 0.0 93299
1668837757026 0.5 93349
1668837762421 0.0 93399
1668837781638 0.0 93449
1668837787086 0.0 93499
1668837792514 1.0 93549
1668837797934 0.0 93599
1668837803274 1.0 93649
1668837808610 0.5 93699
1668837813937 0.0 93749
1668837819303 0.0 93799
1668837824727 0.0 93849
1668837830170 0.0 93899
1668837835598 0.0 93949
1668837841034 0.0 93999
1668837846361 1.0 94049
1668837851700 0.0 94099
1668837857062 0.0 94149
1668837862451 0.0 94199
1668837867772 0.0 94249
1668837886948 0.0 94299
1668837892412 0.0 94349
1668837897863 0.0 94399
1668837903315 1.0 94449
1668837908663 0.0 94499
1668837913993 0.0 94549
1668837919316 1.0 94599
1668837924657 0.0 94649
1668837930111 0.0 94699
1668837935555 0.0 94749
1668837941013 0.0 94799
1668837946364 0.0 94849
1668837951709 0.5 94899
1668837957144 1.0 94949
1668837962557 0.0 94999
1668837967981 0.0 95049
1668837973312 0.0 95099
1668837978652 0.0 95149
1668837997739 0.0 95199
1668838003149 0.0 95249
1668838008598 0.0 95299
1668838014076 0.0 95349
1668838019427 0.5 95399
1668838024775 0.0 95449
1668838030168 1.0 95499
1668838035609 0.0 95549
1668838041064 0.0 95599
1668838046499 0.5 95649
1668838052004 0.0 95699
1668838057479 1.0 95749
1668838062916 1.0 95799
1668838068271 0.0 95849
1668838073707 0.0 95899
1668838079061 0.0 95949
1668838084420 0.0 95999
1668838103603 0.0 96049
1668838109039 0.0 96099
1668838114454 0.0 96149
1668838119772 1.0 96199
1668838125121 0.5 96249
1668838130446 0.0 96299
1668838135836 0.0 96349
1668838141324 0.0 96399
1668838146762 0.0 96449
1668838152076 0.0 96499
1668838157522 0.0 96549
1668838162997 0.0 96599
1668838168437 0.0 96649
1668838173902 0.0 96699
1668838179317 0.0 96749
1668838184693 0.0 96799
1668838190033 1.0 96849
1668838209221 1.0 96899
1668838214542 1.0 96949
1668838219862 0.0 96999
1668838225191 0.0 97049
1668838230549 0.0 97099
1668838235976 0.0 97149
1668838241405 0.0 97199
1668838246867 0.0 97249
1668838252286 0.0 97299
1668838257707 0.0 97349
1668838263122 0.0 97399
1668838268455 0.0 97449
1668838273837 1.0 97499
1668838279184 0.0 97549
1668838284600 0.0 97599
1668838289958 0.0 97649
1668838295295 0.0 97699
1668838314497 1.0 97749
1668838319921 0.0 97799
1668838325281 0.0 97849
1668838330643 0.0 97899
1668838336118 0.0 97949
1668838341538 1.0 97999
1668838346911 0.5 98049
1668838352223 0.5 98099
1668838357666 0.5 98149
1668838363086 0.0 98199
1668838368422 0.0 98249
1668838373767 0.0 98299
1668838379248 0.0 98349
1668838384644 1.0 98399
1668838391125 0.0 98449
1668838396523 0.0 98499
1668838401876 0.0 98549
1668838407197 0.0 98599
1668838426697 0.0 98649
1668838432049 0.0 98699
1668838437401 0.0 98749
1668838442728 0.0 98799
1668838448169 0.0 98849
1668838453587 0.0 98899
1668838458978 0.0 98949
1668838464423 1.0 98999
1668838469861 0.5 99049
1668838475309 0.0 99099
1668838480756 1.0 99149
1668838486200 0.0 99199
1668838491643 0.0 99249
1668838497084 1.0 99299
1668838502523 0.0 99349
1668838507874 0.0 99399
1668838513216 0.0 99449
1668838532564 0.0 99499
1668838537897 0.0 99549
1668838543274 0.0 99599
1668838548667 0.0 99649
1668838554043 0.0 99699
1668838559386 0.0 99749
1668838564778 1.0 99799
1668838570203 0.0 99849
1668838575548 0.0 99899
1668838580875 0.0 99949
1668838586239 0.0 99999
1668838591653 1.0 100049
1668838597073 0.0 100099
1668838602420 0.0 100149
1668838607767 0.0 100199
1668838613147 0.0 100249
1668838618493 0.0 100299
1668838637621 0.0 100349
1668838642923 0.0 100399
1668838648266 0.0 100449
1668838653618 0.0 100499
1668838659002 0.0 100549
1668838664442 0.0 100599
1668838669865 0.0 100649
1668838675189 0.0 100699
1668838680594 0.0 100749
1668838685942 0.0 100799
1668838691314 0.0 100849
1668838696710 0.0 100899
1668838702062 1.0 100949
1668838707422 0.0 100999
1668838712789 1.0 101049
1668838718202 1.0 101099
1668838723588 0.0 101149
1668838728964 0.0 101199
1668838747998 0.0 101249
1668838753310 0.0 101299
1668838758631 0.0 101349
1668838763950 0.0 101399
1668838769300 1.0 101449
1668838774732 0.0 101499
1668838780169 0.0 101549
1668838785509 0.0 101599
1668838790870 0.0 101649
1668838796225 1.0 101699
1668838801640 1.0 101749
1668838807074 0.0 101799
1668838812447 1.0 101849
1668838817873 0.0 101899
1668838823217 0.0 101949
1668838828626 0.0 101999
1668838833964 0.0 102049
1668838852915 0.0 102099
1668838858259 0.0 102149
1668838863670 0.0 102199
1668838869087 0.0 102249
1668838874412 0.5 102299
1668838879752 0.0 102349
1668838885133 0.5 102399
1668838890565 0.0 102449
1668838895997 1.0 102499
1668838901363 0.0 102549
1668838906686 0.0 102599
1668838912009 0.0 102649
1668838917346 0.0 102699
1668838922705 0.0 102749
1668838928093 0.5 102799
1668838933443 0.0 102849
1668838938781 0.0 102899
1668838958063 0.0 102949
1668838963460 0.0 102999
1668838968777 1.0 103049
1668838974124 1.0 103099
1668838979542 0.0 103149
1668838984901 0.0 103199
1668838990296 1.0 103249
1668838995706 0.5 103299
1668839001126 0.5 103349
1668839006574 1.0 103399
1668839011923 0.0 103449
1668839017314 0.0 103499
1668839022677 0.5 103549
1668839028062 0.0 103599
1668839033516 0.0 103649
1668839038900 1.0 103699
1668839044281 0.0 103749
1668839049632 1.0 103799
1668839068342 0.0 103849
1668839073658 0.0 103899
1668839079080 0.0 103949
1668839084491 0.5 103999
1668839089878 0.0 104049
1668839095230 0.0 104099
1668839100637 0.0 104149
1668839106029 0.0 104199
1668839111383 0.0 104249
1668839116730 0.0 104299
1668839122051 0.5 104349
1668839127375 1.0 104399
1668839132695 0.5 104449
1668839138039 0.0 104499
1668839143540 0.0 104549
1668839148888 0.0 104599
1668839154210 0.0 104649
