1669041145682 0.4163294732570648 216
1669041217364 0.42687860131263733 433
1669041289221 0.4345375597476959 650
1669041361168 0.43829479813575745 867
1669041433138 0.4430635869503021 1084
1669041505171 0.4543352723121643 1301
1669041577087 0.46835261583328247 1518
1669041649025 0.48395952582359314 1735
1669041720951 0.4956647455692291 1952
1669041793147 0.5109826326370239 2169
1669041865187 0.5244219899177551 2386
1669041937467 0.5400289297103882 2603
1669042009567 0.5469653010368347 2820
1669042081798 0.5614162087440491 3037
1669042154137 0.5715317726135254 3254
1669042226422 0.5861271619796753 3471
1669042298619 0.5932080745697021 3688
1669042370886 0.6072254180908203 3905
1669042443121 0.6247109770774841 4122
1669042515227 0.6297687888145447 4339
1669042587355 0.6352601051330566 4556
1669042659409 0.6459537744522095 4773
1669042731430 0.6559248566627502 4990
1669042803764 0.6605491042137146 5207
1669042876525 0.6696531772613525 5424
1669042948623 0.6747109889984131 5641
1669043021003 0.6807803511619568 5858
1669043093205 0.6868497133255005 6075
1669043165494 0.6881502866744995 6292
1669043237891 0.6953757405281067 6509
1669043310068 0.7007225155830383 6726
1669043382252 0.7043352723121643 6943
1669043454174 0.7079479694366455 7160
1669043526454 0.7131502628326416 7377
1669043598676 0.7206647396087646 7594
1669043671121 0.718497097492218 7811
1669043742908 0.7186416387557983 8028
1669043815130 0.7304913401603699 8245
1669043887477 0.7241329550743103 8462
1669043959766 0.7235549092292786 8679
1669044031902 0.7271676063537598 8896
1669044104145 0.7312138676643372 9113
1669044176347 0.7299132943153381 9330
1669044248461 0.7371387481689453 9547
1669044320560 0.7349711060523987 9764
1669044392823 0.7364161610603333 9981
1669044465209 0.732803463935852 10198
1669044537405 0.7394508719444275 10415
1669044609658 0.7400289177894592 10632
1669044681798 0.7371387481689453 10849
1669044753850 0.7388728260993958 11066
1669044825782 0.7404624223709106 11283
1669044898008 0.7390173673629761 11500
1669044971125 0.7385838031768799 11717
1669045043090 0.7430635690689087 11934
1669045115326 0.7417629957199097 12151
1669045187526 0.7414739727973938 12368
1669045259770 0.740606963634491 12585
1669045332048 0.7407514452934265 12802
1669045403935 0.7421965599060059 13019
1669045476054 0.7439306378364563 13236
1669045548184 0.7439306378364563 13453
1669045620215 0.7420520186424255 13670
1669045692450 0.7400289177894592 13887
1669045764520 0.7437861561775208 14104
1669045836595 0.7407514452934265 14321
1669045908826 0.7439306378364563 14538
1669045980934 0.7433525919914246 14755
1669046053221 0.7452312111854553 14972
1669046125249 0.7446531653404236 15189
1669046197640 0.7469652891159058 15406
1669046269707 0.7453756928443909 15623
1669046341985 0.7442196607589722 15840
1669046414347 0.7426300644874573 16057
1669046486532 0.7426300644874573 16274
1669046558871 0.7436416149139404 16491
1669046631052 0.742485523223877 16708
1669046703076 0.7442196607589722 16925
1669046775247 0.7440751194953918 17142
1669046847725 0.7459537386894226 17359
1669046919938 0.7450867295265198 17576
1669046992298 0.7433525919914246 17793
1669047064459 0.7430635690689087 18010
1669047136799 0.7471098303794861 18227
1669047209264 0.7416185140609741 18444
1669047281520 0.7407514452934265 18661
1669047353541 0.743208110332489 18878
1669047426004 0.7455202341079712 19095
1669047498307 0.7436416149139404 19312
1669047570326 0.7413294911384583 19529
1669047642616 0.7475433349609375 19746
1669047714664 0.7458092570304871 19963
1669047786850 0.7423410415649414 20180
1669047859200 0.7404624223709106 20397
1669047931610 0.7439306378364563 20614
1669048003898 0.7437861561775208 20831
1669048076418 0.7449421882629395 21048
1669048148456 0.7471098303794861 21265
1669048220721 0.7436416149139404 21482
1669048292907 0.7446531653404236 21699
1669048365138 0.7413294911384583 21916
1669048437454 0.7427745461463928 22133
1669048509840 0.7414739727973938 22350
1669048582003 0.7430635690689087 22567
1669048654176 0.7465317845344543 22784
1669048726591 0.7420520186424255 23001
1669048798827 0.7465317845344543 23218
1669048871155 0.7423410415649414 23435
1669048943604 0.7420520186424255 23652
1669049015961 0.7443641424179077 23869
1669049088195 0.7446531653404236 24086
1669049160556 0.7417629957199097 24303
1669049232882 0.7450867295265198 24520
1669049305148 0.7442196607589722 24737
1669049377348 0.7446531653404236 24954
1669049449478 0.7452312111854553 25171
1669049521706 0.7449421882629395 25388
1669049593715 0.7459537386894226 25605
1669049666002 0.7434971332550049 25822
1669049738182 0.7458092570304871 26039
1669049810922 0.7413294911384583 26256
1669049883319 0.7450867295265198 26473
1669049955621 0.7482659220695496 26690
1669050028097 0.7442196607589722 26907
1669050100398 0.7417629957199097 27124
1669050172739 0.7429190874099731 27341
1669050244888 0.7442196607589722 27558
1669050317147 0.7465317845344543 27775
1669050389711 0.7442196607589722 27992
1669050461995 0.7443641424179077 28209
1669050534119 0.7443641424179077 28426
1669050606425 0.7450867295265198 28643
1669050678763 0.7460982799530029 28860
1669050751084 0.743208110332489 29077
1669050823166 0.7478323578834534 29294
1669050895103 0.7471098303794861 29511
1669050967445 0.744508683681488 29728
1669051039694 0.7455202341079712 29945
1669051111823 0.7420520186424255 30162
1669051184189 0.744508683681488 30379
1669051256408 0.7436416149139404 30596
1669051328530 0.7430635690689087 30813
1669051400776 0.7436416149139404 31030
1669051472985 0.7439306378364563 31247
1669051545384 0.7413294911384583 31464
1669051617927 0.743208110332489 31681
1669051690181 0.744508683681488 31898
1669051762844 0.7492774724960327 32115
1669051835169 0.7471098303794861 32332
1669051907455 0.744508683681488 32549
1669051979893 0.7423410415649414 32766
1669052052237 0.7460982799530029 32983
1669052124493 0.747398853302002 33200
1669052196878 0.7421965599060059 33417
1669052269084 0.7450867295265198 33634
1669052341280 0.742485523223877 33851
1669052413394 0.743208110332489 34068
1669052485431 0.7416185140609741 34285
1669052557728 0.7465317845344543 34502
1669052630353 0.7426300644874573 34719
1669052703082 0.7460982799530029 34936
1669052775539 0.7469652891159058 35153
1669052847569 0.7459537386894226 35370
1669052919965 0.7475433349609375 35587
1669052992389 0.7440751194953918 35804
1669053064729 0.740606963634491 36021
1669053136984 0.7430635690689087 36238
1669053209290 0.7446531653404236 36455
1669053281743 0.74190753698349 36672
1669053353999 0.7443641424179077 36889
1669053426217 0.7482659220695496 37106
1669053498637 0.7460982799530029 37323
1669053571029 0.7491329312324524 37540
1669053643246 0.7491329312324524 37757
1669053715637 0.7482659220695496 37974
1669053787889 0.7476878762245178 38191
1669053860172 0.7443641424179077 38408
1669053932218 0.7472543120384216 38625
1669054004244 0.7433525919914246 38842
1669054076600 0.74190753698349 39059
1669054149008 0.742485523223877 39276
1669054221361 0.748699426651001 39493
1669054293501 0.7429190874099731 39710
1669054365752 0.7436416149139404 39927
1669054437880 0.7436416149139404 40144
1669054510082 0.7469652891159058 40361
1669054582434 0.7460982799530029 40578
1669054654638 0.7494219541549683 40795
1669054727253 0.7413294911384583 41012
1669054799768 0.7469652891159058 41229
1669054872057 0.744508683681488 41446
1669054944406 0.7439306378364563 41663
1669055016796 0.7434971332550049 41880
1669055089146 0.7478323578834534 42097
1669055161606 0.7436416149139404 42314
1669055233832 0.7437861561775208 42531
1669055305936 0.7455202341079712 42748
1669055377922 0.7482659220695496 42965
1669055450212 0.7460982799530029 43182
1669055522719 0.7430635690689087 43399
1669055594925 0.7453756928443909 43616
1669055667279 0.7479768991470337 43833
1669055739438 0.7394508719444275 44050
1669055812140 0.7446531653404236 44267
1669055884356 0.7421965599060059 44484
1669055956457 0.7476878762245178 44701
1669056028668 0.7489884495735168 44918
1669056100558 0.7489884495735168 45135
1669056172949 0.7439306378364563 45352
1669056245307 0.7439306378364563 45569
1669056317273 0.7466763257980347 45786
1669056390120 0.7437861561775208 46003
1669056462430 0.7456647157669067 46220
1669056534472 0.7518786191940308 46437
1669056607078 0.7449421882629395 46654
1669056679034 0.7447977066040039 46871
1669056750656 0.7427745461463928 47088
1669056822826 0.742485523223877 47305
1669056894802 0.74190753698349 47522
1669056967065 0.7459537386894226 47739
1669057039012 0.7443641424179077 47956
1669057111381 0.7427745461463928 48173
1669057183338 0.7452312111854553 48390
1669057255889 0.7455202341079712 48607
1669057328104 0.7437861561775208 48824
1669057400610 0.7439306378364563 49041
1669057472877 0.7429190874099731 49258
1669057545266 0.747398853302002 49475
1669057617874 0.7449421882629395 49692
1669057690116 0.7458092570304871 49909
1669057762504 0.7429190874099731 50126
1669057834712 0.744508683681488 50343
1669057906701 0.7442196607589722 50560
1669057978943 0.7468208074569702 50777
1669058051238 0.7446531653404236 50994
1669058123617 0.7447977066040039 51211
1669058196024 0.7453756928443909 51428
1669058268145 0.7450867295265198 51645
1669058340515 0.7455202341079712 51862
1669058412828 0.7437861561775208 52079
1669058485000 0.7427745461463928 52296
1669058557330 0.7453756928443909 52513
1669058629355 0.7447977066040039 52730
1669058701713 0.7453756928443909 52947
1669058774092 0.7482659220695496 53164
1669058846478 0.7459537386894226 53381
1669058918805 0.7463873028755188 53598
1669058991152 0.7458092570304871 53815
1669059063419 0.7427745461463928 54032
1669059135626 0.7462427616119385 54249
1669059207811 0.7440751194953918 54466
1669059279834 0.7439306378364563 54683
1669059352723 0.7452312111854553 54900
1669059424914 0.7452312111854553 55117
1669059497128 0.7466763257980347 55334
1669059569302 0.7469652891159058 55551
1669059641590 0.7401733994483948 55768
1669059713750 0.7479768991470337 55985
1669059786022 0.7450867295265198 56202
1669059858245 0.7407514452934265 56419
1669059930455 0.7429190874099731 56636
1669060002929 0.7413294911384583 56853
1669060074969 0.7469652891159058 57070
1669060147185 0.7397398948669434 57287
1669060219353 0.7469652891159058 57504
1669060291643 0.7450867295265198 57721
1669060364059 0.7447977066040039 57938
1669060436448 0.7440751194953918 58155
1669060508436 0.7479768991470337 58372
1669060580517 0.7449421882629395 58589
1669060652961 0.7446531653404236 58806
1669060725193 0.744508683681488 59023
1669060797566 0.7459537386894226 59240
1669060869833 0.7437861561775208 59457
1669060942222 0.7436416149139404 59674
1669061014539 0.7434971332550049 59891
1669061086729 0.7462427616119385 60108
1669061159302 0.742485523223877 60325
1669061231390 0.7459537386894226 60542
1669061303680 0.7452312111854553 60759
1669061376562 0.7475433349609375 60976
1669061448761 0.7456647157669067 61193
1669061520857 0.7453756928443909 61410
1669061592890 0.7437861561775208 61627
1669061665127 0.7403179407119751 61844
1669061737447 0.7434971332550049 62061
1669061809887 0.7426300644874573 62278
1669061882228 0.7482659220695496 62495
1669061954571 0.7475433349609375 62712
1669062026623 0.7471098303794861 62929
1669062098756 0.7443641424179077 63146
1669062171087 0.7429190874099731 63363
1669062243487 0.742485523223877 63580
1669062315688 0.7481213808059692 63797
1669062387971 0.7442196607589722 64014
1669062460335 0.7439306378364563 64231
1669062532629 0.7482659220695496 64448
1669062605060 0.743208110332489 64665
1669062677231 0.7443641424179077 64882
1669062749226 0.7421965599060059 65099
