1669645361934 0 49
1669645376553 0 99
1669645391561 0 149
1669645406185 0 199
1669645418314 0 216
1669645422763 1 216
1669645433139 1 249
1669645447811 1 299
1669645462466 1 349
1669645477347 1 399
1669645494616 1 433
1669645499446 2 433
1669645504904 2 449
1669645519554 2 499
1669645534359 2 549
1669645549125 2 599
1669645563938 2 649
1669645571598 2 650
1669645576397 3 650
1669645591404 3 699
1669645606063 3 749
1669645620731 3 799
1669645635364 3 849
1669645647869 3 867
1669645652673 4 867
1669645662787 4 899
1669645677636 4 949
1669645692467 4 999
1669645707241 4 1049
1669645724890 4 1084
1669645729667 5 1084
1669645734846 5 1099
1669645749555 5 1149
1669645764281 5 1199
1669645779041 5 1249
1669645793771 5 1299
1669645801621 5 1301
1669645806479 6 1301
1669645821236 6 1349
1669645836053 6 1399
1669645850973 6 1449
1669645865717 6 1499
1669645878560 6 1518
1669645883503 7 1518
1669645893428 7 1549
1669645908138 7 1599
1669645922834 7 1649
1669645937608 7 1699
1669645955758 7 1735
1669645960548 8 1735
1669645965396 8 1749
1669645980174 8 1799
1669645994855 8 1849
1669646009697 8 1899
1669646024349 8 1949
1669646032614 8 1952
1669646037725 9 1952
1669646052306 9 1999
1669646066991 9 2049
1669646081796 9 2099
1669646096497 9 2149
1669646109853 9 2169
1669646114734 10 2169
1669646124313 10 2199
1669646139389 10 2249
1669646154253 10 2299
1669646168927 10 2349
1669646187190 10 2386
1669646192089 11 2386
1669646196651 11 2399
1669646211364 11 2449
1669646226072 11 2499
1669646240776 11 2549
1669646255466 11 2599
1669646264032 11 2603
1669646268945 12 2603
1669646283283 12 2649
1669646298112 12 2699
1669646312870 12 2749
1669646327549 12 2799
1669646340961 12 2820
1669646345923 13 2820
1669646355191 13 2849
1669646369906 13 2899
1669646384567 13 2949
1669646399206 13 2999
1669646417789 13 3037
1669646422724 14 3037
1669646426921 14 3049
1669646441821 14 3099
1669646456452 14 3149
1669646471244 14 3199
1669646486054 14 3249
1669646494802 14 3254
1669646499637 15 3254
1669646513468 15 3299
1669646528108 15 3349
1669646542773 15 3399
1669646557563 15 3449
1669646571443 15 3471
1669646576371 16 3471
1669646585501 16 3499
1669646600354 16 3549
1669646615247 16 3599
1669646629997 16 3649
1669646649019 16 3688
1669646653908 17 3688
1669646657889 17 3699
1669646672510 17 3749
1669646687185 17 3799
1669646702053 17 3849
1669646716863 17 3899
1669646726017 17 3905
1669646731006 18 3905
1669646744943 18 3949
1669646759811 18 3999
1669646774458 18 4049
1669646789205 18 4099
1669646803490 18 4122
1669646808414 19 4122
1669646817143 19 4149
1669646831770 19 4199
1669646846548 19 4249
1669646861191 19 4299
1669646880217 19 4339
1669646885033 20 4339
1669646888684 20 4349
1669646903623 20 4399
1669646918371 20 4449
1669646933199 20 4499
1669646947934 20 4549
1669646957498 20 4556
1669646962389 21 4556
1669646975659 21 4599
1669646990381 21 4649
1669647005718 21 4699
1669647020718 21 4749
1669647035401 21 4773
1669647040264 22 4773
1669647048636 22 4799
1669647063422 22 4849
1669647078062 22 4899
1669647092672 22 4949
1669647112231 22 4990
1669647117001 23 4990
1669647120334 23 4999
1669647135035 23 5049
1669647150035 23 5099
1669647164844 23 5149
1669647179544 23 5199
1669647189456 23 5207
1669647194370 24 5207
1669647207373 24 5249
1669647222077 24 5299
1669647236800 24 5349
1669647251571 24 5399
1669647266496 24 5424
1669647271327 25 5424
1669647279423 25 5449
1669647294279 25 5499
1669647309084 25 5549
1669647323945 25 5599
1669647343628 25 5641
1669647348503 26 5641
1669647351646 26 5649
1669647366281 26 5699
1669647381149 26 5749
1669647395891 26 5799
1669647410624 26 5849
1669647420906 26 5858
1669647425868 27 5858
1669647438745 27 5899
1669647453581 27 5949
1669647468429 27 5999
1669647483172 27 6049
1669647498369 27 6075
1669647503217 28 6075
1669647511021 28 6099
1669647525714 28 6149
1669647540574 28 6199
1669647555356 28 6249
1669647575607 28 6292
1669647580560 29 6292
1669647583284 29 6299
1669647598229 29 6349
1669647613019 29 6399
1669647627713 29 6449
1669647642418 29 6499
1669647652993 29 6509
1669647657931 30 6509
1669647670299 30 6549
1669647685113 30 6599
1669647699759 30 6649
1669647714571 30 6699
1669647730217 30 6726
1669647735178 31 6726
1669647742668 31 6749
1669647757496 31 6799
1669647772202 31 6849
1669647786927 31 6899
1669647807267 31 6943
1669647812369 32 6943
1669647814917 32 6949
1669647829521 32 6999
1669647844157 32 7049
1669647859029 32 7099
1669647873886 32 7149
1669647884741 32 7160
1669647889772 33 7160
1669647901942 33 7199
1669647916688 33 7249
1669647931399 33 7299
1669647946152 33 7349
1669647961961 33 7377
1669647966919 34 7377
1669647974106 34 7399
1669647988809 34 7449
1669648003685 34 7499
1669648018573 34 7549
1669648039700 34 7594
1669648044624 35 7594
1669648046800 35 7599
1669648061488 35 7649
1669648076136 35 7699
1669648090796 35 7749
1669648105481 35 7799
1669648116631 35 7811
1669648121654 36 7811
1669648133575 36 7849
1669648148263 36 7899
1669648163091 36 7949
1669648178114 36 7999
1669648194192 36 8028
1669648199240 37 8028
1669648206058 37 8049
1669648221007 37 8099
1669648235651 37 8149
1669648250293 37 8199
1669648271585 37 8245
1669648276509 38 8245
1669648278432 38 8249
1669648293327 38 8299
1669648308111 38 8349
1669648322943 38 8399
1669648337586 38 8449
1669648349084 38 8462
1669648354040 39 8462
1669648365734 39 8499
1669648380387 39 8549
1669648395093 39 8599
1669648409815 39 8649
1669648426179 39 8679
1669648431096 40 8679
1669648437587 40 8699
1669648452402 40 8749
1669648467089 40 8799
1669648481997 40 8849
1669648503495 40 8896
1669648508507 41 8896
1669648510096 41 8899
1669648524783 41 8949
1669648539585 41 8999
1669648554259 41 9049
1669648568901 41 9099
1669648580492 41 9113
1669648585439 42 9113
1669648596687 42 9149
1669648611367 42 9199
1669648626413 42 9249
1669648641265 42 9299
1669648657837 42 9330
1669648662843 43 9330
1669648669308 43 9349
1669648683970 43 9399
1669648698638 43 9449
1669648713303 43 9499
1669648735002 43 9547
1669648739865 44 9547
1669648741194 44 9549
1669648755852 44 9599
1669648770644 44 9649
1669648785688 44 9699
1669648800472 44 9749
1669648812586 44 9764
1669648817608 45 9764
1669648828717 45 9799
1669648843403 45 9849
1669648858093 45 9899
1669648872747 45 9949
1669648889547 45 9981
1669648894701 46 9981
1669648900720 46 9999
1669648915437 46 10049
1669648930523 46 10099
1669648945213 46 10149
1669648967391 46 10198
1669648972337 47 10198
1669648973373 47 10199
1669648988002 47 10249
1669649002683 47 10299
1669649017374 47 10349
1669649032094 47 10399
1669649044318 47 10415
1669649049330 48 10415
1669649060158 48 10449
1669649074902 48 10499
1669649089776 48 10549
1669649104663 48 10599
1669649121745 48 10632
1669649126751 49 10632
1669649132640 49 10649
1669649147350 49 10699
1669649162116 49 10749
1669649176778 49 10799
1669649191451 49 10849
1669649199358 49 10849
1669649204371 50 10849
1669649219777 50 10899
1669649234558 50 10949
1669649249573 50 10999
1669649264323 50 11049
1669649276928 50 11066
1669649281899 51 11066
1669649292319 51 11099
1669649307019 51 11149
1669649321678 51 11199
1669649336354 51 11249
1669649354242 51 11283
1669649359313 52 11283
1669649364679 52 11299
1669649379575 52 11349
1669649394283 52 11399
1669649409101 52 11449
1669649423800 52 11499
1669649431620 52 11500
1669649436598 53 11500
1669649451815 53 11549
1669649466611 53 11599
1669649481452 53 11649
1669649496301 53 11699
1669649509292 53 11717
1669649514200 54 11717
1669649524305 54 11749
1669649539001 54 11799
1669649553686 54 11849
1669649568372 54 11899
1669649586504 54 11934
1669649591462 55 11934
1669649596599 55 11949
1669649611270 55 11999
1669649626095 55 12049
1669649640719 55 12099
1669649655489 55 12149
1669649663612 55 12151
1669649668687 56 12151
1669649683840 56 12199
1669649698572 56 12249
1669649713296 56 12299
1669649728119 56 12349
1669649741130 56 12368
1669649746449 57 12368
1669649756273 57 12399
1669649771169 57 12449
1669649785869 57 12499
1669649800731 57 12549
1669649818882 57 12585
1669649823992 58 12585
1669649828783 58 12599
1669649843667 58 12649
1669649858566 58 12699
1669649873312 58 12749
1669649888218 58 12799
1669649896668 58 12802
1669649901741 59 12802
1669649916289 59 12849
1669649931039 59 12899
1669649945761 59 12949
1669649960550 59 12999
1669649974136 59 13019
1669649979207 60 13019
1669649988671 60 13049
1669650003310 60 13099
1669650018006 60 13149
1669650032672 60 13199
1669650050993 60 13236
1669650055940 61 13236
1669650060535 61 13249
1669650075232 61 13299
1669650090001 61 13349
1669650104872 61 13399
1669650119972 61 13449
1669650128733 61 13453
1669650133695 62 13453
1669650147932 62 13499
1669650162683 62 13549
1669650177450 62 13599
1669650192301 62 13649
1669650205923 62 13670
1669650211039 63 13670
1669650220486 63 13699
1669650235176 63 13749
1669650249890 63 13799
1669650264619 63 13849
1669650283296 63 13887
1669650288380 64 13887
1669650292579 64 13899
1669650307465 64 13949
1669650322243 64 13999
1669650337155 64 14049
1669650352062 64 14099
1669650361110 64 14104
1669650366142 65 14104
1669650380012 65 14149
1669650394731 65 14199
1669650409450 65 14249
1669650424183 65 14299
1669650438242 65 14321
1669650443207 66 14321
1669650452100 66 14349
1669650467133 66 14399
1669650481861 66 14449
1669650496615 66 14499
1669650515755 66 14538
1669650520818 67 14538
1669650524826 67 14549
1669650539515 67 14599
1669650554241 67 14649
1669650568974 67 14699
1669650584037 67 14749
1669650593427 67 14755
1669650598477 68 14755
1669650612510 68 14799
1669650627237 68 14849
1669650641983 68 14899
1669650656851 68 14949
1669650671205 68 14972
1669650676152 69 14972
1669650684864 69 14999
1669650699588 69 15049
1669650714477 69 15099
1669650729228 69 15149
1669650748624 69 15189
1669650753590 70 15189
1669650757268 70 15199
1669650772055 70 15249
1669650786757 70 15299
1669650801476 70 15349
1669650816361 70 15399
1669650825996 70 15406
1669650830971 71 15406
1669650844326 71 15449
1669650859116 71 15499
1669650873958 71 15549
1669650888664 71 15599
1669650903418 71 15623
1669650908416 72 15623
1669650916751 72 15649
1669650931453 72 15699
1669650946128 72 15749
1669650960975 72 15799
1669650980682 72 15840
1669650985799 73 15840
1669650989195 73 15849
1669651003889 73 15899
1669651018786 73 15949
1669651033477 73 15999
1669651048366 73 16049
1669651058145 73 16057
1669651062998 74 16057
1669651076029 74 16099
1669651090837 74 16149
1669651105664 74 16199
1669651120337 74 16249
1669651135304 74 16274
1669651140301 75 16274
1669651148523 75 16299
1669651163236 75 16349
1669651177883 75 16399
1669651192735 75 16449
1669651212695 75 16491
1669651217736 76 16491
1669651220874 76 16499
1669651235765 76 16549
1669651250627 76 16599
1669651265303 76 16649
1669651280150 76 16699
1669651290204 76 16708
1669651295186 77 16708
1669651307959 77 16749
1669651322584 77 16799
1669651337424 77 16849
1669651352056 77 16899
1669651367431 77 16925
1669651372448 78 16925
1669651380390 78 16949
1669651395150 78 16999
1669651410022 78 17049
1669651424761 78 17099
1669651444978 78 17142
1669651449935 79 17142
1669651452787 79 17149
1669651467551 79 17199
1669651482461 79 17249
1669651497552 79 17299
1669651512329 79 17349
1669651522919 79 17359
1669651527906 80 17359
1669651540444 80 17399
1669651555239 80 17449
1669651569936 80 17499
1669651584586 80 17549
1669651600047 80 17576
1669651605101 81 17576
1669651612513 81 17599
1669651627205 81 17649
1669651642290 81 17699
1669651657204 81 17749
1669651677639 81 17793
1669651682604 82 17793
1669651685091 82 17799
1669651699748 82 17849
1669651714623 82 17899
1669651729291 82 17949
1669651743984 82 17999
1669651754776 82 18010
1669651759788 83 18010
1669651772395 83 18049
1669651787086 83 18099
1669651801818 83 18149
1669651816543 83 18199
1669651832296 83 18227
1669651837346 84 18227
1669651844480 84 18249
1669651859290 84 18299
1669651874143 84 18349
1669651888877 84 18399
1669651909850 84 18444
1669651914837 85 18444
1669651917058 85 18449
1669651931857 85 18499
1669651946497 85 18549
1669651961167 85 18599
1669651975776 85 18649
1669651986721 85 18661
1669651991816 86 18661
1669652003662 86 18699
1669652018565 86 18749
1669652033323 86 18799
1669652048212 86 18849
1669652064644 86 18878
1669652069666 87 18878
1669652076552 87 18899
1669652091200 87 18949
1669652105874 87 18999
1669652120534 87 19049
1669652141610 87 19095
1669652146566 88 19095
1669652148517 88 19099
1669652163315 88 19149
1669652177984 88 19199
1669652192670 88 19249
1669652207700 88 19299
1669652219125 88 19312
1669652224019 89 19312
1669652235579 89 19349
1669652250194 89 19399
1669652264846 89 19449
1669652279491 89 19499
1669652295833 89 19529
1669652300840 90 19529
1669652307415 90 19549
1669652322129 90 19599
1669652336973 90 19649
1669652351654 90 19699
1669652373185 90 19746
1669652378198 91 19746
1669652379803 91 19749
1669652394453 91 19799
1669652409170 91 19849
1669652423993 91 19899
1669652438791 91 19949
1669652450481 91 19963
1669652455541 92 19963
1669652466915 92 19999
1669652481799 92 20049
1669652496569 92 20099
1669652511562 92 20149
1669652528307 92 20180
1669652533337 93 20180
1669652539758 93 20199
1669652554463 93 20249
1669652569312 93 20299
1669652584102 93 20349
1669652605768 93 20397
1669652610839 94 20397
1669652612159 94 20399
1669652626809 94 20449
1669652641836 94 20499
1669652656730 94 20549
1669652671424 94 20599
1669652683334 94 20614
1669652688354 95 20614
1669652699362 95 20649
1669652714111 95 20699
1669652728953 95 20749
1669652743743 95 20799
1669652760560 95 20831
1669652765581 96 20831
1669652771568 96 20849
1669652786370 96 20899
1669652801335 96 20949
1669652816051 96 20999
1669652837992 96 21048
1669652842922 97 21048
1669652843952 97 21049
1669652858800 97 21099
1669652873533 97 21149
1669652888244 97 21199
1669652902981 97 21249
1669652915213 97 21265
1669652920217 98 21265
1669652931124 98 21299
1669652945981 98 21349
1669652960922 98 21399
1669652975665 98 21449
1669652993013 98 21482
1669652998091 99 21482
1669653003913 99 21499
1669653018568 99 21549
1669653033268 99 21599
1669653048115 99 21649
1669653062646 99 21699
1669653070405 99 21699
1669653075278 100 21699
1669653090866 100 21749
1669653105717 100 21799
1669653120455 100 21849
1669653135183 100 21899
1669653147618 100 21916
1669653152568 101 21916
1669653163097 101 21949
1669653177816 101 21999
1669653192698 101 22049
1669653207514 101 22099
1669653225054 101 22133
1669653230104 102 22133
1669653235493 102 22149
1669653250326 102 22199
1669653265093 102 22249
1669653279924 102 22299
1669653294586 102 22349
1669653302497 102 22350
1669653307493 103 22350
1669653322550 103 22399
1669653337516 103 22449
1669653352210 103 22499
1669653366904 103 22549
1669653379744 103 22567
1669653384625 104 22567
1669653394965 104 22599
1669653409720 104 22649
1669653424460 104 22699
1669653439198 104 22749
1669653457054 104 22784
1669653462057 105 22784
1669653467265 105 22799
1669653482277 105 22849
1669653496941 105 22899
1669653511826 105 22949
1669653526558 105 22999
1669653534890 105 23001
1669653539823 106 23001
1669653554666 106 23049
1669653569410 106 23099
1669653584203 106 23149
1669653598974 106 23199
1669653612242 106 23218
1669653617263 107 23218
1669653627083 107 23249
1669653642110 107 23299
1669653656887 107 23349
1669653671662 107 23399
1669653689804 107 23435
1669653694731 108 23435
1669653699549 108 23449
1669653714447 108 23499
1669653729110 108 23549
1669653743952 108 23599
1669653758601 108 23649
1669653767071 108 23652
1669653772132 109 23652
1669653786722 109 23699
1669653801541 109 23749
1669653816289 109 23799
1669653831231 109 23849
1669653844573 109 23869
1669653849598 110 23869
1669653859142 110 23899
1669653873774 110 23949
1669653888653 110 23999
1669653903302 110 24049
1669653921659 110 24086
1669653926694 111 24086
1669653931199 111 24099
1669653946185 111 24149
1669653960818 111 24199
1669653975478 111 24249
1669653990259 111 24299
1669653998996 111 24303
1669654004042 112 24303
1669654018481 112 24349
1669654033197 112 24399
1669654047918 112 24449
1669654062740 112 24499
1669654076776 112 24520
1669654081771 113 24520
1669654090984 113 24549
1669654105753 113 24599
1669654120839 113 24649
1669654135617 113 24699
1669654154314 113 24737
1669654159294 114 24737
1669654163567 114 24749
1669654178254 114 24799
1669654192948 114 24849
1669654207997 114 24899
1669654222683 114 24949
1669654231626 114 24954
1669654236565 115 24954
1669654250656 115 24999
1669654265421 115 25049
1669654280192 115 25099
1669654295039 115 25149
1669654309083 115 25171
1669654314209 116 25171
1669654323154 116 25199
1669654337850 116 25249
1669654352886 116 25299
1669654367665 116 25349
1669654386754 116 25388
1669654391745 117 25388
1669654395770 117 25399
1669654410658 117 25449
1669654425408 117 25499
1669654440139 117 25549
1669654454872 117 25599
1669654464359 117 25605
1669654469473 118 25605
1669654483183 118 25649
1669654498110 118 25699
1669654512936 118 25749
1669654527634 118 25799
1669654541937 118 25822
1669654546945 119 25822
1669654555702 119 25849
1669654570581 119 25899
1669654585289 119 25949
1669654599964 119 25999
1669654619581 119 26039
1669654624539 120 26039
1669654628164 120 26049
1669654642918 120 26099
1669654657875 120 26149
1669654672618 120 26199
1669654687524 120 26249
1669654696790 120 26256
1669654701694 121 26256
1669654715034 121 26299
1669654729766 121 26349
1669654744822 121 26399
1669654759584 121 26449
1669654774067 121 26473
1669654779066 122 26473
1669654787483 122 26499
1669654802184 122 26549
1669654817265 122 26599
1669654831982 122 26649
1669654851586 122 26690
1669654856583 123 26690
1669654859985 123 26699
1669654874827 123 26749
1669654889511 123 26799
1669654904365 123 26849
1669654919116 123 26899
1669654929041 123 26907
1669654934016 124 26907
1669654947004 124 26949
1669654962034 124 26999
1669654976733 124 27049
1669654991582 124 27099
1669655006364 124 27124
1669655011337 125 27124
1669655019588 125 27149
1669655034510 125 27199
1669655049300 125 27249
1669655064091 125 27299
1669655084024 125 27341
1669655089087 126 27341
1669655092196 126 27349
1669655107082 126 27399
1669655121974 126 27449
1669655136759 126 27499
1669655151721 126 27549
1669655162004 126 27558
1669655167029 127 27558
1669655179761 127 27599
1669655194488 127 27649
1669655209196 127 27699
1669655223882 127 27749
1669655239200 127 27775
1669655244150 128 27775
1669655251877 128 27799
1669655266809 128 27849
1669655281532 128 27899
1669655296416 128 27949
1669655316681 128 27992
1669655321640 129 27992
1669655324440 129 27999
1669655339182 129 28049
1669655354052 129 28099
1669655368748 129 28149
1669655383484 129 28199
1669655393961 129 28209
1669655399004 130 28209
1669655411693 130 28249
1669655426619 130 28299
1669655441502 130 28349
1669655456224 130 28399
1669655471723 130 28426
1669655476724 131 28426
1669655484219 131 28449
1669655498975 131 28499
1669655513671 131 28549
1669655528527 131 28599
1669655548935 131 28643
1669655553918 132 28643
1669655556436 132 28649
1669655571457 132 28699
1669655586226 132 28749
1669655601051 132 28799
1669655615730 132 28849
1669655626474 132 28860
1669655631368 133 28860
1669655643467 133 28899
1669655658213 133 28949
1669655672892 133 28999
1669655687871 133 29049
1669655703709 133 29077
1669655708724 134 29077
1669655715892 134 29099
1669655730598 134 29149
1669655745301 134 29199
1669655760046 134 29249
1669655780848 134 29294
1669655785831 135 29294
1669655788047 135 29299
1669655802697 135 29349
1669655817516 135 29399
1669655832348 135 29449
1669655847031 135 29499
1669655857950 135 29511
1669655862956 136 29511
1669655875047 136 29549
1669655889904 136 29599
1669655904647 136 29649
1669655919363 136 29699
1669655935440 136 29728
1669655940449 137 29728
1669655947326 137 29749
1669655962161 137 29799
1669655977033 137 29849
1669655991729 137 29899
1669656012750 137 29945
1669656017837 138 29945
1669656019785 138 29949
1669656034663 138 29999
1669656049372 138 30049
1669656064097 138 30099
1669656078929 138 30149
1669656090345 138 30162
1669656095362 139 30162
1669656107094 139 30199
1669656121887 139 30249
1669656136830 139 30299
1669656151715 139 30349
1669656168036 139 30379
1669656172984 140 30379
1669656179525 140 30399
1669656194255 140 30449
1669656209137 140 30499
1669656224036 140 30549
1669656245355 140 30596
1669656250506 141 30596
1669656252164 141 30599
1669656266932 141 30649
1669656281559 141 30699
1669656296195 141 30749
1669656311036 141 30799
1669656322590 141 30813
1669656327523 142 30813
1669656338821 142 30849
1669656353706 142 30899
1669656368532 142 30949
1669656383261 142 30999
1669656399991 142 31030
1669656404963 143 31030
1669656411298 143 31049
1669656426048 143 31099
1669656440948 143 31149
1669656455698 143 31199
1669656477451 143 31247
1669656482525 144 31247
1669656483831 144 31249
1669656498712 144 31299
1669656513445 144 31349
1669656528161 144 31399
1669656543061 144 31449
1669656554872 144 31464
1669656559907 145 31464
1669656570961 145 31499
1669656585845 145 31549
1669656600541 145 31599
1669656615452 145 31649
1669656632327 145 31681
1669656637289 146 31681
1669656643333 146 31699
1669656657994 146 31749
1669656673093 146 31799
1669656687796 146 31849
1669656709700 146 31898
1669656714771 147 31898
1669656715842 147 31899
1669656730648 147 31949
1669656745532 147 31999
1669656760181 147 32049
1669656774827 147 32099
1669656786994 147 32115
1669656792008 148 32115
1669656802723 148 32149
1669656817771 148 32199
1669656832470 148 32249
1669656847217 148 32299
1669656864493 148 32332
1669656869430 149 32332
1669656875136 149 32349
1669656889785 149 32399
1669656904653 149 32449
1669656919334 149 32499
1669656933851 149 32549
1669656941686 149 32549
1669656946696 150 32549
1669656962032 150 32599
1669656976874 150 32649
1669656991748 150 32699
1669657006404 150 32749
1669657019069 150 32766
1669657024136 151 32766
1669657034522 151 32799
1669657049230 151 32849
1669657063956 151 32899
1669657078920 151 32949
1669657096428 151 32983
1669657101480 152 32983
1669657106946 152 32999
1669657121845 152 33049
1669657136537 152 33099
1669657151273 152 33149
1669657165969 152 33199
1669657173660 152 33200
1669657178762 153 33200
1669657194022 153 33249
1669657208725 153 33299
1669657223576 153 33349
1669657238428 153 33399
1669657251172 153 33417
1669657256302 154 33417
1669657266786 154 33449
1669657281463 154 33499
1669657296178 154 33549
1669657310906 154 33599
1669657328541 154 33634
1669657333407 155 33634
1669657338577 155 33649
1669657353620 155 33699
1669657368457 155 33749
1669657383186 155 33799
1669657397898 155 33849
1669657406123 155 33851
1669657411133 156 33851
1669657425927 156 33899
1669657440760 156 33949
1669657455517 156 33999
1669657470219 156 34049
1669657483654 156 34068
1669657488617 157 34068
1669657498493 157 34099
1669657513525 157 34149
1669657528306 157 34199
1669657543072 157 34249
1669657561195 157 34285
1669657566464 158 34285
1669657571226 158 34299
1669657586131 158 34349
1669657600919 158 34399
1669657615733 158 34449
1669657630459 158 34499
1669657639105 158 34502
1669657644247 159 34502
1669657658941 159 34549
1669657673626 159 34599
1669657688355 159 34649
1669657703065 159 34699
1669657716570 159 34719
1669657721461 160 34719
1669657731041 160 34749
1669657745702 160 34799
1669657760493 160 34849
1669657775483 160 34899
1669657794112 160 34936
1669657799087 161 34936
1669657803542 161 34949
1669657818226 161 34999
1669657832953 161 35049
1669657847671 161 35099
1669657862461 161 35149
1669657871229 161 35153
1669657876201 162 35153
1669657890536 162 35199
1669657905685 162 35249
1669657920449 162 35299
1669657935305 162 35349
1669657949157 162 35370
1669657954173 163 35370
1669657963367 163 35399
1669657978082 163 35449
1669657992793 163 35499
1669658007517 163 35549
1669658026220 163 35587
1669658031162 164 35587
1669658035481 164 35599
1669658050478 164 35649
1669658065348 164 35699
1669658080188 164 35749
1669658094879 164 35799
1669658103867 164 35804
1669658108800 165 35804
1669658122739 165 35849
1669658137511 165 35899
1669658152296 165 35949
1669658167251 165 35999
1669658181356 165 36021
1669658186382 166 36021
1669658195284 166 36049
1669658210135 166 36099
1669658224825 166 36149
1669658239704 166 36199
1669658258532 166 36238
1669658263497 167 36238
1669658267417 167 36249
1669658282128 167 36299
1669658296887 167 36349
1669658311705 167 36399
1669658326824 167 36449
1669658336299 167 36455
1669658341380 168 36455
1669658354961 168 36499
1669658369652 168 36549
1669658384508 168 36599
1669658399243 168 36649
1669658413560 168 36672
1669658418610 169 36672
1669658427183 169 36699
1669658441939 169 36749
1669658456600 169 36799
1669658471445 169 36849
1669658490832 169 36889
1669658495838 170 36889
1669658499525 170 36899
1669658514374 170 36949
1669658529405 170 36999
1669658544124 170 37049
1669658558863 170 37099
1669658568528 170 37106
1669658573531 171 37106
1669658586850 171 37149
1669658601532 171 37199
1669658616420 171 37249
1669658631261 171 37299
1669658645966 171 37323
1669658651011 172 37323
1669658659690 172 37349
1669658674350 172 37399
1669658689072 172 37449
1669658703818 172 37499
1669658723633 172 37540
1669658728609 173 37540
1669658732029 173 37549
1669658746782 173 37599
1669658761501 173 37649
1669658776388 173 37699
1669658791125 173 37749
1669658801068 173 37757
1669658806103 174 37757
1669658819204 174 37799
1669658833979 174 37849
1669658848859 174 37899
1669658863615 174 37949
1669658878667 174 37974
1669658883527 175 37974
1669658891594 175 37999
1669658906323 175 38049
1669658921341 175 38099
1669658936215 175 38149
1669658956162 175 38191
1669658961150 176 38191
1669658964245 176 38199
1669658978942 176 38249
1669658993827 176 38299
1669659008500 176 38349
1669659023222 176 38399
1669659033473 176 38408
1669659038472 177 38408
1669659051225 177 38449
1669659066188 177 38499
1669659081069 177 38549
1669659095724 177 38599
1669659110853 177 38625
1669659116000 178 38625
1669659123746 178 38649
1669659138586 178 38699
1669659153238 178 38749
1669659168000 178 38799
1669659188086 178 38842
1669659193148 179 38842
1669659196149 179 38849
1669659211061 179 38899
1669659225924 179 38949
1669659240617 179 38999
1669659255456 179 39049
1669659265941 179 39059
1669659271017 180 39059
1669659283493 180 39099
1669659298183 180 39149
1669659312874 180 39199
1669659327767 180 39249
1669659343223 180 39276
1669659348234 181 39276
1669659356054 181 39299
1669659370765 181 39349
1669659385534 181 39399
1669659400440 181 39449
1669659420882 181 39493
1669659426034 182 39493
1669659428512 182 39499
1669659443187 182 39549
1669659458125 182 39599
1669659472929 182 39649
1669659487633 182 39699
1669659498507 182 39710
1669659503434 183 39710
1669659515741 183 39749
1669659530573 183 39799
1669659545291 183 39849
1669659559971 183 39899
1669659575859 183 39927
1669659580834 184 39927
1669659588017 184 39949
1669659602723 184 39999
1669659617418 184 40049
1669659632305 184 40099
1669659652964 184 40144
1669659657923 185 40144
1669659660350 185 40149
1669659675135 185 40199
1669659689815 185 40249
1669659704533 185 40299
1669659719218 185 40349
1669659730399 185 40361
1669659735388 186 40361
1669659747234 186 40399
1669659761907 186 40449
1669659776752 186 40499
1669659791626 186 40549
1669659807710 186 40578
1669659812776 187 40578
1669659819673 187 40599
1669659834606 187 40649
1669659849322 187 40699
1669659864025 187 40749
1669659885122 187 40795
1669659890162 188 40795
1669659892064 188 40799
1669659906850 188 40849
1669659921988 188 40899
1669659936674 188 40949
1669659951407 188 40999
1669659962866 188 41012
1669659967771 189 41012
1669659979272 189 41049
1669659994093 189 41099
1669660008767 189 41149
1669660023444 189 41199
1669660039848 189 41229
1669660044826 190 41229
1669660051701 190 41249
1669660066607 190 41299
1669660081343 190 41349
1669660096166 190 41399
1669660117762 190 41446
1669660122907 191 41446
1669660124576 191 41449
1669660139203 191 41499
1669660153831 191 41549
1669660168511 191 41599
1669660183236 191 41649
1669660195169 191 41663
1669660200076 192 41663
1669660211343 192 41699
1669660226217 192 41749
1669660241025 192 41799
1669660255755 192 41849
1669660272350 192 41880
1669660277470 193 41880
1669660283923 193 41899
1669660298554 193 41949
1669660313400 193 41999
1669660328256 193 42049
1669660349808 193 42097
1669660354823 194 42097
1669660356128 194 42099
1669660370867 194 42149
1669660385768 194 42199
1669660400529 194 42249
1669660415270 194 42299
1669660427320 194 42314
1669660432396 195 42314
1669660443625 195 42349
1669660458326 195 42399
1669660473078 195 42449
1669660487927 195 42499
1669660504887 195 42531
1669660509796 196 42531
1669660515758 196 42549
1669660530645 196 42599
1669660545394 196 42649
1669660560061 196 42699
1669660582159 196 42748
1669660587166 197 42748
1669660588220 197 42749
1669660603014 197 42799
1669660618072 197 42849
1669660632823 197 42899
1669660647506 197 42949
1669660659827 197 42965
1669660664806 198 42965
1669660675517 198 42999
1669660690244 198 43049
1669660705149 198 43099
1669660719906 198 43149
1669660737154 198 43182
1669660742196 199 43182
1669660747953 199 43199
1669660762855 199 43249
1669660777905 199 43299
1669660792664 199 43349
1669660807401 199 43399
1669660815221 199 43399
1669660820337 200 43399
1669660835918 200 43449
1669660850748 200 43499
1669660865457 200 43549
1669660880116 200 43599
1669660892770 200 43616
1669660897816 201 43616
1669660908196 201 43649
1669660923015 201 43699
1669660938010 201 43749
1669660952745 201 43799
1669660970804 201 43833
1669660975831 202 43833
1669660981238 202 43849
1669660995899 202 43899
1669661010774 202 43949
1669661025488 202 43999
1669661040322 202 44049
1669661048316 202 44050
1669661053306 203 44050
1669661068673 203 44099
1669661083478 203 44149
1669661098446 203 44199
1669661113202 203 44249
1669661126176 203 44267
1669661131205 204 44267
1669661141308 204 44299
1669661156231 204 44349
1669661170949 204 44399
1669661185831 204 44449
1669661203628 204 44484
1669661208636 205 44484
1669661213928 205 44499
1669661228847 205 44549
1669661243610 205 44599
1669661258361 205 44649
1669661273103 205 44699
1669661281324 205 44701
1669661286273 206 44701
1669661301428 206 44749
1669661316200 206 44799
1669661330899 206 44849
1669661345595 206 44899
1669661358682 206 44918
1669661363732 207 44918
1669661373608 207 44949
1669661388594 207 44999
1669661403267 207 45049
1669661417973 207 45099
1669661436018 207 45135
1669661441003 208 45135
1669661445991 208 45149
1669661460841 208 45199
1669661475516 208 45249
1669661490250 208 45299
1669661504942 208 45349
1669661513512 208 45352
1669661518626 209 45352
1669661533233 209 45399
1669661548127 209 45449
1669661562836 209 45499
1669661577670 209 45549
1669661591449 209 45569
1669661596431 210 45569
1669661605974 210 45599
1669661620734 210 45649
1669661635444 210 45699
1669661650224 210 45749
1669661668765 210 45786
1669661673819 211 45786
1669661678371 211 45799
1669661693285 211 45849
1669661708039 211 45899
1669661723058 211 45949
1669661737781 211 45999
1669661746610 211 46003
1669661751616 212 46003
1669661765833 212 46049
1669661780489 212 46099
1669661795125 212 46149
1669661809778 212 46199
1669661823727 212 46220
1669661828688 213 46220
1669661837961 213 46249
1669661852933 213 46299
1669661867701 213 46349
1669661882575 213 46399
1669661901339 213 46437
1669661906372 214 46437
1669661910639 214 46449
1669661925389 214 46499
1669661940081 214 46549
1669661954944 214 46599
1669661969623 214 46649
1669661978632 214 46654
1669661983788 215 46654
1669661997889 215 46699
1669662012646 215 46749
1669662027246 215 46799
1669662041990 215 46849
1669662055881 215 46871
1669662060797 216 46871
1669662069640 216 46899
1669662084371 216 46949
1669662098976 216 46999
1669662113543 216 47049
1669662132538 216 47088
1669662137475 217 47088
1669662141329 217 47099
1669662155890 217 47149
1669662170628 217 47199
1669662185223 217 47249
1669662199765 217 47299
1669662208917 217 47305
1669662213762 218 47305
1669662227383 218 47349
1669662242103 218 47399
1669662256731 218 47449
1669662271312 218 47499
1669662285729 218 47522
1669662290679 219 47522
1669662299221 219 47549
1669662313796 219 47599
1669662328727 219 47649
1669662343475 219 47699
1669662362686 219 47739
1669662367617 220 47739
1669662371291 220 47749
1669662385833 220 47799
1669662400462 220 47849
1669662415277 220 47899
1669662429881 220 47949
1669662439628 220 47956
1669662444585 221 47956
1669662457795 221 47999
1669662472374 221 48049
1669662487075 221 48099
1669662501771 221 48149
1669662516323 221 48173
1669662521286 222 48173
1669662529512 222 48199
1669662544105 222 48249
1669662558725 222 48299
1669662573440 222 48349
1669662592821 222 48390
1669662597775 223 48390
1669662601158 223 48399
1669662615864 223 48449
1669662630598 223 48499
1669662645232 223 48549
1669662659838 223 48599
1669662669565 223 48607
1669662674502 224 48607
1669662687497 224 48649
1669662702053 224 48699
1669662716778 224 48749
1669662731406 224 48799
1669662746153 224 48824
1669662751052 225 48824
1669662759003 225 48849
1669662773604 225 48899
1669662788353 225 48949
1669662803173 225 48999
1669662822879 225 49041
1669662827799 226 49041
1669662830823 226 49049
1669662845623 226 49099
1669662860294 226 49149
1669662875019 226 49199
1669662889790 226 49249
1669662899985 226 49258
1669662904941 227 49258
1669662917789 227 49299
1669662932388 227 49349
1669662946966 227 49399
1669662961530 227 49449
1669662976596 227 49475
1669662981501 228 49475
1669662989315 228 49499
1669663004131 228 49549
1669663018976 228 49599
1669663033612 228 49649
1669663053551 228 49692
1669663058568 229 49692
1669663061302 229 49699
1669663076019 229 49749
1669663090622 229 49799
1669663105243 229 49849
1669663119843 229 49899
1669663130214 229 49909
1669663135150 230 49909
1669663147785 230 49949
1669663162361 230 49999
1669663177160 230 50049
1669663191820 230 50099
1669663207102 230 50126
1669663212077 231 50126
1669663219453 231 50149
1669663234205 231 50199
1669663248762 231 50249
1669663263502 231 50299
1669663283752 231 50343
1669663288623 232 50343
1669663291067 232 50349
1669663305953 232 50399
1669663320556 232 50449
1669663335170 232 50499
1669663349912 232 50549
1669663360493 232 50560
1669663365385 233 50560
1669663377519 233 50599
1669663392142 233 50649
1669663406758 233 50699
1669663421387 233 50749
1669663436982 233 50777
1669663441928 234 50777
1669663449057 234 50799
1669663463956 234 50849
1669663478550 234 50899
1669663493395 234 50949
1669663513996 234 50994
1669663518898 235 50994
1669663521069 235 50999
1669663535704 235 51049
1669663550460 235 51099
1669663565172 235 51149
1669663579817 235 51199
1669663590915 235 51211
1669663595856 236 51211
1669663607922 236 51249
1669663622641 236 51299
1669663637363 236 51349
1669663652016 236 51399
1669663668064 236 51428
1669663673066 237 51428
1669663679842 237 51449
1669663694415 237 51499
1669663709160 237 51549
1669663723920 237 51599
1669663744985 237 51645
1669663749864 238 51645
1669663751761 238 51649
1669663766435 238 51699
1669663781013 238 51749
1669663795570 238 51799
1669663810173 238 51849
1669663821627 238 51862
1669663826543 239 51862
1669663837993 239 51899
1669663852625 239 51949
1669663867360 239 51999
1669663881938 239 52049
1669663898377 239 52079
1669663903392 240 52079
1669663909837 240 52099
1669663924444 240 52149
1669663939062 240 52199
1669663953715 240 52249
1669663975031 240 52296
1669663979941 241 52296
1669663981490 241 52299
1669663996071 241 52349
1669664010809 241 52399
1669664025588 241 52449
1669664040254 241 52499
1669664051989 241 52513
1669664057033 242 52513
1669664068230 242 52549
1669664082990 242 52599
1669664097566 242 52649
1669664112213 242 52699
1669664128712 242 52730
1669664133591 243 52730
1669664139831 243 52749
1669664154753 243 52799
1669664169318 243 52849
1669664184184 243 52899
1669664205660 243 52947
1669664210607 244 52947
1669664211898 244 52949
1669664226485 244 52999
1669664241106 244 53049
1669664255841 244 53099
1669664270408 244 53149
1669664282312 244 53164
1669664287181 245 53164
1669664298077 245 53199
1669664312943 245 53249
1669664327697 245 53299
1669664342278 245 53349
1669664359120 245 53381
1669664364052 246 53381
1669664370005 246 53399
1669664384883 246 53449
1669664399521 246 53499
1669664414182 246 53549
1669664435955 246 53598
1669664440874 247 53598
1669664441825 247 53599
1669664456440 247 53649
1669664471406 247 53699
1669664486146 247 53749
1669664500685 247 53799
1669664512683 247 53815
1669664517542 248 53815
1669664528135 248 53849
1669664542729 248 53899
1669664557404 248 53949
1669664571996 248 53999
1669664589333 248 54032
1669664594251 249 54032
1669664599956 249 54049
1669664614620 249 54099
1669664629297 249 54149
1669664644155 249 54199
1669664658519 249 54249
1669664666196 249 54249
1669664671082 250 54249
1669664686362 250 54299
1669664700985 250 54349
1669664715636 250 54399
1669664730292 250 54449
1669664742877 250 54466
1669664747693 251 54466
1669664757959 251 54499
1669664772729 251 54549
1669664787500 251 54599
1669664802090 251 54649
1669664819409 251 54683
1669664824382 252 54683
1669664829780 252 54699
1669664844423 252 54749
1669664859069 252 54799
1669664873621 252 54849
1669664888329 252 54899
1669664896240 252 54900
1669664901178 253 54900
1669664916138 253 54949
1669664930703 253 54999
1669664945643 253 55049
1669664960203 253 55099
1669664972909 253 55117
1669664977917 254 55117
1669664987912 254 55149
1669665002479 254 55199
1669665017205 254 55249
1669665031777 254 55299
1669665049422 254 55334
1669665054398 255 55334
1669665059444 255 55349
1669665074369 255 55399
1669665089026 255 55449
1669665103688 255 55499
1669665118324 255 55549
1669665126468 255 55551
1669665131528 256 55551
1669665146403 256 55599
1669665160994 256 55649
1669665175611 256 55699
1669665190179 256 55749
1669665203094 256 55768
1669665208036 257 55768
1669665217746 257 55799
1669665232732 257 55849
1669665247346 257 55899
1669665261907 257 55949
1669665279961 257 55985
1669665284970 258 55985
1669665289727 258 55999
1669665304308 258 56049
1669665318966 258 56099
1669665333620 258 56149
1669665348176 258 56199
1669665356655 258 56202
1669665361588 259 56202
1669665376088 259 56249
1669665390781 259 56299
1669665405506 259 56349
1669665420065 259 56399
1669665433341 259 56419
1669665438345 260 56419
1669665447800 260 56449
1669665462448 260 56499
1669665477045 260 56549
1669665491767 260 56599
1669665510152 260 56636
1669665515083 261 56636
1669665519569 261 56649
1669665534314 261 56699
1669665549073 261 56749
1669665563703 261 56799
1669665578360 261 56849
1669665587057 261 56853
1669665592033 262 56853
1669665606073 262 56899
1669665620655 262 56949
1669665635258 262 56999
1669665650147 262 57049
1669665664059 262 57070
1669665669069 263 57070
1669665678171 263 57099
1669665692738 263 57149
1669665707336 263 57199
1669665721906 263 57249
1669665740416 263 57287
1669665745340 264 57287
1669665749505 264 57299
1669665764036 264 57349
1669665778828 264 57399
1669665793578 264 57449
1669665808302 264 57499
1669665817249 264 57504
1669665822133 265 57504
1669665836012 265 57549
1669665850689 265 57599
1669665865333 265 57649
1669665879953 265 57699
1669665893752 265 57721
1669665898766 266 57721
1669665907693 266 57749
1669665922451 266 57799
1669665937236 266 57849
1669665951962 266 57899
1669665970873 266 57938
1669665975816 267 57938
1669665979716 267 57949
1669665994304 267 57999
1669666008893 267 58049
1669666023590 267 58099
1669666038291 267 58149
1669666047290 267 58155
1669666052213 268 58155
1669666065932 268 58199
1669666080813 268 58249
1669666095487 268 58299
1669666110079 268 58349
1669666124255 268 58372
1669666129193 269 58372
1669666137718 269 58399
1669666152305 269 58449
1669666166851 269 58499
1669666181404 269 58549
1669666200446 269 58589
1669666205371 270 58589
1669666208925 270 58599
1669666223476 270 58649
1669666238198 270 58699
1669666252915 270 58749
1669666267694 270 58799
1669666277353 270 58806
1669666282241 271 58806
1669666295461 271 58849
1669666310027 271 58899
1669666324733 271 58949
1669666339303 271 58999
1669666353653 271 59023
1669666358508 272 59023
1669666366946 272 59049
1669666381621 272 59099
1669666396462 272 59149
1669666411323 272 59199
1669666430730 272 59240
1669666435693 273 59240
1669666438991 273 59249
1669666453547 273 59299
1669666468150 273 59349
1669666482808 273 59399
1669666497385 273 59449
1669666507157 273 59457
1669666512053 274 59457
1669666525113 274 59499
1669666539846 274 59549
1669666554617 274 59599
1669666569321 274 59649
1669666584044 274 59674
1669666588977 275 59674
1669666596999 275 59699
1669666611641 275 59749
1669666626275 275 59799
1669666641000 275 59849
1669666660891 275 59891
1669666665785 276 59891
1669666668880 276 59899
1669666683587 276 59949
1669666698316 276 59999
1669666713143 276 60049
1669666727721 276 60099
1669666737760 276 60108
1669666742725 277 60108
1669666755344 277 60149
1669666770017 277 60199
1669666784572 277 60249
1669666799214 277 60299
1669666814411 277 60325
1669666819325 278 60325
1669666827348 278 60349
1669666842206 278 60399
1669666856821 278 60449
1669666871447 278 60499
1669666891476 278 60542
1669666896453 279 60542
1669666899201 279 60549
1669666913781 279 60599
1669666928425 279 60649
1669666942989 279 60699
1669666957555 279 60749
1669666968088 279 60759
1669666973024 280 60759
1669666985743 280 60799
1669667000363 280 60849
1669667015074 280 60899
1669667029687 280 60949
1669667045051 280 60976
1669667049921 281 60976
1669667057309 281 60999
1669667071902 281 61049
1669667086481 281 61099
1669667101334 281 61149
1669667121900 281 61193
1669667126861 282 61193
1669667129238 282 61199
1669667143810 282 61249
1669667158434 282 61299
1669667173094 282 61349
1669667187792 282 61399
1669667198440 282 61410
1669667203314 283 61410
1669667215414 283 61449
1669667230244 283 61499
1669667244854 283 61549
1669667259746 283 61599
1669667275308 283 61627
1669667280275 284 61627
1669667287371 284 61649
1669667301930 284 61699
1669667316552 284 61749
1669667331132 284 61799
1669667351915 284 61844
1669667356862 285 61844
1669667359041 285 61849
1669667373643 285 61899
1669667388263 285 61949
1669667403170 285 61999
1669667417975 285 62049
1669667428926 285 62061
1669667433877 286 62061
1669667445636 286 62099
1669667460165 286 62149
1669667474771 286 62199
1669667489488 286 62249
1669667505386 286 62278
1669667510259 287 62278
1669667517097 287 62299
1669667531846 287 62349
1669667546788 287 62399
1669667561586 287 62449
1669667582572 287 62495
1669667587451 288 62495
1669667589306 288 62499
1669667603835 288 62549
1669667618391 288 62599
1669667633095 288 62649
1669667647766 288 62699
1669667659058 288 62712
1669667663995 289 62712
1669667675435 289 62749
1669667690027 289 62799
1669667704764 289 62849
1669667719458 289 62899
1669667735608 289 62929
1669667740458 290 62929
1669667747137 290 62949
1669667761758 290 62999
1669667776399 290 63049
1669667791197 290 63099
1669667812330 290 63146
1669667817144 291 63146
1669667818743 291 63149
1669667833306 291 63199
1669667847942 291 63249
1669667862714 291 63299
1669667877324 291 63349
1669667888983 291 63363
1669667893806 292 63363
1669667905083 292 63399
1669667919821 292 63449
1669667934615 292 63499
1669667949193 292 63549
1669667965756 292 63580
1669667970754 293 63580
1669667977129 293 63599
1669667991687 293 63649
1669668006488 293 63699
1669668021093 293 63749
1669668042808 293 63797
1669668047788 294 63797
1669668049052 294 63799
1669668063880 294 63849
1669668078446 294 63899
1669668093073 294 63949
1669668107665 294 63999
1669668119456 294 64014
1669668124465 295 64014
1669668135556 295 64049
1669668150246 295 64099
1669668164893 295 64149
1669668179470 295 64199
1669668196289 295 64231
1669668201188 296 64231
1669668207208 296 64249
1669668222145 296 64299
1669668236778 296 64349
1669668251489 296 64399
1669668273323 296 64448
1669668278197 297 64448
1669668279183 297 64449
1669668293899 297 64499
1669668308625 297 64549
1669668323271 297 64599
1669668337862 297 64649
1669668350025 297 64665
1669668354871 298 64665
1669668365569 298 64699
1669668380097 298 64749
1669668394631 298 64799
1669668409165 298 64849
1669668426260 298 64882
1669668431119 299 64882
1669668436769 299 64899
1669668451328 299 64949
1669668466043 299 64999
1669668480612 299 65049
1669668495126 299 65099
1669668502917 299 65099
1669668507685 300 65099
