1669645361934 0.25 49
1669645376553 0.75 99
1669645391561 0.8333333134651184 149
1669645406185 0.20000000298023224 199
1669645433139 0.8333333134651184 249
1669645447811 0.20000000298023224 299
1669645462466 0.20000000298023224 349
1669645477347 0.5 399
1669645504904 0.20000000298023224 449
1669645519554 0.5 499
1669645534359 0.5 549
1669645549125 0.1666666716337204 599
1669645563938 0.3333333432674408 649
1669645591404 0.5 699
1669645606063 0.3333333432674408 749
1669645620731 0.25 799
1669645635364 0.0 849
1669645662787 0.8333333134651184 899
1669645677636 0.0 949
1669645692467 0.20000000298023224 999
1669645707241 0.20000000298023224 1049
1669645734846 0.4000000059604645 1099
1669645749555 0.5 1149
1669645764281 0.3333333432674408 1199
1669645779041 0.1666666716337204 1249
1669645793771 0.20000000298023224 1299
1669645821236 0.6666666865348816 1349
1669645836053 0.25 1399
1669645850973 0.6666666865348816 1449
1669645865717 0.20000000298023224 1499
1669645893428 1.0 1549
1669645908138 0.3333333432674408 1599
1669645922834 0.4000000059604645 1649
1669645937608 0.1666666716337204 1699
1669645965396 0.25 1749
1669645980174 0.25 1799
1669645994855 0.20000000298023224 1849
1669646009697 0.20000000298023224 1899
1669646024349 0.20000000298023224 1949
1669646052306 0.0 1999
1669646066991 0.5 2049
1669646081796 0.4000000059604645 2099
1669646096497 0.20000000298023224 2149
1669646124313 0.25 2199
1669646139389 0.3333333432674408 2249
1669646154253 0.20000000298023224 2299
1669646168927 0.0 2349
1669646196651 0.0 2399
1669646211364 0.4000000059604645 2449
1669646226072 0.800000011920929 2499
1669646240776 0.75 2549
1669646255466 0.0 2599
1669646283283 0.20000000298023224 2649
1669646298112 0.1666666716337204 2699
1669646312870 0.3333333432674408 2749
1669646327549 0.2857142984867096 2799
1669646355191 0.20000000298023224 2849
1669646369906 0.6666666865348816 2899
1669646384567 0.0 2949
1669646399206 0.25 2999
1669646426921 0.6666666865348816 3049
1669646441821 0.3333333432674408 3099
1669646456452 0.20000000298023224 3149
1669646471244 0.20000000298023224 3199
1669646486054 0.25 3249
1669646513468 0.0 3299
1669646528108 0.5 3349
1669646542773 0.0 3399
1669646557563 0.0 3449
1669646585501 0.20000000298023224 3499
1669646600354 0.3333333432674408 3549
1669646615247 0.4000000059604645 3599
1669646629997 0.6666666865348816 3649
1669646657889 0.4000000059604645 3699
1669646672510 0.25 3749
1669646687185 0.25 3799
1669646702053 0.6666666865348816 3849
1669646716863 1.0 3899
1669646744943 0.6666666865348816 3949
1669646759811 0.0 3999
1669646774458 0.5 4049
1669646789205 0.800000011920929 4099
1669646817143 0.75 4149
1669646831770 0.3333333432674408 4199
1669646846548 0.4000000059604645 4249
1669646861191 0.4000000059604645 4299
1669646888684 0.0 4349
1669646903623 0.3333333432674408 4399
1669646918371 1.0 4449
1669646933199 0.6000000238418579 4499
1669646947934 0.5 4549
1669646975659 0.800000011920929 4599
1669646990381 0.3333333432674408 4649
1669647005718 0.3333333432674408 4699
1669647020718 0.0 4749
1669647048636 0.0 4799
1669647063422 0.4000000059604645 4849
1669647078062 0.75 4899
1669647092672 0.25 4949
1669647120334 0.4000000059604645 4999
1669647135035 0.75 5049
1669647150035 0.0 5099
1669647164844 0.20000000298023224 5149
1669647179544 0.5 5199
1669647207373 0.25 5249
1669647222077 0.5 5299
1669647236800 0.5 5349
1669647251571 0.20000000298023224 5399
1669647279423 0.5 5449
1669647294279 0.4000000059604645 5499
1669647309084 1.0 5549
1669647323945 0.800000011920929 5599
1669647351646 0.0 5649
1669647366281 0.3333333432674408 5699
1669647381149 0.800000011920929 5749
1669647395891 0.5 5799
1669647410624 0.0 5849
1669647438745 0.2857142984867096 5899
1669647453581 0.75 5949
1669647468429 0.0 5999
1669647483172 0.0 6049
1669647511021 0.6000000238418579 6099
1669647525714 0.20000000298023224 6149
1669647540574 0.4000000059604645 6199
1669647555356 0.3333333432674408 6249
1669647583284 0.20000000298023224 6299
1669647598229 0.0 6349
1669647613019 1.0 6399
1669647627713 0.0 6449
1669647642418 0.4000000059604645 6499
1669647670299 0.6666666865348816 6549
1669647685113 0.0 6599
1669647699759 0.20000000298023224 6649
1669647714571 0.5 6699
1669647742668 0.20000000298023224 6749
1669647757496 0.1428571492433548 6799
1669647772202 1.0 6849
1669647786927 0.4285714328289032 6899
1669647814917 0.3333333432674408 6949
1669647829521 1.0 6999
1669647844157 0.1428571492433548 7049
1669647859029 0.6666666865348816 7099
1669647873886 0.4000000059604645 7149
1669647901942 0.75 7199
1669647916688 0.4000000059604645 7249
1669647931399 0.20000000298023224 7299
1669647946152 0.5 7349
1669647974106 0.3333333432674408 7399
1669647988809 0.3333333432674408 7449
1669648003685 0.0 7499
1669648018573 0.4000000059604645 7549
1669648046800 0.75 7599
1669648061488 0.5 7649
1669648076136 1.0 7699
1669648090796 0.5 7749
1669648105481 0.1666666716337204 7799
1669648133575 0.0 7849
1669648148263 0.25 7899
1669648163091 0.6000000238418579 7949
1669648178114 1.0 7999
1669648206058 0.5 8049
1669648221007 1.0 8099
1669648235651 0.4000000059604645 8149
1669648250293 0.3333333432674408 8199
1669648278432 0.0 8249
1669648293327 0.5 8299
1669648308111 0.20000000298023224 8349
1669648322943 0.0 8399
1669648337586 0.0 8449
1669648365734 0.3333333432674408 8499
1669648380387 0.0 8549
1669648395093 0.25 8599
1669648409815 0.0 8649
1669648437587 0.0 8699
1669648452402 0.5 8749
1669648467089 0.0 8799
1669648481997 1.0 8849
1669648510096 0.3333333432674408 8899
1669648524783 0.4000000059604645 8949
1669648539585 0.25 8999
1669648554259 0.0 9049
1669648568901 0.20000000298023224 9099
1669648596687 0.5 9149
1669648611367 0.25 9199
1669648626413 0.3333333432674408 9249
1669648641265 0.75 9299
1669648669308 0.6666666865348816 9349
1669648683970 0.0 9399
1669648698638 0.20000000298023224 9449
1669648713303 0.0 9499
1669648741194 1.0 9549
1669648755852 0.0 9599
1669648770644 0.4000000059604645 9649
1669648785688 0.6000000238418579 9699
1669648800472 0.3333333432674408 9749
1669648828717 0.6000000238418579 9799
1669648843403 0.0 9849
1669648858093 0.3333333432674408 9899
1669648872747 0.6666666865348816 9949
1669648900720 0.6000000238418579 9999
1669648915437 0.5 10049
1669648930523 1.0 10099
1669648945213 0.20000000298023224 10149
1669648973373 0.0 10199
1669648988002 0.5 10249
1669649002683 0.3333333432674408 10299
1669649017374 0.5 10349
1669649032094 0.25 10399
1669649060158 0.20000000298023224 10449
1669649074902 0.6666666865348816 10499
1669649089776 0.5 10549
1669649104663 0.3333333432674408 10599
1669649132640 0.800000011920929 10649
1669649147350 0.6000000238418579 10699
1669649162116 0.0 10749
1669649176778 0.6666666865348816 10799
1669649191451 0.0 10849
1669649219777 0.0 10899
1669649234558 0.5 10949
1669649249573 0.75 10999
1669649264323 1.0 11049
1669649292319 0.0 11099
1669649307019 0.6666666865348816 11149
1669649321678 0.0 11199
1669649336354 0.25 11249
1669649364679 1.0 11299
1669649379575 0.4285714328289032 11349
1669649394283 0.6666666865348816 11399
1669649409101 0.25 11449
1669649423800 0.25 11499
1669649451815 0.5 11549
1669649466611 1.0 11599
1669649481452 0.3333333432674408 11649
1669649496301 0.25 11699
1669649524305 0.4000000059604645 11749
1669649539001 0.4000000059604645 11799
1669649553686 0.0 11849
1669649568372 0.25 11899
1669649596599 0.0 11949
1669649611270 0.0 11999
1669649626095 0.25 12049
1669649640719 0.1666666716337204 12099
1669649655489 0.4000000059604645 12149
1669649683840 1.0 12199
1669649698572 0.25 12249
1669649713296 1.0 12299
1669649728119 0.75 12349
1669649756273 0.25 12399
1669649771169 0.4000000059604645 12449
1669649785869 0.6666666865348816 12499
1669649800731 0.25 12549
1669649828783 0.20000000298023224 12599
1669649843667 0.20000000298023224 12649
1669649858566 0.1666666716337204 12699
1669649873312 0.0 12749
1669649888218 1.0 12799
1669649916289 0.25 12849
1669649931039 0.25 12899
1669649945761 0.0 12949
1669649960550 0.6000000238418579 12999
1669649988671 0.25 13049
1669650003310 0.20000000298023224 13099
1669650018006 0.3333333432674408 13149
1669650032672 0.6666666865348816 13199
1669650060535 0.25 13249
1669650075232 1.0 13299
1669650090001 0.5 13349
1669650104872 0.5 13399
1669650119972 0.4000000059604645 13449
1669650147932 0.3333333432674408 13499
1669650162683 0.0 13549
1669650177450 0.4000000059604645 13599
1669650192301 0.25 13649
1669650220486 0.6000000238418579 13699
1669650235176 0.20000000298023224 13749
1669650249890 0.5 13799
1669650264619 0.0 13849
1669650292579 0.1666666716337204 13899
1669650307465 0.75 13949
1669650322243 0.3333333432674408 13999
1669650337155 0.6000000238418579 14049
1669650352062 0.4000000059604645 14099
1669650380012 0.5 14149
1669650394731 0.6000000238418579 14199
1669650409450 1.0 14249
1669650424183 0.5 14299
1669650452100 0.75 14349
1669650467133 1.0 14399
1669650481861 0.6666666865348816 14449
1669650496615 0.6666666865348816 14499
1669650524826 0.6666666865348816 14549
1669650539515 0.3333333432674408 14599
1669650554241 0.5 14649
1669650568974 0.3333333432674408 14699
1669650584037 0.25 14749
1669650612510 0.0 14799
1669650627237 0.5 14849
1669650641983 1.0 14899
1669650656851 0.3333333432674408 14949
1669650684864 0.0 14999
1669650699588 0.25 15049
1669650714477 0.25 15099
1669650729228 0.25 15149
1669650757268 0.0 15199
1669650772055 0.20000000298023224 15249
1669650786757 0.25 15299
1669650801476 0.5 15349
1669650816361 0.0 15399
1669650844326 1.0 15449
1669650859116 0.25 15499
1669650873958 1.0 15549
1669650888664 0.1666666716337204 15599
1669650916751 1.0 15649
1669650931453 0.3333333432674408 15699
1669650946128 0.3333333432674408 15749
1669650960975 0.3333333432674408 15799
1669650989195 0.20000000298023224 15849
1669651003889 0.3333333432674408 15899
1669651018786 0.5 15949
1669651033477 0.3333333432674408 15999
1669651048366 0.5 16049
1669651076029 0.0 16099
1669651090837 0.6666666865348816 16149
1669651105664 0.0 16199
1669651120337 0.0 16249
1669651148523 0.25 16299
1669651163236 0.5 16349
1669651177883 0.5 16399
1669651192735 0.0 16449
1669651220874 0.0 16499
1669651235765 0.3333333432674408 16549
1669651250627 0.3333333432674408 16599
1669651265303 0.3333333432674408 16649
1669651280150 0.5 16699
1669651307959 0.2857142984867096 16749
1669651322584 0.0 16799
1669651337424 0.20000000298023224 16849
1669651352056 0.5 16899
1669651380390 0.3333333432674408 16949
1669651395150 0.0 16999
1669651410022 0.5 17049
1669651424761 1.0 17099
1669651452787 0.4000000059604645 17149
1669651467551 1.0 17199
1669651482461 0.6666666865348816 17249
1669651497552 0.75 17299
1669651512329 0.20000000298023224 17349
1669651540444 1.0 17399
1669651555239 0.75 17449
1669651569936 0.0 17499
1669651584586 0.3333333432674408 17549
1669651612513 0.3333333432674408 17599
1669651627205 0.5 17649
1669651642290 0.6000000238418579 17699
1669651657204 0.6000000238418579 17749
1669651685091 0.6666666865348816 17799
1669651699748 0.0 17849
1669651714623 0.1666666716337204 17899
1669651729291 1.0 17949
1669651743984 0.4000000059604645 17999
1669651772395 0.3333333432674408 18049
1669651787086 0.0 18099
1669651801818 0.0 18149
1669651816543 0.6000000238418579 18199
1669651844480 0.6000000238418579 18249
1669651859290 0.5 18299
1669651874143 0.1666666716337204 18349
1669651888877 0.3333333432674408 18399
1669651917058 1.0 18449
1669651931857 0.0 18499
1669651946497 0.25 18549
1669651961167 0.5 18599
1669651975776 0.25 18649
1669652003662 0.0 18699
1669652018565 1.0 18749
1669652033323 1.0 18799
1669652048212 0.5 18849
1669652076552 0.0 18899
1669652091200 0.3333333432674408 18949
1669652105874 0.0 18999
1669652120534 0.20000000298023224 19049
1669652148517 0.3333333432674408 19099
1669652163315 0.3333333432674408 19149
1669652177984 0.20000000298023224 19199
1669652192670 0.1666666716337204 19249
1669652207700 0.0 19299
1669652235579 0.3333333432674408 19349
1669652250194 0.25 19399
1669652264846 0.0 19449
1669652279491 0.75 19499
1669652307415 0.4285714328289032 19549
1669652322129 0.0 19599
1669652336973 1.0 19649
1669652351654 0.4000000059604645 19699
1669652379803 0.20000000298023224 19749
1669652394453 0.4000000059604645 19799
1669652409170 0.3333333432674408 19849
1669652423993 0.0 19899
1669652438791 0.5 19949
1669652466915 0.6000000238418579 19999
1669652481799 1.0 20049
1669652496569 0.75 20099
1669652511562 0.5 20149
1669652539758 0.5 20199
1669652554463 0.75 20249
1669652569312 0.0 20299
1669652584102 0.3333333432674408 20349
1669652612159 0.4000000059604645 20399
1669652626809 0.5 20449
1669652641836 1.0 20499
1669652656730 0.0 20549
1669652671424 0.5 20599
1669652699362 0.25 20649
1669652714111 0.4000000059604645 20699
1669652728953 0.3333333432674408 20749
1669652743743 0.0 20799
1669652771568 0.6000000238418579 20849
1669652786370 0.0 20899
1669652801335 0.3333333432674408 20949
1669652816051 0.75 20999
1669652843952 0.6666666865348816 21049
1669652858800 1.0 21099
1669652873533 0.6666666865348816 21149
1669652888244 0.4000000059604645 21199
1669652902981 0.3333333432674408 21249
1669652931124 0.6666666865348816 21299
1669652945981 0.25 21349
1669652960922 0.0 21399
1669652975665 0.3333333432674408 21449
1669653003913 1.0 21499
1669653018568 0.3333333432674408 21549
1669653033268 0.800000011920929 21599
1669653048115 0.800000011920929 21649
1669653062646 0.0 21699
1669653090866 0.5 21749
1669653105717 1.0 21799
1669653120455 0.0 21849
1669653135183 0.3333333432674408 21899
1669653163097 1.0 21949
1669653177816 0.800000011920929 21999
1669653192698 0.4000000059604645 22049
1669653207514 0.25 22099
1669653235493 0.0 22149
1669653250326 0.0 22199
1669653265093 0.0 22249
1669653279924 0.0 22299
1669653294586 0.6000000238418579 22349
1669653322550 0.3333333432674408 22399
1669653337516 0.3333333432674408 22449
1669653352210 0.5 22499
1669653366904 0.5 22549
1669653394965 0.5 22599
1669653409720 0.0 22649
1669653424460 0.0 22699
1669653439198 0.20000000298023224 22749
1669653467265 0.3333333432674408 22799
1669653482277 0.0 22849
1669653496941 0.25 22899
1669653511826 0.75 22949
1669653526558 0.5 22999
1669653554666 0.0 23049
1669653569410 0.3333333432674408 23099
1669653584203 0.75 23149
1669653598974 0.0 23199
1669653627083 0.5 23249
1669653642110 0.0 23299
1669653656887 0.5 23349
1669653671662 0.25 23399
1669653699549 0.6666666865348816 23449
1669653714447 0.0 23499
1669653729110 0.0 23549
1669653743952 0.5 23599
1669653758601 0.3333333432674408 23649
1669653786722 0.3333333432674408 23699
1669653801541 0.6666666865348816 23749
1669653816289 0.0 23799
1669653831231 1.0 23849
1669653859142 0.5 23899
1669653873774 0.0 23949
1669653888653 0.3333333432674408 23999
1669653903302 0.0 24049
1669653931199 1.0 24099
1669653946185 0.0 24149
1669653960818 0.0 24199
1669653975478 1.0 24249
1669653990259 0.0 24299
1669654018481 0.3333333432674408 24349
1669654033197 0.75 24399
1669654047918 0.1666666716337204 24449
1669654062740 0.5 24499
1669654090984 0.5 24549
1669654105753 0.75 24599
1669654120839 0.0 24649
1669654135617 0.3333333432674408 24699
1669654163567 0.0 24749
1669654178254 0.1666666716337204 24799
1669654192948 0.0 24849
1669654207997 0.3333333432674408 24899
1669654222683 0.0 24949
1669654250656 0.6666666865348816 24999
1669654265421 0.5 25049
1669654280192 0.4000000059604645 25099
1669654295039 0.5 25149
1669654323154 0.0 25199
1669654337850 0.3333333432674408 25249
1669654352886 1.0 25299
1669654367665 0.6000000238418579 25349
1669654395770 0.0 25399
1669654410658 0.6666666865348816 25449
1669654425408 0.3333333432674408 25499
1669654440139 0.3333333432674408 25549
1669654454872 0.6666666865348816 25599
1669654483183 0.1666666716337204 25649
1669654498110 0.5 25699
1669654512936 0.5 25749
1669654527634 0.5 25799
1669654555702 0.4000000059604645 25849
1669654570581 0.5 25899
1669654585289 0.0 25949
1669654599964 0.0 25999
1669654628164 1.0 26049
1669654642918 0.5 26099
1669654657875 0.3333333432674408 26149
1669654672618 0.1666666716337204 26199
1669654687524 0.6666666865348816 26249
1669654715034 0.0 26299
1669654729766 0.3333333432674408 26349
1669654744822 0.3333333432674408 26399
1669654759584 0.5 26449
1669654787483 0.6000000238418579 26499
1669654802184 0.75 26549
1669654817265 0.3333333432674408 26599
1669654831982 0.25 26649
1669654859985 0.6000000238418579 26699
1669654874827 0.4000000059604645 26749
1669654889511 1.0 26799
1669654904365 0.6666666865348816 26849
1669654919116 1.0 26899
1669654947004 0.3333333432674408 26949
1669654962034 0.0 26999
1669654976733 0.0 27049
1669654991582 0.0 27099
1669655019588 0.0 27149
1669655034510 0.20000000298023224 27199
1669655049300 0.25 27249
1669655064091 0.0 27299
1669655092196 0.25 27349
1669655107082 0.0 27399
1669655121974 0.25 27449
1669655136759 0.0 27499
1669655151721 0.6000000238418579 27549
1669655179761 0.0 27599
1669655194488 1.0 27649
1669655209196 0.4000000059604645 27699
1669655223882 0.25 27749
1669655251877 0.5 27799
1669655266809 0.0 27849
1669655281532 0.75 27899
1669655296416 0.20000000298023224 27949
1669655324440 0.4000000059604645 27999
1669655339182 0.5 28049
1669655354052 0.6666666865348816 28099
1669655368748 0.5 28149
1669655383484 0.1428571492433548 28199
1669655411693 0.6666666865348816 28249
1669655426619 0.25 28299
1669655441502 0.6666666865348816 28349
1669655456224 0.6000000238418579 28399
1669655484219 0.4000000059604645 28449
1669655498975 0.6666666865348816 28499
1669655513671 0.0 28549
1669655528527 0.20000000298023224 28599
1669655556436 0.0 28649
1669655571457 0.1666666716337204 28699
1669655586226 0.4000000059604645 28749
1669655601051 0.20000000298023224 28799
1669655615730 0.5 28849
1669655643467 0.25 28899
1669655658213 0.2857142984867096 28949
1669655672892 0.5 28999
1669655687871 0.5 29049
1669655715892 0.0 29099
1669655730598 0.25 29149
1669655745301 0.0 29199
1669655760046 0.1666666716337204 29249
1669655788047 0.5 29299
1669655802697 0.75 29349
1669655817516 0.0 29399
1669655832348 0.6666666865348816 29449
1669655847031 0.5 29499
1669655875047 0.0 29549
1669655889904 0.3333333432674408 29599
1669655904647 0.0 29649
1669655919363 0.4000000059604645 29699
1669655947326 0.5 29749
1669655962161 0.0 29799
1669655977033 0.75 29849
1669655991729 0.5 29899
1669656019785 0.3333333432674408 29949
1669656034663 0.5 29999
1669656049372 0.6666666865348816 30049
1669656064097 0.5 30099
1669656078929 0.25 30149
1669656107094 0.6666666865348816 30199
1669656121887 0.5 30249
1669656136830 0.3333333432674408 30299
1669656151715 0.4000000059604645 30349
1669656179525 0.0 30399
1669656194255 0.5 30449
1669656209137 0.20000000298023224 30499
1669656224036 0.5 30549
1669656252164 0.5 30599
1669656266932 0.75 30649
1669656281559 0.5 30699
1669656296195 1.0 30749
1669656311036 0.25 30799
1669656338821 0.6666666865348816 30849
1669656353706 1.0 30899
1669656368532 0.6666666865348816 30949
1669656383261 1.0 30999
1669656411298 0.0 31049
1669656426048 0.3333333432674408 31099
1669656440948 0.25 31149
1669656455698 0.4000000059604645 31199
1669656483831 0.5 31249
1669656498712 1.0 31299
1669656513445 1.0 31349
1669656528161 0.3333333432674408 31399
1669656543061 0.5 31449
1669656570961 1.0 31499
1669656585845 0.3333333432674408 31549
1669656600541 0.5 31599
1669656615452 0.75 31649
1669656643333 0.5 31699
1669656657994 0.3333333432674408 31749
1669656673093 0.0 31799
1669656687796 0.25 31849
1669656715842 1.0 31899
1669656730648 0.0 31949
1669656745532 0.3333333432674408 31999
1669656760181 0.3333333432674408 32049
1669656774827 0.5 32099
1669656802723 0.5 32149
1669656817771 0.5 32199
1669656832470 0.5 32249
1669656847217 0.0 32299
1669656875136 0.3333333432674408 32349
1669656889785 0.75 32399
1669656904653 0.5 32449
1669656919334 0.0 32499
1669656933851 0.0 32549
1669656962032 0.5 32599
1669656976874 0.8333333134651184 32649
1669656991748 0.3333333432674408 32699
1669657006404 0.6666666865348816 32749
1669657034522 0.3333333432674408 32799
1669657049230 0.25 32849
1669657063956 0.6000000238418579 32899
1669657078920 0.5 32949
1669657106946 0.5 32999
1669657121845 0.0 33049
1669657136537 0.6666666865348816 33099
1669657151273 0.20000000298023224 33149
1669657165969 0.25 33199
1669657194022 0.4000000059604645 33249
1669657208725 0.3333333432674408 33299
1669657223576 1.0 33349
1669657238428 0.0 33399
1669657266786 0.6666666865348816 33449
1669657281463 0.6666666865348816 33499
1669657296178 0.5 33549
1669657310906 0.25 33599
1669657338577 0.0 33649
1669657353620 0.5 33699
1669657368457 0.25 33749
1669657383186 0.6000000238418579 33799
1669657397898 0.0 33849
1669657425927 0.6666666865348816 33899
1669657440760 0.6000000238418579 33949
1669657455517 0.0 33999
1669657470219 0.0 34049
1669657498493 0.5 34099
1669657513525 0.5 34149
1669657528306 0.20000000298023224 34199
1669657543072 0.6000000238418579 34249
1669657571226 0.5 34299
1669657586131 0.0 34349
1669657600919 0.4000000059604645 34399
1669657615733 0.25 34449
1669657630459 0.25 34499
1669657658941 0.0 34549
1669657673626 1.0 34599
1669657688355 1.0 34649
1669657703065 0.25 34699
1669657731041 1.0 34749
1669657745702 0.0 34799
1669657760493 0.6666666865348816 34849
1669657775483 0.5 34899
1669657803542 1.0 34949
1669657818226 0.0 34999
1669657832953 0.3333333432674408 35049
1669657847671 0.3333333432674408 35099
1669657862461 0.0 35149
1669657890536 0.20000000298023224 35199
1669657905685 0.3333333432674408 35249
1669657920449 0.0 35299
1669657935305 0.5 35349
1669657963367 0.3333333432674408 35399
1669657978082 0.0 35449
1669657992793 0.0 35499
1669658007517 0.5 35549
1669658035481 0.6666666865348816 35599
1669658050478 0.5 35649
1669658065348 0.0 35699
1669658080188 0.20000000298023224 35749
1669658094879 0.0 35799
1669658122739 0.6666666865348816 35849
1669658137511 1.0 35899
1669658152296 1.0 35949
1669658167251 0.20000000298023224 35999
1669658195284 0.0 36049
1669658210135 1.0 36099
1669658224825 0.25 36149
1669658239704 0.0 36199
1669658267417 0.5 36249
1669658282128 0.3333333432674408 36299
1669658296887 0.5 36349
1669658311705 0.0 36399
1669658326824 0.0 36449
1669658354961 1.0 36499
1669658369652 0.5 36549
1669658384508 0.3333333432674408 36599
1669658399243 0.4000000059604645 36649
1669658427183 0.20000000298023224 36699
1669658441939 0.3333333432674408 36749
1669658456600 0.25 36799
1669658471445 0.3333333432674408 36849
1669658499525 0.25 36899
1669658514374 0.5 36949
1669658529405 0.6666666865348816 36999
1669658544124 0.3333333432674408 37049
1669658558863 0.75 37099
1669658586850 1.0 37149
1669658601532 0.6666666865348816 37199
1669658616420 0.1666666716337204 37249
1669658631261 0.0 37299
1669658659690 1.0 37349
1669658674350 0.25 37399
1669658689072 0.6000000238418579 37449
1669658703818 0.20000000298023224 37499
1669658732029 0.5 37549
1669658746782 0.5 37599
1669658761501 0.0 37649
1669658776388 0.4000000059604645 37699
1669658791125 0.0 37749
1669658819204 0.5 37799
1669658833979 0.0 37849
1669658848859 0.20000000298023224 37899
1669658863615 1.0 37949
1669658891594 0.800000011920929 37999
1669658906323 0.0 38049
1669658921341 0.4000000059604645 38099
1669658936215 0.3333333432674408 38149
1669658964245 0.3333333432674408 38199
1669658978942 0.25 38249
1669658993827 0.25 38299
1669659008500 1.0 38349
1669659023222 0.20000000298023224 38399
1669659051225 0.5 38449
1669659066188 0.5 38499
1669659081069 0.5 38549
1669659095724 0.5 38599
1669659123746 0.1666666716337204 38649
1669659138586 0.0 38699
1669659153238 0.5 38749
1669659168000 0.5 38799
1669659196149 0.0 38849
1669659211061 0.6000000238418579 38899
1669659225924 1.0 38949
1669659240617 1.0 38999
1669659255456 0.0 39049
1669659283493 0.20000000298023224 39099
1669659298183 1.0 39149
1669659312874 0.4000000059604645 39199
1669659327767 0.3333333432674408 39249
1669659356054 0.0 39299
1669659370765 0.5 39349
1669659385534 1.0 39399
1669659400440 0.5 39449
1669659428512 0.4000000059604645 39499
1669659443187 0.3333333432674408 39549
1669659458125 0.4000000059604645 39599
1669659472929 0.0 39649
1669659487633 0.0 39699
1669659515741 0.25 39749
1669659530573 0.5 39799
1669659545291 0.0 39849
1669659559971 0.75 39899
1669659588017 0.6666666865348816 39949
1669659602723 0.6666666865348816 39999
1669659617418 0.75 40049
1669659632305 1.0 40099
1669659660350 0.25 40149
1669659675135 1.0 40199
1669659689815 0.3333333432674408 40249
1669659704533 0.3333333432674408 40299
1669659719218 0.25 40349
1669659747234 0.6666666865348816 40399
1669659761907 0.25 40449
1669659776752 0.5 40499
1669659791626 0.25 40549
1669659819673 0.0 40599
1669659834606 0.4000000059604645 40649
1669659849322 0.5 40699
1669659864025 0.2857142984867096 40749
1669659892064 0.25 40799
1669659906850 0.4000000059604645 40849
1669659921988 0.0 40899
1669659936674 1.0 40949
1669659951407 1.0 40999
1669659979272 0.4000000059604645 41049
1669659994093 0.6666666865348816 41099
1669660008767 0.0 41149
1669660023444 0.6000000238418579 41199
1669660051701 0.5 41249
1669660066607 1.0 41299
1669660081343 0.25 41349
1669660096166 0.0 41399
1669660124576 0.4000000059604645 41449
1669660139203 0.6666666865348816 41499
1669660153831 0.3333333432674408 41549
1669660168511 0.4285714328289032 41599
1669660183236 0.6000000238418579 41649
1669660211343 0.0 41699
1669660226217 0.5 41749
1669660241025 0.25 41799
1669660255755 0.20000000298023224 41849
1669660283923 0.4000000059604645 41899
1669660298554 0.0 41949
1669660313400 0.3333333432674408 41999
1669660328256 1.0 42049
1669660356128 0.20000000298023224 42099
1669660370867 0.3333333432674408 42149
1669660385768 0.0 42199
1669660400529 0.20000000298023224 42249
1669660415270 0.25 42299
1669660443625 0.6666666865348816 42349
1669660458326 0.3333333432674408 42399
1669660473078 0.5 42449
1669660487927 0.3333333432674408 42499
1669660515758 0.5 42549
1669660530645 1.0 42599
1669660545394 0.6666666865348816 42649
1669660560061 1.0 42699
1669660588220 0.6666666865348816 42749
1669660603014 0.5 42799
1669660618072 0.25 42849
1669660632823 0.3333333432674408 42899
1669660647506 0.6666666865348816 42949
1669660675517 0.0 42999
1669660690244 0.4000000059604645 43049
1669660705149 0.1666666716337204 43099
1669660719906 0.0 43149
1669660747953 1.0 43199
1669660762855 0.25 43249
1669660777905 0.5 43299
1669660792664 0.25 43349
1669660807401 0.0 43399
1669660835918 0.5 43449
1669660850748 0.4000000059604645 43499
1669660865457 0.75 43549
1669660880116 0.0 43599
1669660908196 0.5 43649
1669660923015 0.5 43699
1669660938010 0.5 43749
1669660952745 0.6666666865348816 43799
1669660981238 0.75 43849
1669660995899 0.0 43899
1669661010774 0.6000000238418579 43949
1669661025488 0.3333333432674408 43999
1669661040322 1.0 44049
1669661068673 0.6000000238418579 44099
1669661083478 0.5 44149
1669661098446 0.4000000059604645 44199
1669661113202 0.0 44249
1669661141308 0.5 44299
1669661156231 0.3333333432674408 44349
1669661170949 0.5 44399
1669661185831 0.5 44449
1669661213928 0.3333333432674408 44499
1669661228847 0.5 44549
1669661243610 1.0 44599
1669661258361 1.0 44649
1669661273103 0.3333333432674408 44699
1669661301428 0.3333333432674408 44749
1669661316200 0.0 44799
1669661330899 0.75 44849
1669661345595 0.0 44899
1669661373608 0.1666666716337204 44949
1669661388594 0.5 44999
1669661403267 0.0 45049
1669661417973 0.20000000298023224 45099
1669661445991 0.25 45149
1669661460841 0.6000000238418579 45199
1669661475516 0.75 45249
1669661490250 0.5 45299
1669661504942 0.3333333432674408 45349
1669661533233 0.0 45399
1669661548127 0.0 45449
1669661562836 0.0 45499
1669661577670 0.20000000298023224 45549
1669661605974 0.0 45599
1669661620734 0.0 45649
1669661635444 0.25 45699
1669661650224 1.0 45749
1669661678371 0.5 45799
1669661693285 0.0 45849
1669661708039 0.3333333432674408 45899
1669661723058 1.0 45949
1669661737781 0.1666666716337204 45999
1669661765833 0.7142857313156128 46049
1669661780489 0.5 46099
1669661795125 1.0 46149
1669661809778 0.75 46199
1669661837961 0.75 46249
1669661852933 0.75 46299
1669661867701 0.0 46349
1669661882575 0.6666666865348816 46399
1669661910639 0.0 46449
1669661925389 0.25 46499
1669661940081 0.6000000238418579 46549
1669661954944 0.5 46599
1669661969623 0.25 46649
1669661997889 0.0 46699
1669662012646 1.0 46749
1669662027246 0.6666666865348816 46799
1669662041990 0.5 46849
1669662069640 0.4000000059604645 46899
1669662084371 0.4000000059604645 46949
1669662098976 0.6666666865348816 46999
1669662113543 0.0 47049
1669662141329 0.0 47099
1669662155890 1.0 47149
1669662170628 0.3333333432674408 47199
1669662185223 0.0 47249
1669662199765 0.5 47299
1669662227383 0.4000000059604645 47349
1669662242103 0.75 47399
1669662256731 0.25 47449
1669662271312 0.5714285969734192 47499
1669662299221 0.25 47549
1669662313796 1.0 47599
1669662328727 0.0 47649
1669662343475 0.3333333432674408 47699
1669662371291 0.25 47749
1669662385833 0.3333333432674408 47799
1669662400462 0.800000011920929 47849
1669662415277 0.6000000238418579 47899
1669662429881 0.3333333432674408 47949
1669662457795 0.5 47999
1669662472374 0.5 48049
1669662487075 0.6666666865348816 48099
1669662501771 0.5 48149
1669662529512 0.800000011920929 48199
1669662544105 0.20000000298023224 48249
1669662558725 0.0 48299
1669662573440 0.5 48349
1669662601158 1.0 48399
1669662615864 0.0 48449
1669662630598 0.75 48499
1669662645232 0.3333333432674408 48549
1669662659838 0.4000000059604645 48599
1669662687497 0.5 48649
1669662702053 0.3333333432674408 48699
1669662716778 0.3333333432674408 48749
1669662731406 0.0 48799
1669662759003 0.5 48849
1669662773604 0.25 48899
1669662788353 0.0 48949
1669662803173 0.3333333432674408 48999
1669662830823 0.75 49049
1669662845623 1.0 49099
1669662860294 0.5 49149
1669662875019 0.25 49199
1669662889790 0.75 49249
1669662917789 0.25 49299
1669662932388 0.0 49349
1669662946966 0.4000000059604645 49399
1669662961530 0.800000011920929 49449
1669662989315 0.0 49499
1669663004131 1.0 49549
1669663018976 0.3333333432674408 49599
1669663033612 0.6666666865348816 49649
1669663061302 0.3333333432674408 49699
1669663076019 0.3333333432674408 49749
1669663090622 0.6000000238418579 49799
1669663105243 0.0 49849
1669663119843 0.25 49899
1669663147785 0.0 49949
1669663162361 0.5 49999
1669663177160 1.0 50049
1669663191820 0.20000000298023224 50099
1669663219453 0.6666666865348816 50149
1669663234205 1.0 50199
1669663248762 0.75 50249
1669663263502 0.20000000298023224 50299
1669663291067 0.5 50349
1669663305953 0.25 50399
1669663320556 0.7142857313156128 50449
1669663335170 0.4000000059604645 50499
1669663349912 0.3333333432674408 50549
1669663377519 0.20000000298023224 50599
1669663392142 0.0 50649
1669663406758 0.5 50699
1669663421387 0.4000000059604645 50749
1669663449057 1.0 50799
1669663463956 0.4000000059604645 50849
1669663478550 0.6000000238418579 50899
1669663493395 1.0 50949
1669663521069 0.3333333432674408 50999
1669663535704 1.0 51049
1669663550460 0.0 51099
1669663565172 0.1666666716337204 51149
1669663579817 0.0 51199
1669663607922 0.0 51249
1669663622641 0.1666666716337204 51299
1669663637363 0.0 51349
1669663652016 0.25 51399
1669663679842 0.0 51449
1669663694415 0.0 51499
1669663709160 0.25 51549
1669663723920 0.75 51599
1669663751761 0.6666666865348816 51649
1669663766435 0.3333333432674408 51699
1669663781013 0.5 51749
1669663795570 0.5 51799
1669663810173 0.20000000298023224 51849
1669663837993 0.5 51899
1669663852625 0.4000000059604645 51949
1669663867360 0.0 51999
1669663881938 0.6666666865348816 52049
1669663909837 1.0 52099
1669663924444 0.5 52149
1669663939062 0.0 52199
1669663953715 0.6666666865348816 52249
1669663981490 0.20000000298023224 52299
1669663996071 0.0 52349
1669664010809 0.0 52399
1669664025588 0.6666666865348816 52449
1669664040254 0.5 52499
1669664068230 0.6666666865348816 52549
1669664082990 0.3333333432674408 52599
1669664097566 0.0 52649
1669664112213 0.3333333432674408 52699
1669664139831 0.20000000298023224 52749
1669664154753 1.0 52799
1669664169318 0.5 52849
1669664184184 0.20000000298023224 52899
1669664211898 0.4000000059604645 52949
1669664226485 0.0 52999
1669664241106 0.0 53049
1669664255841 0.25 53099
1669664270408 1.0 53149
1669664298077 0.6666666865348816 53199
1669664312943 0.25 53249
1669664327697 0.25 53299
1669664342278 0.5 53349
1669664370005 0.0 53399
1669664384883 0.20000000298023224 53449
1669664399521 0.0 53499
1669664414182 0.0 53549
1669664441825 0.5 53599
1669664456440 0.6666666865348816 53649
1669664471406 1.0 53699
1669664486146 0.25 53749
1669664500685 0.4000000059604645 53799
1669664528135 1.0 53849
1669664542729 0.0 53899
1669664557404 1.0 53949
1669664571996 0.0 53999
1669664599956 0.0 54049
1669664614620 0.5 54099
1669664629297 0.4000000059604645 54149
1669664644155 0.5 54199
1669664658519 0.5 54249
1669664686362 0.2857142984867096 54299
1669664700985 0.75 54349
1669664715636 0.25 54399
1669664730292 0.25 54449
1669664757959 0.3333333432674408 54499
1669664772729 0.0 54549
1669664787500 0.5 54599
1669664802090 0.0 54649
1669664829780 0.0 54699
1669664844423 1.0 54749
1669664859069 1.0 54799
1669664873621 0.25 54849
1669664888329 1.0 54899
1669664916138 0.5 54949
1669664930703 0.0 54999
1669664945643 0.0 55049
1669664960203 0.5 55099
1669664987912 0.0 55149
1669665002479 0.75 55199
1669665017205 0.0 55249
1669665031777 0.25 55299
1669665059444 0.5 55349
1669665074369 0.25 55399
1669665089026 0.6666666865348816 55449
1669665103688 0.125 55499
1669665118324 0.0 55549
1669665146403 0.0 55599
1669665160994 0.25 55649
1669665175611 0.6666666865348816 55699
1669665190179 1.0 55749
1669665217746 1.0 55799
1669665232732 1.0 55849
1669665247346 0.20000000298023224 55899
1669665261907 0.1666666716337204 55949
1669665289727 0.6000000238418579 55999
1669665304308 0.0 56049
1669665318966 0.5 56099
1669665333620 0.5 56149
1669665348176 0.6666666865348816 56199
1669665376088 0.5 56249
1669665390781 0.25 56299
1669665405506 0.20000000298023224 56349
1669665420065 0.75 56399
1669665447800 0.0 56449
1669665462448 0.0 56499
1669665477045 0.4000000059604645 56549
1669665491767 0.0 56599
1669665519569 1.0 56649
1669665534314 0.6666666865348816 56699
1669665549073 0.25 56749
1669665563703 0.5 56799
1669665578360 0.6666666865348816 56849
1669665606073 0.6000000238418579 56899
1669665620655 0.6000000238418579 56949
1669665635258 0.5 56999
1669665650147 0.1428571492433548 57049
1669665678171 0.20000000298023224 57099
1669665692738 0.6000000238418579 57149
1669665707336 0.7142857313156128 57199
1669665721906 0.25 57249
1669665749505 0.25 57299
1669665764036 0.375 57349
1669665778828 0.0 57399
1669665793578 0.0 57449
1669665808302 0.5 57499
1669665836012 1.0 57549
1669665850689 0.5 57599
1669665865333 0.75 57649
1669665879953 0.6666666865348816 57699
1669665907693 0.5 57749
1669665922451 0.75 57799
1669665937236 1.0 57849
1669665951962 0.6666666865348816 57899
1669665979716 0.0 57949
1669665994304 0.6000000238418579 57999
1669666008893 0.0 58049
1669666023590 0.75 58099
1669666038291 0.5 58149
1669666065932 0.75 58199
1669666080813 0.5 58249
1669666095487 1.0 58299
1669666110079 1.0 58349
1669666137718 0.25 58399
1669666152305 0.5 58449
1669666166851 0.5 58499
1669666181404 0.6666666865348816 58549
1669666208925 0.3333333432674408 58599
1669666223476 0.3333333432674408 58649
1669666238198 0.6666666865348816 58699
1669666252915 0.0 58749
1669666267694 0.0 58799
1669666295461 0.5 58849
1669666310027 0.6000000238418579 58899
1669666324733 0.25 58949
1669666339303 0.6666666865348816 58999
1669666366946 0.800000011920929 59049
1669666381621 0.75 59099
1669666396462 0.6000000238418579 59149
1669666411323 0.4000000059604645 59199
1669666438991 0.5 59249
1669666453547 1.0 59299
1669666468150 0.3333333432674408 59349
1669666482808 0.4285714328289032 59399
1669666497385 0.4000000059604645 59449
1669666525113 0.0 59499
1669666539846 0.0 59549
1669666554617 0.0 59599
1669666569321 1.0 59649
1669666596999 0.25 59699
1669666611641 0.3333333432674408 59749
1669666626275 0.25 59799
1669666641000 0.0 59849
1669666668880 0.0 59899
1669666683587 0.3333333432674408 59949
1669666698316 0.5 59999
1669666713143 0.20000000298023224 60049
1669666727721 0.6666666865348816 60099
1669666755344 0.5 60149
1669666770017 0.1666666716337204 60199
1669666784572 0.6000000238418579 60249
1669666799214 0.3333333432674408 60299
1669666827348 1.0 60349
1669666842206 0.3333333432674408 60399
1669666856821 0.6000000238418579 60449
1669666871447 0.3333333432674408 60499
1669666899201 1.0 60549
1669666913781 0.4000000059604645 60599
1669666928425 0.4000000059604645 60649
1669666942989 0.25 60699
1669666957555 0.5 60749
1669666985743 0.0 60799
1669667000363 0.75 60849
1669667015074 0.5 60899
1669667029687 0.0 60949
1669667057309 0.25 60999
1669667071902 0.6666666865348816 61049
1669667086481 1.0 61099
1669667101334 0.0 61149
1669667129238 0.0 61199
1669667143810 0.5 61249
1669667158434 0.5 61299
1669667173094 0.6666666865348816 61349
1669667187792 0.0 61399
1669667215414 0.20000000298023224 61449
1669667230244 0.5 61499
1669667244854 0.0 61549
1669667259746 0.6666666865348816 61599
1669667287371 1.0 61649
1669667301930 0.25 61699
1669667316552 0.2857142984867096 61749
1669667331132 0.0 61799
1669667359041 0.6666666865348816 61849
1669667373643 0.25 61899
1669667388263 0.5 61949
1669667403170 0.4000000059604645 61999
1669667417975 0.3333333432674408 62049
1669667445636 0.5 62099
1669667460165 0.5 62149
1669667474771 0.1666666716337204 62199
1669667489488 0.6000000238418579 62249
1669667517097 0.75 62299
1669667531846 0.5 62349
1669667546788 0.25 62399
1669667561586 0.20000000298023224 62449
1669667589306 0.20000000298023224 62499
1669667603835 1.0 62549
1669667618391 0.3333333432674408 62599
1669667633095 1.0 62649
1669667647766 0.25 62699
1669667675435 0.8333333134651184 62749
1669667690027 0.6666666865348816 62799
1669667704764 1.0 62849
1669667719458 0.0 62899
1669667747137 0.75 62949
1669667761758 0.3333333432674408 62999
1669667776399 0.0 63049
1669667791197 0.5 63099
1669667818743 0.6000000238418579 63149
1669667833306 0.0 63199
1669667847942 0.3333333432674408 63249
1669667862714 0.5 63299
1669667877324 0.5 63349
1669667905083 0.5 63399
1669667919821 0.4000000059604645 63449
1669667934615 0.0 63499
1669667949193 0.0 63549
1669667977129 0.5 63599
1669667991687 0.25 63649
1669668006488 0.75 63699
1669668021093 0.3333333432674408 63749
1669668049052 0.5 63799
1669668063880 0.0 63849
1669668078446 0.4000000059604645 63899
1669668093073 0.3333333432674408 63949
1669668107665 1.0 63999
1669668135556 0.5 64049
1669668150246 0.5 64099
1669668164893 0.6666666865348816 64149
1669668179470 1.0 64199
1669668207208 0.0 64249
1669668222145 1.0 64299
1669668236778 0.0 64349
1669668251489 0.6666666865348816 64399
1669668279183 0.5 64449
1669668293899 0.75 64499
1669668308625 0.20000000298023224 64549
1669668323271 1.0 64599
1669668337862 0.25 64649
1669668365569 0.3333333432674408 64699
1669668380097 1.0 64749
1669668394631 0.25 64799
1669668409165 0.5 64849
1669668436769 0.20000000298023224 64899
1669668451328 0.25 64949
1669668466043 0.1666666716337204 64999
1669668480612 0.6000000238418579 65049
1669668495126 0.0 65099
