1669799357924 0 49
1669799372567 0 99
1669799387318 0 149
1669799401928 0 199
1669799414475 0 216
1669799419012 1 216
1669799429331 1 249
1669799443968 1 299
1669799458598 1 349
1669799473212 1 399
1669799490301 1 433
1669799495201 2 433
1669799500631 2 449
1669799515208 2 499
1669799530027 2 549
1669799544767 2 599
1669799559345 2 649
1669799567040 2 650
1669799572056 3 650
1669799587060 3 699
1669799601689 3 749
1669799616306 3 799
1669799630939 3 849
1669799643353 3 867
1669799648244 4 867
1669799658331 4 899
1669799673078 4 949
1669799688032 4 999
1669799702652 4 1049
1669799720227 4 1084
1669799725218 5 1084
1669799730326 5 1099
1669799744997 5 1149
1669799759641 5 1199
1669799774270 5 1249
1669799788901 5 1299
1669799796725 5 1301
1669799801742 6 1301
1669799816401 6 1349
1669799831342 6 1399
1669799846126 6 1449
1669799860892 6 1499
1669799873778 6 1518
1669799878766 7 1518
1669799888621 7 1549
1669799903272 7 1599
1669799917943 7 1649
1669799932591 7 1699
1669799950538 7 1735
1669799955633 8 1735
1669799960460 8 1749
1669799975231 8 1799
1669799989988 8 1849
1669800004678 8 1899
1669800019285 8 1949
1669800027572 8 1952
1669800032527 9 1952
1669800047124 9 1999
1669800061790 9 2049
1669800076473 9 2099
1669800091429 9 2149
1669800104436 9 2169
1669800109294 10 2169
1669800118725 10 2199
1669800133550 10 2249
1669800148216 10 2299
1669800163009 10 2349
1669800181034 10 2386
1669800185972 11 2386
1669800190504 11 2399
1669800205143 11 2449
1669800219746 11 2499
1669800234342 11 2549
1669800248939 11 2599
1669800257505 11 2603
1669800262429 12 2603
1669800276756 12 2649
1669800291554 12 2699
1669800306218 12 2749
1669800320882 12 2799
1669800334307 12 2820
1669800339417 13 2820
1669800348622 13 2849
1669800363342 13 2899
1669800378071 13 2949
1669800392748 13 2999
1669800411458 13 3037
1669800416469 14 3037
1669800420720 14 3049
1669800435500 14 3099
1669800450126 14 3149
1669800464745 14 3199
1669800479377 14 3249
1669800488108 14 3254
1669800493004 15 3254
1669800506954 15 3299
1669800521644 15 3349
1669800536377 15 3399
1669800551072 15 3449
1669800565033 15 3471
1669800569979 16 3471
1669800579000 16 3499
1669800593768 16 3549
1669800608434 16 3599
1669800623114 16 3649
1669800641767 16 3688
1669800646675 17 3688
1669800650649 17 3699
1669800665304 17 3749
1669800680090 17 3799
1669800694878 17 3849
1669800709518 17 3899
1669800718508 17 3905
1669800723420 18 3905
1669800737080 18 3949
1669800751850 18 3999
1669800766452 18 4049
1669800781191 18 4099
1669800795250 18 4122
1669800800144 19 4122
1669800808921 19 4149
1669800823698 19 4199
1669800838346 19 4249
1669800853137 19 4299
1669800872456 19 4339
1669800877471 20 4339
1669800881067 20 4349
1669800895851 20 4399
1669800910612 20 4449
1669800925229 20 4499
1669800940009 20 4549
1669800949463 20 4556
1669800954512 21 4556
1669800967810 21 4599
1669800982643 21 4649
1669800997331 21 4699
1669801011990 21 4749
1669801026295 21 4773
1669801031296 22 4773
1669801039773 22 4799
1669801054490 22 4849
1669801069331 22 4899
1669801084055 22 4949
1669801103574 22 4990
1669801108555 23 4990
1669801111945 23 4999
1669801126587 23 5049
1669801141228 23 5099
1669801156041 23 5149
1669801170838 23 5199
1669801180684 23 5207
1669801185589 24 5207
1669801198535 24 5249
1669801213222 24 5299
1669801227875 24 5349
1669801242695 24 5399
1669801257318 24 5424
1669801262252 25 5424
1669801270351 25 5449
1669801285162 25 5499
1669801299853 25 5549
1669801314695 25 5599
1669801334331 25 5641
1669801339282 26 5641
1669801342337 26 5649
1669801356981 26 5699
1669801371612 26 5749
1669801386365 26 5799
1669801401015 26 5849
1669801411020 26 5858
1669801415863 27 5858
1669801428614 27 5899
1669801443962 27 5949
1669801458604 27 5999
1669801473247 27 6049
1669801488204 27 6075
1669801493140 28 6075
1669801500826 28 6099
1669801515611 28 6149
1669801530238 28 6199
1669801544882 28 6249
1669801564780 28 6292
1669801569760 29 6292
1669801572502 29 6299
1669801587142 29 6349
1669801601911 29 6399
1669801616510 29 6449
1669801631132 29 6499
1669801641248 29 6509
1669801646266 30 6509
1669801658790 30 6549
1669801673443 30 6599
1669801688202 30 6649
1669801702989 30 6699
1669801718201 30 6726
1669801723135 31 6726
1669801730574 31 6749
1669801745381 31 6799
1669801760033 31 6849
1669801774672 31 6899
1669801795452 31 6943
1669801800457 32 6943
1669801802944 32 6949
1669801817578 32 6999
1669801832240 32 7049
1669801847028 32 7099
1669801861721 32 7149
1669801871999 32 7160
1669801876947 33 7160
1669801889183 33 7199
1669801903999 33 7249
1669801918666 33 7299
1669801933498 33 7349
1669801948845 33 7377
1669801953764 34 7377
1669801960865 34 7399
1669801975564 34 7449
1669801990207 34 7499
1669802005008 34 7549
1669802025458 34 7594
1669802030501 35 7594
1669802032742 35 7599
1669802047589 35 7649
1669802062289 35 7699
1669802076991 35 7749
1669802091666 35 7799
1669802102534 35 7811
1669802107549 36 7811
1669802119538 36 7849
1669802134183 36 7899
1669802148994 36 7949
1669802163813 36 7999
1669802179481 36 8028
1669802184448 37 8028
1669802191368 37 8049
1669802206031 37 8099
1669802220691 37 8149
1669802235484 37 8199
1669802256285 37 8245
1669802261223 38 8245
1669802263114 38 8249
1669802278113 38 8299
1669802292789 38 8349
1669802307440 38 8399
1669802322085 38 8449
1669802333180 38 8462
1669802338113 39 8462
1669802349625 39 8499
1669802364433 39 8549
1669802379254 39 8599
1669802393917 39 8649
1669802410138 39 8679
1669802415003 40 8679
1669802421566 40 8699
1669802436209 40 8749
1669802450955 40 8799
1669802465545 40 8849
1669802486563 40 8896
1669802491546 41 8896
1669802493106 41 8899
1669802507852 41 8949
1669802522653 41 8999
1669802537307 41 9049
1669802551935 41 9099
1669802563309 41 9113
1669802568231 42 9113
1669802579514 42 9149
1669802594377 42 9199
1669802609139 42 9249
1669802624210 42 9299
1669802640510 42 9330
1669802645518 43 9330
1669802651808 43 9349
1669802666644 43 9399
1669802681335 43 9449
1669802695995 43 9499
1669802717458 43 9547
1669802722404 44 9547
1669802723704 44 9549
1669802738383 44 9599
1669802753044 44 9649
1669802767690 44 9699
1669802782586 44 9749
1669802794469 44 9764
1669802799436 45 9764
1669802810382 45 9799
1669802825008 45 9849
1669802839648 45 9899
1669802854413 45 9949
1669802871088 45 9981
1669802876046 46 9981
1669802882016 46 9999
1669802897211 46 10049
1669802911873 46 10099
1669802926683 46 10149
1669802948493 46 10198
1669802953427 47 10198
1669802954397 47 10199
1669802969185 47 10249
1669802983960 47 10299
1669802998609 47 10349
1669803013253 47 10399
1669803025273 47 10415
1669803030184 48 10415
1669803040900 48 10449
1669803055717 48 10499
1669803070634 48 10549
1669803085265 48 10599
1669803102135 48 10632
1669803106963 49 10632
1669803112795 49 10649
1669803127622 49 10699
1669803142756 49 10749
1669803157550 49 10799
1669803171966 49 10849
1669803179487 49 10849
1669803184572 50 10849
1669803200051 50 10899
1669803214737 50 10949
1669803229589 50 10999
1669803244456 50 11049
1669803256756 50 11066
1669803261794 51 11066
1669803272236 51 11099
1669803286854 51 11149
1669803301509 51 11199
1669803316391 51 11249
1669803333808 51 11283
1669803338756 52 11283
1669803344395 52 11299
1669803359233 52 11349
1669803374059 52 11399
1669803388758 52 11449
1669803403415 52 11499
1669803411125 52 11500
1669803416456 53 11500
1669803431478 53 11549
1669803446149 53 11599
1669803460815 53 11649
1669803475466 53 11699
1669803488143 53 11717
1669803493217 54 11717
1669803503296 54 11749
1669803517956 54 11799
1669803532780 54 11849
1669803547449 54 11899
1669803565224 54 11934
1669803570168 55 11934
1669803575286 55 11949
1669803589912 55 11999
1669803604610 55 12049
1669803619566 55 12099
1669803634224 55 12149
1669803642106 55 12151
1669803647146 56 12151
1669803662059 56 12199
1669803676718 56 12249
1669803691362 56 12299
1669803706144 56 12349
1669803719139 56 12368
1669803724026 57 12368
1669803733791 57 12399
1669803748761 57 12449
1669803763443 57 12499
1669803778189 57 12549
1669803796144 57 12585
1669803801109 58 12585
1669803805944 58 12599
1669803820581 58 12649
1669803835355 58 12699
1669803850008 58 12749
1669803864667 58 12799
1669803872954 58 12802
1669803877947 59 12802
1669803892456 59 12849
1669803907286 59 12899
1669803921998 59 12949
1669803936714 59 12999
1669803950039 59 13019
1669803955057 60 13019
1669803964555 60 13049
1669803979221 60 13099
1669803994015 60 13149
1669804008844 60 13199
1669804026999 60 13236
1669804031962 61 13236
1669804036643 61 13249
1669804051327 61 13299
1669804066157 61 13349
1669804080833 61 13399
1669804095490 61 13449
1669804104063 61 13453
1669804109089 62 13453
1669804123454 62 13499
1669804138198 62 13549
1669804152926 62 13599
1669804167825 62 13649
1669804181319 62 13670
1669804186536 63 13670
1669804195743 63 13699
1669804210667 63 13749
1669804225313 63 13799
1669804239965 63 13849
1669804258510 63 13887
1669804263537 64 13887
1669804267942 64 13899
1669804282664 64 13949
1669804297356 64 13999
1669804312177 64 14049
1669804326857 64 14099
1669804335780 64 14104
1669804340760 65 14104
1669804354790 65 14149
1669804369422 65 14199
1669804384044 65 14249
1669804398649 65 14299
1669804412551 65 14321
1669804417515 66 14321
1669804426420 66 14349
1669804441295 66 14399
1669804456002 66 14449
1669804470687 66 14499
1669804489481 66 14538
1669804494496 67 14538
1669804498454 67 14549
1669804513458 67 14599
1669804528158 67 14649
1669804542833 67 14699
1669804557756 67 14749
1669804567045 67 14755
1669804571986 68 14755
1669804585605 68 14799
1669804600289 68 14849
1669804614954 68 14899
1669804629642 68 14949
1669804643943 68 14972
1669804648930 69 14972
1669804657553 69 14999
1669804672224 69 15049
1669804686931 69 15099
1669804701892 69 15149
1669804720906 69 15189
1669804725906 70 15189
1669804729578 70 15199
1669804744251 70 15249
1669804759130 70 15299
1669804774026 70 15349
1669804788783 70 15399
1669804798419 70 15406
1669804803394 71 15406
1669804816779 71 15449
1669804831450 71 15499
1669804846367 71 15549
1669804861049 71 15599
1669804875441 71 15623
1669804880432 72 15623
1669804888753 72 15649
1669804903753 72 15699
1669804918437 72 15749
1669804933138 72 15799
1669804952356 72 15840
1669804957443 73 15840
1669804960806 73 15849
1669804975566 73 15899
1669804990341 73 15949
1669805004993 73 15999
1669805019642 73 16049
1669805029281 73 16057
1669805034258 74 16057
1669805047403 74 16099
1669805062050 74 16149
1669805076681 74 16199
1669805091330 74 16249
1669805106307 74 16274
1669805111253 75 16274
1669805119344 75 16299
1669805134147 75 16349
1669805148805 75 16399
1669805163478 75 16449
1669805183303 75 16491
1669805188319 76 16491
1669805191388 76 16499
1669805206255 76 16549
1669805220978 76 16599
1669805235849 76 16649
1669805250554 76 16699
1669805260616 76 16708
1669805265523 77 16708
1669805278259 77 16749
1669805292983 77 16799
1669805307840 77 16849
1669805322692 77 16899
1669805337705 77 16925
1669805342956 78 16925
1669805350602 78 16949
1669805365370 78 16999
1669805379980 78 17049
1669805394752 78 17099
1669805414959 78 17142
1669805419932 79 17142
1669805422772 79 17149
1669805437558 79 17199
1669805452456 79 17249
1669805467235 79 17299
1669805481892 79 17349
1669805492088 79 17359
1669805497064 80 17359
1669805509584 80 17399
1669805524394 80 17449
1669805539050 80 17499
1669805553722 80 17549
1669805569018 80 17576
1669805574183 81 17576
1669805581611 81 17599
1669805596228 81 17649
1669805610830 81 17699
1669805625448 81 17749
1669805646176 81 17793
1669805651107 82 17793
1669805653613 82 17799
1669805668298 82 17849
1669805683110 82 17899
1669805697791 82 17949
1669805712474 82 17999
1669805722995 82 18010
1669805728025 83 18010
1669805740215 83 18049
1669805754901 83 18099
1669805769591 83 18149
1669805784555 83 18199
1669805800322 83 18227
1669805805346 84 18227
1669805812636 84 18249
1669805827337 84 18299
1669805842013 84 18349
1669805856710 84 18399
1669805877107 84 18444
1669805882093 85 18444
1669805884234 85 18449
1669805898866 85 18499
1669805913660 85 18549
1669805928459 85 18599
1669805943100 85 18649
1669805954063 85 18661
1669805959092 86 18661
1669805970903 86 18699
1669805985690 86 18749
1669806000316 86 18799
1669806014952 86 18849
1669806030811 86 18878
1669806035707 87 18878
1669806042598 87 18899
1669806057453 87 18949
1669806072322 87 18999
1669806087165 87 19049
1669806108113 87 19095
1669806113066 88 19095
1669806115093 88 19099
1669806129720 88 19149
1669806144621 88 19199
1669806159269 88 19249
1669806173920 88 19299
1669806185055 88 19312
1669806190085 89 19312
1669806201651 89 19349
1669806216597 89 19399
1669806231381 89 19449
1669806246025 89 19499
1669806262229 89 19529
1669806267161 90 19529
1669806273754 90 19549
1669806288610 90 19599
1669806303320 90 19649
1669806318036 90 19699
1669806339430 90 19746
1669806344428 91 19746
1669806346042 91 19749
1669806360825 91 19799
1669806375481 91 19849
1669806390126 91 19899
1669806404899 91 19949
1669806416416 91 19963
1669806421367 92 19963
1669806432661 92 19999
1669806447353 92 20049
1669806461991 92 20099
1669806476823 92 20149
1669806493534 92 20180
1669806498561 93 20180
1669806504859 93 20199
1669806519596 93 20249
1669806534247 93 20299
1669806549041 93 20349
1669806570576 93 20397
1669806575487 94 20397
1669806576801 94 20399
1669806591455 94 20449
1669806606282 94 20499
1669806620929 94 20549
1669806635826 94 20599
1669806647611 94 20614
1669806652556 95 20614
1669806663824 95 20649
1669806678459 95 20699
1669806693158 95 20749
1669806707960 95 20799
1669806724648 95 20831
1669806729691 96 20831
1669806735667 96 20849
1669806750483 96 20899
1669806765153 96 20949
1669806779965 96 20999
1669806801510 96 21048
1669806806528 97 21048
1669806807552 97 21049
1669806822241 97 21099
1669806836964 97 21149
1669806851819 97 21199
1669806866491 97 21249
1669806878536 97 21265
1669806883494 98 21265
1669806894199 98 21299
1669806909037 98 21349
1669806923821 98 21399
1669806938468 98 21449
1669806955528 98 21482
1669806960455 99 21482
1669806966130 99 21499
1669806980847 99 21549
1669806995701 99 21599
1669807010412 99 21649
1669807024913 99 21699
1669807032623 99 21699
1669807037603 100 21699
1669807053142 100 21749
1669807067871 100 21799
1669807082600 100 21849
1669807097615 100 21899
1669807109938 100 21916
1669807114910 101 21916
1669807125295 101 21949
1669807139927 101 21999
1669807154588 101 22049
1669807169230 101 22099
1669807186702 101 22133
1669807191615 102 22133
1669807196994 102 22149
1669807211823 102 22199
1669807226487 102 22249
1669807241180 102 22299
1669807255847 102 22349
1669807263512 102 22350
1669807268542 103 22350
1669807283960 103 22399
1669807298642 103 22449
1669807313474 103 22499
1669807328307 103 22549
1669807340922 103 22567
1669807345943 104 22567
1669807356067 104 22599
1669807370790 104 22649
1669807385488 104 22699
1669807400203 104 22749
1669807417927 104 22784
1669807423014 105 22784
1669807428152 105 22799
1669807442852 105 22849
1669807457567 105 22899
1669807472573 105 22949
1669807487272 105 22999
1669807495332 105 23001
1669807500321 106 23001
1669807515060 106 23049
1669807529694 106 23099
1669807544329 106 23149
1669807558978 106 23199
1669807571750 106 23218
1669807576737 107 23218
1669807586570 107 23249
1669807601414 107 23299
1669807616294 107 23349
1669807631033 107 23399
1669807649056 107 23435
1669807654081 108 23435
1669807659047 108 23449
1669807673764 108 23499
1669807688455 108 23549
1669807703140 108 23599
1669807717812 108 23649
1669807726211 108 23652
1669807731146 109 23652
1669807745590 109 23699
1669807760244 109 23749
1669807774915 109 23799
1669807789754 109 23849
1669807803004 109 23869
1669807807910 110 23869
1669807817429 110 23899
1669807832118 110 23949
1669807846712 110 23999
1669807861333 110 24049
1669807879795 110 24086
1669807884779 111 24086
1669807889318 111 24099
1669807903947 111 24149
1669807918769 111 24199
1669807933701 111 24249
1669807948423 111 24299
1669807957011 111 24303
1669807961968 112 24303
1669807976168 112 24349
1669807990849 112 24399
1669808005640 112 24449
1669808020302 112 24499
1669808033766 112 24520
1669808038857 113 24520
1669808048078 113 24549
1669808063035 113 24599
1669808077841 113 24649
1669808092507 113 24699
1669808111039 113 24737
1669808116102 114 24737
1669808120394 114 24749
1669808135046 114 24799
1669808149849 114 24849
1669808164513 114 24899
1669808179137 114 24949
1669808188105 114 24954
1669808193062 115 24954
1669808207089 115 24999
1669808221754 115 25049
1669808236702 115 25099
1669808251346 115 25149
1669808264925 115 25171
1669808269885 116 25171
1669808278998 116 25199
1669808293829 116 25249
1669808308682 116 25299
1669808323376 116 25349
1669808342199 116 25388
1669808347266 117 25388
1669808351252 117 25399
1669808366063 117 25449
1669808380880 117 25499
1669808395523 117 25549
1669808410240 117 25599
1669808419144 117 25605
1669808424051 118 25605
1669808437635 118 25649
1669808452421 118 25699
1669808467076 118 25749
1669808481855 118 25799
1669808495648 118 25822
1669808500545 119 25822
1669808509317 119 25849
1669808524090 119 25899
1669808538764 119 25949
1669808553388 119 25999
1669808572399 119 26039
1669808577306 120 26039
1669808580941 120 26049
1669808595748 120 26099
1669808610450 120 26149
1669808625328 120 26199
1669808640008 120 26249
1669808649382 120 26256
1669808654307 121 26256
1669808667599 121 26299
1669808682363 121 26349
1669808697000 121 26399
1669808711658 121 26449
1669808726140 121 26473
1669808731055 122 26473
1669808739407 122 26499
1669808754077 122 26549
1669808768898 122 26599
1669808783710 122 26649
1669808803088 122 26690
1669808808135 123 26690
1669808811542 123 26699
1669808826339 123 26749
1669808841026 123 26799
1669808855844 123 26849
1669808870491 123 26899
1669808880163 123 26907
1669808885183 124 26907
1669808898310 124 26949
1669808912958 124 26999
1669808927619 124 27049
1669808942551 124 27099
1669808957320 124 27124
1669808962376 125 27124
1669808970446 125 27149
1669808985079 125 27199
1669808999834 125 27249
1669809014440 125 27299
1669809034035 125 27341
1669809038997 126 27341
1669809042070 126 27349
1669809056866 126 27399
1669809071816 126 27449
1669809086420 126 27499
1669809101031 126 27549
1669809111174 126 27558
1669809116122 127 27558
1669809128816 127 27599
1669809143447 127 27649
1669809158138 127 27699
1669809172823 127 27749
1669809187974 127 27775
1669809193094 128 27775
1669809200941 128 27799
1669809215765 128 27849
1669809230416 128 27899
1669809245212 128 27949
1669809265083 128 27992
1669809269983 129 27992
1669809272880 129 27999
1669809287531 129 28049
1669809302174 129 28099
1669809316813 129 28149
1669809331609 129 28199
1669809342022 129 28209
1669809346993 130 28209
1669809359409 130 28249
1669809374214 130 28299
1669809388848 130 28349
1669809403812 130 28399
1669809418956 130 28426
1669809424020 131 28426
1669809431492 131 28449
1669809446145 131 28499
1669809460815 131 28549
1669809475681 131 28599
1669809496173 131 28643
1669809501272 132 28643
1669809503729 132 28649
1669809518323 132 28699
1669809533113 132 28749
1669809547907 132 28799
1669809562530 132 28849
1669809573126 132 28860
1669809578102 133 28860
1669809590217 133 28899
1669809604878 133 28949
1669809619531 133 28999
1669809634427 133 29049
1669809650062 133 29077
1669809655033 134 29077
1669809662197 134 29099
1669809676876 134 29149
1669809691653 134 29199
1669809706311 134 29249
1669809726905 134 29294
1669809731904 135 29294
1669809734092 135 29299
1669809748965 135 29349
1669809763767 135 29399
1669809778579 135 29449
1669809793231 135 29499
1669809804235 135 29511
1669809809214 136 29511
1669809821221 136 29549
1669809835910 136 29599
1669809850580 136 29649
1669809865223 136 29699
1669809881269 136 29728
1669809886332 137 29728
1669809893217 137 29749
1669809907936 137 29799
1669809922802 137 29849
1669809937662 137 29899
1669809958486 137 29945
1669809963444 138 29945
1669809965315 138 29949
1669809980145 138 29999
1669809994944 138 30049
1669810009620 138 30099
1669810024260 138 30149
1669810035468 138 30162
1669810040410 139 30162
1669810052137 139 30199
1669810067149 139 30249
1669810081875 139 30299
1669810096516 139 30349
1669810112615 139 30379
1669810117602 140 30379
1669810124290 140 30399
1669810139039 140 30449
1669810153676 140 30499
1669810168332 140 30549
1669810189467 140 30596
1669810194502 141 30596
1669810196106 141 30599
1669810211039 141 30649
1669810225718 141 30699
1669810240363 141 30749
1669810255128 141 30799
1669810266610 141 30813
1669810271697 142 30813
1669810283073 142 30849
1669810297732 142 30899
1669810312382 142 30949
1669810327193 142 30999
1669810343544 142 31030
1669810348553 143 31030
1669810354915 143 31049
1669810369648 143 31099
1669810384359 143 31149
1669810399172 143 31199
1669810420862 143 31247
1669810425821 144 31247
1669810427229 144 31249
1669810441860 144 31299
1669810456492 144 31349
1669810471093 144 31399
1669810485831 144 31449
1669810497769 144 31464
1669810502890 145 31464
1669810513841 145 31499
1669810528648 145 31549
1669810543429 145 31599
1669810558068 145 31649
1669810575209 145 31681
1669810580192 146 31681
1669810586182 146 31699
1669810600825 146 31749
1669810615593 146 31799
1669810630231 146 31849
1669810651977 146 31898
1669810656964 147 31898
1669810657922 147 31899
1669810672549 147 31949
1669810687333 147 31999
1669810702113 147 32049
1669810716764 147 32099
1669810728859 147 32115
1669810733853 148 32115
1669810744657 148 32149
1669810759266 148 32199
1669810773874 148 32249
1669810788634 148 32299
1669810805621 148 32332
1669810810659 149 32332
1669810816380 149 32349
1669810830995 149 32399
1669810845758 149 32449
1669810860379 149 32499
1669810874824 149 32549
1669810882534 149 32549
1669810887572 150 32549
1669810902892 150 32599
1669810917565 150 32649
1669810932368 150 32699
1669810947041 150 32749
1669810959456 150 32766
1669810964447 151 32766
1669810974830 151 32799
1669810989476 151 32849
1669811004122 151 32899
1669811019114 151 32949
1669811036518 151 32983
1669811041458 152 32983
1669811046940 152 32999
1669811061651 152 33049
1669811076402 152 33099
1669811091088 152 33149
1669811105896 152 33199
1669811113421 152 33200
1669811118326 153 33200
1669811133446 153 33249
1669811148203 153 33299
1669811162979 153 33349
1669811177764 153 33399
1669811190380 153 33417
1669811195241 154 33417
1669811205352 154 33449
1669811220028 154 33499
1669811234860 154 33549
1669811249536 154 33599
1669811267200 154 33634
1669811272241 155 33634
1669811277366 155 33649
1669811292357 155 33699
1669811307046 155 33749
1669811321926 155 33799
1669811336592 155 33849
1669811344575 155 33851
1669811349535 156 33851
1669811364431 156 33899
1669811379094 156 33949
1669811393743 156 33999
1669811408411 156 34049
1669811421430 156 34068
1669811426397 157 34068
1669811436214 157 34099
1669811451162 157 34149
1669811465825 157 34199
1669811480457 157 34249
1669811498267 157 34285
1669811503233 158 34285
1669811508030 158 34299
1669811522805 158 34349
1669811537398 158 34399
1669811552004 158 34449
1669811566599 158 34499
1669811574955 158 34502
1669811579918 159 34502
1669811594572 159 34549
1669811609198 159 34599
1669811624033 159 34649
1669811638808 159 34699
1669811652051 159 34719
1669811656940 160 34719
1669811666388 160 34749
1669811681041 160 34799
1669811695674 160 34849
1669811710326 160 34899
1669811728793 160 34936
1669811733780 161 34936
1669811738287 161 34949
1669811752927 161 34999
1669811767753 161 35049
1669811782413 161 35099
1669811797079 161 35149
1669811805729 161 35153
1669811810714 162 35153
1669811824911 162 35199
1669811839588 162 35249
1669811854396 162 35299
1669811869052 162 35349
1669811882694 162 35370
1669811887680 163 35370
1669811896866 163 35399
1669811911596 163 35449
1669811926468 163 35499
1669811941183 163 35549
1669811959598 163 35587
1669811964624 164 35587
1669811968856 164 35599
1669811983670 164 35649
1669811998313 164 35699
1669812013237 164 35749
1669812027857 164 35799
1669812036614 164 35804
1669812041551 165 35804
1669812055628 165 35849
1669812070402 165 35899
1669812085240 165 35949
1669812099920 165 35999
1669812113796 165 36021
1669812118748 166 36021
1669812127729 166 36049
1669812142378 166 36099
1669812157181 166 36149
1669812171841 166 36199
1669812190600 166 36238
1669812195600 167 36238
1669812199576 167 36249
1669812214413 167 36299
1669812229111 167 36349
1669812243770 167 36399
1669812258574 167 36449
1669812267776 167 36455
1669812272835 168 36455
1669812286388 168 36499
1669812301220 168 36549
1669812315898 168 36599
1669812330706 168 36649
1669812344858 168 36672
1669812349853 169 36672
1669812358525 169 36699
1669812373204 169 36749
1669812388016 169 36799
1669812402826 169 36849
1669812421921 169 36889
1669812426813 170 36889
1669812430477 170 36899
1669812445497 170 36949
1669812460169 170 36999
1669812474837 170 37049
1669812489642 170 37099
1669812499114 170 37106
1669812504101 171 37106
1669812517406 171 37149
1669812532055 171 37199
1669812546976 171 37249
1669812561597 171 37299
1669812576052 171 37323
1669812581029 172 37323
1669812589347 172 37349
1669812604147 172 37399
1669812618765 172 37449
1669812633407 172 37499
1669812652985 172 37540
1669812657915 173 37540
1669812661336 173 37549
1669812676112 173 37599
1669812690741 173 37649
1669812705537 173 37699
1669812720159 173 37749
1669812729843 173 37757
1669812734832 174 37757
1669812748008 174 37799
1669812762825 174 37849
1669812777510 174 37899
1669812792205 174 37949
1669812806948 174 37974
1669812811952 175 37974
1669812820034 175 37999
1669812835023 175 38049
1669812849682 175 38099
1669812864333 175 38149
1669812884187 175 38191
1669812889158 176 38191
1669812892214 176 38199
1669812906932 176 38249
1669812921558 176 38299
1669812936229 176 38349
1669812951017 176 38399
1669812960994 176 38408
1669812965949 177 38408
1669812978912 177 38449
1669812993558 177 38499
1669813008347 177 38549
1669813022995 177 38599
1669813037941 177 38625
1669813042923 178 38625
1669813050860 178 38649
1669813065493 178 38699
1669813080096 178 38749
1669813094889 178 38799
1669813114907 178 38842
1669813119895 179 38842
1669813122686 179 38849
1669813137350 179 38899
1669813152176 179 38949
1669813166863 179 38999
1669813181561 179 39049
1669813191780 179 39059
1669813196781 180 39059
1669813209474 180 39099
1669813224077 180 39149
1669813238983 180 39199
1669813253627 180 39249
1669813268906 180 39276
1669813273893 181 39276
1669813281305 181 39299
1669813295992 181 39349
1669813310816 181 39399
1669813325481 181 39449
1669813345744 181 39493
1669813350738 182 39493
1669813353240 182 39499
1669813367925 182 39549
1669813382709 182 39599
1669813397333 182 39649
1669813411996 182 39699
1669813422721 182 39710
1669813427708 183 39710
1669813439973 183 39749
1669813454577 183 39799
1669813469170 183 39849
1669813483758 183 39899
1669813499255 183 39927
1669813504174 184 39927
1669813511466 184 39949
1669813526087 184 39999
1669813540826 184 40049
1669813555545 184 40099
1669813575967 184 40144
1669813580859 185 40144
1669813583021 185 40149
1669813597628 185 40199
1669813612408 185 40249
1669813627064 185 40299
1669813641698 185 40349
1669813652665 185 40361
1669813657775 186 40361
1669813669650 186 40399
1669813684615 186 40449
1669813699249 186 40499
1669813713926 186 40549
1669813729688 186 40578
1669813734603 187 40578
1669813741501 187 40599
1669813756376 187 40649
1669813771082 187 40699
1669813785953 187 40749
1669813806820 187 40795
1669813811758 188 40795
1669813813682 188 40799
1669813828475 188 40849
1669813843285 188 40899
1669813857937 188 40949
1669813872615 188 40999
1669813883772 188 41012
1669813888738 189 41012
1669813900222 189 41049
1669813915000 189 41099
1669813929797 189 41149
1669813944441 189 41199
1669813960723 189 41229
1669813965727 190 41229
1669813972629 190 41249
1669813987287 190 41299
1669814001900 190 41349
1669814016543 190 41399
1669814037803 190 41446
1669814042842 191 41446
1669814044426 191 41449
1669814059062 191 41499
1669814073721 191 41549
1669814088387 191 41599
1669814103180 191 41649
1669814114622 191 41663
1669814119549 192 41663
1669814130770 192 41699
1669814145550 192 41749
1669814160318 192 41799
1669814174962 192 41849
1669814191459 192 41880
1669814196508 193 41880
1669814202928 193 41899
1669814217565 193 41949
1669814232219 193 41999
1669814246885 193 42049
1669814268559 193 42097
1669814273550 194 42097
1669814274880 194 42099
1669814289555 194 42149
1669814304281 194 42199
1669814319083 194 42249
1669814333794 194 42299
1669814345624 194 42314
1669814350723 195 42314
1669814361670 195 42349
1669814376285 195 42399
1669814390918 195 42449
1669814405540 195 42499
1669814422461 195 42531
1669814427405 196 42531
1669814433496 196 42549
1669814448165 196 42599
1669814462817 196 42649
1669814477541 196 42699
1669814499406 196 42748
1669814504352 197 42748
1669814505347 197 42749
1669814519984 197 42799
1669814534606 197 42849
1669814549248 197 42899
1669814564156 197 42949
1669814576462 197 42965
1669814581528 198 42965
1669814592186 198 42999
1669814606952 198 43049
1669814621544 198 43099
1669814636161 198 43149
1669814653223 198 43182
1669814658270 199 43182
1669814664014 199 43199
1669814678767 199 43249
1669814693555 199 43299
1669814708345 199 43349
1669814722791 199 43399
1669814730545 199 43399
1669814735451 200 43399
1669814750939 200 43449
1669814765601 200 43499
1669814780238 200 43549
1669814794911 200 43599
1669814807323 200 43616
1669814812327 201 43616
1669814822970 201 43649
1669814837634 201 43699
1669814852332 201 43749
1669814866992 201 43799
1669814884278 201 43833
1669814889273 202 43833
1669814894680 202 43849
1669814909453 202 43899
1669814924097 202 43949
1669814938875 202 43999
1669814953493 202 44049
1669814961346 202 44050
1669814966594 203 44050
1669814981606 203 44099
1669814996394 203 44149
1669815011253 203 44199
1669815026075 203 44249
1669815038725 203 44267
1669815043731 204 44267
1669815053848 204 44299
1669815068485 204 44349
1669815083257 204 44399
1669815097878 204 44449
1669815115470 204 44484
1669815120301 205 44484
1669815125594 205 44499
1669815140430 205 44549
1669815155110 205 44599
1669815169767 205 44649
1669815184588 205 44699
1669815192560 205 44701
1669815197479 206 44701
1669815212210 206 44749
1669815227021 206 44799
1669815241653 206 44849
1669815256440 206 44899
1669815269410 206 44918
1669815274421 207 44918
1669815284480 207 44949
1669815299275 207 44999
1669815313928 207 45049
1669815328736 207 45099
1669815346578 207 45135
1669815351552 208 45135
1669815356342 208 45149
1669815371147 208 45199
1669815385820 208 45249
1669815400632 208 45299
1669815415247 208 45349
1669815423683 208 45352
1669815428661 209 45352
1669815443302 209 45399
1669815457994 209 45449
1669815472710 209 45499
1669815487574 209 45549
1669815500862 209 45569
1669815505878 210 45569
1669815515343 210 45599
1669815530199 210 45649
1669815544900 210 45699
1669815559620 210 45749
1669815578067 210 45786
1669815583091 211 45786
1669815587674 211 45799
1669815602346 211 45849
1669815617124 211 45899
1669815631898 211 45949
1669815646544 211 45999
1669815655197 211 46003
1669815660190 212 46003
1669815674381 212 46049
1669815689084 212 46099
1669815703927 212 46149
1669815718623 212 46199
1669815732146 212 46220
1669815737193 213 46220
1669815746872 213 46249
1669815761570 213 46299
1669815776278 213 46349
1669815791027 213 46399
1669815809487 213 46437
1669815814409 214 46437
1669815818768 214 46449
1669815833434 214 46499
1669815848112 214 46549
1669815862760 214 46599
1669815877554 214 46649
1669815886436 214 46654
1669815891411 215 46654
1669815905591 215 46699
1669815920271 215 46749
1669815934945 215 46799
1669815949759 215 46849
1669815963691 215 46871
1669815968597 216 46871
1669815977480 216 46899
1669815992109 216 46949
1669816006850 216 46999
1669816021612 216 47049
1669816040314 216 47088
1669816045339 217 47088
1669816049261 217 47099
1669816064030 217 47149
1669816078787 217 47199
1669816093436 217 47249
1669816108085 217 47299
1669816117285 217 47305
1669816122282 218 47305
1669816135839 218 47349
1669816150809 218 47399
1669816165470 218 47449
1669816180154 218 47499
1669816194362 218 47522
1669816199415 219 47522
1669816208008 219 47549
1669816222827 219 47599
1669816237498 219 47649
1669816252336 219 47699
1669816271547 219 47739
1669816276623 220 47739
1669816280439 220 47749
1669816295118 220 47799
1669816309751 220 47849
1669816324399 220 47899
1669816339007 220 47949
1669816348551 220 47956
1669816353590 221 47956
1669816366906 221 47999
1669816381854 221 48049
1669816396664 221 48099
1669816411468 221 48149
1669816425869 221 48173
1669816430903 222 48173
1669816439259 222 48199
1669816454036 222 48249
1669816468732 222 48299
1669816483539 222 48349
1669816502786 222 48390
1669816507780 223 48390
1669816511139 223 48399
1669816526067 223 48449
1669816540678 223 48499
1669816555306 223 48549
1669816570070 223 48599
1669816579761 223 48607
1669816584837 224 48607
1669816597794 224 48649
1669816612432 224 48699
1669816627078 224 48749
1669816641729 224 48799
1669816656511 224 48824
1669816661596 225 48824
1669816669620 225 48849
1669816684420 225 48899
1669816699202 225 48949
1669816713841 225 48999
1669816733636 225 49041
1669816738579 226 49041
1669816741656 226 49049
1669816756349 226 49099
1669816771058 226 49149
1669816785901 226 49199
1669816800594 226 49249
1669816810648 226 49258
1669816815571 227 49258
1669816828611 227 49299
1669816843296 227 49349
1669816858133 227 49399
1669816872826 227 49449
1669816887857 227 49475
1669816892894 228 49475
1669816900618 228 49499
1669816915444 228 49549
1669816930120 228 49599
1669816944799 228 49649
1669816964989 228 49692
1669816970004 229 49692
1669816972778 229 49699
1669816987708 229 49749
1669817002367 229 49799
1669817017032 229 49849
1669817031680 229 49899
1669817042108 229 49909
1669817047113 230 49909
1669817059747 230 49949
1669817074573 230 49999
1669817089256 230 50049
1669817103944 230 50099
1669817119364 230 50126
1669817124253 231 50126
1669817131688 231 50149
1669817146491 231 50199
1669817161161 231 50249
1669817175804 231 50299
1669817196106 231 50343
1669817201071 232 50343
1669817203544 232 50349
1669817218269 232 50399
1669817233114 232 50449
1669817247783 232 50499
1669817262425 232 50549
1669817273024 232 50560
1669817278048 233 50560
1669817290379 233 50599
1669817305373 233 50649
1669817320085 233 50699
1669817334771 233 50749
1669817350396 233 50777
1669817355371 234 50777
1669817362530 234 50799
1669817377200 234 50849
1669817391993 234 50899
1669817406653 234 50949
1669817427389 234 50994
1669817432283 235 50994
1669817434446 235 50999
1669817449087 235 51049
1669817463988 235 51099
1669817478849 235 51149
1669817493461 235 51199
1669817504339 235 51211
1669817509354 236 51211
1669817521387 236 51249
1669817536064 236 51299
1669817550714 236 51349
1669817565360 236 51399
1669817581497 236 51428
1669817586545 237 51428
1669817593376 237 51449
1669817608027 237 51499
1669817622680 237 51549
1669817637316 237 51599
1669817658311 237 51645
1669817663335 238 51645
1669817665233 238 51649
1669817679835 238 51699
1669817694457 238 51749
1669817709072 238 51799
1669817724013 238 51849
1669817735228 238 51862
1669817740112 239 51862
1669817751891 239 51899
1669817766557 239 51949
1669817781209 239 51999
1669817795860 239 52049
1669817812187 239 52079
1669817817199 240 52079
1669817823798 240 52099
1669817838481 240 52149
1669817853171 240 52199
1669817867857 240 52249
1669817889304 240 52296
1669817894404 241 52296
1669817896164 241 52299
1669817910759 241 52349
1669817925374 241 52399
1669817940234 241 52449
1669817954857 241 52499
1669817966372 241 52513
1669817971441 242 52513
1669817982657 242 52549
1669817997311 242 52599
1669818011948 242 52649
1669818026571 242 52699
1669818043142 242 52730
1669818048046 243 52730
1669818054448 243 52749
1669818069167 243 52799
1669818083754 243 52849
1669818098337 243 52899
1669818119433 243 52947
1669818124449 244 52947
1669818125792 244 52949
1669818140446 244 52999
1669818155135 244 53049
1669818169862 244 53099
1669818184848 244 53149
1669818196652 244 53164
1669818201642 245 53164
1669818212557 245 53199
1669818227139 245 53249
1669818241784 245 53299
1669818256556 245 53349
1669818273282 245 53381
1669818278164 246 53381
1669818284080 246 53399
1669818298692 246 53449
1669818313593 246 53499
1669818328288 246 53549
1669818350067 246 53598
1669818354980 247 53598
1669818356034 247 53599
1669818370668 247 53649
1669818385284 247 53699
1669818400057 247 53749
1669818414678 247 53799
1669818426693 247 53815
1669818431593 248 53815
1669818442574 248 53849
1669818457199 248 53899
1669818471799 248 53949
1669818486407 248 53999
1669818503582 248 54032
1669818508522 249 54032
1669818514257 249 54049
1669818528851 249 54099
1669818543637 249 54149
1669818558391 249 54199
1669818572933 249 54249
1669818580510 249 54249
1669818585384 250 54249
1669818600702 250 54299
1669818615406 250 54349
1669818630087 250 54399
1669818645456 250 54449
1669818657832 250 54466
1669818662807 251 54466
1669818673314 251 54499
1669818687951 251 54549
1669818702701 251 54599
1669818717480 251 54649
1669818734705 251 54683
1669818739550 252 54683
1669818744940 252 54699
1669818759616 252 54749
1669818774301 252 54799
1669818789111 252 54849
1669818803904 252 54899
1669818811527 252 54900
1669818816434 253 54900
1669818831428 253 54949
1669818846032 253 54999
1669818860772 253 55049
1669818875488 253 55099
1669818887901 253 55117
1669818892822 254 55117
1669818902903 254 55149
1669818917558 254 55199
1669818932332 254 55249
1669818947022 254 55299
1669818964662 254 55334
1669818969597 255 55334
1669818974816 255 55349
1669818989632 255 55399
1669819004548 255 55449
1669819019668 255 55499
1669819034299 255 55549
1669819042220 255 55551
1669819047267 256 55551
1669819061935 256 55599
1669819076543 256 55649
1669819091170 256 55699
1669819105779 256 55749
1669819118956 256 55768
1669819123966 257 55768
1669819134034 257 55799
1669819149032 257 55849
1669819163653 257 55899
1669819178387 257 55949
1669819196313 257 55985
1669819201293 258 55985
1669819206059 258 55999
1669819220700 258 56049
1669819235325 258 56099
1669819249949 258 56149
1669819264723 258 56199
1669819273085 258 56202
1669819278101 259 56202
1669819292611 259 56249
1669819307180 259 56299
1669819321751 259 56349
1669819336350 259 56399
1669819349616 259 56419
1669819354571 260 56419
1669819364046 260 56449
1669819378698 260 56499
1669819393497 260 56549
1669819408260 260 56599
1669819426458 260 56636
1669819431353 261 56636
1669819435813 261 56649
1669819450714 261 56699
1669819465304 261 56749
1669819479919 261 56799
1669819494504 261 56849
1669819503139 261 56853
1669819508082 262 56853
1669819522378 262 56899
1669819537168 262 56949
1669819551916 262 56999
1669819566623 262 57049
1669819579993 262 57070
1669819584969 263 57070
1669819594202 263 57099
1669819608835 263 57149
1669819623482 263 57199
1669819638259 263 57249
1669819657040 263 57287
1669819661967 264 57287
1669819666173 264 57299
1669819680718 264 57349
1669819695307 264 57399
1669819709946 264 57449
1669819724765 264 57499
1669819733574 264 57504
1669819738510 265 57504
1669819752338 265 57549
1669819767386 265 57599
1669819782006 265 57649
1669819796610 265 57699
1669819810424 265 57721
1669819815432 266 57721
1669819824286 266 57749
1669819838835 266 57799
1669819853400 266 57849
1669819867958 266 57899
1669819886695 266 57938
1669819891661 267 57938
1669819895695 267 57949
1669819910387 267 57999
1669819925084 267 58049
1669819939838 267 58099
1669819954428 267 58149
1669819963539 267 58155
1669819968436 268 58155
1669819981871 268 58199
1669819996424 268 58249
1669820010965 268 58299
1669820025665 268 58349
1669820039652 268 58372
1669820044648 269 58372
1669820053376 269 58399
1669820068122 269 58449
1669820083076 269 58499
1669820097634 269 58549
1669820116630 269 58589
1669820121491 270 58589
1669820125034 270 58599
1669820139587 270 58649
1669820154159 270 58699
1669820168730 270 58749
1669820183273 270 58799
1669820192833 270 58806
1669820197749 271 58806
1669820211266 271 58849
1669820225964 271 58899
1669820240550 271 58949
1669820255139 271 58999
1669820269464 271 59023
1669820274295 272 59023
1669820282600 272 59049
1669820297190 272 59099
1669820311806 272 59149
1669820326559 272 59199
1669820346380 272 59240
1669820351388 273 59240
1669820354769 273 59249
1669820369596 273 59299
1669820384125 273 59349
1669820398687 273 59399
1669820413283 273 59449
1669820422955 273 59457
1669820427954 274 59457
1669820441034 274 59499
1669820455587 274 59549
1669820470160 274 59599
1669820484859 274 59649
1669820499612 274 59674
1669820504539 275 59674
1669820512520 275 59699
1669820527279 275 59749
1669820541859 275 59799
1669820556442 275 59849
1669820576090 275 59891
1669820581118 276 59891
1669820584156 276 59899
1669820598693 276 59949
1669820613261 276 59999
1669820627964 276 60049
1669820642664 276 60099
1669820652767 276 60108
1669820657668 277 60108
1669820670290 277 60149
1669820685023 277 60199
1669820699568 277 60249
1669820714151 277 60299
1669820729237 277 60325
1669820734230 278 60325
1669820741847 278 60349
1669820756446 278 60399
1669820771301 278 60449
1669820785845 278 60499
1669820805753 278 60542
1669820810689 279 60542
1669820813507 279 60549
1669820828056 279 60599
1669820842792 279 60649
1669820857451 279 60699
1669820872137 279 60749
1669820882450 279 60759
1669820887381 280 60759
1669820899750 280 60799
1669820914330 280 60849
1669820929049 280 60899
1669820943772 280 60949
1669820958996 280 60976
1669820963888 281 60976
1669820971256 281 60999
1669820985882 281 61049
1669821000633 281 61099
1669821015235 281 61149
1669821035549 281 61193
1669821040493 282 61193
1669821042951 282 61199
1669821057497 282 61249
1669821072117 282 61299
1669821086832 282 61349
1669821101391 282 61399
1669821112097 282 61410
1669821116916 283 61410
1669821129099 283 61449
1669821143705 283 61499
1669821158282 283 61549
1669821173001 283 61599
1669821188492 283 61627
1669821193452 284 61627
1669821200508 284 61649
1669821215086 284 61699
1669821229808 284 61749
1669821244372 284 61799
1669821264942 284 61844
1669821269883 285 61844
1669821272026 285 61849
1669821286569 285 61899
1669821301150 285 61949
1669821315706 285 61999
1669821330566 285 62049
1669821341316 285 62061
1669821346193 286 62061
1669821357929 286 62099
1669821372465 286 62149
1669821387170 286 62199
1669821401707 286 62249
1669821417548 286 62278
1669821422582 287 62278
1669821429525 287 62299
1669821444219 287 62349
1669821458778 287 62399
1669821473459 287 62449
1669821494181 287 62495
1669821499075 288 62495
1669821500959 288 62499
1669821515569 288 62549
1669821530283 288 62599
1669821544863 288 62649
1669821559584 288 62699
1669821570721 288 62712
1669821575661 289 62712
1669821587322 289 62749
1669821602130 289 62799
1669821616747 289 62849
1669821631399 289 62899
1669821647479 289 62929
1669821652428 290 62929
1669821658950 290 62949
1669821673657 290 62999
1669821688358 290 63049
1669821703096 290 63099
1669821724105 290 63146
1669821729030 291 63146
1669821730631 291 63149
1669821745306 291 63199
1669821760019 291 63249
1669821774578 291 63299
1669821789152 291 63349
1669821800375 291 63363
1669821805258 292 63363
1669821816398 292 63399
1669821830953 292 63449
1669821845510 292 63499
1669821860350 292 63549
1669821876738 292 63580
1669821881598 293 63580
1669821887867 293 63599
1669821902543 293 63649
1669821917248 293 63699
1669821931786 293 63749
1669821953163 293 63797
1669821958090 294 63797
1669821959380 294 63799
1669821973967 294 63849
1669821988819 294 63899
1669822003419 294 63949
1669822017993 294 63999
1669822029834 294 64014
1669822034778 295 64014
1669822045892 295 64049
1669822060481 295 64099
1669822075055 295 64149
1669822089645 295 64199
1669822106247 295 64231
1669822111116 296 64231
1669822117000 296 64249
1669822131730 296 64299
1669822146426 296 64349
1669822161004 296 64399
1669822182777 296 64448
1669822187677 297 64448
1669822188670 297 64449
1669822203236 297 64499
1669822217806 297 64549
1669822232365 297 64599
1669822247070 297 64649
1669822259327 297 64665
1669822264307 298 64665
1669822274822 298 64699
1669822289378 298 64749
1669822304091 298 64799
1669822318787 298 64849
1669822335791 298 64882
1669822340790 299 64882
1669822346450 299 64899
1669822361020 299 64949
1669822375573 299 64999
1669822390289 299 65049
1669822404787 299 65099
1669822412383 299 65099
1669822417036 300 65099
