1669799357924 0.25 49
1669799372567 0.3333333432674408 99
1669799387318 0.25 149
1669799401928 0.0 199
1669799429331 0.5 249
1669799443968 0.0 299
1669799458598 0.5 349
1669799473212 0.0 399
1669799500631 0.0 449
1669799515208 0.5 499
1669799530027 0.6000000238418579 549
1669799544767 1.0 599
1669799559345 0.5 649
1669799587060 0.3333333432674408 699
1669799601689 0.6666666865348816 749
1669799616306 0.0 799
1669799630939 0.0 849
1669799658331 0.6666666865348816 899
1669799673078 0.0 949
1669799688032 0.25 999
1669799702652 0.1666666716337204 1049
1669799730326 0.6666666865348816 1099
1669799744997 0.4000000059604645 1149
1669799759641 0.20000000298023224 1199
1669799774270 0.3333333432674408 1249
1669799788901 0.0 1299
1669799816401 0.4000000059604645 1349
1669799831342 0.0 1399
1669799846126 0.5 1449
1669799860892 0.25 1499
1669799888621 0.5 1549
1669799903272 0.4000000059604645 1599
1669799917943 0.6666666865348816 1649
1669799932591 0.0 1699
1669799960460 0.4000000059604645 1749
1669799975231 0.25 1799
1669799989988 0.5 1849
1669800004678 0.5 1899
1669800019285 0.25 1949
1669800047124 0.20000000298023224 1999
1669800061790 0.6666666865348816 2049
1669800076473 0.5 2099
1669800091429 0.25 2149
1669800118725 0.0 2199
1669800133550 0.3333333432674408 2249
1669800148216 0.3333333432674408 2299
1669800163009 0.3333333432674408 2349
1669800190504 0.5 2399
1669800205143 0.0 2449
1669800219746 0.800000011920929 2499
1669800234342 0.75 2549
1669800248939 0.6000000238418579 2599
1669800276756 0.25 2649
1669800291554 0.3333333432674408 2699
1669800306218 0.25 2749
1669800320882 0.20000000298023224 2799
1669800348622 0.0 2849
1669800363342 0.4000000059604645 2899
1669800378071 0.3333333432674408 2949
1669800392748 0.0 2999
1669800420720 0.5 3049
1669800435500 0.20000000298023224 3099
1669800450126 0.25 3149
1669800464745 0.25 3199
1669800479377 1.0 3249
1669800506954 0.0 3299
1669800521644 0.6000000238418579 3349
1669800536377 0.0 3399
1669800551072 0.5 3449
1669800579000 0.0 3499
1669800593768 0.0 3549
1669800608434 0.0 3599
1669800623114 0.5 3649
1669800650649 0.25 3699
1669800665304 0.0 3749
1669800680090 0.20000000298023224 3799
1669800694878 0.3333333432674408 3849
1669800709518 1.0 3899
1669800737080 0.25 3949
1669800751850 0.25 3999
1669800766452 1.0 4049
1669800781191 0.5 4099
1669800808921 0.5 4149
1669800823698 0.4000000059604645 4199
1669800838346 0.5 4249
1669800853137 1.0 4299
1669800881067 0.0 4349
1669800895851 0.20000000298023224 4399
1669800910612 0.25 4449
1669800925229 0.6000000238418579 4499
1669800940009 0.3333333432674408 4549
1669800967810 0.3333333432674408 4599
1669800982643 0.25 4649
1669800997331 0.3333333432674408 4699
1669801011990 0.0 4749
1669801039773 0.20000000298023224 4799
1669801054490 0.3333333432674408 4849
1669801069331 0.5 4899
1669801084055 0.5 4949
1669801111945 0.6666666865348816 4999
1669801126587 0.5 5049
1669801141228 0.0 5099
1669801156041 0.0 5149
1669801170838 0.5 5199
1669801198535 0.0 5249
1669801213222 0.25 5299
1669801227875 0.25 5349
1669801242695 0.25 5399
1669801270351 0.0 5449
1669801285162 0.3333333432674408 5499
1669801299853 0.6000000238418579 5549
1669801314695 0.25 5599
1669801342337 0.3333333432674408 5649
1669801356981 0.20000000298023224 5699
1669801371612 1.0 5749
1669801386365 0.25 5799
1669801401015 0.0 5849
1669801428614 0.4000000059604645 5899
1669801443962 0.0 5949
1669801458604 0.0 5999
1669801473247 0.25 6049
1669801500826 0.5 6099
1669801515611 0.0 6149
1669801530238 0.3333333432674408 6199
1669801544882 0.1666666716337204 6249
1669801572502 0.4000000059604645 6299
1669801587142 0.0 6349
1669801601911 0.3333333432674408 6399
1669801616510 0.25 6449
1669801631132 0.25 6499
1669801658790 0.5 6549
1669801673443 0.25 6599
1669801688202 0.3333333432674408 6649
1669801702989 0.1666666716337204 6699
1669801730574 0.0 6749
1669801745381 0.0 6799
1669801760033 0.75 6849
1669801774672 0.5 6899
1669801802944 0.20000000298023224 6949
1669801817578 0.25 6999
1669801832240 0.4000000059604645 7049
1669801847028 0.5 7099
1669801861721 0.5 7149
1669801889183 1.0 7199
1669801903999 0.25 7249
1669801918666 0.5 7299
1669801933498 0.6000000238418579 7349
1669801960865 0.3333333432674408 7399
1669801975564 0.25 7449
1669801990207 0.0 7499
1669802005008 0.20000000298023224 7549
1669802032742 0.3333333432674408 7599
1669802047589 0.0 7649
1669802062289 0.5 7699
1669802076991 0.4000000059604645 7749
1669802091666 0.25 7799
1669802119538 0.0 7849
1669802134183 0.3333333432674408 7899
1669802148994 0.4000000059604645 7949
1669802163813 0.5 7999
1669802191368 0.3333333432674408 8049
1669802206031 0.3333333432674408 8099
1669802220691 0.4000000059604645 8149
1669802235484 0.25 8199
1669802263114 0.1666666716337204 8249
1669802278113 0.25 8299
1669802292789 0.25 8349
1669802307440 0.0 8399
1669802322085 0.0 8449
1669802349625 0.25 8499
1669802364433 0.0 8549
1669802379254 0.0 8599
1669802393917 0.0 8649
1669802421566 0.0 8699
1669802436209 0.3333333432674408 8749
1669802450955 0.4000000059604645 8799
1669802465545 0.5 8849
1669802493106 0.4000000059604645 8899
1669802507852 0.25 8949
1669802522653 0.3333333432674408 8999
1669802537307 0.0 9049
1669802551935 0.3333333432674408 9099
1669802579514 0.6000000238418579 9149
1669802594377 0.0 9199
1669802609139 0.25 9249
1669802624210 0.0 9299
1669802651808 0.0 9349
1669802666644 0.0 9399
1669802681335 0.0 9449
1669802695995 0.5 9499
1669802723704 0.5 9549
1669802738383 0.0 9599
1669802753044 0.3333333432674408 9649
1669802767690 0.3333333432674408 9699
1669802782586 0.5 9749
1669802810382 0.75 9799
1669802825008 0.0 9849
1669802839648 0.3333333432674408 9899
1669802854413 0.5 9949
1669802882016 0.5 9999
1669802897211 1.0 10049
1669802911873 1.0 10099
1669802926683 0.3333333432674408 10149
1669802954397 0.0 10199
1669802969185 0.0 10249
1669802983960 0.5 10299
1669802998609 0.4000000059604645 10349
1669803013253 0.6666666865348816 10399
1669803040900 0.0 10449
1669803055717 0.6666666865348816 10499
1669803070634 0.4000000059604645 10549
1669803085265 0.4000000059604645 10599
1669803112795 0.5 10649
1669803127622 0.0 10699
1669803142756 0.3333333432674408 10749
1669803157550 0.5 10799
1669803171966 0.0 10849
1669803200051 0.25 10899
1669803214737 0.5714285969734192 10949
1669803229589 0.75 10999
1669803244456 0.6666666865348816 11049
1669803272236 0.20000000298023224 11099
1669803286854 0.6000000238418579 11149
1669803301509 0.0 11199
1669803316391 0.4000000059604645 11249
1669803344395 0.5 11299
1669803359233 0.20000000298023224 11349
1669803374059 0.6666666865348816 11399
1669803388758 0.20000000298023224 11449
1669803403415 0.0 11499
1669803431478 0.25 11549
1669803446149 0.2857142984867096 11599
1669803460815 1.0 11649
1669803475466 0.5 11699
1669803503296 0.0 11749
1669803517956 1.0 11799
1669803532780 0.5 11849
1669803547449 0.20000000298023224 11899
1669803575286 0.0 11949
1669803589912 0.0 11999
1669803604610 0.5 12049
1669803619566 0.25 12099
1669803634224 0.25 12149
1669803662059 0.5 12199
1669803676718 0.3333333432674408 12249
1669803691362 0.3333333432674408 12299
1669803706144 0.4000000059604645 12349
1669803733791 0.25 12399
1669803748761 0.5 12449
1669803763443 0.4000000059604645 12499
1669803778189 0.4000000059604645 12549
1669803805944 0.4000000059604645 12599
1669803820581 0.0 12649
1669803835355 0.3333333432674408 12699
1669803850008 0.0 12749
1669803864667 0.3333333432674408 12799
1669803892456 0.3333333432674408 12849
1669803907286 0.3333333432674408 12899
1669803921998 0.25 12949
1669803936714 0.5 12999
1669803964555 0.3333333432674408 13049
1669803979221 0.0 13099
1669803994015 0.0 13149
1669804008844 0.6000000238418579 13199
1669804036643 0.0 13249
1669804051327 0.6000000238418579 13299
1669804066157 0.5 13349
1669804080833 0.5 13399
1669804095490 0.5 13449
1669804123454 0.0 13499
1669804138198 0.20000000298023224 13549
1669804152926 0.25 13599
1669804167825 0.25 13649
1669804195743 0.6666666865348816 13699
1669804210667 0.0 13749
1669804225313 0.5 13799
1669804239965 0.0 13849
1669804267942 0.20000000298023224 13899
1669804282664 0.3333333432674408 13949
1669804297356 0.4000000059604645 13999
1669804312177 0.4000000059604645 14049
1669804326857 0.20000000298023224 14099
1669804354790 0.0 14149
1669804369422 0.25 14199
1669804384044 0.3333333432674408 14249
1669804398649 0.3333333432674408 14299
1669804426420 0.4000000059604645 14349
1669804441295 0.0 14399
1669804456002 0.5 14449
1669804470687 0.6666666865348816 14499
1669804498454 0.4000000059604645 14549
1669804513458 0.20000000298023224 14599
1669804528158 0.0 14649
1669804542833 0.25 14699
1669804557756 0.0 14749
1669804585605 0.3333333432674408 14799
1669804600289 0.25 14849
1669804614954 0.0 14899
1669804629642 0.3333333432674408 14949
1669804657553 0.25 14999
1669804672224 0.0 15049
1669804686931 0.0 15099
1669804701892 0.5 15149
1669804729578 0.20000000298023224 15199
1669804744251 0.25 15249
1669804759130 0.25 15299
1669804774026 0.5 15349
1669804788783 0.3333333432674408 15399
1669804816779 0.0 15449
1669804831450 0.5 15499
1669804846367 0.5 15549
1669804861049 0.20000000298023224 15599
1669804888753 0.6666666865348816 15649
1669804903753 0.4000000059604645 15699
1669804918437 0.6666666865348816 15749
1669804933138 0.6000000238418579 15799
1669804960806 0.3333333432674408 15849
1669804975566 0.4000000059604645 15899
1669804990341 0.6000000238418579 15949
1669805004993 0.75 15999
1669805019642 0.25 16049
1669805047403 0.5 16099
1669805062050 0.20000000298023224 16149
1669805076681 0.0 16199
1669805091330 0.0 16249
1669805119344 0.1666666716337204 16299
1669805134147 0.25 16349
1669805148805 0.4000000059604645 16399
1669805163478 0.25 16449
1669805191388 0.25 16499
1669805206255 0.0 16549
1669805220978 0.25 16599
1669805235849 0.3333333432674408 16649
1669805250554 0.6666666865348816 16699
1669805278259 1.0 16749
1669805292983 0.0 16799
1669805307840 0.0 16849
1669805322692 0.3333333432674408 16899
1669805350602 0.0 16949
1669805365370 0.1666666716337204 16999
1669805379980 0.5 17049
1669805394752 0.6666666865348816 17099
1669805422772 0.5 17149
1669805437558 0.800000011920929 17199
1669805452456 0.4000000059604645 17249
1669805467235 0.0 17299
1669805481892 0.4000000059604645 17349
1669805509584 0.6666666865348816 17399
1669805524394 0.800000011920929 17449
1669805539050 0.0 17499
1669805553722 0.3333333432674408 17549
1669805581611 0.0 17599
1669805596228 0.20000000298023224 17649
1669805610830 0.4000000059604645 17699
1669805625448 0.5 17749
1669805653613 0.3333333432674408 17799
1669805668298 0.0 17849
1669805683110 0.3333333432674408 17899
1669805697791 1.0 17949
1669805712474 0.6666666865348816 17999
1669805740215 0.5 18049
1669805754901 0.0 18099
1669805769591 0.3333333432674408 18149
1669805784555 0.5 18199
1669805812636 0.5 18249
1669805827337 0.25 18299
1669805842013 0.5 18349
1669805856710 0.20000000298023224 18399
1669805884234 0.3333333432674408 18449
1669805898866 0.0 18499
1669805913660 0.0 18549
1669805928459 0.3333333432674408 18599
1669805943100 0.3333333432674408 18649
1669805970903 0.5 18699
1669805985690 0.3333333432674408 18749
1669806000316 0.75 18799
1669806014952 0.3333333432674408 18849
1669806042598 0.3333333432674408 18899
1669806057453 0.75 18949
1669806072322 1.0 18999
1669806087165 0.0 19049
1669806115093 0.5 19099
1669806129720 0.6000000238418579 19149
1669806144621 0.4000000059604645 19199
1669806159269 0.0 19249
1669806173920 0.5 19299
1669806201651 0.6666666865348816 19349
1669806216597 0.3333333432674408 19399
1669806231381 0.25 19449
1669806246025 0.75 19499
1669806273754 0.6666666865348816 19549
1669806288610 0.0 19599
1669806303320 0.4000000059604645 19649
1669806318036 0.5 19699
1669806346042 0.25 19749
1669806360825 1.0 19799
1669806375481 0.0 19849
1669806390126 0.0 19899
1669806404899 0.0 19949
1669806432661 0.4000000059604645 19999
1669806447353 0.6666666865348816 20049
1669806461991 1.0 20099
1669806476823 0.3333333432674408 20149
1669806504859 0.6000000238418579 20199
1669806519596 0.0 20249
1669806534247 0.5 20299
1669806549041 0.25 20349
1669806576801 0.25 20399
1669806591455 0.4000000059604645 20449
1669806606282 0.4000000059604645 20499
1669806620929 0.3333333432674408 20549
1669806635826 0.5 20599
1669806663824 0.0 20649
1669806678459 0.25 20699
1669806693158 0.20000000298023224 20749
1669806707960 0.0 20799
1669806735667 0.5 20849
1669806750483 0.25 20899
1669806765153 0.4000000059604645 20949
1669806779965 0.5 20999
1669806807552 0.6000000238418579 21049
1669806822241 0.5 21099
1669806836964 0.4000000059604645 21149
1669806851819 0.0 21199
1669806866491 0.5 21249
1669806894199 0.6000000238418579 21299
1669806909037 1.0 21349
1669806923821 0.0 21399
1669806938468 0.3333333432674408 21449
1669806966130 0.5 21499
1669806980847 0.5 21549
1669806995701 0.6000000238418579 21599
1669807010412 0.75 21649
1669807024913 0.0 21699
1669807053142 0.3333333432674408 21749
1669807067871 0.25 21799
1669807082600 0.20000000298023224 21849
1669807097615 0.20000000298023224 21899
1669807125295 0.75 21949
1669807139927 1.0 21999
1669807154588 0.3333333432674408 22049
1669807169230 0.20000000298023224 22099
1669807196994 0.0 22149
1669807211823 0.0 22199
1669807226487 0.3333333432674408 22249
1669807241180 0.0 22299
1669807255847 0.6666666865348816 22349
1669807283960 0.25 22399
1669807298642 0.0 22449
1669807313474 0.5 22499
1669807328307 0.6000000238418579 22549
1669807356067 0.5714285969734192 22599
1669807370790 0.1428571492433548 22649
1669807385488 0.0 22699
1669807400203 0.0 22749
1669807428152 0.25 22799
1669807442852 0.0 22849
1669807457567 0.5 22899
1669807472573 0.6666666865348816 22949
1669807487272 0.3333333432674408 22999
1669807515060 0.3333333432674408 23049
1669807529694 1.0 23099
1669807544329 0.6000000238418579 23149
1669807558978 0.5 23199
1669807586570 0.6666666865348816 23249
1669807601414 0.0 23299
1669807616294 0.4000000059604645 23349
1669807631033 0.3333333432674408 23399
1669807659047 0.4000000059604645 23449
1669807673764 0.5 23499
1669807688455 0.25 23549
1669807703140 0.4000000059604645 23599
1669807717812 0.3333333432674408 23649
1669807745590 0.0 23699
1669807760244 0.3333333432674408 23749
1669807774915 0.25 23799
1669807789754 0.5 23849
1669807817429 0.5 23899
1669807832118 0.5 23949
1669807846712 0.0 23999
1669807861333 0.0 24049
1669807889318 0.20000000298023224 24099
1669807903947 0.0 24149
1669807918769 0.5 24199
1669807933701 0.5 24249
1669807948423 0.5 24299
1669807976168 0.3333333432674408 24349
1669807990849 0.3333333432674408 24399
1669808005640 0.5 24449
1669808020302 0.3333333432674408 24499
1669808048078 0.5 24549
1669808063035 0.5 24599
1669808077841 0.25 24649
1669808092507 0.3333333432674408 24699
1669808120394 0.5 24749
1669808135046 0.3333333432674408 24799
1669808149849 0.25 24849
1669808164513 0.0 24899
1669808179137 0.0 24949
1669808207089 0.6000000238418579 24999
1669808221754 0.20000000298023224 25049
1669808236702 0.20000000298023224 25099
1669808251346 0.4000000059604645 25149
1669808278998 0.0 25199
1669808293829 0.5 25249
1669808308682 0.6666666865348816 25299
1669808323376 1.0 25349
1669808351252 0.0 25399
1669808366063 0.3333333432674408 25449
1669808380880 0.3333333432674408 25499
1669808395523 0.25 25549
1669808410240 0.5 25599
1669808437635 0.25 25649
1669808452421 0.20000000298023224 25699
1669808467076 0.5 25749
1669808481855 0.3333333432674408 25799
1669808509317 0.6000000238418579 25849
1669808524090 0.6666666865348816 25899
1669808538764 0.5 25949
1669808553388 0.0 25999
1669808580941 1.0 26049
1669808595748 0.0 26099
1669808610450 0.4000000059604645 26149
1669808625328 0.5 26199
1669808640008 0.0 26249
1669808667599 0.5 26299
1669808682363 0.5 26349
1669808697000 0.25 26399
1669808711658 0.6666666865348816 26449
1669808739407 0.5 26499
1669808754077 1.0 26549
1669808768898 0.0 26599
1669808783710 0.0 26649
1669808811542 0.5 26699
1669808826339 0.1666666716337204 26749
1669808841026 0.6666666865348816 26799
1669808855844 0.0 26849
1669808870491 0.25 26899
1669808898310 0.0 26949
1669808912958 0.25 26999
1669808927619 0.0 27049
1669808942551 0.0 27099
1669808970446 0.1666666716337204 27149
1669808985079 0.20000000298023224 27199
1669808999834 0.0 27249
1669809014440 0.5 27299
1669809042070 0.0 27349
1669809056866 0.0 27399
1669809071816 0.20000000298023224 27449
1669809086420 0.0 27499
1669809101031 0.3333333432674408 27549
1669809128816 0.0 27599
1669809143447 0.6000000238418579 27649
1669809158138 0.3333333432674408 27699
1669809172823 0.20000000298023224 27749
1669809200941 0.5 27799
1669809215765 0.20000000298023224 27849
1669809230416 0.4000000059604645 27899
1669809245212 0.25 27949
1669809272880 1.0 27999
1669809287531 0.0 28049
1669809302174 0.5 28099
1669809316813 0.3333333432674408 28149
1669809331609 0.0 28199
1669809359409 0.25 28249
1669809374214 0.25 28299
1669809388848 0.5 28349
1669809403812 0.5 28399
1669809431492 0.0 28449
1669809446145 0.75 28499
1669809460815 0.25 28549
1669809475681 0.3333333432674408 28599
1669809503729 0.3333333432674408 28649
1669809518323 0.3333333432674408 28699
1669809533113 0.3333333432674408 28749
1669809547907 0.0 28799
1669809562530 0.6666666865348816 28849
1669809590217 0.3333333432674408 28899
1669809604878 0.3333333432674408 28949
1669809619531 0.1666666716337204 28999
1669809634427 0.5 29049
1669809662197 0.0 29099
1669809676876 0.0 29149
1669809691653 0.3333333432674408 29199
1669809706311 0.0 29249
1669809734092 1.0 29299
1669809748965 0.5 29349
1669809763767 0.0 29399
1669809778579 0.25 29449
1669809793231 0.25 29499
1669809821221 0.20000000298023224 29549
1669809835910 0.3333333432674408 29599
1669809850580 0.0 29649
1669809865223 0.3333333432674408 29699
1669809893217 0.20000000298023224 29749
1669809907936 0.0 29799
1669809922802 1.0 29849
1669809937662 0.25 29899
1669809965315 0.25 29949
1669809980145 0.5 29999
1669809994944 0.0 30049
1669810009620 0.5 30099
1669810024260 0.0 30149
1669810052137 0.5 30199
1669810067149 0.5 30249
1669810081875 0.6666666865348816 30299
1669810096516 0.3333333432674408 30349
1669810124290 0.0 30399
1669810139039 0.3333333432674408 30449
1669810153676 0.0 30499
1669810168332 0.6666666865348816 30549
1669810196106 0.6000000238418579 30599
1669810211039 0.5 30649
1669810225718 0.0 30699
1669810240363 0.5 30749
1669810255128 0.6000000238418579 30799
1669810283073 0.0 30849
1669810297732 0.3333333432674408 30899
1669810312382 0.5 30949
1669810327193 0.75 30999
1669810354915 0.0 31049
1669810369648 0.3333333432674408 31099
1669810384359 0.6666666865348816 31149
1669810399172 0.25 31199
1669810427229 0.3333333432674408 31249
1669810441860 0.125 31299
1669810456492 0.6666666865348816 31349
1669810471093 0.20000000298023224 31399
1669810485831 0.800000011920929 31449
1669810513841 0.5 31499
1669810528648 0.5 31549
1669810543429 0.0 31599
1669810558068 0.4000000059604645 31649
1669810586182 0.4000000059604645 31699
1669810600825 0.0 31749
1669810615593 0.0 31799
1669810630231 0.3333333432674408 31849
1669810657922 0.5 31899
1669810672549 0.25 31949
1669810687333 0.5 31999
1669810702113 0.25 32049
1669810716764 0.4000000059604645 32099
1669810744657 0.20000000298023224 32149
1669810759266 0.25 32199
1669810773874 0.0 32249
1669810788634 0.25 32299
1669810816380 0.1666666716337204 32349
1669810830995 0.6000000238418579 32399
1669810845758 0.6000000238418579 32449
1669810860379 0.25 32499
1669810874824 0.0 32549
1669810902892 0.3333333432674408 32599
1669810917565 0.800000011920929 32649
1669810932368 0.3333333432674408 32699
1669810947041 0.5 32749
1669810974830 0.3333333432674408 32799
1669810989476 0.3333333432674408 32849
1669811004122 0.25 32899
1669811019114 0.20000000298023224 32949
1669811046940 0.75 32999
1669811061651 0.25 33049
1669811076402 1.0 33099
1669811091088 0.25 33149
1669811105896 0.5 33199
1669811133446 0.5 33249
1669811148203 0.2857142984867096 33299
1669811162979 0.4000000059604645 33349
1669811177764 0.0 33399
1669811205352 0.6666666865348816 33449
1669811220028 0.0 33499
1669811234860 0.3333333432674408 33549
1669811249536 0.0 33599
1669811277366 0.0 33649
1669811292357 0.0 33699
1669811307046 0.0 33749
1669811321926 0.5714285969734192 33799
1669811336592 0.0 33849
1669811364431 0.3333333432674408 33899
1669811379094 0.5 33949
1669811393743 0.1666666716337204 33999
1669811408411 0.25 34049
1669811436214 0.0 34099
1669811451162 1.0 34149
1669811465825 0.3333333432674408 34199
1669811480457 0.4000000059604645 34249
1669811508030 0.5 34299
1669811522805 0.5 34349
1669811537398 0.5 34399
1669811552004 0.5 34449
1669811566599 0.0 34499
1669811594572 0.3333333432674408 34549
1669811609198 0.3333333432674408 34599
1669811624033 0.6666666865348816 34649
1669811638808 0.0 34699
1669811666388 0.5 34749
1669811681041 0.3333333432674408 34799
1669811695674 0.5 34849
1669811710326 0.0 34899
1669811738287 0.6000000238418579 34949
1669811752927 0.5 34999
1669811767753 0.800000011920929 35049
1669811782413 0.3333333432674408 35099
1669811797079 0.20000000298023224 35149
1669811824911 0.0 35199
1669811839588 0.5 35249
1669811854396 0.0 35299
1669811869052 0.25 35349
1669811896866 0.0 35399
1669811911596 0.0 35449
1669811926468 1.0 35499
1669811941183 0.5 35549
1669811968856 0.5714285969734192 35599
1669811983670 0.4000000059604645 35649
1669811998313 0.0 35699
1669812013237 0.5 35749
1669812027857 0.0 35799
1669812055628 0.5 35849
1669812070402 0.20000000298023224 35899
1669812085240 0.5 35949
1669812099920 0.0 35999
1669812127729 0.6666666865348816 36049
1669812142378 0.5 36099
1669812157181 1.0 36149
1669812171841 0.0 36199
1669812199576 0.1428571492433548 36249
1669812214413 0.25 36299
1669812229111 0.6666666865348816 36349
1669812243770 0.0 36399
1669812258574 0.0 36449
1669812286388 0.25 36499
1669812301220 0.3333333432674408 36549
1669812315898 0.5 36599
1669812330706 0.3333333432674408 36649
1669812358525 0.25 36699
1669812373204 0.0 36749
1669812388016 0.5 36799
1669812402826 0.6000000238418579 36849
1669812430477 0.5 36899
1669812445497 0.5 36949
1669812460169 0.3333333432674408 36999
1669812474837 0.75 37049
1669812489642 0.4000000059604645 37099
1669812517406 1.0 37149
1669812532055 0.6000000238418579 37199
1669812546976 0.5 37249
1669812561597 0.20000000298023224 37299
1669812589347 0.5 37349
1669812604147 0.5 37399
1669812618765 0.75 37449
1669812633407 0.25 37499
1669812661336 0.4000000059604645 37549
1669812676112 0.5 37599
1669812690741 0.0 37649
1669812705537 0.5 37699
1669812720159 0.0 37749
1669812748008 0.5 37799
1669812762825 0.0 37849
1669812777510 0.0 37899
1669812792205 0.20000000298023224 37949
1669812820034 0.5 37999
1669812835023 0.5 38049
1669812849682 0.6000000238418579 38099
1669812864333 0.4000000059604645 38149
1669812892214 0.0 38199
1669812906932 0.25 38249
1669812921558 0.1666666716337204 38299
1669812936229 0.0 38349
1669812951017 0.6666666865348816 38399
1669812978912 0.3333333432674408 38449
1669812993558 0.20000000298023224 38499
1669813008347 0.20000000298023224 38549
1669813022995 0.3333333432674408 38599
1669813050860 0.5 38649
1669813065493 0.3333333432674408 38699
1669813080096 0.25 38749
1669813094889 0.800000011920929 38799
1669813122686 0.25 38849
1669813137350 0.3333333432674408 38899
1669813152176 0.5 38949
1669813166863 1.0 38999
1669813181561 0.20000000298023224 39049
1669813209474 0.1666666716337204 39099
1669813224077 0.25 39149
1669813238983 0.0 39199
1669813253627 0.5 39249
1669813281305 0.20000000298023224 39299
1669813295992 1.0 39349
1669813310816 0.0 39399
1669813325481 0.4000000059604645 39449
1669813353240 0.3333333432674408 39499
1669813367925 0.5 39549
1669813382709 0.6000000238418579 39599
1669813397333 1.0 39649
1669813411996 0.0 39699
1669813439973 0.0 39749
1669813454577 0.5 39799
1669813469170 0.1666666716337204 39849
1669813483758 0.5 39899
1669813511466 0.6666666865348816 39949
1669813526087 0.0 39999
1669813540826 0.0 40049
1669813555545 0.3333333432674408 40099
1669813583021 0.5 40149
1669813597628 1.0 40199
1669813612408 0.3333333432674408 40249
1669813627064 0.5 40299
1669813641698 0.0 40349
1669813669650 0.25 40399
1669813684615 0.1428571492433548 40449
1669813699249 0.5 40499
1669813713926 0.20000000298023224 40549
1669813741501 0.3333333432674408 40599
1669813756376 0.5 40649
1669813771082 0.5 40699
1669813785953 0.5 40749
1669813813682 0.0 40799
1669813828475 0.4285714328289032 40849
1669813843285 0.0 40899
1669813857937 0.4000000059604645 40949
1669813872615 0.5 40999
1669813900222 0.0 41049
1669813915000 0.3333333432674408 41099
1669813929797 0.0 41149
1669813944441 0.25 41199
1669813972629 0.20000000298023224 41249
1669813987287 0.75 41299
1669814001900 0.0 41349
1669814016543 0.25 41399
1669814044426 0.5 41449
1669814059062 1.0 41499
1669814073721 0.4000000059604645 41549
1669814088387 1.0 41599
1669814103180 0.6666666865348816 41649
1669814130770 0.0 41699
1669814145550 0.3333333432674408 41749
1669814160318 0.4000000059604645 41799
1669814174962 0.25 41849
1669814202928 0.0 41899
1669814217565 0.0 41949
1669814232219 0.3333333432674408 41999
1669814246885 0.6666666865348816 42049
1669814274880 0.0 42099
1669814289555 0.25 42149
1669814304281 0.0 42199
1669814319083 0.0 42249
1669814333794 0.4000000059604645 42299
1669814361670 0.6000000238418579 42349
1669814376285 0.4000000059604645 42399
1669814390918 0.3333333432674408 42449
1669814405540 0.0 42499
1669814433496 0.25 42549
1669814448165 0.5 42599
1669814462817 0.6000000238418579 42649
1669814477541 0.25 42699
1669814505347 0.20000000298023224 42749
1669814519984 0.6666666865348816 42799
1669814534606 0.0 42849
1669814549248 0.1666666716337204 42899
1669814564156 0.6000000238418579 42949
1669814592186 0.25 42999
1669814606952 0.3333333432674408 43049
1669814621544 0.25 43099
1669814636161 0.0 43149
1669814664014 0.25 43199
1669814678767 0.5 43249
1669814693555 0.3333333432674408 43299
1669814708345 0.0 43349
1669814722791 0.0 43399
1669814750939 0.5 43449
1669814765601 0.3333333432674408 43499
1669814780238 0.4285714328289032 43549
1669814794911 0.5 43599
1669814822970 0.3333333432674408 43649
1669814837634 0.25 43699
1669814852332 0.3333333432674408 43749
1669814866992 0.4285714328289032 43799
1669814894680 1.0 43849
1669814909453 0.0 43899
1669814924097 1.0 43949
1669814938875 0.3333333432674408 43999
1669814953493 1.0 44049
1669814981606 0.6666666865348816 44099
1669814996394 0.3333333432674408 44149
1669815011253 0.5 44199
1669815026075 0.5 44249
1669815053848 0.25 44299
1669815068485 0.20000000298023224 44349
1669815083257 0.25 44399
1669815097878 0.25 44449
1669815125594 0.0 44499
1669815140430 0.4000000059604645 44549
1669815155110 0.0 44599
1669815169767 0.5 44649
1669815184588 0.800000011920929 44699
1669815212210 0.0 44749
1669815227021 0.25 44799
1669815241653 0.5 44849
1669815256440 0.0 44899
1669815284480 0.25 44949
1669815299275 0.75 44999
1669815313928 0.0 45049
1669815328736 0.25 45099
1669815356342 0.5 45149
1669815371147 1.0 45199
1669815385820 0.5 45249
1669815400632 0.5 45299
1669815415247 0.1428571492433548 45349
1669815443302 0.25 45399
1669815457994 0.1666666716337204 45449
1669815472710 0.0 45499
1669815487574 0.3333333432674408 45549
1669815515343 0.3333333432674408 45599
1669815530199 0.5 45649
1669815544900 0.0 45699
1669815559620 0.4000000059604645 45749
1669815587674 0.6000000238418579 45799
1669815602346 0.0 45849
1669815617124 0.0 45899
1669815631898 0.25 45949
1669815646544 0.5 45999
1669815674381 1.0 46049
1669815689084 0.0 46099
1669815703927 0.20000000298023224 46149
1669815718623 0.5 46199
1669815746872 0.6666666865348816 46249
1669815761570 0.800000011920929 46299
1669815776278 0.0 46349
1669815791027 0.5 46399
1669815818768 0.20000000298023224 46449
1669815833434 0.6000000238418579 46499
1669815848112 0.75 46549
1669815862760 1.0 46599
1669815877554 0.5 46649
1669815905591 0.6666666865348816 46699
1669815920271 0.5 46749
1669815934945 1.0 46799
1669815949759 0.4000000059604645 46849
1669815977480 0.6000000238418579 46899
1669815992109 0.75 46949
1669816006850 0.25 46999
1669816021612 0.0 47049
1669816049261 0.6666666865348816 47099
1669816064030 0.4000000059604645 47149
1669816078787 0.25 47199
1669816093436 0.0 47249
1669816108085 0.3333333432674408 47299
1669816135839 0.5 47349
1669816150809 0.800000011920929 47399
1669816165470 0.3333333432674408 47449
1669816180154 0.800000011920929 47499
1669816208008 0.0 47549
1669816222827 0.0 47599
1669816237498 0.0 47649
1669816252336 0.5 47699
1669816280439 0.4000000059604645 47749
1669816295118 0.6000000238418579 47799
1669816309751 1.0 47849
1669816324399 0.3333333432674408 47899
1669816339007 0.0 47949
1669816366906 0.3333333432674408 47999
1669816381854 0.5 48049
1669816396664 0.3333333432674408 48099
1669816411468 0.75 48149
1669816439259 0.5 48199
1669816454036 0.3333333432674408 48249
1669816468732 0.25 48299
1669816483539 1.0 48349
1669816511139 0.4285714328289032 48399
1669816526067 0.6666666865348816 48449
1669816540678 0.5 48499
1669816555306 0.2857142984867096 48549
1669816570070 0.5 48599
1669816597794 0.5 48649
1669816612432 0.6000000238418579 48699
1669816627078 0.5 48749
1669816641729 0.0 48799
1669816669620 0.5 48849
1669816684420 0.6666666865348816 48899
1669816699202 0.6666666865348816 48949
1669816713841 0.25 48999
1669816741656 0.5 49049
1669816756349 0.5 49099
1669816771058 0.6000000238418579 49149
1669816785901 0.0 49199
1669816800594 0.6666666865348816 49249
1669816828611 1.0 49299
1669816843296 0.3333333432674408 49349
1669816858133 0.1666666716337204 49399
1669816872826 1.0 49449
1669816900618 0.0 49499
1669816915444 0.0 49549
1669816930120 1.0 49599
1669816944799 0.0 49649
1669816972778 0.20000000298023224 49699
1669816987708 0.3333333432674408 49749
1669817002367 0.6666666865348816 49799
1669817017032 0.0 49849
1669817031680 0.5 49899
1669817059747 0.5 49949
1669817074573 0.4000000059604645 49999
1669817089256 0.6666666865348816 50049
1669817103944 0.1666666716337204 50099
1669817131688 0.25 50149
1669817146491 0.20000000298023224 50199
1669817161161 0.75 50249
1669817175804 0.25 50299
1669817203544 0.5 50349
1669817218269 0.3333333432674408 50399
1669817233114 1.0 50449
1669817247783 1.0 50499
1669817262425 0.0 50549
1669817290379 0.0 50599
1669817305373 0.0 50649
1669817320085 0.5 50699
1669817334771 0.3333333432674408 50749
1669817362530 1.0 50799
1669817377200 0.3333333432674408 50849
1669817391993 0.5 50899
1669817406653 0.5 50949
1669817434446 0.0 50999
1669817449087 0.5 51049
1669817463988 0.0 51099
1669817478849 0.4000000059604645 51149
1669817493461 0.25 51199
1669817521387 0.3333333432674408 51249
1669817536064 0.25 51299
1669817550714 0.5 51349
1669817565360 0.0 51399
1669817593376 0.4000000059604645 51449
1669817608027 0.0 51499
1669817622680 0.6000000238418579 51549
1669817637316 0.75 51599
1669817665233 0.5 51649
1669817679835 0.0 51699
1669817694457 0.6000000238418579 51749
1669817709072 0.25 51799
1669817724013 0.3333333432674408 51849
1669817751891 0.5 51899
1669817766557 0.3333333432674408 51949
1669817781209 0.0 51999
1669817795860 0.0 52049
1669817823798 0.6666666865348816 52099
1669817838481 1.0 52149
1669817853171 0.0 52199
1669817867857 0.6666666865348816 52249
1669817896164 0.6000000238418579 52299
1669817910759 0.3333333432674408 52349
1669817925374 0.1428571492433548 52399
1669817940234 0.75 52449
1669817954857 0.20000000298023224 52499
1669817982657 0.75 52549
1669817997311 0.25 52599
1669818011948 0.3333333432674408 52649
1669818026571 0.5 52699
1669818054448 0.4000000059604645 52749
1669818069167 0.3333333432674408 52799
1669818083754 0.3333333432674408 52849
1669818098337 0.0 52899
1669818125792 0.25 52949
1669818140446 0.25 52999
1669818155135 0.0 53049
1669818169862 0.1666666716337204 53099
1669818184848 0.5 53149
1669818212557 0.6666666865348816 53199
1669818227139 0.3333333432674408 53249
1669818241784 0.20000000298023224 53299
1669818256556 0.6666666865348816 53349
1669818284080 0.6666666865348816 53399
1669818298692 0.0 53449
1669818313593 0.0 53499
1669818328288 0.3333333432674408 53549
1669818356034 0.5 53599
1669818370668 0.20000000298023224 53649
1669818385284 0.5 53699
1669818400057 0.0 53749
1669818414678 0.25 53799
1669818442574 0.6666666865348816 53849
1669818457199 0.0 53899
1669818471799 0.5 53949
1669818486407 0.1666666716337204 53999
1669818514257 0.5 54049
1669818528851 0.0 54099
1669818543637 0.5 54149
1669818558391 0.20000000298023224 54199
1669818572933 1.0 54249
1669818600702 0.0 54299
1669818615406 1.0 54349
1669818630087 0.6666666865348816 54399
1669818645456 0.25 54449
1669818673314 0.4000000059604645 54499
1669818687951 0.0 54549
1669818702701 0.6000000238418579 54599
1669818717480 0.25 54649
1669818744940 0.6000000238418579 54699
1669818759616 0.7142857313156128 54749
1669818774301 0.5 54799
1669818789111 0.25 54849
1669818803904 0.0 54899
1669818831428 0.5 54949
1669818846032 0.3333333432674408 54999
1669818860772 0.0 55049
1669818875488 1.0 55099
1669818902903 0.0 55149
1669818917558 0.6666666865348816 55199
1669818932332 0.0 55249
1669818947022 0.5 55299
1669818974816 0.0 55349
1669818989632 0.0 55399
1669819004548 0.75 55449
1669819019668 0.20000000298023224 55499
1669819034299 0.0 55549
1669819061935 0.0 55599
1669819076543 0.0 55649
1669819091170 0.20000000298023224 55699
1669819105779 0.3333333432674408 55749
1669819134034 0.5 55799
1669819149032 0.5 55849
1669819163653 0.25 55899
1669819178387 0.20000000298023224 55949
1669819206059 0.6000000238418579 55999
1669819220700 0.0 56049
1669819235325 0.5 56099
1669819249949 0.5 56149
1669819264723 0.6000000238418579 56199
1669819292611 0.3333333432674408 56249
1669819307180 0.3333333432674408 56299
1669819321751 0.25 56349
1669819336350 0.25 56399
1669819364046 0.5 56449
1669819378698 0.0 56499
1669819393497 0.6000000238418579 56549
1669819408260 0.0 56599
1669819435813 0.3333333432674408 56649
1669819450714 0.7142857313156128 56699
1669819465304 0.0 56749
1669819479919 0.5 56799
1669819494504 0.3333333432674408 56849
1669819522378 0.7142857313156128 56899
1669819537168 0.6000000238418579 56949
1669819551916 0.4000000059604645 56999
1669819566623 0.0 57049
1669819594202 0.3333333432674408 57099
1669819608835 0.5 57149
1669819623482 0.6000000238418579 57199
1669819638259 0.3333333432674408 57249
1669819666173 0.25 57299
1669819680718 0.5 57349
1669819695307 0.4000000059604645 57399
1669819709946 0.0 57449
1669819724765 1.0 57499
1669819752338 0.75 57549
1669819767386 1.0 57599
1669819782006 0.25 57649
1669819796610 0.0 57699
1669819824286 0.5 57749
1669819838835 0.75 57799
1669819853400 0.3333333432674408 57849
1669819867958 0.5 57899
1669819895695 0.3333333432674408 57949
1669819910387 0.75 57999
1669819925084 0.1666666716337204 58049
1669819939838 0.375 58099
1669819954428 0.6000000238418579 58149
1669819981871 0.6666666865348816 58199
1669819996424 0.0 58249
1669820010965 0.20000000298023224 58299
1669820025665 1.0 58349
1669820053376 0.5 58399
1669820068122 0.6666666865348816 58449
1669820083076 0.3333333432674408 58499
1669820097634 0.0 58549
1669820125034 0.3333333432674408 58599
1669820139587 0.3333333432674408 58649
1669820154159 0.5 58699
1669820168730 0.2857142984867096 58749
1669820183273 0.3333333432674408 58799
1669820211266 0.4000000059604645 58849
1669820225964 0.5 58899
1669820240550 0.25 58949
1669820255139 0.6666666865348816 58999
1669820282600 0.6666666865348816 59049
1669820297190 0.6666666865348816 59099
1669820311806 0.3333333432674408 59149
1669820326559 0.0 59199
1669820354769 0.3333333432674408 59249
1669820369596 0.6666666865348816 59299
1669820384125 0.3333333432674408 59349
1669820398687 0.75 59399
1669820413283 0.800000011920929 59449
1669820441034 0.3333333432674408 59499
1669820455587 0.0 59549
1669820470160 0.0 59599
1669820484859 0.3333333432674408 59649
1669820512520 0.5 59699
1669820527279 0.5 59749
1669820541859 0.20000000298023224 59799
1669820556442 0.0 59849
1669820584156 0.0 59899
1669820598693 0.6666666865348816 59949
1669820613261 0.3333333432674408 59999
1669820627964 0.3333333432674408 60049
1669820642664 1.0 60099
1669820670290 0.3333333432674408 60149
1669820685023 0.0 60199
1669820699568 0.75 60249
1669820714151 0.6666666865348816 60299
1669820741847 0.3333333432674408 60349
1669820756446 0.75 60399
1669820771301 0.6666666865348816 60449
1669820785845 0.25 60499
1669820813507 0.4000000059604645 60549
1669820828056 0.4000000059604645 60599
1669820842792 0.3333333432674408 60649
1669820857451 0.6666666865348816 60699
1669820872137 0.1666666716337204 60749
1669820899750 0.4000000059604645 60799
1669820914330 0.4000000059604645 60849
1669820929049 0.5 60899
1669820943772 0.3333333432674408 60949
1669820971256 0.0 60999
1669820985882 1.0 61049
1669821000633 0.6666666865348816 61099
1669821015235 0.25 61149
1669821042951 0.0 61199
1669821057497 0.6666666865348816 61249
1669821072117 0.20000000298023224 61299
1669821086832 0.4000000059604645 61349
1669821101391 0.5 61399
1669821129099 0.25 61449
1669821143705 0.20000000298023224 61499
1669821158282 0.0 61549
1669821173001 0.5 61599
1669821200508 0.5 61649
1669821215086 0.5 61699
1669821229808 0.25 61749
1669821244372 0.3333333432674408 61799
1669821272026 0.5 61849
1669821286569 0.5 61899
1669821301150 0.6000000238418579 61949
1669821315706 0.6666666865348816 61999
1669821330566 0.5 62049
1669821357929 0.0 62099
1669821372465 0.25 62149
1669821387170 0.5 62199
1669821401707 0.5 62249
1669821429525 0.5 62299
1669821444219 0.5 62349
1669821458778 0.0 62399
1669821473459 0.1666666716337204 62449
1669821500959 0.0 62499
1669821515569 0.0 62549
1669821530283 0.25 62599
1669821544863 1.0 62649
1669821559584 0.5 62699
1669821587322 0.6666666865348816 62749
1669821602130 0.25 62799
1669821616747 0.25 62849
1669821631399 0.4285714328289032 62899
1669821658950 0.75 62949
1669821673657 0.5 62999
1669821688358 0.5 63049
1669821703096 0.6666666865348816 63099
1669821730631 0.6666666865348816 63149
1669821745306 0.0 63199
1669821760019 0.6666666865348816 63249
1669821774578 0.0 63299
1669821789152 0.25 63349
1669821816398 0.4000000059604645 63399
1669821830953 0.0 63449
1669821845510 0.0 63499
1669821860350 0.5 63549
1669821887867 0.3333333432674408 63599
1669821902543 1.0 63649
1669821917248 0.6666666865348816 63699
1669821931786 0.0 63749
1669821959380 0.0 63799
1669821973967 0.25 63849
1669821988819 0.3333333432674408 63899
1669822003419 0.0 63949
1669822017993 0.5 63999
1669822045892 0.6666666865348816 64049
1669822060481 0.75 64099
1669822075055 0.0 64149
1669822089645 0.5 64199
1669822117000 0.0 64249
1669822131730 0.20000000298023224 64299
1669822146426 0.0 64349
1669822161004 0.0 64399
1669822188670 0.5714285969734192 64449
1669822203236 0.6666666865348816 64499
1669822217806 0.3333333432674408 64549
1669822232365 1.0 64599
1669822247070 0.5 64649
1669822274822 0.0 64699
1669822289378 0.6666666865348816 64749
1669822304091 0.20000000298023224 64799
1669822318787 0.0 64849
1669822346450 0.5 64899
1669822361020 0.20000000298023224 64949
1669822375573 0.25 64999
1669822390289 1.0 65049
1669822404787 0.0 65099
