1669880262922 0.5 49
1669880277524 0.5 99
1669880292444 0.125 149
1669880307232 0.625 199
1669880334031 0.375 249
1669880348629 0.375 299
1669880363221 0.75 349
1669880377812 0.75 399
1669880404697 0.875 449
1669880419298 0.375 499
1669880434158 0.75 549
1669880448828 0.75 599
1669880463599 0.375 649
1669880490524 0.625 699
1669880505110 0.75 749
1669880519697 0.375 799
1669880534382 0.375 849
1669880561595 0.25 899
1669880576383 0.5 949
1669880591295 0.375 999
1669880605936 0.375 1049
1669880632993 0.75 1099
1669880647630 0.5 1149
1669880662228 0.125 1199
1669880676860 0.375 1249
1669880691462 0.625 1299
1669880718661 0.625 1349
1669880733432 0.625 1399
1669880748015 0.5 1449
1669880762597 0.375 1499
1669880789463 0.625 1549
1669880804307 0.375 1599
1669880819023 0.875 1649
1669880833716 0.375 1699
1669880861191 0.5 1749
1669880875824 0.625 1799
1669880890500 0.75 1849
1669880905129 0.5 1899
1669880919751 0.625 1949
1669880946644 0.25 1999
1669880961386 0.5 2049
1669880976000 0.375 2099
1669880990971 0.25 2149
1669881017997 0.5 2199
1669881032556 0.625 2249
1669881047122 0.875 2299
1669881061687 0.5 2349
1669881088633 0.25 2399
1669881103392 0.625 2449
1669881118138 0.875 2499
1669881132760 0.625 2549
1669881147491 0.5 2599
1669881174446 0.375 2649
1669881189070 0.5 2699
1669881203706 0.75 2749
1669881218337 0.5 2799
1669881245175 0.25 2849
1669881260027 0.25 2899
1669881274773 0.5 2949
1669881289400 0.25 2999
1669881316410 0.625 3049
1669881331190 0.375 3099
1669881345851 0.375 3149
1669881360559 0.625 3199
1669881375240 0.75 3249
1669881402033 0.75 3299
1669881416768 0.5 3349
1669881431385 0.75 3399
1669881446239 0.5 3449
1669881473486 0.625 3499
1669881488099 0.25 3549
1669881502696 0.75 3599
1669881517309 0.5 3649
1669881544366 0.25 3699
1669881559174 0.375 3749
1669881574213 0.25 3799
1669881588820 0.375 3849
1669881603444 0.75 3899
1669881630898 0.5 3949
1669881645500 0.5 3999
1669881660232 0.625 4049
1669881674842 0.5 4099
1669881702134 0.25 4149
1669881716734 0.5 4199
1669881731487 0.375 4249
1669881746247 0.625 4299
1669881773165 0.375 4349
1669881787763 0.5 4399
1669881802413 0.25 4449
1669881817012 0.75 4499
1669881831728 0.75 4549
1669881858961 0.125 4599
1669881873588 0.375 4649
1669881888215 0.375 4699
1669881903124 0.5 4749
1669881930076 0.25 4799
1669881944687 0.5 4849
1669881959286 0.5 4899
1669881974168 1.0 4949
1669882001206 0.625 4999
1669882015841 0.25 5049
1669882030751 0.5 5099
1669882045384 0.25 5149
1669882060019 0.625 5199
1669882087249 0.625 5249
1669882102038 0.375 5299
1669882116669 0.25 5349
1669882131302 0.375 5399
1669882158467 0.375 5449
1669882173081 0.875 5499
1669882187703 0.625 5549
1669882202472 0.625 5599
1669882229708 0.625 5649
1669882244305 0.625 5699
1669882259073 0.5 5749
1669882273688 0.75 5799
1669882288303 0.375 5849
1669882315469 0.625 5899
1669882330310 0.5 5949
1669882344927 0.625 5999
1669882359659 0.25 6049
1669882386813 0.5 6099
1669882401442 0.625 6149
1669882416240 0.375 6199
1669882430853 0.375 6249
1669882457484 0.5 6299
1669882472307 0.5 6349
1669882487293 0.375 6399
1669882502123 0.5 6449
1669882516740 0.25 6499
1669882543740 0.5 6549
1669882558344 0.5 6599
1669882573085 0.5 6649
1669882587736 0.125 6699
1669882614992 0.375 6749
1669882629756 0.375 6799
1669882644367 0.625 6849
1669882659114 0.75 6899
1669882686316 0.0 6949
1669882700900 0.375 6999
1669882715510 0.625 7049
1669882730120 0.375 7099
1669882744886 0.875 7149
1669882771968 0.625 7199
1669882786689 0.25 7249
1669882801271 0.375 7299
1669882815859 1.0 7349
1669882842942 0.5 7399
1669882857563 0.375 7449
1669882872203 0.625 7499
1669882887118 0.625 7549
1669882914538 0.375 7599
1669882929157 0.5 7649
1669882943775 0.25 7699
1669882958401 0.375 7749
1669882973164 0.75 7799
1669883000180 0.5 7849
1669883015015 0.875 7899
1669883029825 0.625 7949
1669883044638 0.5 7999
1669883072146 0.625 8049
1669883086771 0.625 8099
1669883101382 0.5 8149
1669883116015 0.375 8199
1669883143427 0.375 8249
1669883157998 0.5 8299
1669883172909 0.375 8349
1669883187529 0.625 8399
1669883202161 0.375 8449
1669883229202 0.25 8499
1669883243968 0.5 8549
1669883258580 0.375 8599
1669883273192 0.375 8649
1669883300669 0.375 8699
1669883315426 0.625 8749
1669883330049 0.5 8799
1669883344663 0.5 8849
1669883371780 0.625 8899
1669883386424 0.25 8949
1669883401022 0.625 8999
1669883415625 0.625 9049
1669883430507 0.5 9099
1669883457676 0.5 9149
1669883472458 0.25 9199
1669883487090 0.5 9249
1669883501718 0.375 9299
1669883528823 0.5 9349
1669883543545 0.75 9399
1669883558442 0.25 9449
1669883573209 0.5 9499
1669883600380 0.375 9549
1669883615006 0.375 9599
1669883629621 0.25 9649
1669883644288 0.25 9699
1669883658882 0.625 9749
1669883686135 0.625 9799
1669883701077 0.75 9849
1669883715862 0.375 9899
1669883730513 0.5 9949
1669883757507 0.5 9999
1669883772128 0.5 10049
1669883786767 0.375 10099
1669883801396 0.625 10149
1669883828665 0.625 10199
1669883843454 0.75 10249
1669883858124 0.5 10299
1669883872789 0.375 10349
1669883887466 0.625 10399
1669883914774 0.5 10449
1669883929429 0.375 10499
1669883944452 0.625 10549
1669883959100 0.25 10599
1669883986184 0.625 10649
1669884000786 0.5 10699
1669884015420 0.375 10749
1669884030042 0.375 10799
1669884044801 0.5 10849
1669884071963 0.5 10899
1669884086752 0.625 10949
1669884101370 0.5 10999
1669884115994 0.5 11049
1669884143037 0.25 11099
1669884157856 0.5 11149
1669884172572 0.625 11199
1669884187179 0.5 11249
1669884214393 0.25 11299
1669884229049 0.25 11349
1669884243692 0.5 11399
1669884258315 0.75 11449
1669884272913 0.375 11499
1669884300056 0.375 11549
1669884314690 0.5 11599
1669884329440 0.625 11649
1669884344208 0.75 11699
1669884371515 0.625 11749
1669884386122 0.5 11799
1669884400720 0.375 11849
1669884415332 0.625 11899
1669884442433 0.375 11949
1669884457151 0.375 11999
1669884471883 0.5 12049
1669884486497 0.625 12099
1669884501088 0.5 12149
1669884528531 0.375 12199
1669884543144 0.75 12249
1669884557732 0.625 12299
1669884572314 0.5 12349
1669884599482 0.375 12399
1669884614243 0.75 12449
1669884628885 0.875 12499
1669884643503 0.5 12549
1669884670812 0.625 12599
1669884685482 0.375 12649
1669884700150 0.375 12699
1669884714972 0.25 12749
1669884729827 0.5 12799
1669884757164 0.375 12849
1669884771825 0.75 12899
1669884786606 0.5 12949
1669884801245 0.375 12999
1669884828451 0.625 13049
1669884843105 0.5 13099
1669884857904 0.125 13149
1669884872749 0.625 13199
1669884900222 0.5 13249
1669884914943 0.625 13299
1669884929533 0.375 13349
1669884944097 0.5 13399
1669884958681 0.375 13449
1669884986044 0.25 13499
1669885000690 0.5 13549
1669885015570 0.625 13599
1669885030211 0.75 13649
1669885057507 0.5 13699
1669885072294 0.375 13749
1669885086963 0.625 13799
1669885101626 0.375 13849
1669885129114 0.75 13899
1669885143940 0.5 13949
1669885158681 0.5 13999
1669885173450 0.875 14049
1669885188090 0.5 14099
1669885215408 0.5 14149
1669885230089 0.25 14199
1669885244805 0.375 14249
1669885259481 0.625 14299
1669885286872 0.75 14349
1669885301501 0.5 14399
1669885316270 0.75 14449
1669885330914 0.375 14499
1669885358098 0.25 14549
1669885372683 0.5 14599
1669885387304 0.375 14649
1669885402062 0.5 14699
1669885416856 0.375 14749
1669885443948 0.5 14799
1669885458639 0.25 14849
1669885473418 0.25 14899
1669885488219 0.25 14949
1669885515445 0.625 14999
1669885530071 0.75 15049
1669885544703 0.625 15099
1669885559465 0.625 15149
1669885586814 0.625 15199
1669885601465 0.375 15249
1669885616290 0.75 15299
1669885631077 0.5 15349
1669885645770 0.625 15399
1669885673006 0.5 15449
1669885687658 0.875 15499
1669885702463 0.5 15549
1669885717068 0.625 15599
1669885744387 0.5 15649
1669885759044 0.25 15699
1669885773816 0.5 15749
1669885788476 0.375 15799
1669885815585 0.25 15849
1669885830224 0.375 15899
1669885844870 0.625 15949
1669885859525 0.5 15999
1669885874167 0.25 16049
1669885901672 0.625 16099
1669885916430 0.125 16149
1669885931045 0.375 16199
1669885945712 0.375 16249
1669885972781 0.5 16299
1669885987578 0.625 16349
1669886002468 0.625 16399
1669886017240 0.5 16449
1669886044556 0.75 16499
1669886059171 0.625 16549
1669886073928 0.25 16599
1669886088545 0.5 16649
1669886103335 0.625 16699
1669886130673 0.75 16749
1669886145441 0.5 16799
1669886160088 0.5 16849
1669886174869 0.625 16899
1669886202020 0.375 16949
1669886216751 0.5 16999
1669886231481 0.625 17049
1669886246071 0.625 17099
1669886273657 0.625 17149
1669886288278 0.5 17199
1669886302891 0.5 17249
1669886317637 0.5 17299
1669886332235 0.875 17349
1669886359494 0.25 17399
1669886374447 0.625 17449
1669886389263 0.5 17499
1669886403960 0.5 17549
1669886431159 0.75 17599
1669886445903 0.625 17649
1669886460519 0.375 17699
1669886475139 0.25 17749
1669886502489 0.75 17799
1669886517199 0.5 17849
1669886531795 0.625 17899
1669886546516 0.375 17949
1669886561114 0.5 17999
1669886588671 0.375 18049
1669886603426 0.75 18099
1669886618064 0.75 18149
1669886632688 0.75 18199
1669886659970 0.625 18249
1669886674726 0.625 18299
1669886689355 0.5 18349
1669886704026 0.5 18399
1669886731183 0.375 18449
1669886745815 0.5 18499
1669886760435 0.5 18549
1669886775338 0.375 18599
1669886790092 0.5 18649
1669886817287 0.75 18699
1669886831935 0.375 18749
1669886846580 0.25 18799
1669886861344 1.0 18849
1669886888650 0.375 18899
1669886903546 0.75 18949
1669886918160 0.75 18999
1669886932768 0.75 19049
1669886960280 0.625 19099
1669886975005 0.875 19149
1669886989639 0.625 19199
1669887004429 0.375 19249
1669887019048 0.375 19299
1669887046458 0.625 19349
1669887061064 0.25 19399
1669887075681 0.625 19449
1669887090298 0.625 19499
1669887117860 0.25 19549
1669887132481 0.5 19599
1669887147089 0.25 19649
1669887161698 0.875 19699
1669887189267 0.375 19749
1669887203879 0.625 19799
1669887218500 0.5 19849
1669887233262 0.375 19899
1669887248048 0.25 19949
1669887275279 0.5 19999
1669887289899 0.625 20049
1669887304653 0.375 20099
1669887319400 0.25 20149
1669887346522 0.5 20199
1669887361236 0.375 20249
1669887375922 0.625 20299
1669887390524 0.625 20349
1669887418037 0.5 20399
1669887432757 0.5 20449
1669887447520 0.125 20499
1669887462150 0.375 20549
1669887476779 0.75 20599
1669887503997 0.375 20649
1669887518701 0.625 20699
1669887533675 0.625 20749
1669887548333 0.25 20799
1669887575447 0.5 20849
1669887590200 0.5 20899
1669887604993 0.375 20949
1669887619633 0.75 20999
1669887646640 0.375 21049
1669887661406 0.25 21099
1669887676173 0.625 21149
1669887690799 0.375 21199
1669887705483 0.625 21249
1669887732748 0.625 21299
1669887747693 0.5 21349
1669887762307 0.625 21399
1669887777060 0.375 21449
1669887804157 0.25 21499
1669887818980 0.75 21549
1669887833787 0.5 21599
1669887848459 0.375 21649
1669887862919 0.5 21699
1669887890328 0.375 21749
1669887904956 0.5 21799
1669887919582 0.625 21849
1669887934205 0.25 21899
1669887961354 0.5 21949
1669887976094 0.75 21999
1669887990959 0.625 22049
1669888005570 0.375 22099
1669888032901 0.25 22149
1669888047529 0.625 22199
1669888062183 0.5 22249
1669888076813 0.5 22299
1669888091426 0.5 22349
1669888118533 0.625 22399
1669888133408 0.5 22449
1669888148369 0.625 22499
1669888162987 0.875 22549
1669888190290 0.25 22599
1669888204936 0.5 22649
1669888219564 0.625 22699
1669888234193 0.5 22749
1669888261532 0.25 22799
1669888276612 0.375 22849
1669888291286 0.875 22899
1669888306075 0.75 22949
1669888320864 0.5 22999
1669888348075 0.625 23049
1669888362759 0.625 23099
1669888377453 0.375 23149
1669888392149 0.625 23199
1669888419575 0.875 23249
1669888434344 0.625 23299
1669888449001 0.375 23349
1669888463781 0.875 23399
1669888490867 0.25 23449
1669888505518 0.375 23499
1669888520157 0.375 23549
1669888534800 0.625 23599
1669888549583 0.375 23649
1669888577045 0.875 23699
1669888591721 0.25 23749
1669888606436 0.375 23799
1669888621226 0.5 23849
1669888648297 0.625 23899
1669888662950 0.5 23949
1669888677649 0.75 23999
1669888692613 0.625 24049
1669888719940 0.5 24099
1669888734524 0.5 24149
1669888749126 0.5 24199
1669888763742 0.75 24249
1669888778557 0.875 24299
1669888805728 0.625 24349
1669888820662 0.25 24399
1669888835441 0.75 24449
1669888850099 0.625 24499
1669888877317 0.75 24549
1669888891942 0.375 24599
1669888906593 0.625 24649
1669888921231 0.5 24699
1669888948647 0.75 24749
1669888963400 0.625 24799
1669888978014 0.625 24849
1669888992776 0.375 24899
1669889007403 0.75 24949
1669889034483 0.75 24999
1669889049142 0.375 25049
1669889063923 0.125 25099
1669889078546 0.5 25149
1669889106043 0.375 25199
1669889120653 0.5 25249
1669889135251 0.375 25299
1669889149860 0.75 25349
1669889176944 0.625 25399
1669889191580 0.625 25449
1669889206300 0.5 25499
1669889221176 0.375 25549
1669889236100 0.625 25599
1669889263441 0.5 25649
1669889278048 0.625 25699
1669889292672 0.375 25749
1669889307296 0.125 25799
1669889334667 0.5 25849
1669889349283 0.625 25899
1669889363925 0.375 25949
1669889378606 0.5 25999
1669889406368 0.5 26049
1669889421024 0.625 26099
1669889435688 0.5 26149
1669889450521 0.75 26199
1669889465182 0.375 26249
1669889492255 0.5 26299
1669889507038 0.5 26349
1669889521884 0.5 26399
1669889536630 0.625 26449
1669889563834 0.375 26499
1669889578463 0.5 26549
1669889593091 0.5 26599
1669889607762 0.5 26649
1669889634945 0.5 26699
1669889649727 0.125 26749
1669889664372 0.625 26799
1669889679270 0.25 26849
1669889694036 0.375 26899
1669889721186 0.5 26949
1669889735845 0.25 26999
1669889750493 0.25 27049
1669889765157 0.375 27099
1669889792436 0.625 27149
1669889807171 0.5 27199
1669889821977 0.75 27249
1669889836960 0.875 27299
1669889864070 0.5 27349
1669889878689 0.5 27399
1669889893345 0.625 27449
1669889907988 0.75 27499
1669889922637 0.375 27549
1669889949995 0.625 27599
1669889964745 0.5 27649
1669889979659 0.5 27699
1669889994304 0.5 27749
1669890021672 0.75 27799
1669890036353 0.625 27849
1669890051020 0.125 27899
1669890065706 0.625 27949
1669890092824 0.375 27999
1669890107665 0.25 28049
1669890122375 0.75 28099
1669890137094 0.25 28149
1669890151655 0.75 28199
1669890178765 0.25 28249
1669890193415 0.625 28299
1669890208043 0.75 28349
1669890222832 0.75 28399
1669890250048 0.25 28449
1669890264815 0.5 28499
1669890279483 0.625 28549
1669890294126 0.25 28599
1669890321453 1.0 28649
1669890336074 0.75 28699
1669890350752 0.5 28749
1669890365611 0.375 28799
1669890380539 0.5 28849
1669890407755 0.375 28899
1669890422340 0.625 28949
1669890436962 0.5 28999
1669890451549 0.375 29049
1669890478788 0.375 29099
1669890493420 0.25 29149
1669890508169 0.5 29199
1669890522916 0.5 29249
1669890550231 0.75 29299
1669890564814 0.5 29349
1669890579410 0.75 29399
1669890594026 0.5 29449
1669890608774 0.25 29499
1669890635903 0.5 29549
1669890650810 0.5 29599
1669890665418 0.5 29649
1669890680013 0.625 29699
1669890707097 0.25 29749
1669890721869 0.625 29799
1669890736507 0.5 29849
1669890751282 0.375 29899
1669890778796 0.375 29949
1669890793497 0.375 29999
1669890808108 0.25 30049
1669890822700 0.75 30099
1669890837314 0.625 30149
1669890864336 0.375 30199
1669890879070 0.75 30249
1669890893653 0.5 30299
1669890908392 0.5 30349
1669890935824 0.25 30399
1669890950430 0.25 30449
1669890965097 0.5 30499
1669890979713 0.5 30549
1669891006660 0.75 30599
1669891021285 0.625 30649
1669891036080 0.375 30699
1669891051001 0.5 30749
1669891065643 0.5 30799
1669891093054 0.5 30849
1669891107789 0.5 30899
1669891122419 0.5 30949
1669891137034 0.75 30999
1669891164258 0.5 31049
1669891178880 0.75 31099
1669891193629 0.875 31149
1669891208403 0.5 31199
1669891235923 0.25 31249
1669891250533 0.25 31299
1669891265159 0.75 31349
1669891279780 0.625 31399
1669891294399 0.875 31449
1669891321545 0.625 31499
1669891336219 0.375 31549
1669891351281 0.375 31599
1669891365907 0.625 31649
1669891393134 0.625 31699
1669891407715 0.375 31749
1669891422316 0.625 31799
1669891436919 0.5 31849
1669891464167 0.375 31899
1669891478894 0.375 31949
1669891493513 0.375 31999
1669891508376 0.125 32049
1669891522988 0.625 32099
1669891550426 0.25 32149
1669891565060 0.375 32199
1669891579698 0.25 32249
1669891594452 0.375 32299
1669891621683 0.5 32349
1669891636485 0.625 32399
1669891651157 0.5 32449
1669891665839 0.625 32499
1669891680413 0.5 32549
1669891707925 0.5 32599
1669891722534 0.75 32649
1669891737148 0.25 32699
1669891751905 0.75 32749
1669891779273 0.5 32799
1669891793925 0.75 32849
1669891808604 0.25 32899
1669891823277 0.375 32949
1669891850463 0.75 32999
1669891865201 0.5 33049
1669891879850 0.5 33099
1669891894486 0.75 33149
1669891909105 0.5 33199
1669891936719 0.625 33249
1669891951342 0.875 33299
1669891966086 0.375 33349
1669891980702 0.625 33399
1669892007901 0.375 33449
1669892022539 0.25 33499
1669892037316 0.375 33549
1669892051954 0.5 33599
1669892079414 0.75 33649
1669892094036 0.25 33699
1669892108832 0.75 33749
1669892123438 0.5 33799
1669892138037 0.375 33849
1669892165279 0.375 33899
1669892180167 0.25 33949
1669892194803 0.5 33999
1669892209698 0.25 34049
1669892236729 0.5 34099
1669892251351 0.5 34149
1669892265959 0.5 34199
1669892280586 0.5 34249
1669892307983 0.5 34299
1669892322623 0.375 34349
1669892337658 0.25 34399
1669892352302 0.75 34449
1669892366946 0.625 34499
1669892394057 0.25 34549
1669892408687 0.625 34599
1669892423277 0.625 34649
1669892437877 0.625 34699
1669892465409 0.5 34749
1669892480012 0.75 34799
1669892494616 0.375 34849
1669892509347 0.625 34899
1669892536519 0.5 34949
1669892551135 0.75 34999
1669892565783 0.75 35049
1669892580419 0.5 35099
1669892595493 0.5 35149
1669892622569 0.375 35199
1669892637303 0.75 35249
1669892651916 0.5 35299
1669892666509 0.375 35349
1669892693625 0.625 35399
1669892708268 0.5 35449
1669892723236 0.625 35499
1669892737871 0.625 35549
1669892765110 0.25 35599
1669892779857 0.375 35649
1669892794551 0.75 35699
1669892809181 0.5 35749
1669892823814 0.375 35799
1669892851079 0.375 35849
1669892865750 0.625 35899
1669892881030 0.125 35949
1669892895860 0.375 35999
1669892923047 0.625 36049
1669892937818 0.375 36099
1669892952489 0.75 36149
1669892967197 0.25 36199
1669892994478 0.25 36249
1669893009373 0.375 36299
1669893024240 0.25 36349
1669893038987 0.625 36399
1669893053843 0.5 36449
1669893081296 0.25 36499
1669893095911 0.625 36549
1669893110539 0.75 36599
1669893125168 0.625 36649
1669893152345 0.625 36699
1669893167088 0.25 36749
1669893181696 0.5 36799
1669893196463 0.625 36849
1669893223609 0.75 36899
1669893238250 0.375 36949
1669893252888 0.5 36999
1669893267515 0.75 37049
1669893282401 0.5 37099
1669893309532 0.375 37149
1669893324122 0.625 37199
1669893338983 0.625 37249
1669893353562 0.625 37299
1669893380559 0.25 37349
1669893395122 0.5 37399
1669893409837 0.75 37449
1669893424434 0.75 37499
1669893451681 0.375 37549
1669893466427 0.75 37599
1669893481086 0.375 37649
1669893495885 0.5 37699
1669893510527 0.625 37749
1669893537754 0.375 37799
1669893552543 0.25 37849
1669893567167 0.25 37899
1669893582064 0.625 37949
1669893609237 0.25 37999
1669893624044 0.75 38049
1669893638707 0.5 38099
1669893653363 0.375 38149
1669893680680 0.25 38199
1669893695444 0.75 38249
1669893710068 0.375 38299
1669893724710 0.25 38349
1669893739633 0.625 38399
1669893766918 0.625 38449
1669893782047 0.75 38499
1669893796804 0.375 38549
1669893811492 0.25 38599
1669893839050 0.875 38649
1669893853717 0.625 38699
1669893868357 0.5 38749
1669893883292 0.5 38799
1669893910573 0.5 38849
1669893925110 0.5 38899
1669893939674 0.625 38949
1669893954248 0.5 38999
1669893969001 0.125 39049
1669893996160 0.375 39099
1669894010806 0.625 39149
1669894025946 0.375 39199
1669894040731 0.5 39249
1669894067852 0.625 39299
1669894082768 0.5 39349
1669894097547 0.375 39399
1669894112177 0.375 39449
1669894139475 0.375 39499
1669894154270 0.5 39549
1669894169064 0.75 39599
1669894183849 1.0 39649
1669894198502 0.5 39699
1669894225933 0.875 39749
1669894240590 0.5 39799
1669894255196 0.375 39849
1669894269799 0.375 39899
1669894297086 0.5 39949
1669894311933 0.5 39999
1669894326816 0.375 40049
1669894341437 0.5 40099
1669894368633 0.625 40149
1669894383243 0.625 40199
1669894397875 0.625 40249
1669894412770 0.75 40299
1669894427404 0.625 40349
1669894454524 0.5 40399
1669894469393 0.375 40449
1669894483990 0.5 40499
1669894498595 0.625 40549
1669894525739 0.5 40599
1669894540364 0.5 40649
1669894555126 0.5 40699
1669894569744 0.5 40749
1669894597098 0.375 40799
1669894611873 0.375 40849
1669894626547 0.75 40899
1669894641193 0.875 40949
1669894655831 0.5 40999
1669894682992 0.125 41049
1669894697925 0.375 41099
1669894712546 0.5 41149
1669894727167 0.5 41199
1669894754574 0.25 41249
1669894769300 0.75 41299
1669894783967 0.5 41349
1669894798776 0.625 41399
1669894826019 0.5 41449
1669894840916 0.375 41499
1669894855561 0.375 41549
1669894870217 0.625 41599
1669894884888 0.5 41649
1669894911842 0.5 41699
1669894926466 0.25 41749
1669894941189 0.25 41799
1669894955927 0.75 41849
1669894983229 0.5 41899
1669894997864 0.75 41949
1669895012611 0.625 41999
1669895027364 0.5 42049
1669895054670 0.625 42099
1669895069446 0.125 42149
1669895084110 0.625 42199
1669895098891 0.625 42249
1669895113688 0.5 42299
1669895140779 0.5 42349
1669895155400 0.375 42399
1669895170095 0.5 42449
1669895184753 0.375 42499
1669895212112 0.375 42549
1669895226736 0.625 42599
1669895241484 0.875 42649
1669895256245 0.375 42699
1669895283445 0.25 42749
1669895298068 0.5 42799
1669895312715 0.625 42849
1669895327377 0.625 42899
1669895342184 0.5 42949
1669895369750 0.625 42999
1669895384509 0.25 43049
1669895399178 0.375 43099
1669895413811 0.25 43149
1669895440873 0.25 43199
1669895455503 0.625 43249
1669895470123 0.5 43299
1669895485028 0.625 43349
1669895499583 0.5 43399
1669895527229 0.75 43449
1669895542057 0.25 43499
1669895556697 0.375 43549
1669895571368 0.5 43599
1669895598492 0.75 43649
1669895613252 0.375 43699
1669895627876 0.625 43749
1669895642796 0.625 43799
1669895670210 0.5 43849
1669895684822 0.25 43899
1669895699437 0.5 43949
1669895714047 0.375 43999
1669895728646 0.5 44049
1669895755712 0.5 44099
1669895770521 0.125 44149
1669895785331 0.625 44199
1669895800133 0.75 44249
1669895827358 0.5 44299
1669895842002 0.625 44349
1669895856789 0.25 44399
1669895871482 0.375 44449
1669895898785 0.625 44499
1669895913573 0.625 44549
1669895928392 0.0 44599
1669895943082 0.25 44649
1669895957869 0.5 44699
1669895985076 0.625 44749
1669895999834 0.625 44799
1669896014468 0.25 44849
1669896029100 0.625 44899
1669896056304 0.75 44949
1669896071092 0.5 44999
1669896085717 0.5 45049
1669896100470 0.5 45099
1669896127931 0.625 45149
1669896142659 0.75 45199
1669896157483 0.5 45249
1669896172130 0.625 45299
1669896186808 0.375 45349
1669896214025 0.375 45399
1669896228800 0.125 45449
1669896243565 0.625 45499
1669896258293 0.25 45549
1669896285533 0.625 45599
1669896300135 0.75 45649
1669896314924 0.5 45699
1669896329870 0.875 45749
1669896356981 0.5 45799
1669896371546 0.125 45849
1669896386272 0.625 45899
1669896400957 0.75 45949
1669896415532 0.5 45999
1669896442823 0.875 46049
1669896457730 0.375 46099
1669896472380 0.75 46149
1669896487035 0.25 46199
1669896514389 0.375 46249
1669896529052 0.75 46299
1669896543845 0.625 46349
1669896558492 0.625 46399
1669896585681 0.625 46449
1669896600412 0.375 46499
1669896615139 0.5 46549
1669896629869 0.875 46599
1669896644551 0.375 46649
1669896671676 0.5 46699
1669896686458 0.25 46749
1669896701098 0.75 46799
1669896715731 0.5 46849
1669896743049 0.375 46899
1669896757962 0.75 46949
1669896772739 0.375 46999
1669896787446 0.375 47049
1669896814677 0.375 47099
1669896829295 0.5 47149
1669896844022 0.375 47199
1669896858612 0.5 47249
1669896873339 0.375 47299
1669896900771 0.25 47349
1669896915372 0.75 47399
1669896929977 0.625 47449
1669896944589 0.875 47499
1669896972043 0.25 47549
1669896986785 0.5 47599
1669897001543 0.75 47649
1669897016151 0.625 47699
1669897043556 0.75 47749
1669897058212 0.625 47799
1669897072885 0.75 47849
1669897087676 0.375 47899
1669897102444 0.375 47949
1669897129420 0.75 47999
1669897144225 0.5 48049
1669897158960 0.25 48099
1669897173869 0.625 48149
1669897201250 0.75 48199
1669897215866 0.75 48249
1669897230466 0.75 48299
1669897245084 0.5 48349
1669897272236 0.375 48399
1669897286966 0.75 48449
1669897301574 0.5 48499
1669897316439 0.375 48549
1669897331196 0.75 48599
1669897358366 0.75 48649
1669897372980 0.5 48699
1669897387613 0.625 48749
1669897402247 0.5 48799
1669897429528 0.25 48849
1669897444348 0.5 48899
1669897459198 0.625 48949
1669897473981 0.5 48999
1669897501185 0.375 49049
1669897515875 0.625 49099
1669897530554 0.5 49149
1669897545283 0.5 49199
1669897559922 0.375 49249
1669897587100 0.375 49299
1669897601841 0.625 49349
1669897616467 0.375 49399
1669897631228 0.625 49449
1669897658299 0.625 49499
1669897672950 0.625 49549
1669897687596 0.5 49599
1669897702364 0.5 49649
1669897729334 0.5 49699
1669897743946 0.5 49749
1669897758710 0.625 49799
1669897773458 0.625 49849
1669897788081 0.75 49899
1669897815663 0.25 49949
1669897830315 0.75 49999
1669897844970 0.75 50049
1669897859617 0.5 50099
1669897886585 0.375 50149
1669897901382 0.125 50199
1669897916321 0.625 50249
1669897931054 0.75 50299
1669897958093 0.125 50349
1669897972715 1.0 50399
1669897987353 0.375 50449
1669898001968 0.625 50499
1669898016584 0.375 50549
1669898043849 0.625 50599
1669898058571 0.375 50649
1669898073181 0.75 50699
1669898087913 0.5 50749
1669898115108 0.5 50799
1669898129730 0.5 50849
1669898144344 0.375 50899
1669898158975 0.75 50949
1669898186138 0.625 50999
1669898201006 0.625 51049
1669898215626 0.625 51099
1669898230384 0.625 51149
1669898245003 0.625 51199
1669898272308 0.5 51249
1669898286963 0.625 51299
1669898301647 0.625 51349
1669898316306 0.625 51399
1669898343766 0.875 51449
1669898358835 0.5 51499
1669898373467 0.5 51549
1669898388079 0.875 51599
1669898415261 0.5 51649
1669898429846 0.375 51699
1669898444471 0.375 51749
1669898459487 0.375 51799
1669898474194 0.625 51849
1669898501474 0.375 51899
1669898516266 0.25 51949
1669898530953 0.625 51999
1669898545762 0.5 52049
1669898572993 0.375 52099
1669898587629 0.625 52149
1669898602414 1.0 52199
1669898617061 0.5 52249
1669898644334 0.5 52299
1669898658945 0.625 52349
1669898673694 0.375 52399
1669898688309 0.625 52449
1669898703173 0.75 52499
1669898730648 0.75 52549
1669898745435 0.5 52599
1669898760273 0.375 52649
1669898774906 0.375 52699
1669898802135 0.625 52749
1669898816927 0.625 52799
1669898831555 0.375 52849
1669898846346 0.5 52899
1669898873740 0.25 52949
1669898888440 0.5 52999
1669898903269 0.5 53049
1669898917925 0.25 53099
1669898932567 0.625 53149
1669898959763 0.625 53199
1669898974391 0.625 53249
1669898989161 0.5 53299
1669899003804 0.375 53349
1669899031175 0.75 53399
1669899045961 0.625 53449
1669899060756 0.625 53499
1669899075403 0.875 53549
1669899102646 0.875 53599
1669899117208 0.5 53649
1669899131941 0.875 53699
1669899146542 0.625 53749
1669899161137 0.75 53799
1669899188567 0.625 53849
1669899203231 0.875 53899
1669899217896 0.5 53949
1669899232686 0.5 53999
1669899260186 0.625 54049
1669899274802 0.5 54099
1669899289534 0.625 54149
1669899304227 0.375 54199
1669899318816 1.0 54249
1669899346343 0.5 54299
1669899360993 0.625 54349
1669899375646 0.625 54399
1669899390412 0.625 54449
1669899417362 0.75 54499
1669899432020 0.625 54549
1669899446806 0.5 54599
1669899461603 0.5 54649
1669899488898 0.625 54699
1669899503543 0.5 54749
1669899518459 0.125 54799
1669899533096 0.375 54849
1669899547724 0.375 54899
1669899575026 0.375 54949
1669899589767 0.75 54999
1669899604387 0.625 55049
1669899618987 0.625 55099
1669899646196 0.5 55149
1669899660821 0.625 55199
1669899675596 0.5 55249
1669899690365 0.625 55299
1669899717711 0.625 55349
1669899732349 0.625 55399
1669899746979 0.5 55449
1669899761760 0.625 55499
1669899776386 0.5 55549
1669899803685 0.625 55599
1669899818470 0.5 55649
1669899833212 0.625 55699
1669899847828 0.5 55749
1669899875133 0.375 55799
1669899889758 0.5 55849
1669899904430 0.5 55899
1669899919092 0.625 55949
1669899946423 0.5 55999
1669899961128 0.625 56049
1669899975922 0.5 56099
1669899990667 0.75 56149
1669900005397 0.5 56199
1669900032577 0.625 56249
1669900047175 0.625 56299
1669900061766 0.375 56349
1669900076369 0.625 56399
1669900103748 0.625 56449
1669900118339 0.5 56499
1669900132969 0.625 56549
1669900147708 0.5 56599
1669900175054 0.125 56649
1669900189653 0.625 56699
1669900204430 0.5 56749
1669900219034 0.375 56799
1669900233635 0.625 56849
1669900261166 0.5 56899
1669900275940 0.5 56949
1669900290545 0.5 56999
1669900305160 0.5 57049
1669900332357 0.5 57099
1669900347129 0.625 57149
1669900361735 0.5 57199
1669900376356 0.75 57249
1669900403668 0.375 57299
1669900418397 0.75 57349
1669900433002 0.375 57399
1669900447748 0.25 57449
1669900462352 0.875 57499
1669900489555 0.5 57549
1669900504197 0.625 57599
1669900518945 0.25 57649
1669900533558 0.5 57699
1669900560931 0.625 57749
1669900575558 0.625 57799
1669900590357 0.375 57849
1669900605116 0.5 57899
1669900632326 0.5 57949
1669900647044 0.625 57999
1669900661654 0.5 58049
1669900676383 0.5 58099
1669900690986 0.75 58149
1669900718173 0.375 58199
1669900732831 0.5 58249
1669900747645 0.625 58299
1669900762414 0.75 58349
1669900789680 0.625 58399
1669900804362 0.25 58449
1669900818987 0.5 58499
1669900833737 0.25 58549
1669900860859 0.5 58599
1669900875629 0.5 58649
1669900890370 0.5 58699
1669900904984 0.5 58749
1669900919750 0.625 58799
1669900946786 0.875 58849
1669900961629 0.375 58899
1669900976266 0.625 58949
1669900990900 0.625 58999
1669901017964 0.75 59049
1669901032856 0.375 59099
1669901047484 0.5 59149
1669901062104 0.625 59199
1669901089675 0.375 59249
1669901104300 0.625 59299
1669901118941 0.375 59349
1669901133583 0.75 59399
1669901148392 1.0 59449
1669901175538 0.5 59499
1669901190294 0.5 59549
1669901204915 0.5 59599
1669901219773 0.25 59649
1669901247037 0.5 59699
1669901261704 0.75 59749
1669901276373 0.5 59799
1669901291189 0.375 59849
1669901318496 0.875 59899
1669901333278 0.625 59949
1669901347972 0.5 59999
1669901362925 0.5 60049
1669901377594 0.5 60099
1669901405113 0.5 60149
1669901419735 0.5 60199
1669901434366 0.375 60249
1669901448980 0.75 60299
1669901476324 0.875 60349
1669901491034 0.625 60399
1669901505746 0.5 60449
1669901520325 0.25 60499
1669901547280 0.25 60549
1669901562028 0.375 60599
1669901576667 0.25 60649
1669901591310 0.75 60699
1669901605961 0.375 60749
1669901633544 0.375 60799
1669901648173 0.625 60849
1669901662811 0.625 60899
1669901677460 0.5 60949
1669901704788 0.75 60999
1669901719445 0.625 61049
1669901734103 0.5 61099
1669901748736 0.5 61149
1669901776203 0.375 61199
1669901790960 0.625 61249
1669901805571 0.5 61299
1669901820184 0.5 61349
1669901834922 0.75 61399
1669901862174 0.625 61449
1669901876807 0.375 61499
1669901891588 0.375 61549
1669901906350 0.75 61599
1669901933602 0.875 61649
1669901948258 0.875 61699
1669901963041 0.625 61749
1669901977698 0.625 61799
1669902004934 0.625 61849
1669902019565 0.25 61899
1669902034396 0.625 61949
1669902049038 0.75 61999
1669902063802 0.875 62049
1669902091156 0.75 62099
1669902105800 0.625 62149
1669902120488 0.5 62199
1669902135258 0.25 62249
1669902162612 0.5 62299
1669902177193 0.625 62349
1669902192051 0.625 62399
1669902206643 0.125 62449
1669902233972 0.5 62499
1669902248661 0.625 62549
1669902263449 0.5 62599
1669902278100 0.5 62649
1669902292758 0.5 62699
1669902320093 0.5 62749
1669902334852 0.5 62799
1669902349461 0.5 62849
1669902364082 0.5 62899
1669902391544 0.5 62949
1669902406217 0.5 62999
1669902420915 0.625 63049
1669902435588 0.625 63099
1669902462990 0.5 63149
1669902477582 0.75 63199
1669902492340 0.625 63249
1669902506963 0.625 63299
1669902521701 0.375 63349
1669902548944 0.625 63399
1669902563573 0.125 63449
1669902578205 0.5 63499
1669902592975 0.875 63549
1669902620310 0.375 63599
1669902635090 0.75 63649
1669902649830 0.25 63699
1669902664430 0.625 63749
1669902691640 0.5 63799
1669902706292 0.625 63849
1669902721112 0.5 63899
1669902735778 0.375 63949
1669902750443 0.5 63999
1669902777840 0.5 64049
1669902792648 0.5 64099
1669902807275 0.5 64149
1669902821885 0.75 64199
1669902849180 0.375 64249
1669902863775 0.5 64299
1669902878398 0.75 64349
1669902893186 0.5 64399
1669902920491 0.375 64449
1669902935074 0.75 64499
1669902950002 0.625 64549
1669902964641 0.75 64599
1669902979393 0.5 64649
1669903006671 0.5 64699
1669903021434 0.375 64749
1669903036075 0.5 64799
1669903050886 0.25 64849
1669903077842 0.75 64899
1669903092589 0.625 64949
1669903107306 0.625 64999
1669903121903 0.375 65049
1669903136324 0.5 65099
