1669880323711 0.28764107823371887 216
1669880399349 0.28976330161094666 433
1669880475590 0.2905588150024414 650
1669880551597 0.29281309247016907 867
1669880627989 0.2848224937915802 1084
1669880703776 0.2900990843772888 1301
1669880779711 0.28002476692199707 1518
1669880856385 0.28953757882118225 1735
1669880932242 0.2863735854625702 1952
1669881008612 0.28260117769241333 2169
1669881084204 0.2873713970184326 2386
1669881160423 0.28843244910240173 2603
1669881236085 0.2871001958847046 2820
1669881312221 0.28368982672691345 3037
1669881388212 0.28551608324050903 3254
1669881464626 0.29166391491889954 3471
1669881540434 0.2899078130722046 3688
1669881617425 0.2873988747596741 3905
1669881693538 0.29052019119262695 4122
1669881769566 0.29093173146247864 4339
1669881845563 0.29930776357650757 4556
1669881921899 0.2815139591693878 4773
1669881997840 0.28736305236816406 4990
1669882074168 0.29277458786964417 5207
1669882150532 0.28695157170295715 5424
1669882226681 0.2900344431400299 5641
1669882302751 0.30027663707733154 5858
1669882378915 0.2888921797275543 6075
1669882454736 0.28932562470436096 6292
1669882531382 0.2852505147457123 6509
1669882607498 0.2880663573741913 6726
1669882683836 0.2976892590522766 6943
1669882759945 0.2910831570625305 7160
1669882835761 0.2799835205078125 7377
1669882912427 0.301606148481369 7594
1669882988383 0.28748559951782227 7811
1669883065280 0.2883746325969696 8028
1669883141564 0.2867932617664337 8245
1669883217733 0.29415908455848694 8462
1669883294228 0.2840861976146698 8679
1669883370226 0.29153597354888916 8896
1669883446505 0.29291632771492004 9113
1669883522613 0.2834393382072449 9330
1669883599117 0.29267412424087524 9547
1669883675277 0.2823561728000641 9764
1669883751551 0.29559454321861267 9981
1669883827685 0.2904762029647827 10198
1669883904196 0.29657861590385437 10415
1669883980555 0.29594138264656067 10632
1669884056705 0.2848610579967499 10849
1669884132681 0.29571428894996643 11066
1669884208897 0.28687307238578796 11283
1669884284929 0.2929067313671112 11500
1669884361289 0.2916446626186371 11717
1669884437384 0.2956482172012329 11934
1669884513490 0.28292596340179443 12151
1669884589556 0.2845844030380249 12368
1669884666050 0.29264381527900696 12585
1669884742525 0.29598134756088257 12802
1669884818876 0.29361963272094727 13019
1669884895649 0.2980223298072815 13236
1669884971785 0.29873794317245483 13453
1669885048328 0.29074323177337646 13670
1669885124965 0.2895665168762207 13887
1669885201623 0.2942526638507843 14104
1669885277893 0.2905464172363281 14321
1669885354188 0.2931213974952698 14538
1669885430382 0.29348334670066833 14755
1669885506884 0.2953481674194336 14972
1669885583155 0.2933594882488251 15189
1669885659707 0.28925129771232605 15406
1669885736005 0.2985273599624634 15623
1669885812263 0.2952463626861572 15840
1669885888761 0.299785315990448 16057
1669885964758 0.3008519113063812 16274
1669886041402 0.2982783019542694 16491
1669886118056 0.2972172200679779 16708
1669886194345 0.30301541090011597 16925
1669886270946 0.29512935876846313 17142
1669886347165 0.2967686057090759 17359
1669886423785 0.30636802315711975 17576
1669886500061 0.2954142391681671 17793
1669886576379 0.29381775856018066 18010
1669886652865 0.30493396520614624 18227
1669886729047 0.2982603907585144 18444
1669886805588 0.29784613847732544 18661
1669886881727 0.293842613697052 18878
1669886958438 0.2997467815876007 19095
1669887034995 0.2952505350112915 19312
1669887111412 0.29730525612831116 19529
1669887187681 0.2930581271648407 19746
1669887264123 0.28797829151153564 19963
1669887340297 0.2988770008087158 20180
1669887416793 0.29565373063087463 20397
1669887493079 0.2885260283946991 20614
1669887569527 0.29452386498451233 20831
1669887645697 0.2919777035713196 21048
1669887722002 0.30245664715766907 21265
1669887798374 0.29918113350868225 21482
1669887874868 0.30139827728271484 21699
1669887951052 0.2937076985836029 21916
1669888027552 0.3046325743198395 22133
1669888103435 0.3092981278896332 22350
1669888180257 0.2984888553619385 22567
1669888256494 0.30209606885910034 22784
1669888333363 0.301118940114975 23001
1669888409552 0.2980443239212036 23218
1669888486084 0.3068180978298187 23435
1669888562564 0.2956744134426117 23652
1669888638891 0.29648780822753906 23869
1669888715486 0.2959289848804474 24086
1669888791559 0.2990834414958954 24303
1669888868167 0.29156482219696045 24520
1669888944410 0.30709338188171387 24737
1669889020696 0.2958230674266815 24954
1669889096900 0.2945403456687927 25171
1669889173051 0.2980126440525055 25388
1669889249902 0.2950977385044098 25605
1669889325955 0.30125105381011963 25822
1669889402779 0.30896228551864624 26039
1669889478993 0.3041384220123291 26256
1669889555433 0.30164605379104614 26473
1669889631613 0.2958959639072418 26690
1669889708211 0.30336636304855347 26907
1669889784447 0.30500414967536926 27124
1669889861075 0.30780214071273804 27341
1669889937328 0.2998018264770508 27558
1669890013924 0.30194607377052307 27775
1669890090183 0.303373247385025 27992
1669890166418 0.3072061836719513 28209
1669890242634 0.3037750720977783 28426
1669890319067 0.30316683650016785 28643
1669890395640 0.3010253310203552 28860
1669890471693 0.30896368622779846 29077
1669890548077 0.304126113653183 29294
1669890624133 0.30106937885284424 29511
1669890700339 0.30544325709342957 29728
1669890776967 0.29779383540153503 29945
1669890852974 0.3075062036514282 30162
1669890929287 0.30198320746421814 30379
1669891005169 0.2989485263824463 30596
1669891081942 0.3016777038574219 30813
1669891158088 0.3019474446773529 31030
1669891234653 0.3019171357154846 31247
1669891310617 0.3000922203063965 31464
1669891387180 0.30399805307388306 31681
1669891463233 0.30338287353515625 31898
1669891539671 0.2982866168022156 32115
1669891616039 0.29799890518188477 32332
1669891692577 0.30343788862228394 32549
1669891768678 0.30748969316482544 32766
1669891845121 0.3018125593662262 32983
1669891921550 0.31060975790023804 33200
1669891997879 0.3041040301322937 33417
1669892074366 0.30754056572914124 33634
1669892150576 0.30402833223342896 33851
1669892227090 0.2991563379764557 34068
1669892303156 0.30279383063316345 34285
1669892379605 0.2985810935497284 34502
1669892455674 0.30354392528533936 34719
1669892532079 0.3080526292324066 34936
1669892608492 0.31432151794433594 35153
1669892684495 0.30493947863578796 35370
1669892760920 0.30250757932662964 35587
1669892837176 0.30433663725852966 35804
1669892914219 0.30514588952064514 36021
1669892990596 0.31242644786834717 36238
1669893067755 0.3095100522041321 36455
1669893143874 0.3067079782485962 36672
1669893219992 0.30508261919021606 36889
1669893296354 0.3105601966381073 37106
1669893372356 0.30181393027305603 37323
1669893448338 0.3098514676094055 37540
1669893524756 0.3055078685283661 37757
1669893601193 0.30289846658706665 37974
1669893677706 0.2969089448451996 38191
1669893754151 0.3055243492126465 38408
1669893831279 0.30244705080986023 38625
1669893907906 0.3058629631996155 38842
1669893983808 0.31385910511016846 39059
1669894060470 0.3038700819015503 39276
1669894137019 0.3041784167289734 39493
1669894213874 0.3033030927181244 39710
1669894289988 0.30841317772865295 39927
1669894366459 0.3063432574272156 40144
1669894442833 0.3016625642776489 40361
1669894518909 0.30030277371406555 40578
1669894595231 0.3094329535961151 40795
1669894671522 0.3052394986152649 41012
1669894748030 0.31153592467308044 41229
1669894824449 0.3087173402309418 41446
1669894900738 0.3092224597930908 41663
1669894977007 0.30659517645835876 41880
1669895053364 0.3083237111568451 42097
1669895129936 0.3102574050426483 42314
1669895206163 0.307331383228302 42531
1669895282447 0.3059110641479492 42748
1669895359016 0.30313244462013245 42965
1669895435210 0.30330580472946167 43182
1669895511748 0.3050536811351776 43399
1669895588158 0.31194326281547546 43616
1669895664641 0.3017011284828186 43833
1669895740639 0.30607619881629944 44050
1669895817301 0.3096311688423157 44267
1669895893764 0.30270156264305115 44484
1669895970322 0.3132342994213104 44701
1669896046516 0.29537433385849 44918
1669896123109 0.30814751982688904 45135
1669896199616 0.30370765924453735 45352
1669896276118 0.30833202600479126 45569
1669896352507 0.3026052415370941 45786
1669896428576 0.30837467312812805 46003
1669896505235 0.30626344680786133 46220
1669896581549 0.3060459792613983 46437
1669896657876 0.3083402216434479 46654
1669896734171 0.3120149075984955 46871
1669896810826 0.3150578439235687 47088
1669896887280 0.30933526158332825 47305
1669896963425 0.30297139286994934 47522
1669897039920 0.3093215227127075 47739
1669897116245 0.31657445430755615 47956
1669897193004 0.30664604902267456 48173
1669897268897 0.3067038357257843 48390
1669897345428 0.3130896985530853 48607
1669897421366 0.3072928786277771 48824
1669897498143 0.3126906156539917 49041
1669897574324 0.31726399064064026 49258
1669897650624 0.3134792447090149 49475
1669897726558 0.3103055953979492 49692
1669897803172 0.3118235766887665 49909
1669897879143 0.3117809593677521 50126
1669897955650 0.3080388605594635 50343
1669898031533 0.3106069564819336 50560
1669898108019 0.30420172214508057 50777
1669898183861 0.31343790888786316 50994
1669898260363 0.3058244585990906 51211
1669898336841 0.3035796880722046 51428
1669898413367 0.3080277740955353 51645
1669898489902 0.3138439357280731 51862
1669898566326 0.3111148178577423 52079
1669898642767 0.29757362604141235 52296
1669898719417 0.31703412532806396 52513
1669898795912 0.31297966837882996 52730
1669898872456 0.31152769923210144 52947
1669898948833 0.3124525547027588 53164
1669899025105 0.3123493194580078 53381
1669899101673 0.31133636832237244 53598
1669899177821 0.3059978187084198 53815
1669899254565 0.3164465129375458 54032
1669899330928 0.3158588409423828 54249
1669899407077 0.31097301840782166 54466
1669899483470 0.3111478090286255 54683
1669899560001 0.31664738059043884 54900
1669899636230 0.30671486258506775 55117
1669899712529 0.3109497129917145 55334
1669899789036 0.3166639506816864 55551
1669899865432 0.30735620856285095 55768
1669899941602 0.311076283454895 55985
1669900018245 0.312470406293869 56202
1669900094390 0.3149174749851227 56419
1669900170567 0.3148665428161621 56636
1669900246909 0.30854532122612 56853
1669900323212 0.3196696937084198 57070
1669900399480 0.3201169967651367 57287
1669900475798 0.3069323003292084 57504
1669900552118 0.3090434968471527 57721
1669900628401 0.3188742697238922 57938
1669900704636 0.3080897629261017 58155
1669900780987 0.306439608335495 58372
1669900857294 0.3172832429409027 58589
1669900933480 0.3150949478149414 58806
1669901009764 0.30640658736228943 59023
1669901086236 0.32156071066856384 59240
1669901162573 0.31093037128448486 59457
1669901239000 0.32019543647766113 59674
1669901315467 0.3090421259403229 59891
1669901392329 0.3059978187084198 60108
1669901468544 0.32270577549934387 60325
1669901544583 0.30832237005233765 60542
1669901620678 0.3110748529434204 60759
1669901697243 0.3164684474468231 60976
1669901773683 0.31368839740753174 61193
1669901850116 0.3175254762172699 61410
1669901926524 0.3085962235927582 61627
1669902002783 0.3059317469596863 61844
1669902079363 0.3158354163169861 62061
1669902155821 0.3117506504058838 62278
1669902232116 0.32718005776405334 62495
1669902308518 0.31150707602500916 62712
1669902384898 0.31055188179016113 62929
1669902461292 0.309237539768219 63146
1669902537751 0.30771270394325256 63363
1669902614087 0.31186896562576294 63580
1669902690365 0.3175475001335144 63797
1669902766809 0.3176891803741455 64014
1669902843302 0.3126383423805237 64231
1669902919514 0.319306343793869 64448
1669902995997 0.30852192640304565 64665
1669903072189 0.32013627886772156 64882
1669903148409 0.3186072111129761 65099
