1669880262922 1.4204509530914584 49
1669880277524 1.521243742009864 99
1669880292444 1.9159934947456583 149
1669880307232 1.2389621148355778 199
1669880334031 1.4625062485055849 249
1669880348629 1.5445126582981354 299
1669880363221 1.0503825266231608 349
1669880377812 0.9582884044955986 399
1669880404697 1.1732175539984029 449
1669880419298 1.4823986026456875 499
1669880434158 0.9951817613659713 549
1669880448828 0.8853964756265369 599
1669880463599 1.2404903003349315 649
1669880490524 1.314924280028782 699
1669880505110 0.9495402374958529 749
1669880519697 1.3410847211537043 799
1669880534382 1.4960727713990571 849
1669880561595 1.4528918320288022 899
1669880576383 1.1904062063753926 949
1669880591295 1.1874225850916624 999
1669880605936 1.4364745953394555 1049
1669880632993 1.0678342385341035 1099
1669880647630 1.2924909001511935 1149
1669880662228 1.652084412946732 1199
1669880676860 1.5023466934561027 1249
1669880691462 1.1641081132296982 1299
1669880718661 1.306423011365927 1349
1669880733432 1.3633275601638348 1399
1669880748015 1.420701610870152 1449
1669880762597 1.496974013740855 1499
1669880789463 1.2266952273209415 1549
1669880804307 1.4181426577657712 1599
1669880819023 0.9649193540458881 1649
1669880833716 1.3542479178000186 1699
1669880861191 1.2598014299906595 1749
1669880875824 1.149859786183065 1799
1669880890500 1.0266800301027967 1849
1669880905129 1.3548238845840512 1899
1669880919751 1.1831719082593226 1949
1669880946644 1.6015911083475414 1999
1669880961386 1.1772592198571732 2049
1669880976000 1.442818492786762 2099
1669880990971 1.396401546623435 2149
1669881017997 1.2907909857387119 2199
1669881032556 1.1377052792822102 2249
1669881047122 1.0354470288105444 2299
1669881061687 1.2745744314111063 2349
1669881088633 1.4003781261220416 2399
1669881103392 1.0643578420933444 2449
1669881118138 0.8980243796870993 2499
1669881132760 1.134420698933779 2549
1669881147491 1.2777822920501403 2599
1669881174446 1.3972684707147822 2649
1669881189070 1.299061752476163 2699
1669881203706 1.0285488092799588 2749
1669881218337 1.259709472501393 2799
1669881245175 1.5141140167832412 2849
1669881260027 1.5838655603435967 2899
1669881274773 1.243411932239813 2949
1669881289400 1.5274656089160266 2999
1669881316410 1.0076107573485478 3049
1669881331190 1.3773168870614014 3099
1669881345851 1.3453504805892356 3149
1669881360559 1.085904532129394 3199
1669881375240 1.1172099473804242 3249
1669881402033 1.060324562035802 3299
1669881416768 1.2722861529271645 3349
1669881431385 1.0639930326057945 3399
1669881446239 1.1696588184721874 3449
1669881473486 1.1625611136544811 3499
1669881488099 1.536560304112669 3549
1669881502696 1.0733651534633544 3599
1669881517309 1.3454104375552571 3649
1669881544366 1.5926215310533365 3699
1669881559174 1.4179937203481419 3749
1669881574213 1.535752095917102 3799
1669881588820 1.4587040934884397 3849
1669881603444 0.9346053420966602 3899
1669881630898 1.2861405182060808 3949
1669881645500 1.1659643436484817 3999
1669881660232 1.1992217815405746 4049
1669881674842 1.2518275074324663 4099
1669881702134 1.4263724148779449 4149
1669881716734 1.3190944964191904 4199
1669881731487 1.3800203076373945 4249
1669881746247 1.1563559981466072 4299
1669881773165 1.4955516229448333 4349
1669881787763 1.2093355531852625 4399
1669881802413 1.693886997210503 4449
1669881817012 0.9105001631479972 4499
1669881831728 1.0041459328946079 4549
1669881858961 1.6611493220282123 4599
1669881873588 1.4099153424926587 4649
1669881888215 1.3672192481386056 4699
1669881903124 1.357352941101484 4749
1669881930076 1.4336928500680362 4799
1669881944687 1.2351035184139083 4849
1669881959286 1.1895653346571669 4899
1669881974168 0.8169221146359704 4949
1669882001206 1.1792878611158588 4999
1669882015841 1.553537751819622 5049
1669882030751 1.3387372082097075 5099
1669882045384 1.5720789631339347 5149
1669882060019 1.3272550287222893 5199
1669882087249 1.0140254952573449 5249
1669882102038 1.2661829664513529 5299
1669882116669 1.7162709791641964 5349
1669882131302 1.5709916291586885 5399
1669882158467 1.3982403302656652 5449
1669882173081 0.8026609118277901 5499
1669882187703 1.1086388543372736 5549
1669882202472 1.271772042470042 5599
1669882229708 1.0525454923823934 5649
1669882244305 1.263188681653629 5699
1669882259073 1.27227590371974 5749
1669882273688 1.042320835708392 5799
1669882288303 1.3940881818795658 5849
1669882315469 1.006180082915948 5899
1669882330310 1.3752998035119535 5949
1669882344927 1.2499108865119226 5999
1669882359659 1.6770035161118764 6049
1669882386813 1.2750962954123204 6099
1669882401442 1.2396620148088568 6149
1669882416240 1.520646624569465 6199
1669882430853 1.462757852035404 6249
1669882457484 1.1329523804737518 6299
1669882472307 1.3292857145875965 6349
1669882487293 1.4762727849666142 6399
1669882502123 1.3988068774259992 6449
1669882516740 1.5396801516294933 6499
1669882543740 1.3405316113585768 6549
1669882558344 1.345105011960844 6599
1669882573085 1.178311507969 6649
1669882587736 1.7889706177581155 6699
1669882614992 1.4898010604225067 6749
1669882629756 1.3809071361208876 6799
1669882644367 1.2097681788565833 6849
1669882659114 1.053444558348342 6899
1669882686316 1.7925172327851016 6949
1669882700900 1.3254602363282382 6999
1669882715510 1.0665427147265993 7049
1669882730120 1.3818081322351112 7099
1669882744886 0.8516620273060085 7149
1669882771968 1.068462977077078 7199
1669882786689 1.4553790250241199 7249
1669882801271 1.1483256953340804 7299
1669882815859 0.7776240290192018 7349
1669882842942 1.3519844367780842 7399
1669882857563 1.3450679014260016 7449
1669882872203 1.317278937521519 7499
1669882887118 1.0798113441062474 7549
1669882914538 1.5507477714685844 7599
1669882929157 1.317689344454915 7649
1669882943775 1.6388700172055954 7699
1669882958401 1.404004863751763 7749
1669882973164 1.106592683994052 7799
1669883000180 1.062286844833468 7849
1669883015015 0.9381259796319066 7899
1669883029825 1.2180878031600557 7949
1669883044638 1.2949181675708432 7999
1669883072146 1.0993338120402245 8049
1669883086771 1.0733282179702666 8099
1669883101382 1.2133205355596828 8149
1669883116015 1.3153421917216401 8199
1669883143427 1.333227680184006 8249
1669883157998 1.1595573219463264 8299
1669883172909 1.2802864093683284 8349
1669883187529 1.1557766746472424 8399
1669883202161 1.630973506128066 8449
1669883229202 1.5477813299954555 8499
1669883243968 1.290589096562928 8549
1669883258580 1.388594851520807 8599
1669883273192 1.2915000998700799 8649
1669883300669 1.3073513005149169 8699
1669883315426 1.119928245468728 8749
1669883330049 1.1818011677998914 8799
1669883344663 1.327271662591049 8849
1669883371780 1.2583492107283638 8899
1669883386424 1.556902059095256 8949
1669883401022 1.230625154813512 8999
1669883415625 1.1612350841066859 9049
1669883430507 1.2083262799981713 9099
1669883457676 1.150035331500945 9149
1669883472458 1.5488863834470796 9199
1669883487090 1.4732726151827513 9249
1669883501718 1.6157606625205039 9299
1669883528823 1.4108721945318923 9349
1669883543545 1.0256384653082238 9399
1669883558442 1.4960992433782907 9449
1669883573209 1.2438893712085193 9499
1669883600380 1.4609897005053007 9549
1669883615006 1.4183870181820277 9599
1669883629621 1.5292995205824376 9649
1669883644288 1.54009431879894 9699
1669883658882 1.0865661481553122 9749
1669883686135 1.2115324915509798 9799
1669883701077 1.0342148603954504 9849
1669883715862 1.2959226370063452 9899
1669883730513 1.200548553292832 9949
1669883757507 1.2855595878706974 9999
1669883772128 1.4513642315987871 10049
1669883786767 1.4786355143469407 10099
1669883801396 1.1679289984183368 10149
1669883828665 1.2168313595961577 10199
1669883843454 1.0578715150639943 10249
1669883858124 1.5004568800250808 10299
1669883872789 1.2750247410419469 10349
1669883887466 1.1298280371610687 10399
1669883914774 1.2763971057702368 10449
1669883929429 1.5770432855375422 10499
1669883944452 1.1073146594778236 10549
1669883959100 1.5809274817916186 10599
1669883986184 1.0720471602701251 10649
1669884000786 1.405537800940552 10699
1669884015420 1.2993522148777281 10749
1669884030042 1.3003585218670488 10799
1669884044801 1.178592190475514 10849
1669884071963 1.3060028504004018 10899
1669884086752 1.1253203784032553 10949
1669884101370 1.2676828567924723 10999
1669884115994 1.3565180066745004 11049
1669884143037 1.531142951076734 11099
1669884157856 1.301619386188459 11149
1669884172572 1.1372728366646712 11199
1669884187179 1.4912950060323726 11249
1669884214393 1.5916740973327728 11299
1669884229049 1.681932732714174 11349
1669884243692 1.3733592249730662 11399
1669884258315 1.0827693349143415 11449
1669884272913 1.4441424260258011 11499
1669884300056 1.3705762242485582 11549
1669884314690 1.2105057224003115 11599
1669884329440 1.1608241491235094 11649
1669884344208 1.1855016698663172 11699
1669884371515 1.2660453275001156 11749
1669884386122 1.2655230826665869 11799
1669884400720 1.230781570209242 11849
1669884415332 1.1125178288684914 11899
1669884442433 1.3677904296540695 11949
1669884457151 1.2769866177641944 11999
1669884471883 1.2703168831329212 12049
1669884486497 1.057351003346878 12099
1669884501088 1.2013979790359754 12149
1669884528531 1.2956794487937264 12199
1669884543144 1.0656866249639798 12249
1669884557732 1.2219853451553693 12299
1669884572314 1.212237978085755 12349
1669884599482 1.3455934921044577 12399
1669884614243 0.9634949015170715 12449
1669884628885 0.9298872245032108 12499
1669884643503 1.0882840349453184 12549
1669884670812 1.0851463915184714 12599
1669884685482 1.431176014167514 12649
1669884700150 1.1924448918535624 12699
1669884714972 1.6390031850700508 12749
1669884729827 1.259412267541142 12799
1669884757164 1.4830022606552367 12849
1669884771825 1.0488333239996654 12899
1669884786606 1.4677333782788238 12949
1669884801245 1.45085068425009 12999
1669884828451 1.0917369555409113 13049
1669884843105 1.3293674374918156 13099
1669884857904 1.8518653195903045 13149
1669884872749 1.1689111250232291 13199
1669884900222 1.2822564133461938 13249
1669884914943 1.0366640754080163 13299
1669884929533 1.4063809621229848 13349
1669884944097 1.3245163624784095 13399
1669884958681 1.3602298190025035 13449
1669884986044 1.5811856674536937 13499
1669885000690 1.3988398067377885 13549
1669885015570 1.1876179903756239 13599
1669885030211 1.0650305886589124 13649
1669885057507 1.271271445121704 13699
1669885072294 1.3681695561384857 13749
1669885086963 1.2223187903131774 13799
1669885101626 1.42952610072984 13849
1669885129114 0.8830817106166 13899
1669885143940 1.2840040338469685 13949
1669885158681 1.2173634762647538 13999
1669885173450 0.9220090413923772 14049
1669885188090 1.3603244287312024 14099
1669885215408 1.4081068606173557 14149
1669885230089 1.6485771872358428 14199
1669885244805 1.2566277355620858 14249
1669885259481 1.1981268928169782 14299
1669885286872 1.1481627774010532 14349
1669885301501 1.2704378535742409 14399
1669885316270 1.1611037502153483 14449
1669885330914 1.4227639142369903 14499
1669885358098 1.3706659750645602 14549
1669885372683 1.3800837857568795 14599
1669885387304 1.365977815979401 14649
1669885402062 1.3326035415086337 14699
1669885416856 1.2430548224153894 14749
1669885443948 1.3616928290351906 14799
1669885458639 1.4756233892723272 14849
1669885473418 1.6376626476215175 14899
1669885488219 1.5203083458225954 14949
1669885515445 1.0372385038754863 14999
1669885530071 1.0712898083452933 15049
1669885544703 1.2792707362392144 15099
1669885559465 1.0404529921601147 15149
1669885586814 1.18332427516052 15199
1669885601465 1.4194305440554822 15249
1669885616290 0.9043016819098302 15299
1669885631077 1.0962497205885187 15349
1669885645770 1.1574097080455679 15399
1669885673006 1.3599971631651773 15449
1669885687658 0.8682594555399388 15499
1669885702463 1.308696745946898 15549
1669885717068 1.0546002240720953 15599
1669885744387 1.2914772524784623 15649
1669885759044 1.578308841853512 15699
1669885773816 1.321907040070074 15749
1669885788476 1.353791703605344 15799
1669885815585 1.5256757544358073 15849
1669885830224 1.394424365197707 15899
1669885844870 1.0243237209745397 15949
1669885859525 1.180714831208674 15999
1669885874167 1.4937238868878062 16049
1669885901672 1.1636364316859853 16099
1669885916430 1.7017251801857638 16149
1669885931045 1.4250101261313957 16199
1669885945712 1.415917522111915 16249
1669885972781 1.1612535579039616 16299
1669885987578 1.210477602685556 16349
1669886002468 1.1699324082646998 16399
1669886017240 1.1718070063319375 16449
1669886044556 1.103278880843991 16499
1669886059171 1.2413476647344317 16549
1669886073928 1.5000050588869784 16599
1669886088545 1.3703889760823664 16649
1669886103335 1.2760315820725925 16699
1669886130673 0.9044317193426706 16749
1669886145441 1.326345974256731 16799
1669886160088 1.3553232252707264 16849
1669886174869 1.056219145462772 16899
1669886202020 1.4922445992694242 16949
1669886216751 1.2881004387861228 16999
1669886231481 1.160815202303942 17049
1669886246071 1.187410587267576 17099
1669886273657 1.052587043705723 17149
1669886288278 1.3015656478397213 17199
1669886302891 1.231513209681858 17249
1669886317637 1.243152093120314 17299
1669886332235 0.9143260238456411 17349
1669886359494 1.5678161441158966 17399
1669886374447 0.9829423807676232 17449
1669886389263 1.3935153248562622 17499
1669886403960 1.311532707594772 17549
1669886431159 1.0012733949680743 17599
1669886445903 1.0999807057271642 17649
1669886460519 1.5379822011376194 17699
1669886475139 1.6442236971935607 17749
1669886502489 1.0164475880744577 17799
1669886517199 1.2585559799374026 17849
1669886531795 0.9885009162802539 17899
1669886546516 1.4022517093023177 17949
1669886561114 1.2655009852624641 17999
1669886588671 1.3223033402260231 18049
1669886603426 1.239925861982559 18099
1669886618064 1.1287634614020245 18149
1669886632688 1.091221869966748 18199
1669886659970 1.2880925060411497 18249
1669886674726 1.1342772681532542 18299
1669886689355 1.2006806294379961 18349
1669886704026 1.469287096771433 18399
1669886731183 1.354741211098071 18449
1669886745815 1.3261779497626331 18499
1669886760435 1.3954079669697663 18549
1669886775338 1.4132663758987243 18599
1669886790092 1.4514609221206136 18649
1669886817287 0.9827402540130044 18699
1669886831935 1.403238007144259 18749
1669886846580 1.4695815686069018 18799
1669886861344 0.7168598359390733 18849
1669886888650 1.3290588213629049 18899
1669886903546 1.02644221561967 18949
1669886918160 0.9472544547008047 18999
1669886932768 1.1258898321153854 19049
1669886960280 1.026288110895953 19099
1669886975005 0.9628354813001664 19149
1669886989639 1.101935101205757 19199
1669887004429 1.240024218648271 19249
1669887019048 1.2369778205132924 19299
1669887046458 1.053159676958889 19349
1669887061064 1.4964714361872082 19399
1669887075681 1.1709581089176788 19449
1669887090298 1.072089245977521 19499
1669887117860 1.523412186126698 19549
1669887132481 1.2781706893187104 19599
1669887147089 1.472651414674774 19649
1669887161698 0.8810067296391686 19699
1669887189267 1.392263041929301 19749
1669887203879 1.12112252263492 19799
1669887218500 1.3185474340969956 19849
1669887233262 1.2550905899070801 19899
1669887248048 1.6086613850582818 19949
1669887275279 1.266949057672499 19999
1669887289899 1.1743519301217187 20049
1669887304653 1.3802032960461863 20099
1669887319400 1.4436117349371176 20149
1669887346522 1.3468125257422365 20199
1669887361236 1.430034627946829 20249
1669887375922 1.4023706693305829 20299
1669887390524 1.1509836182437478 20349
1669887418037 1.2106277983607772 20399
1669887432757 1.2906186712701606 20449
1669887447520 1.6831234332092126 20499
1669887462150 1.231910264456567 20549
1669887476779 0.9693081802711074 20599
1669887503997 1.4726244761940244 20649
1669887518701 1.228119105728537 20699
1669887533675 1.1436708819807788 20749
1669887548333 1.7592810111175319 20799
1669887575447 1.2356500615319077 20849
1669887590200 1.4418809253192264 20899
1669887604993 1.448703415863481 20949
1669887619633 1.0139296405610576 20999
1669887646640 1.3229797534591325 21049
1669887661406 1.5834525277973168 21099
1669887676173 1.1928119262318906 21149
1669887690799 1.634131916718495 21199
1669887705483 1.0669560537888696 21249
1669887732748 1.1137414145691034 21299
1669887747693 1.2537996739134225 21349
1669887762307 1.0861189883979683 21399
1669887777060 1.311374023940257 21449
1669887804157 1.4188649070144537 21499
1669887818980 1.073586383436679 21549
1669887833787 1.2268879082829516 21599
1669887848459 1.4156643588973736 21649
1669887862919 1.4041726563953938 21699
1669887890328 1.471502611019053 21749
1669887904956 1.2820826389996447 21799
1669887919582 1.168249833065969 21849
1669887934205 1.5075687378883171 21899
1669887961354 1.184541370637398 21949
1669887976094 1.0581078468343725 21999
1669887990959 1.525310112660058 22049
1669888005570 1.49451121314161 22099
1669888032901 1.6494924603475245 22149
1669888047529 1.100279128498391 22199
1669888062183 1.3122996307646204 22249
1669888076813 1.1330059357094284 22299
1669888091426 1.6875581507890152 22349
1669888118533 1.1552778234443721 22399
1669888133408 1.2096534302522055 22449
1669888148369 1.0448592718867589 22499
1669888162987 0.9329571745370612 22549
1669888190290 1.510964423889053 22599
1669888204936 1.2095226994469048 22649
1669888219564 1.0214328857688013 22699
1669888234193 1.3934240988845774 22749
1669888261532 1.632699398407464 22799
1669888276612 1.3385901125982977 22849
1669888291286 0.918730156427741 22899
1669888306075 1.1080841788498839 22949
1669888320864 1.2626984359428102 22999
1669888348075 1.0906943491719832 23049
1669888362759 1.2044183774641257 23099
1669888377453 1.3940324343040047 23149
1669888392149 1.1139871325379214 23199
1669888419575 0.9079959483002235 23249
1669888434344 1.2495166813904777 23299
1669888449001 1.5672094566663612 23349
1669888463781 0.9828244462301405 23399
1669888490867 1.426231649675132 23449
1669888505518 1.2818512950152656 23499
1669888520157 1.4724957918132537 23549
1669888534800 1.3818007566520951 23599
1669888549583 1.3235712957485026 23649
1669888577045 1.1196498411211606 23699
1669888591721 1.5302457046155555 23749
1669888606436 1.3875919361084228 23799
1669888621226 1.3039281183346363 23849
1669888648297 1.3591239118109937 23899
1669888662950 1.099836712905564 23949
1669888677649 0.939777890362665 23999
1669888692613 1.1117477898965116 24049
1669888719940 1.2043642095898468 24099
1669888734524 1.309306227198293 24149
1669888749126 1.2325487005222207 24199
1669888763742 1.029990630996423 24249
1669888778557 1.0905843367856254 24299
1669888805728 1.0321595469096811 24349
1669888820662 1.590349083188493 24399
1669888835441 1.0329316821035335 24449
1669888850099 1.204616233803512 24499
1669888877317 1.1151818342733417 24549
1669888891942 1.4549666930721545 24599
1669888906593 1.2363051349599705 24649
1669888921231 1.1187149861482273 24699
1669888948647 0.8351689364098774 24749
1669888963400 1.199421617250013 24799
1669888978014 1.2067328377891968 24849
1669888992776 1.565855695536512 24899
1669889007403 0.911283266238808 24949
1669889034483 1.0520139655216223 24999
1669889049142 1.5091543117410473 25049
1669889063923 1.7688130766059182 25099
1669889078546 1.1824801116636348 25149
1669889106043 1.3566988972633767 25199
1669889120653 1.170664193047287 25249
1669889135251 1.4117779053139214 25299
1669889149860 1.0314149418632335 25349
1669889176944 1.012696721681297 25399
1669889191580 1.1557246432565091 25449
1669889206300 1.1053357962178043 25499
1669889221176 1.318583832434014 25549
1669889236100 1.1954985102027613 25599
1669889263441 1.223338619590679 25649
1669889278048 1.178754167568911 25699
1669889292672 1.4637314145267388 25749
1669889307296 1.8214356644180505 25799
1669889334667 1.39112398709982 25849
1669889349283 1.1113371847308167 25899
1669889363925 1.2580388043942234 25949
1669889378606 1.2149918252966865 25999
1669889406368 1.3683492020837564 26049
1669889421024 1.15576917871157 26099
1669889435688 1.2755602009603284 26149
1669889450521 0.9252502780385098 26199
1669889465182 1.499795643236975 26249
1669889492255 1.2099505038493732 26299
1669889507038 1.4967182440618885 26349
1669889521884 1.3706878263742743 26399
1669889536630 1.0641688168984202 26449
1669889563834 1.3622382097063175 26499
1669889578463 1.3684536977985755 26549
1669889593091 1.0569509700021102 26599
1669889607762 1.1925780386789642 26649
1669889634945 1.243762124446342 26699
1669889649727 1.5468947187571263 26749
1669889664372 1.3135394322418334 26799
1669889679270 1.5519952331774034 26849
1669889694036 1.4089786676696083 26899
1669889721186 1.4053462620242754 26949
1669889735845 1.559763723757066 26999
1669889750493 1.5678500304936875 27049
1669889765157 1.33003370795468 27099
1669889792436 1.2470695000529874 27149
1669889807171 1.2658298554420844 27199
1669889821977 0.9205215852884501 27249
1669889836960 0.9887197394400287 27299
1669889864070 1.471415054902037 27349
1669889878689 1.366619117530516 27399
1669889893345 1.0855052874085143 27449
1669889907988 1.105979758351469 27499
1669889922637 1.3459015943568047 27549
1669889949995 1.1195348118320334 27599
1669889964745 1.4626028799130375 27649
1669889979659 1.2742521518275933 27699
1669889994304 1.3803938560653792 27749
1669890021672 0.9416623693274594 27799
1669890036353 1.0982334267176819 27849
1669890051020 1.704829468597675 27899
1669890065706 0.8492533934648002 27949
1669890092824 1.4464185785507406 27999
1669890107665 1.5281673468785597 28049
1669890122375 1.0644285028642648 28099
1669890137094 1.5403295612468062 28149
1669890151655 1.0427389318669946 28199
1669890178765 1.5566064535015616 28249
1669890193415 1.190276196624377 28299
1669890208043 1.2847042915264715 28349
1669890222832 0.9559438435646599 28399
1669890250048 1.7287832730087758 28449
1669890264815 1.2050066200580325 28499
1669890279483 1.2659620682185728 28549
1669890294126 1.3494499882751922 28599
1669890321453 0.9398220506556048 28649
1669890336074 0.9918473523340304 28699
1669890350752 1.2950145486637448 28749
1669890365611 1.3120208312594661 28799
1669890380539 1.3366904045423311 28849
1669890407755 1.3736278960915298 28899
1669890422340 1.1400066692682667 28949
1669890436962 1.069057621778566 28999
1669890451549 1.2524931239404788 29049
1669890478788 1.5187188351547345 29099
1669890493420 1.5696971422974917 29149
1669890508169 1.3821402941895773 29199
1669890522916 1.3028850032540178 29249
1669890550231 0.9722235378663412 29299
1669890564814 1.4877016660502393 29349
1669890579410 0.9308289524915161 29399
1669890594026 1.45622202231927 29449
1669890608774 1.5478874652440964 29499
1669890635903 1.284756183542427 29549
1669890650810 1.3925545225324414 29599
1669890665418 1.2140095347131392 29649
1669890680013 1.135657549409932 29699
1669890707097 1.410716014299247 29749
1669890721869 1.1650589401659803 29799
1669890736507 1.392000847385066 29849
1669890751282 1.4600535752991022 29899
1669890778796 1.315804176742681 29949
1669890793497 1.3807510207287979 29999
1669890808108 1.554337422417413 30049
1669890822700 1.0471384075794776 30099
1669890837314 1.1753111858781597 30149
1669890864336 1.3739579366148624 30199
1669890879070 0.9787062796299694 30249
1669890893653 1.2276354305541264 30299
1669890908392 1.3761251868362179 30349
1669890935824 1.530598480819355 30399
1669890950430 1.5255659381627358 30449
1669890965097 1.3924415893761677 30499
1669890979713 1.3137157923008167 30549
1669891006660 1.025813683234889 30599
1669891021285 1.1520753529272225 30649
1669891036080 1.4801187473065964 30699
1669891051001 1.341669337026803 30749
1669891065643 1.2503692891121474 30799
1669891093054 1.5528825445489054 30849
1669891107789 1.2575209378691836 30899
1669891122419 1.2680108577606628 30949
1669891137034 1.131489748750835 30999
1669891164258 1.432969118990646 31049
1669891178880 1.0332264088229761 31099
1669891193629 0.940840605554591 31149
1669891208403 1.0318862431815976 31199
1669891235923 1.7564320045054163 31249
1669891250533 1.408889597164411 31299
1669891265159 1.0995859365162342 31349
1669891279780 1.0672651328269218 31399
1669891294399 0.7990318051557648 31449
1669891321545 1.1388252602818794 31499
1669891336219 1.4106481453807813 31549
1669891351281 1.3436926803562577 31599
1669891365907 1.106644299824337 31649
1669891393134 1.0980095658301603 31699
1669891407715 1.3752223466760827 31749
1669891422316 1.3065304518254415 31799
1669891436919 1.4249024602835512 31849
1669891464167 1.471067876987795 31899
1669891478894 1.4646524723153378 31949
1669891493513 1.30402706194938 31999
1669891508376 1.9332617009238002 32049
1669891522988 1.0166387647422797 32099
1669891550426 1.5740329126594 32149
1669891565060 1.4045537007577185 32199
1669891579698 1.5177422176931306 32249
1669891594452 1.2936909594926504 32299
1669891621683 1.3420982605482985 32349
1669891636485 1.3172260340987285 32399
1669891651157 1.21876654754564 32449
1669891665839 1.156068597843824 32499
1669891680413 0.793692551711092 32549
1669891707925 1.3638012895552363 32599
1669891722534 0.9268921585944097 32649
1669891737148 1.4573506731321788 32699
1669891751905 1.1429937739157667 32749
1669891779273 1.2978409053874511 32799
1669891793925 1.039282307366601 32849
1669891808604 1.7221073634967357 32899
1669891823277 1.5922553562099604 32949
1669891850463 0.940752263687605 32999
1669891865201 1.2571461732636853 33049
1669891879850 1.4293463852607258 33099
1669891894486 0.8679429636799896 33149
1669891909105 1.3528996039791732 33199
1669891936719 1.0910425986121455 33249
1669891951342 0.9289266495115989 33299
1669891966086 1.5598549484564352 33349
1669891980702 1.057499659239888 33399
1669892007901 1.361498377783755 33449
1669892022539 1.608504283055034 33499
1669892037316 1.3903666708849918 33549
1669892051954 1.1162491250274351 33599
1669892079414 1.1030214208284712 33649
1669892094036 1.5819843144492864 33699
1669892108832 1.0774204096958797 33749
1669892123438 1.2367855424537955 33799
1669892138037 1.3940865039148576 33849
1669892165279 1.4759748679578428 33899
1669892180167 1.313820262331028 33949
1669892194803 1.2439819417934266 33999
1669892209698 1.4501903602012904 34049
1669892236729 1.3116547000241667 34099
1669892251351 1.3169249788368318 34149
1669892265959 1.2556509500793773 34199
1669892280586 1.115088759524992 34249
1669892307983 1.1312156600073326 34299
1669892322623 1.3950774276454925 34349
1669892337658 1.508546802137017 34399
1669892352302 1.1921512355341597 34449
1669892366946 1.1958517001624984 34499
1669892394057 1.5903053844730157 34549
1669892408687 1.2588740259672173 34599
1669892423277 1.2519623252596543 34649
1669892437877 1.2111511825830452 34699
1669892465409 1.1996520558012382 34749
1669892480012 0.953220201524188 34799
1669892494616 1.506548958731001 34849
1669892509347 1.1240475694096626 34899
1669892536519 1.2277134364181073 34949
1669892551135 1.1302863819764846 34999
1669892565783 0.9793687025269973 35049
1669892580419 1.3005591737155089 35099
1669892595493 1.1043807215289707 35149
1669892622569 1.385878092313224 35199
1669892637303 0.8492547824245046 35249
1669892651916 1.1754134807809244 35299
1669892666509 1.3190245185444136 35349
1669892693625 0.997915285178535 35399
1669892708268 1.1464353149338329 35449
1669892723236 1.1818516914429054 35499
1669892737871 1.011209431843941 35549
1669892765110 1.4966533034619542 35599
1669892779857 1.5015340050020205 35649
1669892794551 1.0056362589346106 35699
1669892809181 1.436165662593136 35749
1669892823814 1.3651213194420087 35799
1669892851079 1.467613982039493 35849
1669892865750 1.0494661882165874 35899
1669892881030 1.7488919538612677 35949
1669892895860 1.510781855097697 35999
1669892923047 1.0373703214489236 36049
1669892937818 1.3670110284432468 36099
1669892952489 1.0369854052126146 36149
1669892967197 1.4651501943484802 36199
1669892994478 1.541373673492099 36249
1669893009373 1.513371717713227 36299
1669893024240 1.4509292919638654 36349
1669893038987 1.1500109519701156 36399
1669893053843 1.0966787583950648 36449
1669893081296 1.5212414829892364 36499
1669893095911 1.178675445879153 36549
1669893110539 1.0032612470131534 36599
1669893125168 1.1211699099325168 36649
1669893152345 1.213041249241803 36699
1669893167088 1.3422693639857255 36749
1669893181696 1.1183379105550995 36799
1669893196463 1.0242756275293097 36849
1669893223609 1.0285604590664612 36899
1669893238250 1.2098381031425975 36949
1669893252888 1.2778101605657084 36999
1669893267515 0.8936641840773067 37049
1669893282401 1.5963494417408928 37099
1669893309532 1.5073572939618152 37149
1669893324122 1.136850051856797 37199
1669893338983 1.160377214814485 37249
1669893353562 1.1959338358990967 37299
1669893380559 1.482105827837953 37349
1669893395122 1.3039880148047587 37399
1669893409837 1.0890019247026363 37449
1669893424434 0.9648762098584999 37499
1669893451681 1.2896277562684855 37549
1669893466427 1.0105520428316574 37599
1669893481086 1.3078336570172802 37649
1669893495885 1.2406767646632382 37699
1669893510527 1.2824276733111575 37749
1669893537754 1.3318270595501667 37799
1669893552543 1.5557958595613008 37849
1669893567167 1.5509700157723132 37899
1669893582064 1.0688575810417094 37949
1669893609237 1.524085519864358 37999
1669893624044 1.090286134515253 38049
1669893638707 1.1360387532076595 38099
1669893653363 1.386451111641902 38149
1669893680680 1.6269942994381794 38199
1669893695444 0.877558295664556 38249
1669893710068 1.4243658179329992 38299
1669893724710 1.5751014422959586 38349
1669893739633 1.0359518607757958 38399
1669893766918 1.1664482214922607 38449
1669893782047 1.1701129187524453 38499
1669893796804 1.3366650806108562 38549
1669893811492 1.5116746468589546 38599
1669893839050 0.9905243180126324 38649
1669893853717 1.1592085884848822 38699
1669893868357 1.0814614561727067 38749
1669893883292 1.2120056898508214 38799
1669893910573 1.1892980954012968 38849
1669893925110 1.2052091311510562 38899
1669893939674 1.1389669757992702 38949
1669893954248 1.314961853733943 38999
1669893969001 1.7700664012113845 39049
1669893996160 1.3837362891264289 39099
1669894010806 1.1187244629719904 39149
1669894025946 1.4472006738690666 39199
1669894040731 1.2475387654774834 39249
1669894067852 1.135677326123699 39299
1669894082768 1.2142603050197986 39349
1669894097547 1.5181146731961979 39399
1669894112177 1.399632170881117 39449
1669894139475 1.1832016147740152 39499
1669894154270 1.2023631033415991 39549
1669894169064 1.1182498953682845 39599
1669894183849 0.6824187499006384 39649
1669894198502 1.042778668294154 39699
1669894225933 0.8134185449438673 39749
1669894240590 1.3793655427868974 39799
1669894255196 1.411565604932808 39849
1669894269799 1.3161136987653288 39899
1669894297086 1.2254143923902947 39949
1669894311933 1.2343385501039785 39999
1669894326816 1.3325857790970297 40049
1669894341437 1.363072437519556 40099
1669894368633 1.4101534595157568 40149
1669894383243 1.2153436956373511 40199
1669894397875 1.28406567844569 40249
1669894412770 0.9155690305985577 40299
1669894427404 1.3055110494170283 40349
1669894454524 1.2835737420610835 40399
1669894469393 1.4129367987515964 40449
1669894483990 1.3530870299595024 40499
1669894498595 1.160737384522252 40549
1669894525739 1.3813552474262398 40599
1669894540364 1.4618565673244848 40649
1669894555126 1.295528985288558 40699
1669894569744 1.3010995516374042 40749
1669894597098 1.399682778615982 40799
1669894611873 1.3111201242750385 40849
1669894626547 1.1376399843416292 40899
1669894641193 1.023063596566176 40949
1669894655831 1.4757500791761529 40999
1669894682992 1.653524776039001 41049
1669894697925 1.4816627207324242 41099
1669894712546 1.3292339131207678 41149
1669894727167 1.2724881414488016 41199
1669894754574 1.4826887632382069 41249
1669894769300 1.119528159461105 41299
1669894783967 1.2453389045132273 41349
1669894798776 1.1016111670817077 41399
1669894826019 1.298080733170479 41449
1669894840916 1.3479346955119138 41499
1669894855561 1.4172117221015414 41549
1669894870217 1.0680021526944579 41599
1669894884888 1.545071959037764 41649
1669894911842 1.21672399263523 41699
1669894926466 1.6080477491335108 41749
1669894941189 1.660112688232294 41799
1669894955927 0.9160168810727474 41849
1669894983229 1.2961332336006501 41899
1669894997864 1.1459618880326525 41949
1669895012611 1.0267600303901356 41999
1669895027364 1.2072170765574364 42049
1669895054670 1.2531267338063874 42099
1669895069446 1.7077461560067082 42149
1669895084110 1.2931682807354277 42199
1669895098891 1.1718458560170406 42249
1669895113688 1.3142754359304543 42299
1669895140779 1.2261195725190803 42349
1669895155400 1.4468285923479405 42399
1669895170095 1.3797482947681514 42449
1669895184753 1.406357715061974 42499
1669895212112 1.1634932721102533 42549
1669895226736 1.1359329588507794 42599
1669895241484 0.9724354187238153 42649
1669895256245 1.4107809382904235 42699
1669895283445 1.6024035927326807 42749
1669895298068 1.1870985903231475 42799
1669895312715 1.0985096440944413 42849
1669895327377 1.3463272702254667 42899
1669895342184 1.4612096091814992 42949
1669895369750 1.003981044388651 42999
1669895384509 1.4442176037746086 43049
1669895399178 1.388675631285214 43099
1669895413811 1.6091577434550297 43149
1669895440873 1.5633918230920054 43199
1669895455503 1.1468264786248357 43249
1669895470123 1.3465736183166959 43299
1669895485028 1.2575522030956985 43349
1669895499583 1.340116824583581 43399
1669895527229 0.9581641653790927 43449
1669895542057 1.4492475631035768 43499
1669895556697 1.3318243193241879 43549
1669895571368 1.4099573376249857 43599
1669895598492 0.9249017533461976 43649
1669895613252 1.3834512294378118 43699
1669895627876 1.2475906708914102 43749
1669895642796 1.0643452572628456 43799
1669895670210 1.180259844543153 43849
1669895684822 1.5534341656830573 43899
1669895699437 1.3791702037248172 43949
1669895714047 1.3788184067757072 43999
1669895728646 1.1854291154795398 44049
1669895755712 1.324754027399202 44099
1669895770521 1.6657491724471427 44149
1669895785331 1.080919384168688 44199
1669895800133 1.074484741612568 44249
1669895827358 1.25854642090033 44299
1669895842002 1.076712751804415 44349
1669895856789 1.482839178816161 44399
1669895871482 1.498522122219908 44449
1669895898785 1.031413523232288 44499
1669895913573 1.216276787242979 44549
1669895928392 1.799385290037626 44599
1669895943082 1.6546512783482208 44649
1669895957869 1.2722982659107402 44699
1669895985076 1.0547964386381599 44749
1669895999834 1.063692313321257 44799
1669896014468 1.475656344111048 44849
1669896029100 1.1684785102800426 44899
1669896056304 1.184953793455398 44949
1669896071092 1.2505828125740928 44999
1669896085717 1.325448716734944 45049
1669896100470 1.2208843239664688 45099
1669896127931 1.094611270793405 45149
1669896142659 1.0108856968981668 45199
1669896157483 1.342766312760023 45249
1669896172130 1.2276077195586999 45299
1669896186808 1.707519999295176 45349
1669896214025 1.4155626496475744 45399
1669896228800 1.619763963128229 45449
1669896243565 1.0840769133790686 45499
1669896258293 1.557599569104858 45549
1669896285533 1.0892890496001486 45599
1669896300135 1.0312711482246892 45649
1669896314924 1.3101956089616098 45699
1669896329870 0.8639758403252079 45749
1669896356981 1.140854959849196 45799
1669896371546 1.7754286168685212 45849
1669896386272 0.9714336251021333 45899
1669896400957 1.1433328219489076 45949
1669896415532 1.2294553541488245 45999
1669896442823 0.90218838377949 46049
1669896457730 1.3710749425111923 46099
1669896472380 1.0853170282885898 46149
1669896487035 1.5102336750955805 46199
1669896514389 1.5224631004346447 46249
1669896529052 0.9751609523504012 46299
1669896543845 1.2305869334069057 46349
1669896558492 1.088500063956014 46399
1669896585681 1.1857609395926454 46449
1669896600412 1.4333355148977274 46499
1669896615139 1.2195447907871078 46549
1669896629869 1.009452271047287 46599
1669896644551 1.476512922706694 46649
1669896671676 1.3348756478969495 46699
1669896686458 1.6049410478835429 46749
1669896701098 0.9085559344500804 46799
1669896715731 1.2654100497697893 46849
1669896743049 1.2223414624972195 46899
1669896757962 0.871905271503012 46949
1669896772739 1.4180848767476493 46999
1669896787446 1.347194467745825 47049
1669896814677 1.2610157442389005 47099
1669896829295 1.1227897088521122 47149
1669896844022 1.3738285884093508 47199
1669896858612 1.1906259536437038 47249
1669896873339 1.4772884248690359 47299
1669896900771 1.546862632083817 47349
1669896915372 0.8990671379122177 47399
1669896929977 1.101843380648852 47449
1669896944589 0.8907223918383581 47499
1669896972043 1.4543618581815265 47549
1669896986785 1.4582420572137766 47599
1669897001543 0.9923641902968665 47649
1669897016151 1.1381737303663941 47699
1669897043556 0.9594157104286913 47749
1669897058212 1.2397762902020317 47799
1669897072885 1.0368933244220708 47849
1669897087676 1.462475975254014 47899
1669897102444 1.4105832829856138 47949
1669897129420 1.119038533279654 47999
1669897144225 1.2900859074131068 48049
1669897158960 1.533627795629445 48099
1669897173869 1.1263523912036322 48149
1669897201250 0.7769031321293299 48199
1669897215866 1.0068606779553564 48249
1669897230466 1.084831304153421 48299
1669897245084 1.1883498876349563 48349
1669897272236 1.340610275725008 48399
1669897286966 1.171187622554282 48449
1669897301574 1.163706076340731 48499
1669897316439 1.4113412785798491 48549
1669897331196 1.1222129630765016 48599
1669897358366 1.11188296691163 48649
1669897372980 1.2040032112431156 48699
1669897387613 1.1406171837511607 48749
1669897402247 1.269354181727448 48799
1669897429528 1.5762298341027852 48849
1669897444348 1.2587308052799004 48899
1669897459198 1.0944855918896976 48949
1669897473981 1.2882368683164038 48999
1669897501185 1.553499407580995 49049
1669897515875 1.2301057811807132 49099
1669897530554 1.1770755840877736 49149
1669897545283 1.529329468780527 49199
1669897559922 1.3241076884980056 49249
1669897587100 1.394397969019622 49299
1669897601841 1.077268168622289 49349
1669897616467 1.4597686068377975 49399
1669897631228 1.1173445284358439 49449
1669897658299 1.2317107437745918 49499
1669897672950 1.221893588892219 49549
1669897687596 1.2382594340317268 49599
1669897702364 1.4499670147465897 49649
1669897729334 1.334611538165701 49699
1669897743946 1.2290213750415258 49749
1669897758710 1.091371389116917 49799
1669897773458 1.268719862557186 49849
1669897788081 1.003864713346752 49899
1669897815663 1.450713995974362 49949
1669897830315 1.0877407910220742 49999
1669897844970 1.0169498997892175 50049
1669897859617 1.2498122036527075 50099
1669897886585 1.421161723652949 50149
1669897901382 1.8165580068209002 50199
1669897916321 1.0855415902447367 50249
1669897931054 1.0179383266434 50299
1669897958093 1.797867372410216 50349
1669897972715 0.8233376160663195 50399
1669897987353 1.4042493258005124 50449
1669898001968 1.1129309777259901 50499
1669898016584 1.462927939030957 50549
1669898043849 0.9785660638267947 50599
1669898058571 1.2762584379843611 50649
1669898073181 1.1159389662619859 50699
1669898087913 1.2864733466968057 50749
1669898115108 1.1881569022387386 50799
1669898129730 1.3693875877012887 50849
1669898144344 1.4068304310200124 50899
1669898158975 1.0779532587485257 50949
1669898186138 1.11768589858149 50999
1669898201006 1.1144490664498963 51049
1669898215626 1.137054515208705 51099
1669898230384 1.059651490922228 51149
1669898245003 1.0583047367814842 51199
1669898272308 1.255421176900176 51249
1669898286963 1.2402145258712893 51299
1669898301647 1.1177760585748144 51349
1669898316306 1.1069356640083439 51399
1669898343766 0.9270429799753139 51449
1669898358835 1.306409188397954 51499
1669898373467 1.4429269266822886 51549
1669898388079 0.746344750341783 51599
1669898415261 1.298741000132944 51649
1669898429846 1.6011381039569628 51699
1669898444471 1.306225230156016 51749
1669898459487 1.310901853152898 51799
1669898474194 1.2120500014140736 51849
1669898501474 1.3370450680890498 51899
1669898516266 1.4893710250503918 51949
1669898530953 1.175558230774933 51999
1669898545762 1.1995002276777949 52049
1669898572993 1.1525885067049964 52099
1669898587629 1.1697188320227005 52149
1669898602414 0.8225989864279086 52199
1669898617061 1.3317732388341388 52249
1669898644334 1.2467279444012385 52299
1669898658945 1.016307090940014 52349
1669898673694 1.4142076809019946 52399
1669898688309 1.1511891758746033 52449
1669898703173 1.0634431753963889 52499
1669898730648 1.0083741289771646 52549
1669898745435 1.2110373130698626 52599
1669898760273 1.4571318080011628 52649
1669898774906 1.677773958021429 52699
1669898802135 1.1327004552300148 52749
1669898816927 1.3825766777529918 52799
1669898831555 1.318418143444526 52849
1669898846346 1.038685629958045 52899
1669898873740 1.4886261681375101 52949
1669898888440 1.2615207175771466 52999
1669898903269 1.3014811306916385 53049
1669898917925 1.5459619309902797 53099
1669898932567 1.1345165630465885 53149
1669898959763 1.12900430118545 53199
1669898974391 1.1523371427210543 53249
1669898989161 1.1597027203264452 53299
1669899003804 1.4391562542522913 53349
1669899031175 0.9452891966039907 53399
1669899045961 1.1805465369066366 53449
1669899060756 1.2019093104344392 53499
1669899075403 0.9915046192965569 53549
1669899102646 0.7191354903254907 53599
1669899117208 1.362714062651762 53649
1669899131941 0.9606043609829492 53699
1669899146542 0.9875251386574225 53749
1669899161137 0.9831103874334018 53799
1669899188567 1.1453876234673581 53849
1669899203231 1.0739330936319529 53899
1669899217896 1.2795481127955282 53949
1669899232686 1.2773257632708765 53999
1669899260186 1.0132947623685515 54049
1669899274802 1.4115489416569367 54099
1669899289534 0.9380638294865826 54149
1669899304227 1.141082424623113 54199
1669899318816 1.0690994086085477 54249
1669899346343 1.4175068618212723 54299
1669899360993 1.0597708508049135 54349
1669899375646 1.0626158409725437 54399
1669899390412 1.4444782441058812 54449
1669899417362 0.9416758272928294 54499
1669899432020 0.9990846488946454 54549
1669899446806 1.371929533989784 54599
1669899461603 1.220564098710944 54649
1669899488898 1.1710163728034542 54699
1669899503543 1.3181328728593231 54749
1669899518459 1.6111630211024313 54799
1669899533096 1.4289545289244825 54849
1669899547724 1.5361882543236316 54899
1669899575026 1.3843991569549865 54949
1669899589767 1.074687684382992 54999
1669899604387 1.2009827144582452 55049
1669899618987 1.3278582536240664 55099
1669899646196 1.0182588349056891 55149
1669899660821 1.2449189572493569 55199
1669899675596 1.085529677936039 55249
1669899690365 1.2239878151008226 55299
1669899717711 1.1414439260172635 55349
1669899732349 1.0393370638331172 55399
1669899746979 1.3763766561628477 55449
1669899761760 1.213078354332758 55499
1669899776386 1.2182408965211167 55549
1669899803685 1.167515676571615 55599
1669899818470 1.3728694389138654 55649
1669899833212 1.328514188809704 55699
1669899847828 1.25263821046744 55749
1669899875133 1.3892317156451008 55799
1669899889758 1.0951826777712046 55849
1669899904430 1.131713935048761 55899
1669899919092 1.0734493685206155 55949
1669899946423 1.2315353261374353 55999
1669899961128 1.1798520808294166 56049
1669899975922 1.3941481934324766 56099
1669899990667 1.061750561218163 56149
1669900005397 1.2041423621841516 56199
1669900032577 0.9214628502405575 56249
1669900047175 1.1003234266382331 56299
1669900061766 1.3177547946637533 56349
1669900076369 1.089018121296844 56399
1669900103748 1.1455971986477806 56449
1669900118339 1.3452277805154773 56499
1669900132969 1.207663721074622 56549
1669900147708 1.260630333191493 56599
1669900175054 1.6709371897984333 56649
1669900189653 1.0831068200806802 56699
1669900204430 1.437040745330284 56749
1669900219034 1.3280572495210228 56799
1669900233635 1.1401722693228784 56849
1669900261166 1.2004041278546962 56899
1669900275940 1.4611845592946313 56949
1669900290545 1.0670371606349578 56999
1669900305160 1.3188990459426109 57049
1669900332357 1.308994687515252 57099
1669900347129 1.3031837604102448 57149
1669900361735 1.504771994648628 57199
1669900376356 1.0312287596661145 57249
1669900403668 1.4493887152074387 57299
1669900418397 1.0244378475172364 57349
1669900433002 1.5600475818374133 57399
1669900447748 1.4977333312695853 57449
1669900462352 0.8891610694696779 57499
1669900489555 0.9979887961266822 57549
1669900504197 1.1060425519453518 57599
1669900518945 1.4647579126476074 57649
1669900533558 1.613946561228524 57699
1669900560931 0.9085937880081087 57749
1669900575558 1.1828979909861284 57799
1669900590357 1.5031238424436775 57849
1669900605116 1.2512048348056966 57899
1669900632326 1.3080683812717475 57949
1669900647044 0.9831663159956453 57999
1669900661654 1.2756645750529618 58049
1669900676383 1.3528209269554057 58099
1669900690986 0.9383761153239668 58149
1669900718173 1.3996010229161817 58199
1669900732831 1.2188836621210806 58249
1669900747645 1.0305208281569378 58299
1669900762414 0.9802860854793471 58349
1669900789680 1.158094497282811 58399
1669900804362 1.430475674968359 58449
1669900818987 1.412136442267555 58499
1669900833737 1.6086085008257505 58549
1669900860859 1.0828640998932915 58599
1669900875629 1.253897021325023 58649
1669900890370 1.158628871072984 58699
1669900904984 1.3941731579931642 58749
1669900919750 1.1396937677948162 58799
1669900946786 0.8631536124318703 58849
1669900961629 1.3682449863547674 58899
1669900976266 1.274626681443233 58949
1669900990900 1.06521831601653 58999
1669901017964 1.0480959281454907 59049
1669901032856 1.227507826048115 59099
1669901047484 1.3862365490698996 59149
1669901062104 1.0970815566270102 59199
1669901089675 1.554222453016345 59249
1669901104300 1.1430029149775667 59299
1669901118941 1.4461572682126893 59349
1669901133583 0.9358920199968774 59399
1669901148392 0.7028099353177057 59449
1669901175538 1.415387337529415 59499
1669901190294 1.2760467818926406 59549
1669901204915 1.348345583605413 59599
1669901219773 1.6666466013284644 59649
1669901247037 1.281959365859049 59699
1669901261704 1.0513051010233887 59749
1669901276373 1.4010756029704536 59799
1669901291189 1.4730514047671128 59849
1669901318496 1.053105999348965 59899
1669901333278 1.1816774459344566 59949
1669901347972 1.3386704298719483 59999
1669901362925 1.260712207135104 60049
1669901377594 1.2512705226584804 60099
1669901405113 1.1534139322857566 60149
1669901419735 1.2997869181381625 60199
1669901434366 1.4089406413207282 60249
1669901448980 0.9733400110169937 60299
1669901476324 1.0466499162306684 60349
1669901491034 1.0410567090536171 60399
1669901505746 1.3154019526810232 60449
1669901520325 1.6121555207871623 60499
1669901547280 1.4924694339855047 60549
1669901562028 1.3210654728731077 60599
1669901576667 1.7276387362695305 60649
1669901591310 0.9923377113803828 60699
1669901605961 1.385274627023267 60749
1669901633544 1.2191550922300942 60799
1669901648173 1.2234362066092557 60849
1669901662811 1.2493157966468846 60899
1669901677460 1.2393808206415193 60949
1669901704788 1.0983753137848105 60999
1669901719445 1.21207704291493 61049
1669901734103 1.2427918623303844 61099
1669901748736 1.3047024110921797 61149
1669901776203 1.4677422121735322 61199
1669901790960 1.1609131801920582 61249
1669901805571 1.1957840717992987 61299
1669901820184 1.2636071155039235 61349
1669901834922 1.1123467072818845 61399
1669901862174 1.110154041248083 61449
1669901876807 1.4286146674357088 61499
1669901891588 1.4181030758875581 61549
1669901906350 1.0870063054847707 61599
1669901933602 0.9749778129841102 61649
1669901948258 0.8887248233774998 61699
1669901963041 1.039554693151791 61749
1669901977698 1.1191348041639504 61799
1669902004934 1.0383348742688596 61849
1669902019565 1.5046349926932305 61899
1669902034396 0.9898057010158033 61949
1669902049038 0.9575074713515654 61999
1669902063802 0.9028278779288541 62049
1669902091156 1.0782248682062674 62099
1669902105800 1.1776097259528056 62149
1669902120488 1.1885049029261774 62199
1669902135258 1.5786470843473546 62249
1669902162612 1.3186944778529304 62299
1669902177193 1.1935926167662165 62349
1669902192051 1.2475334045023119 62399
1669902206643 1.7109588613226019 62449
1669902233972 1.3842511031151652 62499
1669902248661 1.238673976328607 62549
1669902263449 1.5875146552259236 62599
1669902278100 1.2997162962236237 62649
1669902292758 1.2557909071398132 62699
1669902320093 1.3114981866557038 62749
1669902334852 1.3190283162731093 62799
1669902349461 1.3255878274361912 62849
1669902364082 1.2696081609091427 62899
1669902391544 1.1909461524271938 62949
1669902406217 1.1980959579409507 62999
1669902420915 1.1499616033504676 63049
1669902435588 1.1280934206031634 63099
1669902462990 1.2515525882755252 63149
1669902477582 1.03895968511321 63199
1669902492340 1.2861972323445376 63249
1669902506963 1.2170128363483839 63299
1669902521701 1.2516329878721377 63349
1669902548944 1.1988386714011219 63399
1669902563573 1.6176621187235611 63449
1669902578205 1.108609192462922 63499
1669902592975 0.9472903757380763 63549
1669902620310 1.38032222800332 63599
1669902635090 1.0732505152894545 63649
1669902649830 1.5284733622375417 63699
1669902664430 1.371443215919204 63749
1669902691640 1.3688887120669846 63799
1669902706292 1.024173035276445 63849
1669902721112 1.2464838298533611 63899
1669902735778 1.328447148674023 63949
1669902750443 1.3690891276708927 63999
1669902777840 1.3102731574667437 64049
1669902792648 1.2485472364871046 64099
1669902807275 1.1761817495763704 64149
1669902821885 1.045490513034863 64199
1669902849180 1.4754647465032111 64249
1669902863775 1.3788161205620235 64299
1669902878398 0.9839015562634202 64349
1669902893186 1.1159817112122088 64399
1669902920491 1.2892299029848733 64449
1669902935074 0.9085614967625967 64499
1669902950002 1.0715987914892566 64549
1669902964641 1.038063683599167 64599
1669902979393 1.2826004219961873 64649
1669903006671 1.3101889308179162 64699
1669903021434 1.3705450359069329 64749
1669903036075 1.2561856390862893 64799
1669903050886 1.555192809660301 64849
1669903077842 0.9023664507992034 64899
1669903092589 1.0964233493501974 64949
1669903107306 1.0099034696426312 64999
1669903121903 1.3541857695855473 65049
1669903136324 1.2978555307833135 65099
