1669037874194 0.3314802348613739 216
1669037946794 0.34034138917922974 433
1669038019245 0.3314669728279114 650
1669038091458 0.33007124066352844 867
1669038163549 0.3359776735305786 1084
1669038235979 0.33354565501213074 1301
1669038308483 0.3417521119117737 1518
1669038380861 0.35319963097572327 1735
1669038453196 0.3565959632396698 1952
1669038525423 0.35819464921951294 2169
1669038598001 0.3757881224155426 2386
1669038670318 0.38387176394462585 2603
1669038742711 0.3858989179134369 2820
1669038814896 0.3978569507598877 3037
1669038887516 0.41425758600234985 3254
1669038960241 0.4154874086380005 3471
1669039032873 0.4225899279117584 3688
1669039105471 0.4331807494163513 3905
1669039177868 0.44356268644332886 4122
1669039250339 0.45123302936553955 4339
1669039322891 0.4602262079715729 4556
1669039395488 0.4516993463039398 4773
1669039468061 0.4729200005531311 4990
1669039540866 0.4803639054298401 5207
1669039613446 0.4897442162036896 5424
1669039686027 0.4946540892124176 5641
1669039758291 0.5049982070922852 5858
1669039830821 0.5017832517623901 6075
1669039903108 0.5105541944503784 6292
1669039975595 0.515161395072937 6509
1669040048134 0.5345955491065979 6726
1669040120709 0.5329198837280273 6943
1669040193218 0.5292717814445496 7160
1669040265749 0.5285386443138123 7377
1669040338228 0.5317934155464172 7594
1669040410953 0.5430340766906738 7811
1669040483514 0.5320754051208496 8028
1669040555913 0.5381611585617065 8245
1669040628543 0.5450721383094788 8462
1669040701092 0.5495894551277161 8679
1669040773602 0.5544158816337585 8896
1669040846096 0.5554023385047913 9113
1669040918515 0.5506542325019836 9330
1669040991078 0.5554129481315613 9547
1669041063904 0.5526822805404663 9764
1669041136364 0.5515456199645996 9981
1669041208702 0.5529664754867554 10198
1669041281131 0.5580489039421082 10415
1669041353985 0.5566195845603943 10632
1669041426562 0.5631506443023682 10849
1669041499012 0.572484016418457 11066
1669041571599 0.5645923614501953 11283
1669041644320 0.566860020160675 11500
1669041717069 0.5529152154922485 11717
1669041789695 0.5680413842201233 11934
1669041862163 0.5627123713493347 12151
1669041934860 0.5609356760978699 12368
1669042007381 0.560589611530304 12585
1669042080076 0.5613988041877747 12802
1669042152803 0.5623313784599304 13019
1669042225668 0.5691893100738525 13236
1669042298748 0.5706391930580139 13453
1669042371152 0.5656996965408325 13670
1669042444018 0.5652217864990234 13887
1669042516708 0.5637593269348145 14104
1669042589189 0.5557485222816467 14321
1669042662063 0.5704429149627686 14538
1669042734902 0.5640065670013428 14755
1669042807502 0.5622066259384155 14972
1669042880363 0.5638958811759949 15189
1669042952906 0.5622389316558838 15406
1669043025775 0.5711069703102112 15623
1669043098696 0.5645460486412048 15840
1669043171480 0.5708123445510864 16057
1669043244107 0.5657472610473633 16274
1669043316612 0.5579588413238525 16491
1669043389458 0.5665988922119141 16708
1669043461856 0.567436933517456 16925
1669043534546 0.5715205073356628 17142
1669043607433 0.5631324648857117 17359
1669043679732 0.5713495016098022 17576
1669043752629 0.5700687766075134 17793
1669043825330 0.5710462331771851 18010
1669043897734 0.5678257346153259 18227
1669043970137 0.5677157044410706 18444
1669044042822 0.5693954229354858 18661
1669044115430 0.5671024322509766 18878
1669044188210 0.561948835849762 19095
1669044260545 0.5730714201927185 19312
1669044333103 0.5627009272575378 19529
1669044405678 0.5622494220733643 19746
1669044478236 0.5745463371276855 19963
1669044550811 0.5739854574203491 20180
1669044623325 0.5663868188858032 20397
1669044695781 0.5753287672996521 20614
1669044768234 0.5756807327270508 20831
1669044840835 0.575401246547699 21048
1669044913474 0.5736517310142517 21265
1669044986271 0.567743718624115 21482
1669045058752 0.568514347076416 21699
1669045131259 0.56745445728302 21916
1669045203778 0.5695874691009521 22133
1669045276555 0.557252824306488 22350
1669045348983 0.573774516582489 22567
1669045421400 0.5655868649482727 22784
1669045494262 0.5604192018508911 23001
1669045566855 0.5719553232192993 23218
1669045639372 0.5741487741470337 23435
1669045712031 0.5632111430168152 23652
1669045784781 0.5718175172805786 23869
1669045857411 0.5755014419555664 24086
1669045929860 0.5754067897796631 24303
1669046002588 0.561241626739502 24520
1669046075272 0.5750699043273926 24737
1669046147812 0.5726067423820496 24954
1669046220352 0.5721221566200256 25171
1669046292871 0.5790528059005737 25388
1669046365299 0.576443612575531 25605
1669046438279 0.5770835280418396 25822
1669046510759 0.5680192112922668 26039
1669046583341 0.5640171766281128 26256
1669046655877 0.573318362236023 26473
1669046728289 0.56563800573349 26690
1669046800762 0.5682891011238098 26907
1669046873301 0.5666987895965576 27124
1669046945716 0.5659815669059753 27341
1669047018364 0.5661460161209106 27558
1669047090973 0.5629299283027649 27775
1669047163701 0.5684801340103149 27992
1669047236128 0.5777900218963623 28209
1669047308697 0.5648165345191956 28426
1669047381378 0.5647061467170715 28643
1669047454018 0.5681095123291016 28860
1669047526430 0.5702853202819824 29077
1669047598959 0.5720783472061157 29294
1669047671609 0.5782580971717834 29511
1669047744039 0.5731949806213379 29728
1669047816854 0.5720259547233582 29945
1669047889615 0.5743935704231262 30162
1669047962488 0.5699713230133057 30379
1669048035092 0.5628526210784912 30596
1669048107518 0.5700618028640747 30813
1669048180142 0.5708920359611511 31030
1669048252696 0.5695527195930481 31247
1669048325665 0.577756404876709 31464
1669048398321 0.569841742515564 31681
1669048470867 0.570182204246521 31898
1669048543597 0.571320116519928 32115
1669048616207 0.5754233598709106 32332
1669048688568 0.575009822845459 32549
1669048761083 0.5733662247657776 32766
1669048833929 0.5722463130950928 32983
1669048906311 0.5758246183395386 33200
1669048978795 0.5693145394325256 33417
1669049051425 0.5676261186599731 33634
1669049124023 0.5667086243629456 33851
1669049196250 0.570774257183075 34068
1669049268684 0.569584846496582 34285
1669049341343 0.580278754234314 34502
1669049413756 0.5767057538032532 34719
1669049486419 0.5712391138076782 34936
1669049558988 0.5681450963020325 35153
1669049631588 0.5852359533309937 35370
1669049704193 0.5733897686004639 35587
1669049776674 0.5681546330451965 35804
1669049849367 0.5695906281471252 36021
1669049921984 0.5746815800666809 36238
1669049994546 0.5686270594596863 36455
1669050067056 0.5788232088088989 36672
1669050139679 0.5728943943977356 36889
1669050212353 0.5751151442527771 37106
1669050285099 0.5715932250022888 37323
1669050357513 0.5746520161628723 37540
1669050430001 0.569056510925293 37757
1669050502850 0.5728076100349426 37974
1669050575022 0.5688018798828125 38191
1669050647533 0.5681663751602173 38408
1669050720009 0.5746462941169739 38625
1669050792527 0.5619529485702515 38842
1669050865584 0.566510021686554 39059
1669050938358 0.5748224854469299 39276
1669051011022 0.5704981684684753 39493
1669051083935 0.5745173692703247 39710
1669051156512 0.575710654258728 39927
1669051229258 0.5696828961372375 40144
1669051301670 0.5708580613136292 40361
1669051374318 0.57233726978302 40578
1669051446870 0.5819571018218994 40795
1669051519358 0.5769128799438477 41012
1669051592077 0.5673907399177551 41229
1669051664736 0.5738796591758728 41446
1669051737518 0.5723356008529663 41663
1669051810112 0.5749006271362305 41880
1669051882877 0.566901445388794 42097
1669051955506 0.5828691720962524 42314
1669052028072 0.5673284530639648 42531
1669052100614 0.5715510249137878 42748
1669052173487 0.5756103992462158 42965
1669052246337 0.5775184035301208 43182
1669052318694 0.565223217010498 43399
1669052391580 0.5749092102050781 43616
1669052464120 0.5795137882232666 43833
1669052536630 0.574578583240509 44050
1669052609098 0.568113386631012 44267
1669052681244 0.5685083270072937 44484
1669052753808 0.574647068977356 44701
1669052826045 0.5796104669570923 44918
1669052898475 0.5726343989372253 45135
1669052970878 0.5799494981765747 45352
1669053043529 0.5778644680976868 45569
1669053115978 0.5750333666801453 45786
1669053188576 0.5753269195556641 46003
1669053261020 0.5840502977371216 46220
1669053333248 0.5807028412818909 46437
1669053405905 0.567578911781311 46654
1669053478537 0.5729792714118958 46871
1669053551088 0.5829753875732422 47088
1669053623675 0.5568106174468994 47305
1669053696214 0.5793840289115906 47522
1669053768699 0.5700150728225708 47739
1669053841447 0.5728961825370789 47956
1669053914032 0.5705049633979797 48173
1669053986744 0.5746263861656189 48390
1669054059240 0.5717014670372009 48607
1669054131746 0.5728044509887695 48824
1669054204415 0.5815033912658691 49041
1669054277011 0.5675053000450134 49258
1669054349432 0.5776659250259399 49475
1669054422254 0.5759240984916687 49692
1669054494935 0.5727392435073853 49909
1669054567346 0.5773078203201294 50126
1669054639867 0.5698649883270264 50343
1669054712323 0.575908362865448 50560
1669054784716 0.5738828778266907 50777
1669054857306 0.5769336223602295 50994
1669054930182 0.5746038556098938 51211
1669055002390 0.5780854225158691 51428
1669055074926 0.5751613974571228 51645
1669055147719 0.5774064064025879 51862
1669055220346 0.5791303515434265 52079
1669055293012 0.5654808878898621 52296
1669055365403 0.5733281373977661 52513
1669055438057 0.5767616033554077 52730
1669055510805 0.5709314346313477 52947
1669055583364 0.5751670002937317 53164
1669055655918 0.5818201303482056 53381
1669055728511 0.5768652558326721 53598
1669055801276 0.5825019478797913 53815
1669055873871 0.5775137543678284 54032
1669055946374 0.5769962668418884 54249
1669056018904 0.5778085589408875 54466
1669056091459 0.5747984647750854 54683
1669056164018 0.5719909071922302 54900
1669056236367 0.5704402327537537 55117
1669056308957 0.5680439472198486 55334
1669056381494 0.5740875005722046 55551
1669056454210 0.5684439539909363 55768
1669056526730 0.5780037045478821 55985
1669056599216 0.5768555998802185 56202
1669056671889 0.5722711086273193 56419
1669056744153 0.5723599791526794 56636
1669056816778 0.5697958469390869 56853
1669056889661 0.5749537944793701 57070
1669056962467 0.5755438208580017 57287
1669057035174 0.5787834525108337 57504
1669057107728 0.5780491232872009 57721
1669057180493 0.5686561465263367 57938
1669057253254 0.5805758833885193 58155
1669057326092 0.5667492747306824 58372
1669057398907 0.5689918398857117 58589
1669057471733 0.5822309255599976 58806
1669057544618 0.5791320204734802 59023
1669057617862 0.5742568373680115 59240
1669057690499 0.5691003203392029 59457
1669057763335 0.5628526210784912 59674
1669057836174 0.5763046741485596 59891
1669057908726 0.5811670422554016 60108
1669057981498 0.5756888389587402 60325
1669058054313 0.5698845982551575 60542
1669058127069 0.5763074159622192 60759
1669058199601 0.5727925896644592 60976
1669058272006 0.562133252620697 61193
1669058344838 0.578031599521637 61410
1669058417489 0.5699878334999084 61627
1669058490143 0.5712696313858032 61844
1669058562927 0.5763059258460999 62061
1669058635822 0.5740424394607544 62278
1669058708846 0.5784713625907898 62495
1669058781717 0.5778376460075378 62712
1669058854649 0.5766545534133911 62929
1669058927269 0.5807651877403259 63146
1669058999944 0.5733819007873535 63363
1669059072621 0.5766929984092712 63580
1669059145126 0.5829254984855652 63797
1669059217863 0.5769293904304504 64014
1669059291084 0.5746266841888428 64231
1669059363641 0.5812621116638184 64448
1669059436184 0.5681329369544983 64665
1669059508796 0.5664396286010742 64882
1669059581619 0.578382134437561 65099
