1669168630414 0.5123341679573059 216
1669168702248 0.512215793132782 433
1669168774494 0.49571704864501953 650
1669168846674 0.4919143617153168 867
1669168918780 0.5036416053771973 1084
1669168991091 0.49373799562454224 1301
1669169063305 0.5113239884376526 1518
1669169135580 0.5032259821891785 1735
1669169207750 0.5192114114761353 1952
1669169279896 0.5050426125526428 2169
1669169351951 0.5067492723464966 2386
1669169424064 0.5072392225265503 2603
1669169496574 0.5074428915977478 2820
1669169569071 0.5161574482917786 3037
1669169641361 0.5258408784866333 3254
1669169713613 0.5186512470245361 3471
1669169785990 0.5237902402877808 3688
1669169858315 0.5418304204940796 3905
1669169930383 0.5273409485816956 4122
1669170002651 0.5438727736473083 4339
1669170074990 0.5358574390411377 4556
1669170147964 0.5498209595680237 4773
1669170220274 0.5676493048667908 4990
1669170292576 0.561662495136261 5207
1669170364818 0.5702146887779236 5424
1669170436845 0.596113383769989 5641
1669170509435 0.59071284532547 5858
1669170581552 0.5842815637588501 6075
1669170653901 0.5949393510818481 6292
1669170726162 0.5972061157226562 6509
1669170798284 0.618439257144928 6726
1669170870602 0.6204238533973694 6943
1669170943073 0.6244398355484009 7160
1669171015581 0.6296724081039429 7377
1669171088298 0.6207183599472046 7594
1669171160659 0.6218964457511902 7811
1669171232946 0.6246104836463928 8028
1669171305157 0.6328131556510925 8245
1669171377725 0.6505835652351379 8462
1669171449982 0.6225268244743347 8679
1669171522459 0.643469512462616 8896
1669171594799 0.6427993178367615 9113
1669171667094 0.650637149810791 9330
1669171739480 0.6467987298965454 9547
1669171811914 0.6370864510536194 9764
1669171884276 0.6435617208480835 9981
1669171956923 0.6412771344184875 10198
1669172029202 0.6492884755134583 10415
1669172101543 0.6437186598777771 10632
1669172174017 0.6449752449989319 10849
1669172246413 0.6538811326026917 11066
1669172318738 0.6477841734886169 11283
1669172391217 0.6618304252624512 11500
1669172463817 0.6504624485969543 11717
1669172536067 0.6483126878738403 11934
1669172608466 0.6494770646095276 12151
1669172680887 0.6557954549789429 12368
1669172753220 0.6585714817047119 12585
1669172825524 0.6506372094154358 12802
1669172897774 0.6553618311882019 13019
1669172970065 0.6769432425498962 13236
1669173042181 0.6654417514801025 13453
1669173114421 0.6460859179496765 13670
1669173186835 0.6547591090202332 13887
1669173259215 0.6519735455513 14104
1669173331220 0.6579685807228088 14321
1669173403779 0.6500453948974609 14538
1669173476413 0.6521772742271423 14755
1669173548820 0.6498458981513977 14972
1669173621289 0.6655752658843994 15189
1669173693668 0.6586705446243286 15406
1669173765885 0.6656839847564697 15623
1669173838299 0.6590724587440491 15840
1669173910760 0.6468304991722107 16057
1669173983443 0.6641618609428406 16274
1669174055914 0.6436609625816345 16491
1669174128387 0.6378806233406067 16708
1669174200484 0.6407458782196045 16925
1669174273271 0.662553071975708 17142
1669174345785 0.664595365524292 17359
1669174418077 0.6670657396316528 17576
1669174490343 0.6472253799438477 17793
1669174562728 0.6646628379821777 18010
1669174635532 0.6613183617591858 18227
1669174707863 0.6502312421798706 18444
1669174780273 0.6675419807434082 18661
1669174852874 0.6481173038482666 18878
1669174925695 0.6543325781822205 19095
1669174997876 0.659682035446167 19312
1669175070392 0.6498265862464905 19529
1669175142528 0.651877224445343 19746
1669175215029 0.6519047021865845 19963
1669175287497 0.6504114866256714 20180
1669175360446 0.6615028381347656 20397
1669175433739 0.6633622646331787 20614
1669175506317 0.6624608635902405 20831
1669175579071 0.6665235161781311 21048
1669175651567 0.654026985168457 21265
1669175723977 0.6482136249542236 21482
1669175796629 0.6453151106834412 21699
1669175869198 0.6514478325843811 21916
1669175941500 0.6402629017829895 22133
1669176014011 0.6575777530670166 22350
1669176086420 0.6683815121650696 22567
1669176158744 0.6411835551261902 22784
1669176231369 0.649113655090332 23001
1669176303971 0.6639305949211121 23218
1669176375747 0.6580538749694824 23435
1669176448305 0.6563088297843933 23652
1669176520861 0.6678035259246826 23869
1669176593187 0.6687504053115845 24086
1669176665600 0.6594027280807495 24303
1669176738152 0.6495622992515564 24520
1669176810431 0.6482273936271667 24737
1669176882417 0.6552188992500305 24954
1669176954906 0.653236985206604 25171
1669177027363 0.652986466884613 25388
1669177100013 0.6664023399353027 25605
1669177172374 0.656710684299469 25822
1669177244774 0.6639980673789978 26039
1669177317147 0.6513872742652893 26256
1669177389402 0.6568262577056885 26473
1669177461822 0.6600577235221863 26690
1669177534254 0.6501129269599915 26907
1669177606384 0.6417726278305054 27124
1669177678683 0.6415992379188538 27341
1669177751190 0.656807005405426 27558
1669177823534 0.6496807336807251 27775
1669177896069 0.6734875440597534 27992
1669177968616 0.6624442338943481 28209
1669178040772 0.6481308937072754 28426
1669178113107 0.6546105742454529 28643
1669178185671 0.6665592789649963 28860
1669178257719 0.6411285400390625 29077
1669178329936 0.6619791388511658 29294
1669178402088 0.6536223292350769 29511
1669178474854 0.6554968357086182 29728
1669178547388 0.6703082919120789 29945
1669178620117 0.6597660779953003 30162
1669178692564 0.659207284450531 30379
1669178764858 0.6529162526130676 30596
1669178837169 0.6629865765571594 30813
1669178909341 0.6733773946762085 31030
1669178981546 0.6519129872322083 31247
1669179053714 0.6686594486236572 31464
1669179126216 0.6517422795295715 31681
1669179198199 0.6623672246932983 31898
1669179270413 0.652039647102356 32115
1669179342885 0.6488508582115173 32332
1669179415446 0.6658546924591064 32549
1669179488007 0.6586085557937622 32766
1669179560347 0.6542967557907104 32983
1669179632749 0.6748554706573486 33200
1669179705196 0.640864372253418 33417
1669179777497 0.6628653407096863 33634
1669179849919 0.6667712330818176 33851
1669179922390 0.6382851600646973 34068
1669179994766 0.656762957572937 34285
1669180067291 0.6713625192642212 34502
1669180139910 0.6570025086402893 34719
1669180212300 0.6669749617576599 34936
1669180283952 0.6435452103614807 35153
1669180356166 0.6550261974334717 35370
1669180428453 0.6641040444374084 35587
1669180500771 0.6450288891792297 35804
1669180573025 0.6510872840881348 36021
1669180645353 0.6554004549980164 36238
1669180718020 0.6428117752075195 36455
1669180790575 0.6610790491104126 36672
1669180862900 0.653651237487793 36889
1669180935288 0.6645280122756958 37106
1669181007707 0.6681749820709229 37323
1669181080164 0.6540723443031311 37540
1669181152613 0.6485384106636047 37757
1669181224872 0.6647274494171143 37974
1669181297429 0.6622983813285828 38191
1669181369569 0.6555643677711487 38408
1669181441970 0.6566253900527954 38625
1669181514413 0.6498073935508728 38842
1669181586718 0.6581558585166931 39059
1669181659113 0.667734682559967 39276
1669181731408 0.662864089012146 39493
1669181804020 0.661668062210083 39710
1669181876716 0.6502078175544739 39927
1669181949270 0.660151481628418 40144
1669182021789 0.6591742038726807 40361
1669182094369 0.6569337248802185 40578
1669182166931 0.6563198566436768 40795
1669182239305 0.6652284264564514 41012
1669182311510 0.6629478931427002 41229
1669182384075 0.6549793481826782 41446
1669182456388 0.6770712733268738 41663
1669182528572 0.6474263668060303 41880
1669182600712 0.6498072743415833 42097
1669182673103 0.6643421053886414 42314
1669182745412 0.657872200012207 42531
1669182817690 0.647629976272583 42748
1669182889869 0.6763087511062622 42965
1669182962005 0.6528764963150024 43182
1669183034545 0.6731791496276855 43399
1669183106611 0.6600578427314758 43616
1669183178996 0.6653180122375488 43833
1669183251611 0.6721827387809753 44050
1669183323879 0.6522735953330994 44267
1669183396336 0.6492554545402527 44484
1669183468630 0.6549022793769836 44701
1669183540799 0.654390275478363 44918
1669183613116 0.6571731567382812 45135
1669183685611 0.6694797873497009 45352
1669183758030 0.6621387004852295 45569
1669183830451 0.6679961085319519 45786
1669183902831 0.6522350907325745 46003
1669183975429 0.6754624843597412 46220
1669184047724 0.6559923887252808 46437
1669184120103 0.6638700366020203 46654
1669184193099 0.6526370048522949 46871
1669184265354 0.668217658996582 47088
1669184337643 0.6443889141082764 47305
1669184409967 0.6662909388542175 47522
1669184481883 0.6528847217559814 47739
1669184554218 0.6533608436584473 47956
1669184626437 0.6554528474807739 48173
1669184699079 0.6696627736091614 48390
1669184771656 0.6435949206352234 48607
1669184844198 0.6648513674736023 48824
1669184916639 0.6629287004470825 49041
1669184988877 0.6512304544448853 49258
1669185061199 0.665722668170929 49475
1669185133636 0.6521950960159302 49692
1669185205785 0.6408918499946594 49909
1669185278071 0.6531296372413635 50126
1669185350469 0.6409716010093689 50343
1669185423042 0.650481641292572 50560
1669185495247 0.6515194773674011 50777
1669185567664 0.6628474593162537 50994
1669185640085 0.6580043435096741 51211
1669185712587 0.6650097370147705 51428
1669185784797 0.6481888294219971 51645
1669185857223 0.6693504452705383 51862
1669185929864 0.6619171500205994 52079
1669186002498 0.6619350910186768 52296
1669186074883 0.6561643481254578 52513
1669186147352 0.6568538546562195 52730
1669186219709 0.6570218205451965 52947
1669186292304 0.6652863025665283 53164
1669186364814 0.6655284762382507 53381
1669186437035 0.6669033765792847 53598
1669186509420 0.6676479578018188 53815
1669186581717 0.6594605445861816 54032
1669186653979 0.6500054597854614 54249
1669186726164 0.6528323292732239 54466
1669186798432 0.6578860282897949 54683
1669186870614 0.6562895178794861 54900
1669186942821 0.6595926284790039 55117
1669187015184 0.646512508392334 55334
1669187087605 0.6704761981964111 55551
1669187159902 0.655741810798645 55768
1669187232029 0.6568097472190857 55985
1669187304424 0.6480374336242676 56202
1669187376687 0.6509634256362915 56419
1669187448988 0.6657170057296753 56636
1669187521316 0.6597755551338196 56853
1669187593871 0.6608670949935913 57070
1669187666191 0.654899537563324 57287
1669187738477 0.6637242436408997 57504
1669187810814 0.6632370352745056 57721
1669187883219 0.6523643732070923 57938
1669187955736 0.6481173038482666 58155
1669188028024 0.639218270778656 58372
1669188099781 0.6478654146194458 58589
1669188172349 0.6717382669448853 58806
1669188244485 0.6579548120498657 59023
1669188316730 0.6513955593109131 59240
1669188388790 0.6605201959609985 59457
1669188460738 0.6422020196914673 59674
1669188533135 0.657273530960083 59891
1669188605613 0.6638727784156799 60108
1669188678124 0.6661272048950195 60325
1669188750502 0.6582108736038208 60542
1669188822818 0.6612772345542908 60759
1669188895276 0.6598348617553711 60976
1669188967757 0.6397659778594971 61193
1669189040299 0.6665621399879456 61410
1669189112597 0.6540902853012085 61627
1669189184919 0.6684283018112183 61844
1669189257212 0.6661463975906372 62061
1669189329853 0.657160758972168 62278
1669189402305 0.6591383814811707 62495
1669189474606 0.6692472696304321 62712
1669189547084 0.6470493078231812 62929
1669189619765 0.6663143634796143 63146
1669189692181 0.6644701361656189 63363
1669189764532 0.6650289297103882 63580
1669189836839 0.6708340048789978 63797
1669189908821 0.6621992588043213 64014
1669189981121 0.6533732414245605 64231
1669190053334 0.6565923094749451 64448
1669190125717 0.6659923195838928 64665
1669190197875 0.6385053396224976 64882
1669190270288 0.6677402257919312 65099
