1669168630414 1.4457129250326552 216
1669168702248 1.4214562011272456 433
1669168774494 1.40310632312085 650
1669168846674 1.3866280252170538 867
1669168918780 1.369623181713413 1084
1669168991091 1.3597673050868677 1301
1669169063305 1.347185641845006 1518
1669169135580 1.3402812025585245 1735
1669169207750 1.332754538206423 1952
1669169279896 1.3275820547700135 2169
1669169351951 1.3197108982573338 2386
1669169424064 1.3165093637194436 2603
1669169496574 1.309938999675176 2820
1669169569071 1.2999189931180528 3037
1669169641361 1.302456270979262 3254
1669169713613 1.296106093562003 3471
1669169785990 1.293630082728074 3688
1669169858315 1.287540543859461 3905
1669169930383 1.2847029750271848 4122
1669170002651 1.279001237988839 4339
1669170074990 1.2780354940919911 4556
1669170147964 1.2767747118600064 4773
1669170220274 1.2718326189022036 4990
1669170292576 1.2702800433915835 5207
1669170364818 1.2677915321099995 5424
1669170436845 1.265802944711881 5641
1669170509435 1.264401243268453 5858
1669170581552 1.2621663153247842 6075
1669170653901 1.2599259392757305 6292
1669170726162 1.2594094514008236 6509
1669170798284 1.255016195394358 6726
1669170870602 1.2575569081940927 6943
1669170943073 1.2598892148600378 7160
1669171015581 1.256176375098563 7377
1669171088298 1.2566637874510962 7594
1669171160659 1.2582306483114314 7811
1669171232946 1.2545630083036041 8028
1669171305157 1.255214270656763 8245
1669171377725 1.2552894735003821 8462
1669171449982 1.251695283477615 8679
1669171522459 1.2547384636834928 8896
1669171594799 1.2554984208530207 9113
1669171667094 1.2522356293055226 9330
1669171739480 1.252357678568138 9547
1669171811914 1.252919484221732 9764
1669171884276 1.2519240415176167 9981
1669171956923 1.2529095496435618 10198
1669172029202 1.2522366691946807 10415
1669172101543 1.2502973526277172 10632
1669172174017 1.251926267743722 10849
1669172246413 1.2529227202796678 11066
1669172318738 1.2527197397077714 11283
1669172391217 1.2483386422371003 11500
1669172463817 1.2485287337666615 11717
1669172536067 1.2513764001505019 11934
1669172608466 1.250941958477042 12151
1669172680887 1.2491352173972992 12368
1669172753220 1.247294948094145 12585
1669172825524 1.2512428774600155 12802
1669172897774 1.2479056184220934 13019
1669172970065 1.2477111678249502 13236
1669173042181 1.2476466158944597 13453
1669173114421 1.2473683048859756 13670
1669173186835 1.2489871686764615 13887
1669173259215 1.2477258529119708 14104
1669173331220 1.2468055928848294 14321
1669173403779 1.2477454521981142 14538
1669173476413 1.2474197377947729 14755
1669173548820 1.2473447703465992 14972
1669173621289 1.2470326017285216 15189
1669173693668 1.2460476234547218 15406
1669173765885 1.2475786915302665 15623
1669173838299 1.2470494785946817 15840
1669173910760 1.2482270372908708 16057
1669173983443 1.2493814104576746 16274
1669174055914 1.2462240875727388 16491
1669174128387 1.2459298897109612 16708
1669174200484 1.24678466469922 16925
1669174273271 1.2432152102499678 17142
1669174345785 1.2453670609830145 17359
1669174418077 1.2442478408188655 17576
1669174490343 1.2463995183585748 17793
1669174562728 1.2462883939260738 18010
1669174635532 1.2435128785923066 18227
1669174707863 1.2451675323260467 18444
1669174780273 1.2437684093952326 18661
1669174852874 1.2448785840784613 18878
1669174925695 1.2448049555290932 19095
1669174997876 1.2468414312588354 19312
1669175070392 1.2454249062603742 19529
1669175142528 1.2433954230487307 19746
1669175215029 1.2453774180578625 19963
1669175287497 1.2434749031265007 20180
1669175360446 1.2443538984765068 20397
1669175433739 1.2435179526882527 20614
1669175506317 1.2432207852300126 20831
1669175579071 1.2418936300066878 21048
1669175651567 1.2461588795486904 21265
1669175723977 1.24122683492259 21482
1669175796629 1.2446803268346596 21699
1669175869198 1.244117089198234 21916
1669175941500 1.243186755106689 22133
1669176014011 1.2434249572431453 22350
1669176086420 1.2462010564630432 22567
1669176158744 1.2441853888448693 22784
1669176231369 1.241635550091345 23001
1669176303971 1.2412996116715578 23218
1669176375747 1.244341493447728 23435
1669176448305 1.2416606049932795 23652
1669176520861 1.2403132031219009 23869
1669176593187 1.2428896614846237 24086
1669176665600 1.2399790847571406 24303
1669176738152 1.2433006601655008 24520
1669176810431 1.2444396989816675 24737
1669176882417 1.2414163131293923 24954
1669176954906 1.2447296155309253 25171
1669177027363 1.2434759064676713 25388
1669177100013 1.241517567287338 25605
1669177172374 1.2430190114956179 25822
1669177244774 1.2417068844957022 26039
1669177317147 1.2404920055830253 26256
1669177389402 1.2411326392464253 26473
1669177461822 1.239719214064555 26690
1669177534254 1.240694591147705 26907
1669177606384 1.241668626902879 27124
1669177678683 1.2402555866885863 27341
1669177751190 1.2427714345852081 27558
1669177823534 1.2410030111763095 27775
1669177896069 1.2399185556100742 27992
1669177968616 1.241673374657444 28209
1669178040772 1.2408187727412596 28426
1669178113107 1.2407137654021705 28643
1669178185671 1.2387196287780833 28860
1669178257719 1.2417447149744834 29077
1669178329936 1.240581822992286 29294
1669178402088 1.2419978814926889 29511
1669178474854 1.2414665540362255 29728
1669178547388 1.2381472388114665 29945
1669178620117 1.2396776268979106 30162
1669178692564 1.2395857461264783 30379
1669178764858 1.2396934047192736 30596
1669178837169 1.2397926798307446 30813
1669178909341 1.2405014853056684 31030
1669178981546 1.2408665265073557 31247
1669179053714 1.2396566963372915 31464
1669179126216 1.2405670696040505 31681
1669179198199 1.2404283577613986 31898
1669179270413 1.2396618126404468 32115
1669179342885 1.2422679703701045 32332
1669179415446 1.2397429137180864 32549
1669179488007 1.239235196809234 32766
1669179560347 1.239269966823039 32983
1669179632749 1.239347679683918 33200
1669179705196 1.2395488511274095 33417
1669179777497 1.2386245456561047 33634
1669179849919 1.238582786580726 33851
1669179922390 1.2402438827644944 34068
1669179994766 1.2381464147430785 34285
1669180067291 1.2372556982622311 34502
1669180139910 1.2396633926825695 34719
1669180212300 1.2372475183688278 34936
1669180283952 1.2383110499637944 35153
1669180356166 1.237500016082182 35370
1669180428453 1.23831175500494 35587
1669180500771 1.238814840506398 35804
1669180573025 1.2380732296711694 36021
1669180645353 1.23846686228267 36238
1669180718020 1.2389838690414992 36455
1669180790575 1.2381379002000317 36672
1669180862900 1.240100207309336 36889
1669180935288 1.2392278013147984 37106
1669181007707 1.2348270166313484 37323
1669181080164 1.238471791343398 37540
1669181152613 1.2386844617170794 37757
1669181224872 1.237500477287092 37974
1669181297429 1.2355741899180348 38191
1669181369569 1.236131489914071 38408
1669181441970 1.2378003081151472 38625
1669181514413 1.23806457702153 38842
1669181586718 1.2372170985901387 39059
1669181659113 1.2357802176158172 39276
1669181731408 1.2385370148920576 39493
1669181804020 1.2383511481737663 39710
1669181876716 1.2356892973668434 39927
1669181949270 1.2381902934440372 40144
1669182021789 1.2388125918355084 40361
1669182094369 1.2377297103950655 40578
1669182166931 1.2378700587144353 40795
1669182239305 1.2360310022694811 41012
1669182311510 1.2359570158063804 41229
1669182384075 1.2368890875481349 41446
1669182456388 1.2365575834690277 41663
1669182528572 1.237168980075378 41880
1669182600712 1.2373092094681881 42097
1669182673103 1.238074709395406 42314
1669182745412 1.2364020180220594 42531
1669182817690 1.23709521264982 42748
1669182889869 1.2363677490576066 42965
1669182962005 1.237494509269165 43182
1669183034545 1.2362630907422925 43399
1669183106611 1.2358854691913863 43616
1669183178996 1.2372283501882482 43833
1669183251611 1.2341950085566415 44050
1669183323879 1.2355243528879774 44267
1669183396336 1.2349940706885227 44484
1669183468630 1.2366345916156933 44701
1669183540799 1.2382293667403668 44918
1669183613116 1.2362266563729978 45135
1669183685611 1.2366615384658088 45352
1669183758030 1.2352203086702431 45569
1669183830451 1.236286270417833 45786
1669183902831 1.2373074763843173 46003
1669183975429 1.2362918112972825 46220
1669184047724 1.2349919302157693 46437
1669184120103 1.2369589792600797 46654
1669184193099 1.2339325092442504 46871
1669184265354 1.237279891357683 47088
1669184337643 1.2345527738469033 47305
1669184409967 1.2342980505958028 47522
1669184481883 1.2345131645107448 47739
1669184554218 1.2352311731554522 47956
1669184626437 1.2329263694130836 48173
1669184699079 1.2348734100429293 48390
1669184771656 1.2363169833049736 48607
1669184844198 1.234384220623428 48824
1669184916639 1.235143307603492 49041
1669184988877 1.2351578191595773 49258
1669185061199 1.2358136859835214 49475
1669185133636 1.2341240622315341 49692
1669185205785 1.2366372733026512 49909
1669185278071 1.234816064267681 50126
1669185350469 1.2346614330391752 50343
1669185423042 1.235079027924985 50560
1669185495247 1.232753823185796 50777
1669185567664 1.2341333954784068 50994
1669185640085 1.2332593956694684 51211
1669185712587 1.2331820409336431 51428
1669185784797 1.232007101100529 51645
1669185857223 1.233331188455498 51862
1669185929864 1.233733778429816 52079
1669186002498 1.2330664147135602 52296
1669186074883 1.2338948277447648 52513
1669186147352 1.2340500490734543 52730
1669186219709 1.2332431790644067 52947
1669186292304 1.2325604014008935 53164
1669186364814 1.2331465412309872 53381
1669186437035 1.2321517336009324 53598
1669186509420 1.2313234573763616 53815
1669186581717 1.2331365810611745 54032
1669186653979 1.2346727080682816 54249
1669186726164 1.2342386336372524 54466
1669186798432 1.2320850513828312 54683
1669186870614 1.234445540787073 54900
1669186942821 1.2328570442716125 55117
1669187015184 1.2337640284915212 55334
1669187087605 1.2330013946953169 55551
1669187159902 1.2332639815622088 55768
1669187232029 1.2333713593388902 55985
1669187304424 1.2316107226444437 56202
1669187376687 1.2355671272790683 56419
1669187448988 1.2335602477176468 56636
1669187521316 1.2325576347663643 56853
1669187593871 1.2334511101496515 57070
1669187666191 1.2305573272541264 57287
1669187738477 1.2317521342858628 57504
1669187810814 1.2338220207538821 57721
1669187883219 1.2308434561710573 57938
1669187955736 1.2333146682872216 58155
1669188028024 1.235339210955504 58372
1669188099781 1.2332959097635399 58589
1669188172349 1.2314725337055161 58806
1669188244485 1.2324426823916839 59023
1669188316730 1.2324897372993817 59240
1669188388790 1.2316229682495594 59457
1669188460738 1.2332458718593151 59674
1669188533135 1.2322135300294073 59891
1669188605613 1.2330610154508215 60108
1669188678124 1.2298959286625908 60325
1669188750502 1.232509163529864 60542
1669188822818 1.2318131552127334 60759
1669188895276 1.2319725102201744 60976
1669188967757 1.2332169687538037 61193
1669189040299 1.2319180070152993 61410
1669189112597 1.232897575672703 61627
1669189184919 1.2297191382822321 61844
1669189257212 1.2315504090744203 62061
1669189329853 1.231433552700615 62278
1669189402305 1.2295334067360126 62495
1669189474606 1.234387474483307 62712
1669189547084 1.2318986198987258 62929
1669189619765 1.2329268561505196 63146
1669189692181 1.2305493948532806 63363
1669189764532 1.231476027031737 63580
1669189836839 1.2327043393346362 63797
1669189908821 1.2315934527090013 64014
1669189981121 1.2340497107650823 64231
1669190053334 1.232402550233301 64448
1669190125717 1.2326037926612425 64665
1669190197875 1.2342191984307378 64882
1669190270288 1.2301340024021796 65099
