1669190189869 0.5164766907691956 216
1669190261861 0.5091605186462402 433
1669190333616 0.5048609375953674 650
1669190405794 0.49984169006347656 867
1669190477986 0.49705201387405396 1084
1669190550059 0.4937269389629364 1301
1669190622327 0.5033636093139648 1518
1669190694470 0.4940352141857147 1735
1669190767116 0.5059276223182678 1952
1669190839465 0.49145060777664185 2169
1669190911777 0.5099284648895264 2386
1669190984271 0.5129809975624084 2603
1669191056833 0.5109798908233643 2820
1669191129069 0.5035067200660706 3037
1669191201762 0.5166308283805847 3254
1669191274313 0.5224855542182922 3471
1669191346444 0.5140324234962463 3688
1669191418894 0.5235865712165833 3905
1669191491338 0.5157032608985901 4122
1669191563878 0.5194604992866516 4339
1669191636416 0.528169572353363 4556
1669191709387 0.5440709590911865 4773
1669191782456 0.5633718967437744 4990
1669191854949 0.5519900321960449 5207
1669191927100 0.5576355457305908 5424
1669191999283 0.576515257358551 5641
1669192071738 0.5711367726325989 5858
1669192144252 0.5674222111701965 6075
1669192216765 0.5748128890991211 6292
1669192288864 0.5715221762657166 6509
1669192361579 0.587283194065094 6726
1669192433934 0.5900962948799133 6943
1669192506489 0.587084949016571 7160
1669192579249 0.5751417279243469 7377
1669192651681 0.58258455991745 7594
1669192724127 0.5841094255447388 7811
1669192796719 0.5772391557693481 8028
1669192869028 0.5858381390571594 8245
1669192941456 0.5990393757820129 8462
1669193013931 0.5618524551391602 8679
1669193086358 0.5942347645759583 8896
1669193158815 0.5914533138275146 9113
1669193231422 0.5990434885025024 9330
1669193303996 0.586529016494751 9547
1669193376385 0.5838192105293274 9764
1669193448727 0.5767684578895569 9981
1669193521430 0.5962868332862854 10198
1669193594017 0.5825515985488892 10415
1669193666163 0.5942774415016174 10632
1669193738572 0.5834020972251892 10849
1669193810861 0.5944095849990845 11066
1669193883156 0.5915414094924927 11283
1669193955793 0.5914835929870605 11500
1669194028264 0.5726590156555176 11717
1669194101277 0.5949297547340393 11934
1669194173967 0.595056414604187 12151
1669194246415 0.5834144949913025 12368
1669194318322 0.5995650887489319 12585
1669194390908 0.5760212540626526 12802
1669194463871 0.5805834531784058 13019
1669194536570 0.6013941168785095 13236
1669194609493 0.599642276763916 13453
1669194682291 0.5815868377685547 13670
1669194754762 0.5972061157226562 13887
1669194827392 0.5850591659545898 14104
1669194900300 0.5874978303909302 14321
1669194972779 0.588228702545166 14538
1669195045356 0.5791714787483215 14755
1669195117853 0.6076493859291077 14972
1669195190205 0.6053907871246338 15189
1669195262898 0.5896916389465332 15406
1669195335199 0.5990269780158997 15623
1669195407768 0.5921359658241272 15840
1669195480205 0.5900096297264099 16057
1669195552981 0.5969555974006653 16274
1669195625673 0.5771291255950928 16491
1669195698287 0.5763198137283325 16708
1669195770656 0.5834295749664307 16925
1669195843290 0.5879479646682739 17142
1669195915974 0.5974084138870239 17359
1669195988486 0.5987227559089661 17576
1669196061157 0.5816184878349304 17793
1669196133703 0.5955682992935181 18010
1669196206021 0.5903247594833374 18227
1669196278407 0.5928130149841309 18444
1669196351338 0.5914340615272522 18661
1669196423839 0.5974510312080383 18878
1669196496803 0.5786485075950623 19095
1669196568999 0.5962139964103699 19312
1669196641606 0.5955299139022827 19529
1669196714347 0.5865784883499146 19746
1669196786615 0.5875666737556458 19963
1669196859226 0.5968277454376221 20180
1669196931880 0.5978612303733826 20397
1669197004124 0.6001251935958862 20614
1669197076764 0.5926727056503296 20831
1669197149266 0.6003963947296143 21048
1669197222078 0.5873602628707886 21265
1669197294304 0.5961519479751587 21482
1669197366812 0.5838314890861511 21699
1669197439045 0.5883126258850098 21916
1669197511527 0.5826712846755981 22133
1669197584157 0.5859289765357971 22350
1669197656775 0.6019652485847473 22567
1669197729187 0.5839195847511292 22784
1669197801666 0.5912138819694519 23001
1669197874266 0.6074951887130737 23218
1669197946864 0.5878612995147705 23435
1669198019331 0.5832342505455017 23652
1669198092099 0.5927359461784363 23869
1669198164520 0.6035370230674744 24086
1669198236925 0.5994137525558472 24303
1669198309701 0.5852146744728088 24520
1669198382437 0.5796723961830139 24737
1669198455296 0.5878281593322754 24954
1669198527978 0.593237042427063 25171
1669198600442 0.6028323173522949 25388
1669198673140 0.5937049388885498 25605
1669198745975 0.5922486782073975 25822
1669198818600 0.5934393405914307 26039
1669198891111 0.588554859161377 26256
1669198963505 0.5905449986457825 26473
1669199036115 0.5889017581939697 26690
1669199108727 0.5877125263214111 26907
1669199181461 0.5851637125015259 27124
1669199254146 0.5818689465522766 27341
1669199326672 0.5785961151123047 27558
1669199399813 0.5907981991767883 27775
1669199472020 0.6078515648841858 27992
1669199544436 0.6029065847396851 28209
1669199617006 0.5776300430297852 28426
1669199689631 0.5756316781044006 28643
1669199762264 0.5900165438652039 28860
1669199834759 0.5891631841659546 29077
1669199907127 0.5956013798713684 29294
1669199979399 0.589788019657135 29511
1669200051797 0.5809000730514526 29728
1669200124347 0.5913293957710266 29945
1669200197098 0.5990915894508362 30162
1669200269628 0.5833966135978699 30379
1669200342485 0.5918359160423279 30596
1669200415191 0.5983044505119324 30813
1669200487840 0.5984613299369812 31030
1669200560454 0.5874897241592407 31247
1669200632939 0.5955464243888855 31464
1669200705330 0.587283194065094 31681
1669200778157 0.5901293158531189 31898
1669200850671 0.5937544703483582 32115
1669200923340 0.5830787420272827 32332
1669200995938 0.6032232046127319 32549
1669201068527 0.5966240167617798 32766
1669201140992 0.5804046392440796 32983
1669201213372 0.6021772027015686 33200
1669201285820 0.5909028053283691 33417
1669201358616 0.5873740911483765 33634
1669201431403 0.6101898550987244 33851
1669201503717 0.5761849880218506 34068
1669201576212 0.5985355973243713 34285
1669201648967 0.6033278107643127 34502
1669201721861 0.5922929048538208 34719
1669201794424 0.5901541113853455 34936
1669201868015 0.5797495245933533 35153
1669201940706 0.5873437523841858 35370
1669202013107 0.5982658863067627 35587
1669202086145 0.5728033781051636 35804
1669202159436 0.5919460654258728 36021
1669202231879 0.5891577005386353 36238
1669202304539 0.5912192463874817 36455
1669202377123 0.5907803773880005 36672
1669202450104 0.5913198590278625 36889
1669202522520 0.5948554277420044 37106
1669202594985 0.6090117692947388 37323
1669202667643 0.6003413200378418 37540
1669202740098 0.5836168527603149 37757
1669202812633 0.6002435684204102 37974
1669202885250 0.6020945906639099 38191
1669202957734 0.5825860500335693 38408
1669203030290 0.5886374711990356 38625
1669203102740 0.5831791162490845 38842
1669203175234 0.595092236995697 39059
1669203247689 0.599053144454956 39276
1669203320191 0.5983622074127197 39493
1669203393110 0.6016240119934082 39710
1669203465847 0.5815455913543701 39927
1669203538565 0.5850260853767395 40144
1669203611034 0.5934571623802185 40361
1669203683637 0.5830993056297302 40578
1669203756087 0.58797687292099 40795
1669203828418 0.5926065444946289 41012
1669203900577 0.5997301936149597 41229
1669203973044 0.599092960357666 41446
1669204045371 0.6013293862342834 41663
1669204117914 0.5816239714622498 41880
1669204190585 0.5803275108337402 42097
1669204263038 0.5922886729240417 42314
1669204335508 0.5886512994766235 42531
1669204407931 0.5925240516662598 42748
1669204480657 0.6007019281387329 42965
1669204553158 0.5927800536155701 43182
1669204625602 0.5975144505500793 43399
1669204697915 0.5970134139060974 43616
1669204770584 0.5861464142799377 43833
1669204843488 0.6042444705963135 44050
1669204916118 0.5847205519676208 44267
1669204989047 0.5772020220756531 44484
1669205061755 0.5909028053283691 44701
1669205134247 0.5909605622291565 44918
1669205206638 0.5887723565101624 45135
1669205279330 0.6148940324783325 45352
1669205351735 0.602948009967804 45569
1669205424104 0.5953769683837891 45786
1669205496715 0.5919653177261353 46003
1669205569590 0.6038314700126648 46220
1669205642173 0.5927938222885132 46437
1669205714912 0.5840709805488586 46654
1669205787228 0.5989841818809509 46871
1669205859942 0.596136748790741 47088
1669205932461 0.5721896290779114 47305
1669206005009 0.5985645055770874 47522
1669206077947 0.5863032937049866 47739
1669206150645 0.5902200937271118 47956
1669206223333 0.5942003726959229 48173
1669206295897 0.6011656522750854 48390
1669206368579 0.5774456262588501 48607
1669206441084 0.5915069580078125 48824
1669206513358 0.5935837626457214 49041
1669206585773 0.5945911407470703 49258
1669206658529 0.5960115194320679 49475
1669206731179 0.5951706171035767 49692
1669206803449 0.5779906511306763 49909
1669206876238 0.5949023365974426 50126
1669206948979 0.5824359059333801 50343
1669207021654 0.58934485912323 50560
1669207094072 0.5814340710639954 50777
1669207166521 0.5917877554893494 50994
1669207239063 0.5971841812133789 51211
1669207311618 0.6034076809883118 51428
1669207384200 0.5968785881996155 51645
1669207456608 0.5988494157791138 51862
1669207529160 0.5871772170066833 52079
1669207601792 0.603407621383667 52296
1669207674063 0.5891109108924866 52513
1669207746351 0.5950316786766052 52730
1669207818899 0.6008834838867188 52947
1669207891633 0.6084048748016357 53164
1669207964546 0.599921464920044 53381
1669208037054 0.6011615991592407 53598
1669208109672 0.6031460762023926 53815
1669208182149 0.5832754969596863 54032
1669208254894 0.5921415090560913 54249
1669208327483 0.5891520977020264 54466
1669208400150 0.5987820029258728 54683
1669208472974 0.5911120176315308 54900
1669208545524 0.5977621674537659 55117
1669208618278 0.5863198637962341 55334
1669208690688 0.6140022277832031 55551
1669208763387 0.582880437374115 55768
1669208835987 0.5950178503990173 55985
1669208908571 0.5857775807380676 56202
1669208981089 0.5905009508132935 56419
1669209053722 0.6039801836013794 56636
1669209125970 0.5886098742485046 56853
1669209198270 0.5912716388702393 57070
1669209270783 0.606555163860321 57287
1669209343342 0.6002063751220703 57504
1669209416005 0.5848940014839172 57721
1669209489062 0.5954747796058655 57938
1669209561402 0.5863253474235535 58155
1669209633931 0.5851032733917236 58372
1669209706768 0.5873906016349792 58589
1669209779501 0.6027291417121887 58806
1669209852121 0.594880223274231 59023
1669209924745 0.5810184478759766 59240
1669209997218 0.5861161351203918 59457
1669210069856 0.5770286321640015 59674
1669210142387 0.5967532396316528 59891
1669210214684 0.6023121476173401 60108
1669210287364 0.5983429551124573 60325
1669210359820 0.5932314395904541 60542
1669210432387 0.5924717783927917 60759
1669210505030 0.5939003825187683 60976
1669210577508 0.5741769075393677 61193
1669210650062 0.597456693649292 61410
1669210723030 0.6007955074310303 61627
1669210795546 0.6045360565185547 61844
1669210868212 0.5903082489967346 62061
1669210940699 0.5978130102157593 62278
1669211012948 0.5913404822349548 62495
1669211085404 0.5971855521202087 62712
1669211157871 0.5900440216064453 62929
1669211230494 0.5911946296691895 63146
1669211302953 0.6015593409538269 63363
1669211375676 0.5980732440948486 63580
1669211448369 0.6066116094589233 63797
1669211520979 0.6017148494720459 64014
1669211593619 0.5949036478996277 64231
1669211666575 0.5958297252655029 64448
1669211739309 0.5891329050064087 64665
1669211812220 0.5801734328269958 64882
1669211884790 0.5990971326828003 65099
