1669190189869 0.3268652558326721 216
1669190261861 0.32848334312438965 433
1669190333616 0.3261432945728302 650
1669190405794 0.3280275762081146 867
1669190477986 0.32724934816360474 1084
1669190550059 0.32696405053138733 1301
1669190622327 0.3360486328601837 1518
1669190694470 0.33530139923095703 1735
1669190767116 0.3458407521247864 1952
1669190839465 0.34615978598594666 2169
1669190911777 0.3606249988079071 2386
1669190984271 0.3629891276359558 2603
1669191056833 0.37467798590660095 2820
1669191129069 0.37207460403442383 3037
1669191201762 0.3873794674873352 3254
1669191274313 0.3918495774269104 3471
1669191346444 0.3941473364830017 3688
1669191418894 0.4055793583393097 3905
1669191491338 0.4068862795829773 4122
1669191563878 0.41135793924331665 4339
1669191636416 0.4208872318267822 4556
1669191709387 0.43279704451560974 4773
1669191782456 0.44427236914634705 4990
1669191854949 0.4411006569862366 5207
1669191927100 0.4518030285835266 5424
1669191999283 0.4665081799030304 5641
1669192071738 0.4706152379512787 5858
1669192144252 0.46263930201530457 6075
1669192216765 0.4658886194229126 6292
1669192288864 0.47477489709854126 6509
1669192361579 0.4827163517475128 6726
1669192433934 0.48240402340888977 6943
1669192506489 0.4854471683502197 7160
1669192579249 0.47885245084762573 7377
1669192651681 0.4800967872142792 7594
1669192724127 0.485634446144104 7811
1669192796719 0.48070046305656433 8028
1669192869028 0.4875231385231018 8245
1669192941456 0.5008829236030579 8462
1669193013931 0.4828612208366394 8679
1669193086358 0.5014587044715881 8896
1669193158815 0.4939943850040436 9113
1669193231422 0.5035757422447205 9330
1669193303996 0.49951624870300293 9547
1669193376385 0.4868391156196594 9764
1669193448727 0.4886467158794403 9981
1669193521430 0.4968929886817932 10198
1669193594017 0.49192869663238525 10415
1669193666163 0.4990864396095276 10632
1669193738572 0.4949893057346344 10849
1669193810861 0.5004948377609253 11066
1669193883156 0.5014182925224304 11283
1669193955793 0.49960729479789734 11500
1669194028264 0.4911990463733673 11717
1669194101277 0.5069446563720703 11934
1669194173967 0.5015724301338196 12151
1669194246415 0.49473848938941956 12368
1669194318322 0.504457950592041 12585
1669194390908 0.49050211906433105 12802
1669194463871 0.4909897744655609 13019
1669194536570 0.5024356842041016 13236
1669194609493 0.506870448589325 13453
1669194682291 0.49215933680534363 13670
1669194754762 0.5008562803268433 13887
1669194827392 0.4969789981842041 14104
1669194900300 0.49801355600357056 14321
1669194972779 0.4943186044692993 14538
1669195045356 0.49173662066459656 14755
1669195117853 0.5123977065086365 14972
1669195190205 0.5105409026145935 15189
1669195262898 0.49591264128685 15406
1669195335199 0.5078747868537903 15623
1669195407768 0.5055546164512634 15840
1669195480205 0.501177966594696 16057
1669195552981 0.5040369033813477 16274
1669195625673 0.49326634407043457 16491
1669195698287 0.4898676574230194 16708
1669195770656 0.5004112124443054 16925
1669195843290 0.4970589578151703 17142
1669195915974 0.5062487721443176 17359
1669195988486 0.501162588596344 17576
1669196061157 0.4940541088581085 17793
1669196133703 0.5004163980484009 18010
1669196206021 0.5015888214111328 18227
1669196278407 0.5004814267158508 18444
1669196351338 0.5015296936035156 18661
1669196423839 0.5026489496231079 18878
1669196496803 0.49191462993621826 19095
1669196568999 0.5028967261314392 19312
1669196641606 0.5084400773048401 19529
1669196714347 0.4956943690776825 19746
1669196786615 0.5002192854881287 19963
1669196859226 0.5079522728919983 20180
1669196931880 0.5046666264533997 20397
1669197004124 0.5089066624641418 20614
1669197076764 0.5030032396316528 20831
1669197149266 0.5067206621170044 21048
1669197222078 0.5015578269958496 21265
1669197294304 0.5027597546577454 21482
1669197366812 0.5013909935951233 21699
1669197439045 0.4995918869972229 21916
1669197511527 0.4997353255748749 22133
1669197584157 0.49693769216537476 22350
1669197656775 0.5028555393218994 22567
1669197729187 0.4961696267127991 22784
1669197801666 0.5053971409797668 23001
1669197874266 0.5114865899085999 23218
1669197946864 0.500808835029602 23435
1669198019331 0.4973612129688263 23652
1669198092099 0.5017181038856506 23869
1669198164520 0.5126413702964783 24086
1669198236925 0.5110974907875061 24303
1669198309701 0.502050518989563 24520
1669198382437 0.4980590343475342 24737
1669198455296 0.501808762550354 24954
1669198527978 0.5060701370239258 25171
1669198600442 0.5151144862174988 25388
1669198673140 0.5042665600776672 25605
1669198745975 0.5041611790657043 25822
1669198818600 0.5098531246185303 26039
1669198891111 0.5064268708229065 26256
1669198963505 0.5073299407958984 26473
1669199036115 0.5039317011833191 26690
1669199108727 0.5037027597427368 26907
1669199181461 0.5006712079048157 27124
1669199254146 0.4986186623573303 27341
1669199326672 0.4993528723716736 27558
1669199399813 0.5061252117156982 27775
1669199472020 0.5124282240867615 27992
1669199544436 0.5083521604537964 28209
1669199617006 0.4930819869041443 28426
1669199689631 0.4914473593235016 28643
1669199762264 0.5045245885848999 28860
1669199834759 0.5029744505882263 29077
1669199907127 0.5063303112983704 29294
1669199979399 0.504864513874054 29511
1669200051797 0.4992958605289459 29728
1669200124347 0.5045672059059143 29945
1669200197098 0.5063888430595398 30162
1669200269628 0.492879182100296 30379
1669200342485 0.5026019811630249 30596
1669200415191 0.513765275478363 30813
1669200487840 0.5055851936340332 31030
1669200560454 0.5047537684440613 31247
1669200632939 0.5070943236351013 31464
1669200705330 0.506118655204773 31681
1669200778157 0.5012436509132385 31898
1669200850671 0.5097968578338623 32115
1669200923340 0.5042893290519714 32332
1669200995938 0.5125839114189148 32549
1669201068527 0.5078594088554382 32766
1669201140992 0.4987013041973114 32983
1669201213372 0.5105065703392029 33200
1669201285820 0.5081143379211426 33417
1669201358616 0.5025290250778198 33634
1669201431403 0.5143846273422241 33851
1669201503717 0.49997377395629883 34068
1669201576212 0.5146464705467224 34285
1669201648967 0.5123727321624756 34502
1669201721861 0.5069920420646667 34719
1669201794424 0.5059418082237244 34936
1669201868015 0.4983784258365631 35153
1669201940706 0.5030162930488586 35370
1669202013107 0.5031853914260864 35587
1669202086145 0.4958135485649109 35804
1669202159436 0.5090584754943848 36021
1669202231879 0.5047270059585571 36238
1669202304539 0.5047520995140076 36455
1669202377123 0.4986410439014435 36672
1669202450104 0.508722186088562 36889
1669202522520 0.5039352774620056 37106
1669202594985 0.5147518515586853 37323
1669202667643 0.5163444876670837 37540
1669202740098 0.5042446255683899 37757
1669202812633 0.5109150409698486 37974
1669202885250 0.5111009478569031 38191
1669202957734 0.49625131487846375 38408
1669203030290 0.5049183964729309 38625
1669203102740 0.49630168080329895 38842
1669203175234 0.49814853072166443 39059
1669203247689 0.5118392109870911 39276
1669203320191 0.5089935660362244 39493
1669203393110 0.5149107575416565 39710
1669203465847 0.49762484431266785 39927
1669203538565 0.5093443989753723 40144
1669203611034 0.5030827522277832 40361
1669203683637 0.5019655227661133 40578
1669203756087 0.5047568678855896 40795
1669203828418 0.509371280670166 41012
1669203900577 0.512333869934082 41229
1669203973044 0.5065393447875977 41446
1669204045371 0.5096062421798706 41663
1669204117914 0.5015053749084473 41880
1669204190585 0.49850866198539734 42097
1669204263038 0.5099694132804871 42314
1669204335508 0.5009641647338867 42531
1669204407931 0.5037932395935059 42748
1669204480657 0.5112882256507874 42965
1669204553158 0.503095805644989 43182
1669204625602 0.5081146359443665 43399
1669204697915 0.5094190239906311 43616
1669204770584 0.5037543773651123 43833
1669204843488 0.5129101276397705 44050
1669204916118 0.49911224842071533 44267
1669204989047 0.501240611076355 44484
1669205061755 0.5006778240203857 44701
1669205134247 0.5071617364883423 44918
1669205206638 0.5041350722312927 45135
1669205279330 0.5169685482978821 45352
1669205351735 0.5115585923194885 45569
1669205424104 0.5076122283935547 45786
1669205496715 0.5058578848838806 46003
1669205569590 0.5076220631599426 46220
1669205642173 0.5081064105033875 46437
1669205714912 0.5060972571372986 46654
1669205787228 0.5134406685829163 46871
1669205859942 0.5096989870071411 47088
1669205932461 0.4946696162223816 47305
1669206005009 0.5140499472618103 47522
1669206077947 0.49859490990638733 47739
1669206150645 0.5018100738525391 47956
1669206223333 0.5075478553771973 48173
1669206295897 0.5128448605537415 48390
1669206368579 0.4983902871608734 48607
1669206441084 0.5028186440467834 48824
1669206513358 0.5056808590888977 49041
1669206585773 0.5130521655082703 49258
1669206658529 0.502841055393219 49475
1669206731179 0.511911153793335 49692
1669206803449 0.49937543272972107 49909
1669206876238 0.5121310949325562 50126
1669206948979 0.5003361105918884 50343
1669207021654 0.5054654479026794 50560
1669207094072 0.5041330456733704 50777
1669207166521 0.5055036544799805 50994
1669207239063 0.5084846019744873 51211
1669207311618 0.5129508972167969 51428
1669207384200 0.5042444467544556 51645
1669207456608 0.5137051343917847 51862
1669207529160 0.5061859488487244 52079
1669207601792 0.5075792074203491 52296
1669207674063 0.5078663229942322 52513
1669207746351 0.5045379400253296 52730
1669207818899 0.5153407454490662 52947
1669207891633 0.5142707824707031 53164
1669207964546 0.5129250884056091 53381
1669208037054 0.5147283673286438 53598
1669208109672 0.513894259929657 53815
1669208182149 0.5046470165252686 54032
1669208254894 0.5071551203727722 54249
1669208327483 0.5038329362869263 54466
1669208400150 0.5141459107398987 54683
1669208472974 0.5047388076782227 54900
1669208545524 0.5057673454284668 55117
1669208618278 0.5005083680152893 55334
1669208690688 0.516340970993042 55551
1669208763387 0.5019631385803223 55768
1669208835987 0.5105757117271423 55985
1669208908571 0.50550377368927 56202
1669208981089 0.5044465065002441 56419
1669209053722 0.5127547383308411 56636
1669209125970 0.5037620663642883 56853
1669209198270 0.5045047402381897 57070
1669209270783 0.5168309807777405 57287
1669209343342 0.51007479429245 57504
1669209416005 0.5029898285865784 57721
1669209489062 0.5090274810791016 57938
1669209561402 0.500206470489502 58155
1669209633931 0.4954851567745209 58372
1669209706768 0.505437433719635 58589
1669209779501 0.5132626891136169 58806
1669209852121 0.5099286437034607 59023
1669209924745 0.4986913502216339 59240
1669209997218 0.5035849213600159 59457
1669210069856 0.49484482407569885 59674
1669210142387 0.511404812335968 59891
1669210214684 0.5169254541397095 60108
1669210287364 0.5149040222167969 60325
1669210359820 0.5061540603637695 60542
1669210432387 0.503331184387207 60759
1669210505030 0.5088671445846558 60976
1669210577508 0.4947526752948761 61193
1669210650062 0.5089876651763916 61410
1669210723030 0.5094394087791443 61627
1669210795546 0.5119491815567017 61844
1669210868212 0.5075018405914307 62061
1669210940699 0.5086961984634399 62278
1669211012948 0.507697343826294 62495
1669211085404 0.5073131322860718 62712
1669211157871 0.5068601965904236 62929
1669211230494 0.5011522769927979 63146
1669211302953 0.5144468545913696 63363
1669211375676 0.5082269906997681 63580
1669211448369 0.5150322318077087 63797
1669211520979 0.5125481486320496 64014
1669211593619 0.509531557559967 64231
1669211666575 0.5156166553497314 64448
1669211739309 0.500084638595581 64665
1669211812220 0.49939432740211487 64882
1669211884790 0.512138843536377 65099
