1668406930071 0.5738439559936523 216
1668407006528 0.5702311992645264 433
1668407083157 0.5887283086776733 650
1668407160979 0.6023121476173401 867
1668407237681 0.6319364309310913 1084
1668407313857 0.6323699355125427 1301
1668407390816 0.6541907787322998 1518
1668407466833 0.6505780220031738 1735
1668407542644 0.6601155996322632 1952
1668407618726 0.6656069159507751 2169
1668407694986 0.6585260033607483 2386
1668407770929 0.6631503105163574 2603
1668407847402 0.6706647276878357 2820
1668407923648 0.6663295030593872 3037
1668408000166 0.6836705207824707 3254
1668408076450 0.6761560440063477 3471
1668408152653 0.6833814978599548 3688
1668408228676 0.6885837912559509 3905
1668408305267 0.6803468465805054 4122
1668408381521 0.6838150024414062 4339
1668408457879 0.6908959746360779 4556
1668408534459 0.6936416029930115 4773
1668408610962 0.6916185021400452 4990
1668408687100 0.6985549330711365 5207
1668408763367 0.7031791806221008 5424
1668408839404 0.704913318157196 5641
1668408915649 0.7004335522651672 5858
1668408992302 0.7015895843505859 6075
1668409068172 0.7030346989631653 6292
1668409144770 0.7046242952346802 6509
1668409221172 0.706791877746582 6726
1668409297302 0.7069364190101624 6943
1668409373558 0.7026011347770691 7160
1668409449832 0.7150288820266724 7377
1668409525682 0.7086704969406128 7594
1668409602323 0.7050577998161316 7811
1668409679066 0.7112717032432556 8028
1668409755782 0.7161849737167358 8245
1668409832508 0.7118496894836426 8462
1668409908893 0.7128612995147705 8679
1668409985468 0.7200866937637329 8896
1668410061840 0.7101156115531921 9113
1668410138108 0.7108381390571594 9330
1668410214687 0.7150288820266724 9547
1668410290914 0.7157514691352844 9764
1668410367230 0.7160404920578003 9981
1668410443530 0.7147398591041565 10198
1668410520148 0.7150288820266724 10415
1668410596555 0.7205202579498291 10632
1668410673220 0.7161849737167358 10849
1668410749389 0.7195086479187012 11066
1668410825307 0.7141618728637695 11283
1668410901796 0.7199422121047974 11500
1668410978039 0.7147398591041565 11717
1668411054374 0.7132948040962219 11934
1668411131005 0.7138728499412537 12151
1668411207564 0.7209537625312805 12368
1668411283984 0.7150288820266724 12585
1668411360455 0.7160404920578003 12802
1668411436782 0.7186416387557983 13019
1668411513356 0.7156069278717041 13236
1668411590062 0.7196531891822815 13453
1668411666909 0.7153179049491882 13670
1668411743437 0.7176300287246704 13887
1668411820416 0.7218208312988281 14104
1668411896723 0.7203757166862488 14321
1668411973313 0.7228323817253113 14538
1668412049809 0.7199422121047974 14755
1668412127342 0.7200866937637329 14972
1668412203846 0.7160404920578003 15189
1668412280261 0.7225433588027954 15406
1668412356642 0.7140173316001892 15623
1668412433186 0.7212427854537964 15840
1668412509600 0.7210982441902161 16057
1668412585706 0.7218208312988281 16274
1668412662046 0.7164739966392517 16491
1668412738392 0.7151734232902527 16708
1668412814835 0.717196524143219 16925
1668412891193 0.7115606665611267 17142
1668412967546 0.7131502628326416 17359
1668413044203 0.7180635929107666 17576
1668413120534 0.7189306616783142 17793
1668413196624 0.7180635929107666 18010
1668413273015 0.7170520424842834 18227
1668413349369 0.7192196249961853 18444
1668413426012 0.7200866937637329 18661
1668413502239 0.7161849737167358 18878
1668413578620 0.7147398591041565 19095
1668413655419 0.7177745699882507 19312
1668413731877 0.7125722765922546 19529
1668413808328 0.7209537625312805 19746
1668413884660 0.7244219779968262 19963
1668413961001 0.7205202579498291 20180
1668414037512 0.7245664596557617 20397
1668414113936 0.7210982441902161 20614
1668414190489 0.7143063545227051 20831
1668414267119 0.7209537625312805 21048
1668414343757 0.7169075012207031 21265
1668414420059 0.7173410654067993 21482
1668414496253 0.719797670841217 21699
1668414572522 0.7182080745697021 21916
1668414648633 0.7135838270187378 22133
1668414724282 0.7208092212677002 22350
1668414801023 0.7180635929107666 22567
1668414877597 0.7195086479187012 22784
1668414954281 0.7121387124061584 23001
1668415030648 0.7167630195617676 23218
1668415106980 0.7193641662597656 23435
1668415184254 0.7166184782981873 23652
1668415260944 0.7205202579498291 23869
1668415337562 0.7231214046478271 24086
1668415413681 0.7143063545227051 24303
1668415490094 0.7190751433372498 24520
1668415566865 0.7176300287246704 24737
1668415643228 0.714595377445221 24954
1668415719521 0.7200866937637329 25171
1668415796036 0.7205202579498291 25388
1668415872443 0.7208092212677002 25605
1668415948748 0.7156069278717041 25822
1668416025095 0.7134392857551575 26039
1668416101603 0.7169075012207031 26256
1668416178053 0.7205202579498291 26473
1668416254593 0.7138728499412537 26690
1668416330896 0.7232658863067627 26907
1668416407504 0.7157514691352844 27124
1668416484049 0.7161849737167358 27341
1668416560209 0.7218208312988281 27558
1668416636816 0.7193641662597656 27775
1668416713065 0.722109854221344 27992
1668416789425 0.7209537625312805 28209
1668416865995 0.7260115742683411 28426
1668416942471 0.7186416387557983 28643
1668417018905 0.7195086479187012 28860
1668417095309 0.7212427854537964 29077
1668417171704 0.7212427854537964 29294
1668417248318 0.7176300287246704 29511
1668417324625 0.7199422121047974 29728
1668417400863 0.7258670330047607 29945
1668417477491 0.7128612995147705 30162
1668417554146 0.7203757166862488 30379
1668417630901 0.7199422121047974 30596
1668417707411 0.714595377445221 30813
1668417784050 0.7160404920578003 31030
1668417860444 0.7170520424842834 31247
1668417936919 0.7257225513458252 31464
1668418013166 0.7186416387557983 31681
1668418089503 0.7166184782981873 31898
1668418165693 0.7176300287246704 32115
1668418242223 0.7193641662597656 32332
1668418319061 0.7138728499412537 32549
1668418395335 0.7203757166862488 32766
1668418471780 0.7219653129577637 32983
1668418548322 0.7151734232902527 33200
1668418625192 0.7222543358802795 33417
1668418701592 0.7202312350273132 33634
1668418778551 0.7209537625312805 33851
1668418854850 0.7177745699882507 34068
1668418930946 0.7200866937637329 34285
1668419007696 0.7186416387557983 34502
1668419084736 0.722687840461731 34719
1668419161765 0.7151734232902527 34936
1668419238367 0.7177745699882507 35153
1668419314942 0.7235549092292786 35370
1668419391767 0.722687840461731 35587
1668419468450 0.7135838270187378 35804
1668419545308 0.7179190516471863 36021
1668419621771 0.7218208312988281 36238
1668419698627 0.7125722765922546 36455
1668419775951 0.7189306616783142 36672
1668419853209 0.7183526158332825 36889
1668419929469 0.7167630195617676 37106
1668420006262 0.7180635929107666 37323
1668420082889 0.7177745699882507 37540
1668420158993 0.7190751433372498 37757
1668420235763 0.7193641662597656 37974
1668420312354 0.7212427854537964 38191
1668420388580 0.7215318083763123 38408
1668420465091 0.7229768633842468 38625
1668420541174 0.719797670841217 38842
1668420617567 0.7193641662597656 39059
1668420694154 0.7161849737167358 39276
1668420770574 0.7215318083763123 39493
1668420847337 0.7143063545227051 39710
1668420923702 0.7206647396087646 39927
1668421000410 0.7141618728637695 40144
1668421076943 0.724711000919342 40361
1668421153676 0.7118496894836426 40578
1668421229957 0.717196524143219 40795
1668421306451 0.7174855470657349 41012
1668421382531 0.7251445055007935 41229
1668421458799 0.7111271619796753 41446
1668421535229 0.7193641662597656 41663
1668421611870 0.7205202579498291 41880
1668421688179 0.7193641662597656 42097
1668421764596 0.7132948040962219 42314
1668421840778 0.7173410654067993 42531
1668421917032 0.7225433588027954 42748
1668421993581 0.7248554825782776 42965
1668422069800 0.7173410654067993 43182
1668422146285 0.7190751433372498 43399
1668422222988 0.7208092212677002 43616
1668422299414 0.7190751433372498 43833
1668422376385 0.7202312350273132 44050
1668422452635 0.7235549092292786 44267
1668422528865 0.7205202579498291 44484
1668422605750 0.7170520424842834 44701
1668422682196 0.7216762900352478 44918
1668422758740 0.7186416387557983 45135
1668422835296 0.7173410654067993 45352
1668422911671 0.7223988175392151 45569
1668422987936 0.7210982441902161 45786
1668423064414 0.7219653129577637 46003
1668423140570 0.7180635929107666 46220
1668423217029 0.7202312350273132 46437
1668423293480 0.7223988175392151 46654
1668423369527 0.7132948040962219 46871
1668423446113 0.7200866937637329 47088
1668423522405 0.7153179049491882 47305
1668423599005 0.7223988175392151 47522
1668423675187 0.723410427570343 47739
1668423751777 0.722687840461731 47956
1668423828558 0.7143063545227051 48173
1668423904879 0.7238439321517944 48390
1668423981498 0.7238439321517944 48607
1668424057963 0.7183526158332825 48824
1668424134576 0.7137283086776733 49041
1668424211102 0.7143063545227051 49258
1668424287584 0.714595377445221 49475
1668424363734 0.718497097492218 49692
1668424440137 0.717196524143219 49909
1668424516621 0.7190751433372498 50126
1668424592955 0.7225433588027954 50343
1668424669786 0.7257225513458252 50560
1668424746009 0.7199422121047974 50777
1668424822541 0.7134392857551575 50994
1668424899115 0.7199422121047974 51211
1668424975779 0.7183526158332825 51428
1668425052060 0.7212427854537964 51645
1668425128251 0.7190751433372498 51862
1668425204765 0.71589595079422 52079
1668425281116 0.7208092212677002 52296
1668425357359 0.7218208312988281 52513
1668425433885 0.7153179049491882 52730
1668425510260 0.7255780100822449 52947
1668425586740 0.7228323817253113 53164
1668425663215 0.7170520424842834 53381
1668425739700 0.7286127209663391 53598
1668425816419 0.7179190516471863 53815
1668425892961 0.7190751433372498 54032
1668425969551 0.7210982441902161 54249
1668426045458 0.7222543358802795 54466
1668426121716 0.719797670841217 54683
1668426198171 0.7203757166862488 54900
1668426274988 0.7229768633842468 55117
1668426351254 0.7200866937637329 55334
1668426427796 0.7205202579498291 55551
1668426504262 0.7203757166862488 55768
1668426580608 0.7161849737167358 55985
1668426657358 0.7252890467643738 56202
1668426733556 0.7153179049491882 56419
1668426809824 0.718497097492218 56636
1668426886173 0.7156069278717041 56853
1668426962835 0.7210982441902161 57070
1668427038958 0.7206647396087646 57287
1668427115507 0.7212427854537964 57504
1668427191836 0.7195086479187012 57721
1668427268167 0.7254335284233093 57938
1668427345071 0.7215318083763123 58155
1668427421217 0.7210982441902161 58372
1668427497748 0.7205202579498291 58589
1668427574075 0.7205202579498291 58806
1668427650811 0.7179190516471863 59023
1668427727521 0.7225433588027954 59240
1668427803945 0.7210982441902161 59457
1668427880764 0.7180635929107666 59674
1668427957224 0.7205202579498291 59891
1668428033957 0.7187861204147339 60108
1668428110319 0.7164739966392517 60325
1668428186943 0.7189306616783142 60542
1668428263807 0.7190751433372498 60759
1668428340155 0.7229768633842468 60976
1668428416523 0.7205202579498291 61193
1668428493098 0.7164739966392517 61410
1668428569122 0.7248554825782776 61627
1668428645895 0.7215318083763123 61844
1668428722798 0.7189306616783142 62061
1668428799904 0.7190751433372498 62278
1668428876820 0.7173410654067993 62495
1668428953725 0.7196531891822815 62712
1668429030529 0.7229768633842468 62929
1668429107059 0.7147398591041565 63146
1668429183813 0.722687840461731 63363
1668429259967 0.7166184782981873 63580
1668429336330 0.7200866937637329 63797
1668429412603 0.7203757166862488 64014
1668429489321 0.7215318083763123 64231
1668429565681 0.7209537625312805 64448
1668429642089 0.7218208312988281 64665
1668429719021 0.7192196249961853 64882
1668429795207 0.7179190516471863 65099
