1668406930071 0.37842288613319397 216
1668407006528 0.37495455145835876 433
1668407083157 0.39065098762512207 650
1668407160979 0.3947082459926605 867
1668407237681 0.407248854637146 1084
1668407313857 0.413297563791275 1301
1668407390816 0.4405753016471863 1518
1668407466833 0.4399945139884949 1735
1668407542644 0.4407665729522705 1952
1668407618726 0.4537063241004944 2169
1668407694986 0.44854116439819336 2386
1668407770929 0.4704858064651489 2603
1668407847402 0.4637819528579712 2820
1668407923648 0.44147950410842896 3037
1668408000166 0.4726782441139221 3254
1668408076450 0.46336087584495544 3471
1668408152653 0.4692636728286743 3688
1668408228676 0.483737975358963 3905
1668408305267 0.47478535771369934 4122
1668408381521 0.4817630350589752 4339
1668408457879 0.4851197302341461 4556
1668408534459 0.482409805059433 4773
1668408610962 0.49155521392822266 4990
1668408687100 0.4823700189590454 5207
1668408763367 0.5035067796707153 5424
1668408839404 0.49085739254951477 5641
1668408915649 0.4862290620803833 5858
1668408992302 0.4897495210170746 6075
1668409068172 0.5052793622016907 6292
1668409144770 0.49692678451538086 6509
1668409221172 0.5052050352096558 6726
1668409297302 0.5054775476455688 6943
1668409373558 0.5037379860877991 7160
1668409449832 0.5145637392997742 7377
1668409525682 0.48888251185417175 7594
1668409602323 0.5037379264831543 7811
1668409679066 0.5006069540977478 8028
1668409755782 0.5164740085601807 8245
1668409832508 0.49752819538116455 8462
1668409908893 0.49518585205078125 8679
1668409985468 0.5207899808883667 8896
1668410061840 0.5072832107543945 9113
1668410138108 0.5180732011795044 9330
1668410214687 0.5100384950637817 9547
1668410290914 0.4968813359737396 9764
1668410367230 0.5052793622016907 9981
1668410443530 0.5165510177612305 10198
1668410520148 0.5116129517555237 10415
1668410596555 0.512518584728241 10632
1668410673220 0.5142197012901306 10849
1668410749389 0.5116143822669983 11066
1668410825307 0.503333330154419 11283
1668410901796 0.5065510272979736 11500
1668410978039 0.5148939490318298 11717
1668411054374 0.511936366558075 11934
1668411131005 0.5015276670455933 12151
1668411207564 0.5169171094894409 12368
1668411283984 0.5250481367111206 12585
1668411360455 0.5094026923179626 12802
1668411436782 0.520375669002533 13019
1668411513356 0.5030690431594849 13236
1668411590062 0.5201156139373779 13453
1668411666909 0.5143504738807678 13670
1668411743437 0.4943545162677765 13887
1668411820416 0.5233470797538757 14104
1668411896723 0.5053784847259521 14321
1668411973313 0.5134874582290649 14538
1668412049809 0.5285301804542542 14755
1668412127342 0.5087008476257324 14972
1668412203846 0.5129396915435791 15189
1668412280261 0.5236801505088806 15406
1668412356642 0.5137572288513184 15623
1668412433186 0.5147013068199158 15840
1668412509600 0.531156063079834 16057
1668412585706 0.5171290636062622 16274
1668412662046 0.516000509262085 16491
1668412738392 0.5195760726928711 16708
1668412814835 0.5247619152069092 16925
1668412891193 0.5073795914649963 17142
1668412967546 0.5018799304962158 17359
1668413044203 0.5152738094329834 17576
1668413120534 0.5150068998336792 17793
1668413196624 0.5244219899177551 18010
1668413273015 0.5137351751327515 18227
1668413349369 0.5243160128593445 18444
1668413426012 0.5251885652542114 18661
1668413502239 0.5118249654769897 18878
1668413578620 0.5051252245903015 19095
1668413655419 0.5208560824394226 19312
1668413731877 0.5251747369766235 19529
1668413808328 0.5165510773658752 19746
1668413884660 0.5435672402381897 19963
1668413961001 0.5119901299476624 20180
1668414037512 0.5289402008056641 20397
1668414113936 0.5274373888969421 20614
1668414190489 0.5136030912399292 20831
1668414267119 0.5091742277145386 21048
1668414343757 0.5260308384895325 21265
1668414420059 0.506784975528717 21482
1668414496253 0.5232383608818054 21699
1668414572522 0.5209358930587769 21916
1668414648633 0.5168208479881287 22133
1668414724282 0.5237792730331421 22350
1668414801023 0.5159812569618225 22567
1668414877597 0.5082080960273743 22784
1668414954281 0.5146848559379578 23001
1668415030648 0.5239306688308716 23218
1668415106980 0.5174841284751892 23435
1668415184254 0.513308584690094 23652
1668415260944 0.5236939191818237 23869
1668415337562 0.5251609683036804 24086
1668415413681 0.5171896815299988 24303
1668415490094 0.5149766206741333 24520
1668415566865 0.5301348567008972 24737
1668415643228 0.5267547369003296 24954
1668415719521 0.5094660520553589 25171
1668415796036 0.5313583612442017 25388
1668415872443 0.5279878377914429 25605
1668415948748 0.5151114463806152 25822
1668416025095 0.5131213665008545 26039
1668416101603 0.5030250549316406 26256
1668416178053 0.5216391086578369 26473
1668416254593 0.5154858231544495 26690
1668416330896 0.5367436408996582 26907
1668416407504 0.5129961967468262 27124
1668416484049 0.5033140778541565 27341
1668416560209 0.5307652354240417 27558
1668416636816 0.5067492723464966 27775
1668416713065 0.5172640085220337 27992
1668416789425 0.5166501402854919 28209
1668416865995 0.5350673794746399 28426
1668416942471 0.5402504801750183 28643
1668417018905 0.5145912170410156 28860
1668417095309 0.5131543874740601 29077
1668417171704 0.5226603150367737 29294
1668417248318 0.5122351050376892 29511
1668417324625 0.5107321739196777 29728
1668417400863 0.5228805541992188 29945
1668417477491 0.5153151154518127 30162
1668417554146 0.5161657333374023 30379
1668417630901 0.5347151160240173 30596
1668417707411 0.5230443477630615 30813
1668417784050 0.5295183062553406 31030
1668417860444 0.528954029083252 31247
1668417936919 0.5186319947242737 31464
1668418013166 0.5094934701919556 31681
1668418089503 0.510233998298645 31898
1668418165693 0.5188536047935486 32115
1668418242223 0.51788330078125 32332
1668418319061 0.5328283309936523 32549
1668418395335 0.5185163617134094 32766
1668418471780 0.5244452953338623 32983
1668418548322 0.5169446468353271 33200
1668418625192 0.5199325680732727 33417
1668418701592 0.5132755637168884 33634
1668418778551 0.5160500407218933 33851
1668418854850 0.5164161920547485 34068
1668418930946 0.5324277281761169 34285
1668419007696 0.5261464715003967 34502
1668419084736 0.531753420829773 34719
1668419161765 0.5207610130310059 34936
1668419238367 0.5212496519088745 35153
1668419314942 0.5305532813072205 35370
1668419391767 0.5183622241020203 35587
1668419468450 0.5109633803367615 35804
1668419545308 0.5155767202377319 36021
1668419621771 0.5264451503753662 36238
1668419698627 0.5018386840820312 36455
1668419775951 0.5279066562652588 36672
1668419853209 0.5266955494880676 36889
1668419929469 0.5178804397583008 37106
1668420006262 0.5210307836532593 37323
1668420082889 0.517916202545166 37540
1668420158993 0.517196536064148 37757
1668420235763 0.5268786549568176 37974
1668420312354 0.5357582569122314 38191
1668420388580 0.5369776487350464 38408
1668420465091 0.5316088795661926 38625
1668420541174 0.5313900113105774 38842
1668420617567 0.5195568799972534 39059
1668420694154 0.5107046365737915 39276
1668420770574 0.5294026732444763 39493
1668420847337 0.5128020644187927 39710
1668420923702 0.5291329622268677 39927
1668421000410 0.519234836101532 40144
1668421076943 0.5286898016929626 40361
1668421153676 0.5273492932319641 40578
1668421229957 0.5108120441436768 40795
1668421306451 0.5353962779045105 41012
1668421382531 0.5389649271965027 41229
1668421458799 0.517795205116272 41446
1668421535229 0.5379989147186279 41663
1668421611870 0.5311946272850037 41880
1668421688179 0.5240035653114319 42097
1668421764596 0.5060982704162598 42314
1668421840778 0.5240654349327087 42531
1668421917032 0.5312138795852661 42748
1668421993581 0.5344991087913513 42965
1668422069800 0.5177208781242371 43182
1668422146285 0.531156063079834 43399
1668422222988 0.5290117263793945 43616
1668422299414 0.5185163617134094 43833
1668422376385 0.5301830768585205 44050
1668422452635 0.5414505004882812 44267
1668422528865 0.5243353247642517 44484
1668422605750 0.5202890634536743 44701
1668422682196 0.5278075337409973 44918
1668422758740 0.5239498615264893 45135
1668422835296 0.5199807286262512 45352
1668422911671 0.5304954051971436 45569
1668422987936 0.5350632667541504 45786
1668423064414 0.5243930220603943 46003
1668423140570 0.5154913663864136 46220
1668423217029 0.5219377279281616 46437
1668423293480 0.5273891687393188 46654
1668423369527 0.5036635994911194 46871
1668423446113 0.5314836502075195 47088
1668423522405 0.5271291136741638 47305
1668423599005 0.5290172696113586 47522
1668423675187 0.5298430919647217 47739
1668423751777 0.5304679274559021 47956
1668423828558 0.5098981857299805 48173
1668423904879 0.5167768001556396 48390
1668423981498 0.5367630124092102 48607
1668424057963 0.5414836406707764 48824
1668424134576 0.5190559029579163 49041
1668424211102 0.5167298913002014 49258
1668424287584 0.5181117653846741 49475
1668424363734 0.5216184854507446 49692
1668424440137 0.5350674390792847 49909
1668424516621 0.5268056988716125 50126
1668424592955 0.5125543475151062 50343
1668424669786 0.5352325439453125 50560
1668424746009 0.516021192073822 50777
1668424822541 0.5281310081481934 50994
1668424899115 0.527247428894043 51211
1668424975779 0.5252821445465088 51428
1668425052060 0.517632782459259 51645
1668425128251 0.5295183062553406 51862
1668425204765 0.5355491638183594 52079
1668425281116 0.5263969898223877 52296
1668425357359 0.538988471031189 52513
1668425433885 0.5350289344787598 52730
1668425510260 0.5213101506233215 52947
1668425586740 0.5213680267333984 53164
1668425663215 0.5328902006149292 53381
1668425739700 0.5506743788719177 53598
1668425816419 0.5229685306549072 53815
1668425892961 0.5309716463088989 54032
1668425969551 0.5307514071464539 54249
1668426045458 0.5178613066673279 54466
1668426121716 0.5198678374290466 54683
1668426198171 0.523402214050293 54900
1668426274988 0.534222424030304 55117
1668426351254 0.5271703600883484 55334
1668426427796 0.525576651096344 55551
1668426504262 0.5357418060302734 55768
1668426580608 0.5246738195419312 55985
1668426657358 0.5389237403869629 56202
1668426733556 0.5202560424804688 56419
1668426809824 0.5248623490333557 56636
1668426886173 0.5103495717048645 56853
1668426962835 0.5249242782592773 57070
1668427038958 0.5410597324371338 57287
1668427115507 0.5420135259628296 57504
1668427191836 0.5441425442695618 57721
1668427268167 0.543253481388092 57938
1668427345071 0.5216790437698364 58155
1668427421217 0.5195209980010986 58372
1668427497748 0.5208725333213806 58589
1668427574075 0.5342678427696228 58806
1668427650811 0.51791912317276 59023
1668427727521 0.5188658833503723 59240
1668427803945 0.5269556641578674 59457
1668427880764 0.5359730124473572 59674
1668427957224 0.5273355841636658 59891
1668428033957 0.537533700466156 60108
1668428110319 0.5186071991920471 60325
1668428186943 0.5357322096824646 60542
1668428263807 0.5340778827667236 60759
1668428340155 0.5341811180114746 60976
1668428416523 0.5333525538444519 61193
1668428493098 0.5353206396102905 61410
1668428569122 0.5318744778633118 61627
1668428645895 0.5214781165122986 61844
1668428722798 0.5338508486747742 62061
1668428799904 0.5256977677345276 62278
1668428876820 0.5310322642326355 62495
1668428953725 0.5397619009017944 62712
1668429030529 0.5311560034751892 62929
1668429107059 0.5095968246459961 63146
1668429183813 0.5420176386833191 63363
1668429259967 0.521445095539093 63580
1668429336330 0.5273217558860779 63797
1668429412603 0.512446939945221 64014
1668429489321 0.5193779468536377 64231
1668429565681 0.528260350227356 64448
1668429642089 0.5315523743629456 64665
1668429719021 0.5217368602752686 64882
1668429795207 0.5175612568855286 65099
