1668580863509 33.25 216
1668580933138 39.75 433
1668581003354 1.5 650
1668581073465 0.0 867
1668581143825 0.25 1084
1668581214221 0.25 1301
1668581284625 0.75 1518
1668581355222 0.25 1735
1668581425876 0.0 1952
1668581496423 1.25 2169
1668581566771 1.5 2386
1668581637508 0.5 2603
1668581708018 20.0 2820
1668581778648 24.75 3037
1668581848977 11.0 3254
1668581919578 10.75 3471
1668581989880 2.25 3688
1668582060586 23.75 3905
1668582131055 32.5 4122
1668582201684 28.75 4339
1668582272473 6.25 4556
1668582343017 26.5 4773
1668582413844 22.0 4990
1668582484833 77.0 5207
1668582555565 18.5 5424
1668582626123 15.0 5641
1668582696874 18.0 5858
1668582767741 23.75 6075
1668582837915 18.5 6292
1668582908427 7.5 6509
1668582979145 64.0 6726
1668583049891 24.75 6943
1668583120842 3.0 7160
1668583191498 11.75 7377
1668583262271 7.75 7594
1668583332580 62.75 7811
1668583403253 20.5 8028
1668583473781 38.0 8245
1668583544416 26.25 8462
1668583615359 1.75 8679
1668583686021 22.0 8896
1668583756653 28.0 9113
1668583827162 8.75 9330
1668583897921 13.25 9547
1668583968604 2.0 9764
1668584039322 7.0 9981
1668584110127 8.0 10198
1668584180727 14.25 10415
1668584251549 1.75 10632
1668584322447 4.75 10849
1668584393108 11.25 11066
1668584463891 61.5 11283
1668584534812 18.0 11500
1668584605506 8.0 11717
1668584676212 7.25 11934
1668584747016 16.25 12151
1668584817831 7.0 12368
1668584888523 12.0 12585
1668584959460 32.25 12802
1668585030129 9.25 13019
1668585100848 3.5 13236
1668585171699 7.5 13453
1668585242392 16.0 13670
1668585313225 3.5 13887
1668585383939 21.5 14104
1668585455163 7.5 14321
1668585526336 27.25 14538
1668585597032 3.75 14755
1668585667900 9.5 14972
1668585738887 11.75 15189
1668585809559 1.5 15406
1668585880455 13.75 15623
1668585951033 35.25 15840
1668586021790 22.5 16057
1668586092757 32.75 16274
1668586163483 36.0 16491
1668586234256 27.0 16708
1668586304917 30.25 16925
1668586376026 28.0 17142
1668586446667 9.5 17359
1668586517687 10.25 17576
1668586588366 28.5 17793
1668586659255 22.5 18010
1668586729936 33.75 18227
1668586800718 8.5 18444
1668586871477 12.0 18661
1668586942217 11.5 18878
1668587013068 5.75 19095
1668587083992 7.5 19312
1668587155023 11.0 19529
1668587225783 28.0 19746
1668587296637 13.75 19963
1668587367347 7.0 20180
1668587438113 32.0 20397
1668587508954 8.25 20614
1668587579972 10.75 20831
1668587650890 14.25 21048
1668587721828 35.0 21265
1668587792448 29.5 21482
1668587863254 10.5 21699
1668587933718 10.5 21916
1668588004568 28.0 22133
1668588075387 17.5 22350
1668588146128 38.0 22567
1668588216783 22.75 22784
1668588287347 28.0 23001
1668588358183 22.0 23218
1668588429339 16.5 23435
1668588500279 13.75 23652
1668588571002 71.25 23869
1668588641799 36.0 24086
1668588712645 20.75 24303
1668588783547 22.0 24520
1668588854243 22.25 24737
1668588925198 14.25 24954
1668588996142 6.0 25171
1668589066821 8.75 25388
1668589137792 13.0 25605
1668589209011 70.5 25822
1668589279698 12.25 26039
1668589350778 12.5 26256
1668589421632 9.75 26473
1668589492701 17.0 26690
1668589563529 15.25 26907
1668589634400 26.0 27124
1668589705337 30.25 27341
1668589776152 19.75 27558
1668589846963 17.75 27775
1668589917827 14.0 27992
1668589988785 15.5 28209
1668590059653 30.0 28426
1668590130434 13.5 28643
1668590201113 21.5 28860
1668590271690 6.75 29077
1668590342652 10.75 29294
1668590413428 21.75 29511
1668590484303 30.75 29728
1668590555074 70.5 29945
1668590625578 30.5 30162
1668590696571 30.75 30379
1668590767318 30.5 30596
1668590838104 30.5 30813
1668590908854 62.5 31030
1668590979888 20.5 31247
1668591050591 61.75 31464
1668591121331 18.0 31681
1668591192279 21.25 31898
1668591263040 24.75 32115
1668591333888 20.25 32332
1668591404859 68.25 32549
1668591475669 12.75 32766
1668591546697 26.5 32983
1668591617888 10.75 33200
1668591688650 39.75 33417
1668591759602 66.5 33634
1668591830462 14.75 33851
1668591901286 33.0 34068
1668591972293 15.0 34285
1668592043121 4.5 34502
1668592113859 28.75 34719
1668592184528 25.5 34936
1668592255394 23.75 35153
1668592326164 70.25 35370
1668592396893 11.75 35587
1668592467725 19.25 35804
1668592538653 29.5 36021
1668592609477 4.75 36238
1668592680388 8.5 36455
1668592751051 13.75 36672
1668592821726 7.5 36889
1668592892616 12.75 37106
1668592963387 8.25 37323
1668593033996 7.75 37540
1668593104629 8.75 37757
1668593175434 12.0 37974
1668593246260 11.5 38191
1668593317240 14.5 38408
1668593388244 21.5 38625
1668593459581 72.0 38842
1668593530485 13.25 39059
1668593601197 16.5 39276
1668593672075 67.5 39493
1668593742888 15.25 39710
1668593813738 21.5 39927
1668593884363 14.75 40144
1668593955005 16.5 40361
1668594025810 21.0 40578
1668594096644 13.75 40795
1668594167564 34.5 41012
1668594238353 9.0 41229
1668594309394 23.75 41446
1668594380375 11.75 41663
1668594451413 13.0 41880
1668594522110 12.75 42097
1668594592867 28.0 42314
1668594663680 14.25 42531
1668594734524 59.5 42748
1668594805413 67.25 42965
1668594876309 26.25 43182
1668594946900 70.0 43399
1668595017890 10.0 43616
1668595088716 14.5 43833
1668595159350 14.0 44050
1668595229988 22.5 44267
1668595300600 12.25 44484
1668595371180 20.75 44701
1668595442000 12.5 44918
1668595512893 6.25 45135
1668595583922 11.75 45352
1668595654931 70.5 45569
1668595726052 15.25 45786
1668595797007 18.25 46003
1668595868005 14.5 46220
1668595938804 63.75 46437
1668596009584 61.0 46654
1668596080287 67.75 46871
1668596151429 18.0 47088
1668596222481 16.25 47305
1668596293308 17.75 47522
1668596364067 10.0 47739
1668596435009 15.0 47956
1668596505787 59.25 48173
1668596576334 14.75 48390
1668596647207 13.5 48607
1668596717756 12.25 48824
1668596788644 25.25 49041
1668596859362 8.75 49258
1668596930308 10.0 49475
1668597001208 8.25 49692
1668597071941 22.25 49909
1668597142617 16.0 50126
1668597213497 8.5 50343
1668597284190 31.25 50560
1668597354891 15.0 50777
1668597426189 14.75 50994
1668597497420 14.0 51211
1668597568444 13.25 51428
1668597639427 16.0 51645
1668597710149 59.0 51862
1668597780859 12.5 52079
1668597851817 11.5 52296
1668597922701 8.5 52513
1668597993719 28.0 52730
1668598064517 12.5 52947
1668598135341 15.0 53164
1668598206060 29.75 53381
1668598276981 63.75 53598
1668598347671 15.25 53815
1668598418457 13.75 54032
1668598489401 68.0 54249
1668598560214 68.25 54466
1668598630932 10.5 54683
1668598701821 15.25 54900
1668598772580 29.0 55117
1668598843523 27.0 55334
1668598914382 11.5 55551
1668598985026 12.75 55768
1668599055916 20.75 55985
1668599126878 6.75 56202
1668599197946 25.5 56419
1668599268893 29.5 56636
1668599339789 13.5 56853
1668599410604 10.75 57070
1668599481400 13.75 57287
1668599552242 16.0 57504
1668599623274 15.5 57721
1668599694223 15.5 57938
1668599764972 10.75 58155
1668599835837 10.0 58372
1668599906588 10.25 58589
1668599977633 18.75 58806
1668600048627 9.5 59023
1668600119524 8.75 59240
1668600190330 11.75 59457
1668600261117 16.75 59674
1668600332094 17.5 59891
1668600402961 17.25 60108
1668600473897 23.5 60325
1668600544767 10.0 60542
1668600615830 60.5 60759
1668600686631 72.5 60976
1668600757787 13.5 61193
1668600828639 13.75 61410
1668600899387 14.25 61627
1668600970391 16.5 61844
1668601041153 15.0 62061
1668601112060 12.25 62278
1668601182846 9.25 62495
1668601253703 16.0 62712
1668601325126 9.75 62929
1668601396540 21.0 63146
1668601467557 11.25 63363
1668601538719 11.75 63580
1668601609842 17.25 63797
1668601681010 11.5 64014
1668601751825 16.25 64231
1668601822734 14.5 64448
1668601893519 28.5 64665
1668601964326 9.75 64882
1668602034994 8.75 65099
