1668580867654 0.7719653248786926 216
1668580937708 0.77601158618927 433
1668581007895 0.772398829460144 650
1668581078073 0.7628612518310547 867
1668581148347 0.764306366443634 1084
1668581218777 0.7651734352111816 1301
1668581289293 0.7651734352111816 1518
1668581359770 0.7667630314826965 1735
1668581430510 0.7648844122886658 1952
1668581500929 0.7656069397926331 2169
1668581571454 0.7619942426681519 2386
1668581642121 0.7641618251800537 2603
1668581712658 0.7624277472496033 2820
1668581783228 0.7658959627151489 3037
1668581853586 0.764306366443634 3254
1668581924195 0.7622832655906677 3471
1668581994440 0.7647398710250854 3688
1668582065193 0.7654623985290527 3905
1668582135722 0.7661849856376648 4122
1668582206307 0.7624277472496033 4339
1668582277156 0.7673410177230835 4556
1668582347654 0.7632948160171509 4773
1668582418539 0.7674855589866638 4990
1668582489459 0.7648844122886658 5207
1668582560247 0.7679190635681152 5424
1668582630696 0.7627167701721191 5641
1668582701494 0.7640173435211182 5858
1668582772365 0.761705219745636 6075
1668582842245 0.761705219745636 6292
1668582913028 0.7641618251800537 6509
1668582983851 0.764306366443634 6726
1668583054508 0.764306366443634 6943
1668583125465 0.764306366443634 7160
1668583196184 0.7656069397926331 7377
1668583266900 0.7624277472496033 7594
1668583336866 0.7653179168701172 7811
1668583407888 0.7638728618621826 8028
1668583478351 0.7664740085601807 8245
1668583549364 0.7619942426681519 8462
1668583619939 0.7647398710250854 8679
