1668580811891 0.625 49
1668580825454 0.625 99
1668580839010 0.625 149
1668580852557 1.0 199
1668580877156 0.625 249
1668580890684 1.0 299
1668580904230 0.625 349
1668580917761 0.75 399
1668580942562 0.625 449
1668580956107 0.625 499
1668580969657 0.625 549
1668580983203 0.75 599
1668580996738 0.5 649
1668581021694 0.75 699
1668581035245 0.875 749
1668581048800 0.875 799
1668581062346 1.0 849
1668581087294 0.5 899
1668581100841 1.0 949
1668581114399 0.75 999
1668581127960 0.875 1049
1668581152928 0.875 1099
1668581166485 0.625 1149
1668581180043 0.75 1199
1668581193586 0.875 1249
1668581207131 1.0 1299
1668581232307 0.625 1349
1668581245860 0.875 1399
1668581259414 0.625 1449
1668581272963 0.875 1499
1668581298288 0.625 1549
1668581311865 0.75 1599
1668581325445 0.75 1649
1668581339004 0.875 1699
1668581364109 0.75 1749
1668581377667 0.75 1799
1668581391239 0.75 1849
1668581404793 0.75 1899
1668581418337 0.625 1949
1668581443796 0.625 1999
1668581457376 0.75 2049
1668581470955 0.75 2099
1668581484534 0.875 2149
1668581509582 0.875 2199
1668581523143 0.75 2249
1668581536699 0.875 2299
1668581550259 0.875 2349
1668581575539 1.0 2399
1668581589096 0.75 2449
1668581602660 0.5 2499
1668581616229 0.875 2549
1668581629788 0.625 2599
1668581655137 0.75 2649
1668581668722 0.875 2699
1668581682297 1.0 2749
1668581695877 1.0 2799
1668581721229 1.0 2849
1668581734818 0.75 2899
1668581748421 0.75 2949
1668581762025 0.875 2999
1668581787068 0.625 3049
1668581800621 0.625 3099
1668581814175 0.75 3149
1668581827725 0.75 3199
1668581841269 0.75 3249
1668581866279 0.875 3299
1668581879836 0.625 3349
1668581893394 1.0 3399
1668581906955 0.75 3449
1668581932319 0.75 3499
1668581945897 0.75 3549
1668581959493 0.625 3599
1668581973058 0.625 3649
1668581997996 0.75 3699
1668582011551 0.875 3749
1668582025094 0.875 3799
1668582038657 0.75 3849
1668582052206 0.5 3899
1668582077662 0.875 3949
1668582091221 0.875 3999
1668582104794 0.375 4049
1668582118366 0.75 4099
1668582143589 0.75 4149
1668582157157 0.625 4199
1668582170729 0.5 4249
1668582184301 0.75 4299
1668582209578 1.0 4349
1668582223164 0.75 4399
1668582236730 0.75 4449
1668582250309 0.625 4499
1668582263868 0.75 4549
1668582289318 0.625 4599
1668582302877 0.875 4649
1668582316441 0.75 4699
1668582329990 0.875 4749
1668582355394 0.875 4799
1668582368986 0.625 4849
1668582382569 0.75 4899
1668582396138 0.75 4949
1668582421536 0.875 4999
1668582435097 0.5 5049
1668582448678 0.625 5099
1668582462265 0.75 5149
1668582475848 0.625 5199
1668582501373 0.875 5249
1668582514939 0.875 5299
1668582528520 0.75 5349
1668582542101 0.625 5399
1668582567577 0.5 5449
1668582581153 0.75 5499
1668582594725 0.375 5549
1668582608299 0.375 5599
1668582633501 0.875 5649
1668582647039 0.875 5699
1668582660590 0.875 5749
1668582674160 0.75 5799
1668582687738 1.0 5849
1668582713170 0.75 5899
1668582726773 0.625 5949
1668582740360 0.875 5999
1668582754136 0.875 6049
1668582779405 0.75 6099
1668582792974 0.875 6149
1668582806552 0.875 6199
1668582820098 0.75 6249
1668582844692 0.75 6299
1668582858259 1.0 6349
1668582871845 0.5 6399
1668582885432 0.75 6449
1668582899029 0.875 6499
1668582924391 0.75 6549
1668582937955 1.0 6599
1668582951518 0.875 6649
1668582965104 0.75 6699
1668582990629 0.875 6749
1668583004219 0.75 6799
1668583017797 0.5 6849
1668583031376 0.625 6899
1668583056705 0.75 6949
1668583070304 0.75 6999
1668583083931 0.75 7049
1668583097525 0.625 7099
1668583111143 0.875 7149
1668583136604 0.5 7199
1668583150190 0.75 7249
1668583163759 0.75 7299
1668583177333 0.625 7349
1668583202733 0.75 7399
1668583216290 0.625 7449
1668583229855 1.0 7499
1668583243428 0.875 7549
1668583268795 0.875 7599
1668583282352 0.875 7649
1668583295926 0.5 7699
1668583309496 0.75 7749
1668583323061 1.0 7799
1668583347755 1.0 7849
1668583361321 0.875 7899
1668583374910 0.625 7949
1668583388506 0.5 7999
1668583414167 0.875 8049
1668583427893 0.875 8099
1668583441473 0.625 8149
1668583455075 0.625 8199
1668583480037 0.875 8249
1668583493585 0.75 8299
1668583507145 0.875 8349
1668583520714 1.0 8399
1668583534261 0.75 8449
1668583559900 0.625 8499
1668583573466 0.875 8549
1668583587041 0.875 8599
1668583600639 0.75 8649
1668583625941 1.0 8699
1668583639544 0.75 8749
1668583653148 0.875 8799
1668583666724 0.625 8849
1668583692016 0.625 8899
1668583705574 0.625 8949
1668583719138 0.625 8999
1668583732705 0.875 9049
1668583746260 0.75 9099
1668583771579 0.625 9149
1668583785152 0.875 9199
1668583798725 0.75 9249
1668583812290 0.625 9299
1668583837522 0.75 9349
1668583851085 0.875 9399
1668583864648 0.75 9449
1668583878247 0.75 9499
1668583903629 0.625 9549
1668583917190 1.0 9599
1668583930761 0.75 9649
1668583944341 0.75 9699
1668583957906 0.625 9749
1668583983266 0.5 9799
1668583996844 1.0 9849
1668584010426 0.75 9899
1668584023982 0.5 9949
1668584049483 0.625 9999
1668584063091 0.75 10049
1668584076659 0.625 10099
1668584090219 1.0 10149
1668584115560 1.0 10199
1668584129119 0.875 10249
1668584142681 0.75 10299
1668584156258 0.875 10349
1668584169826 0.625 10399
1668584195266 1.0 10449
1668584208854 0.625 10499
1668584222454 0.75 10549
1668584236052 0.625 10599
1668584261434 0.5 10649
1668584274999 0.75 10699
1668584288598 0.875 10749
1668584302173 0.75 10799
1668584315587 0.5 10849
1668584341268 0.875 10899
1668584354859 0.625 10949
1668584368429 0.625 10999
1668584382001 0.75 11049
1668584407381 1.0 11099
1668584420945 0.625 11149
1668584434539 1.0 11199
1668584448108 0.75 11249
1668584473489 0.5 11299
1668584487056 0.875 11349
1668584500665 0.75 11399
1668584514245 0.875 11449
1668584527844 1.0 11499
1668584553256 0.625 11549
1668584566865 0.875 11599
1668584580467 0.5 11649
1668584594084 0.75 11699
1668584619458 0.75 11749
1668584633028 0.5 11799
1668584646612 0.75 11849
1668584660192 0.875 11899
1668584685523 0.875 11949
1668584699155 0.75 11999
1668584712868 0.75 12049
1668584726417 0.75 12099
1668584739968 0.75 12149
1668584765259 0.75 12199
1668584778848 0.75 12249
1668584792424 0.75 12299
1668584806010 0.625 12349
1668584831451 0.875 12399
1668584845017 0.75 12449
1668584858591 0.875 12499
1668584872178 0.875 12549
1668584897656 0.75 12599
1668584911270 0.875 12649
1668584924866 0.75 12699
1668584938451 0.875 12749
1668584952033 0.625 12799
1668584977437 0.875 12849
1668584991018 0.875 12899
1668585004584 0.625 12949
1668585018165 0.75 12999
1668585043565 1.0 13049
1668585057135 0.875 13099
1668585070697 0.625 13149
1668585084273 0.625 13199
1668585109556 0.75 13249
1668585123124 0.875 13299
1668585136713 0.875 13349
1668585150283 0.625 13399
1668585163843 0.625 13449
1668585189349 0.75 13499
1668585202927 0.875 13549
1668585216486 0.875 13599
1668585230072 0.75 13649
1668585255518 0.875 13699
1668585269101 1.0 13749
1668585282667 0.875 13799
1668585296243 1.0 13849
1668585321710 0.875 13899
1668585335273 0.75 13949
1668585348846 0.625 13999
1668585362421 0.625 14049
1668585375996 0.75 14099
1668585401467 0.75 14149
1668585415045 0.75 14199
1668585428908 0.75 14249
1668585442499 0.75 14299
1668585468050 0.375 14349
1668585481631 0.625 14399
1668585495208 0.625 14449
1668585508801 0.5 14499
1668585534596 0.625 14549
1668585548169 0.75 14599
1668585561758 0.75 14649
1668585575360 0.875 14699
1668585588950 0.875 14749
1668585614329 0.875 14799
1668585627917 0.875 14849
1668585641498 0.625 14899
1668585655056 0.5 14949
1668585680696 0.875 14999
1668585694268 0.875 15049
1668585707844 0.75 15099
1668585721425 0.75 15149
1668585746840 0.875 15199
1668585760393 0.75 15249
1668585773966 0.875 15299
1668585787538 0.75 15349
1668585801108 0.75 15399
1668585826482 0.75 15449
1668585840043 0.875 15499
1668585853622 0.625 15549
1668585867213 0.875 15599
1668585892758 0.625 15649
1668585906344 0.875 15699
1668585919938 0.75 15749
1668585933512 0.5 15799
1668585958798 0.75 15849
1668585972351 0.5 15899
1668585985919 0.625 15949
1668585999487 0.75 15999
1668586013056 0.625 16049
1668586038444 0.75 16099
1668586052009 0.75 16149
1668586065582 0.75 16199
1668586079139 0.875 16249
1668586104762 0.75 16299
1668586118338 0.75 16349
1668586131921 0.875 16399
1668586145503 0.75 16449
1668586170875 0.875 16499
1668586184431 0.75 16549
1668586197998 0.625 16599
1668586211587 0.875 16649
1668586225173 0.75 16699
1668586250660 0.75 16749
1668586264232 0.875 16799
1668586277806 0.875 16849
1668586291371 0.625 16899
1668586316864 0.875 16949
1668586330467 0.875 16999
1668586344077 0.75 17049
1668586357683 0.5 17099
1668586383126 0.5 17149
1668586396676 0.5 17199
1668586410243 0.75 17249
1668586423809 0.75 17299
1668586437375 0.75 17349
1668586462837 0.75 17399
1668586476414 0.625 17449
1668586489991 1.0 17499
1668586503575 0.875 17549
1668586529093 0.875 17599
1668586542654 0.875 17649
1668586556225 0.5 17699
1668586569789 0.5 17749
1668586595307 0.625 17799
1668586608877 1.0 17849
1668586622479 0.5 17899
1668586636056 0.375 17949
1668586649633 0.5 17999
1668586675024 0.5 18049
1668586688611 0.875 18099
1668586702202 0.75 18149
1668586715781 0.75 18199
1668586741044 0.75 18249
1668586754646 1.0 18299
1668586768252 0.75 18349
1668586781863 0.75 18399
1668586807304 0.625 18449
1668586820855 1.0 18499
1668586834435 1.0 18549
1668586847988 0.625 18599
1668586861561 0.625 18649
1668586887066 0.75 18699
1668586900634 0.625 18749
1668586914191 0.625 18799
1668586927762 0.625 18849
1668586953137 0.875 18899
1668586966706 0.75 18949
1668586980274 0.75 18999
1668586993879 0.75 19049
1668587019475 0.75 19099
1668587033026 0.625 19149
1668587046618 0.75 19199
1668587060193 0.875 19249
1668587073770 0.625 19299
1668587099340 0.75 19349
1668587112975 0.75 19399
1668587126558 0.875 19449
1668587140151 0.625 19499
1668587165688 0.75 19549
1668587179273 1.0 19599
1668587192860 0.75 19649
1668587206443 0.625 19699
1668587231847 0.875 19749
1668587245397 0.875 19799
1668587258972 0.75 19849
1668587272555 1.0 19899
1668587286145 0.75 19949
1668587311618 0.75 19999
1668587325182 0.625 20049
1668587338740 0.875 20099
1668587352305 0.625 20149
1668587377773 0.625 20199
1668587391364 0.625 20249
1668587404949 0.875 20299
1668587418525 0.875 20349
1668587443905 0.875 20399
1668587457475 0.75 20449
1668587471085 0.625 20499
1668587484710 0.75 20549
1668587498321 0.625 20599
1668587523814 0.875 20649
1668587537389 0.875 20699
1668587550956 0.75 20749
1668587564535 0.875 20799
1668587590020 0.75 20849
1668587603631 0.875 20899
1668587617477 0.75 20949
1668587631064 0.625 20999
1668587656526 0.625 21049
1668587670104 0.625 21099
1668587683680 0.75 21149
1668587697266 0.625 21199
1668587710857 0.75 21249
1668587736252 0.375 21299
1668587749832 0.625 21349
1668587763433 1.0 21399
1668587777001 0.625 21449
1668587802236 0.75 21499
1668587815811 0.75 21549
1668587829411 0.5 21599
1668587842993 0.5 21649
1668587856425 1.0 21699
1668587882054 0.875 21749
1668587895642 0.75 21799
1668587909223 0.75 21849
1668587922800 1.0 21899
1668587947901 0.375 21949
1668587961508 0.625 21999
1668587975116 0.625 22049
1668587988717 0.625 22099
1668588014090 0.875 22149
1668588027672 1.0 22199
1668588041263 0.875 22249
1668588054847 1.0 22299
1668588068439 0.625 22349
1668588093965 0.875 22399
1668588107560 0.75 22449
1668588121163 0.75 22499
1668588134773 0.625 22549
1668588159983 0.625 22599
1668588173572 0.75 22649
1668588187176 1.0 22699
1668588200768 1.0 22749
1668588226038 0.75 22799
1668588239617 1.0 22849
1668588253206 0.75 22899
1668588266782 0.375 22949
1668588280359 0.625 22999
1668588305596 0.75 23049
1668588319184 0.75 23099
1668588332761 0.625 23149
1668588346343 0.75 23199
1668588372065 0.75 23249
1668588385659 1.0 23299
1668588399230 0.625 23349
1668588412813 0.75 23399
1668588438539 0.75 23449
1668588452116 0.75 23499
1668588465691 0.875 23549
1668588479260 0.75 23599
1668588492839 0.875 23649
1668588518307 0.875 23699
1668588531883 0.625 23749
1668588545466 0.875 23799
1668588559064 1.0 23849
1668588584459 0.75 23899
1668588598045 0.875 23949
1668588611631 0.875 23999
1668588625203 1.0 24049
1668588650560 0.625 24099
1668588664125 0.75 24149
1668588677712 0.875 24199
1668588691305 0.625 24249
1668588704874 0.75 24299
1668588730390 0.75 24349
1668588743977 0.875 24399
1668588757558 0.625 24449
1668588771134 0.625 24499
1668588796666 0.5 24549
1668588810250 0.875 24599
1668588823833 0.75 24649
1668588837424 0.625 24699
1668588862787 1.0 24749
1668588876357 1.0 24799
1668588889912 0.875 24849
1668588903503 0.875 24899
1668588917062 1.0 24949
1668588942701 0.625 24999
1668588956294 0.875 25049
1668588969873 0.75 25099
1668588983448 0.75 25149
1668589008983 0.875 25199
1668589022562 0.875 25249
1668589036140 0.875 25299
1668589049722 0.75 25349
1668589075115 1.0 25399
1668589088698 0.875 25449
1668589102274 0.75 25499
1668589115856 0.625 25549
1668589129437 0.75 25599
1668589155207 1.0 25649
1668589168791 0.875 25699
1668589182376 0.625 25749
1668589195987 0.625 25799
1668589221490 0.625 25849
1668589235073 0.5 25899
1668589248655 0.625 25949
1668589262249 1.0 25999
1668589287685 0.5 26049
1668589301269 0.875 26099
1668589314853 0.75 26149
1668589328451 0.625 26199
1668589342040 0.625 26249
1668589367742 0.75 26299
1668589381303 0.875 26349
1668589394874 0.625 26399
1668589408453 0.75 26449
1668589433887 0.625 26499
1668589447485 0.875 26549
1668589461095 0.875 26599
1668589474670 0.875 26649
1668589500376 0.625 26699
1668589513951 0.875 26749
1668589527522 0.75 26799
1668589541089 0.75 26849
1668589554666 0.875 26899
1668589580239 0.875 26949
1668589593814 0.625 26999
1668589607392 1.0 27049
1668589620964 1.0 27099
1668589646422 1.0 27149
1668589659999 0.875 27199
1668589673585 0.875 27249
1668589687171 1.0 27299
1668589712782 0.875 27349
1668589726353 0.875 27399
1668589739947 1.0 27449
1668589753542 1.0 27499
1668589767134 0.875 27549
1668589792539 1.0 27599
1668589806135 0.5 27649
1668589819726 0.75 27699
1668589833321 0.625 27749
1668589858717 0.875 27799
1668589872330 0.75 27849
1668589885930 0.75 27899
1668589899511 0.75 27949
1668589925016 0.875 27999
1668589938579 0.625 28049
1668589952169 0.875 28099
1668589965753 0.625 28149
1668589979339 0.75 28199
1668590004984 1.0 28249
1668590018559 1.0 28299
1668590032135 0.625 28349
1668590045738 0.625 28399
1668590071214 0.75 28449
1668590084781 0.75 28499
1668590098365 0.875 28549
1668590111937 1.0 28599
1668590137282 0.875 28649
1668590150837 0.75 28699
1668590164408 0.625 28749
1668590177979 0.625 28799
1668590191568 0.5 28849
1668590216874 0.75 28899
1668590230454 0.875 28949
1668590244032 0.75 28999
1668590257613 0.625 29049
1668590282976 0.75 29099
1668590296577 0.75 29149
1668590310168 1.0 29199
1668590323751 0.875 29249
1668590349265 0.875 29299
1668590362820 0.5 29349
1668590376409 0.875 29399
1668590389994 0.875 29449
1668590403579 0.75 29499
1668590428925 0.875 29549
1668590442512 0.625 29599
1668590456071 1.0 29649
1668590469644 0.75 29699
1668590495280 0.75 29749
1668590508864 0.75 29799
1668590522454 0.5 29849
1668590536034 0.875 29899
1668590561337 0.875 29949
1668590574903 0.625 29999
1668590588487 0.875 30049
1668590602082 0.625 30099
1668590615674 0.75 30149
1668590640922 0.75 30199
1668590654518 1.0 30249
1668590668112 0.875 30299
1668590681705 1.0 30349
1668590707244 1.0 30399
1668590720829 0.5 30449
1668590734392 0.75 30499
1668590747975 0.625 30549
1668590773468 0.75 30599
1668590787050 0.75 30649
1668590800630 0.625 30699
1668590814195 0.625 30749
1668590827771 0.875 30799
1668590853105 0.75 30849
1668590866700 0.625 30899
1668590880261 0.75 30949
1668590893831 0.875 30999
1668590919403 1.0 31049
1668590933142 0.875 31099
1668590946728 0.875 31149
1668590960301 0.75 31199
1668590985591 0.75 31249
1668590999146 0.875 31299
1668591012725 0.625 31349
1668591026305 0.875 31399
1668591039883 0.5 31449
1668591065364 0.75 31499
1668591078946 0.875 31549
1668591092534 0.625 31599
1668591106116 0.75 31649
1668591131466 0.875 31699
1668591145082 0.875 31749
1668591158686 1.0 31799
1668591172293 0.875 31849
1668591197841 0.5 31899
1668591211414 0.5 31949
1668591224974 0.75 31999
1668591238553 0.625 32049
1668591252129 0.625 32099
1668591277544 0.75 32149
1668591291120 1.0 32199
1668591304728 0.875 32249
1668591318324 0.875 32299
1668591343705 0.875 32349
1668591357283 0.75 32399
1668591370886 0.75 32449
1668591384483 1.0 32499
1668591397911 1.0 32549
1668591423676 0.75 32599
1668591437258 0.375 32649
1668591450844 0.75 32699
1668591464425 0.625 32749
1668591490152 0.875 32799
1668591503721 0.625 32849
1668591517307 0.875 32899
1668591530873 0.625 32949
1668591556585 0.75 32999
1668591570190 0.875 33049
1668591583798 0.625 33099
1668591597395 0.875 33149
1668591610990 0.875 33199
1668591636410 0.875 33249
1668591649992 0.75 33299
1668591663585 0.625 33349
1668591677186 1.0 33399
1668591702594 0.875 33449
1668591716170 1.0 33499
1668591729761 0.75 33549
1668591743332 0.875 33599
1668591769004 1.0 33649
1668591782579 0.625 33699
1668591796169 0.875 33749
1668591809746 0.5 33799
1668591823320 0.5 33849
1668591848826 0.875 33899
1668591862397 0.625 33949
1668591875977 0.75 33999
1668591889567 1.0 34049
1668591914907 0.75 34099
1668591928480 0.375 34149
1668591942057 0.875 34199
1668591955647 0.75 34249
1668591981372 0.75 34299
1668591994945 0.75 34349
1668592008538 0.625 34399
1668592022123 0.75 34449
1668592035713 1.0 34499
1668592061111 0.875 34549
1668592074701 0.875 34599
1668592088302 0.5 34649
1668592101900 0.75 34699
1668592127247 0.75 34749
1668592140824 0.875 34799
1668592154414 0.875 34849
1668592167987 0.625 34899
1668592193297 0.625 34949
1668592206873 0.75 34999
1668592220470 0.5 35049
1668592234061 0.75 35099
1668592247649 0.875 35149
1668592273039 0.875 35199
1668592286627 0.75 35249
1668592300215 1.0 35299
1668592313806 0.875 35349
1668592339267 0.75 35399
1668592352856 1.0 35449
1668592366442 0.5 35499
1668592380030 0.75 35549
1668592405426 0.75 35599
1668592418991 0.375 35649
1668592432557 0.875 35699
1668592446130 0.625 35749
1668592459713 0.875 35799
1668592485141 0.75 35849
1668592498753 0.875 35899
1668592512350 0.5 35949
1668592525936 1.0 35999
1668592551507 0.75 36049
1668592565102 0.625 36099
1668592578679 0.625 36149
1668592592272 0.75 36199
1668592617729 0.75 36249
1668592631288 0.625 36299
1668592644876 0.875 36349
1668592658471 1.0 36399
1668592672044 0.875 36449
1668592697600 0.875 36499
1668592711165 1.0 36549
1668592724733 0.875 36599
1668592738300 0.75 36649
1668592763528 0.875 36699
1668592777106 1.0 36749
1668592790681 0.75 36799
1668592804271 0.5 36849
1668592829661 0.75 36899
1668592843220 0.75 36949
1668592856784 0.75 36999
1668592870356 0.875 37049
1668592883919 0.75 37099
1668592909494 0.75 37149
1668592923081 0.75 37199
1668592936665 0.625 37249
1668592950252 0.875 37299
1668592975614 0.625 37349
1668592989181 0.625 37399
1668593002747 0.75 37449
1668593016307 1.0 37499
1668593041706 0.625 37549
1668593055286 0.625 37599
1668593068868 1.0 37649
1668593082453 1.0 37699
1668593096054 0.875 37749
1668593121234 0.75 37799
1668593134833 1.0 37849
1668593148428 0.75 37899
1668593162029 0.875 37949
1668593187544 0.625 37999
1668593201124 0.875 38049
1668593214724 0.75 38099
1668593228308 0.75 38149
1668593253767 1.0 38199
1668593267325 0.875 38249
1668593280918 0.875 38299
1668593294491 0.75 38349
1668593308062 0.75 38399
1668593333655 0.875 38449
1668593347249 0.625 38499
1668593360837 0.875 38549
1668593374411 0.75 38599
1668593400210 1.0 38649
1668593413793 0.75 38699
1668593427373 0.75 38749
1668593440953 0.625 38799
1668593466802 0.75 38849
1668593480378 0.625 38899
1668593493972 0.75 38949
1668593507555 0.75 38999
1668593521144 0.875 39049
1668593546539 0.875 39099
1668593560122 0.75 39149
1668593573691 0.75 39199
1668593587272 0.75 39249
1668593612746 0.875 39299
1668593626306 0.75 39349
1668593639868 0.75 39399
1668593653435 0.875 39449
1668593678928 0.875 39499
1668593692468 0.625 39549
1668593706063 0.625 39599
1668593719683 0.5 39649
1668593733287 0.75 39699
1668593758643 0.75 39749
1668593772220 1.0 39799
1668593785797 1.0 39849
1668593799375 0.375 39899
1668593824994 0.625 39949
1668593838575 0.875 39999
1668593852152 0.375 40049
1668593865740 1.0 40099
1668593890895 0.875 40149
1668593904456 0.875 40199
1668593918038 0.625 40249
1668593931632 0.75 40299
1668593945244 0.875 40349
1668593970612 0.875 40399
1668593984212 1.0 40449
1668593997808 1.0 40499
1668594011397 0.875 40549
1668594036848 0.75 40599
1668594050431 0.75 40649
1668594064016 0.625 40699
1668594077594 0.625 40749
1668594102993 0.875 40799
1668594116584 0.625 40849
1668594130189 1.0 40899
1668594143796 0.75 40949
1668594157390 0.625 40999
1668594182782 0.75 41049
1668594196376 0.75 41099
1668594209990 1.0 41149
1668594223596 0.875 41199
1668594249109 0.75 41249
1668594262697 0.75 41299
1668594276280 0.625 41349
1668594289879 0.875 41399
1668594315452 0.75 41449
1668594329003 0.625 41499
1668594342571 0.875 41549
1668594356154 0.75 41599
1668594369731 0.625 41649
1668594395584 1.0 41699
1668594409188 0.625 41749
1668594422767 0.875 41799
1668594436353 0.75 41849
1668594461776 0.625 41899
1668594475352 1.0 41949
1668594488943 0.875 41999
1668594502522 0.375 42049
1668594527970 0.875 42099
1668594541542 0.625 42149
1668594555129 1.0 42199
1668594568701 0.875 42249
1668594582264 0.875 42299
1668594607590 0.75 42349
1668594621168 0.75 42399
1668594634752 0.625 42449
1668594648340 1.0 42499
1668594673798 0.75 42549
1668594687373 0.75 42599
1668594700936 0.625 42649
1668594714504 0.875 42699
1668594739996 0.875 42749
1668594753580 0.75 42799
1668594767159 0.875 42849
1668594780748 0.875 42899
1668594794342 0.25 42949
1668594819869 0.875 42999
1668594833439 0.75 43049
1668594847048 1.0 43099
1668594860642 0.875 43149
1668594886142 0.625 43199
1668594899706 0.875 43249
1668594913287 0.75 43299
1668594926868 0.875 43349
1668594940270 1.0 43399
1668594965726 1.0 43449
1668594979326 0.875 43499
1668594992917 0.625 43549
1668595006489 1.0 43599
1668595032115 0.875 43649
1668595045694 0.75 43699
1668595059290 0.625 43749
1668595072910 0.5 43799
1668595098276 0.5 43849
1668595111834 1.0 43899
1668595125408 0.875 43949
1668595138975 0.625 43999
1668595152555 0.75 44049
1668595177882 0.625 44099
1668595191470 0.625 44149
1668595205061 0.875 44199
1668595218646 0.75 44249
1668595243861 0.75 44299
1668595257430 0.875 44349
1668595271017 0.875 44399
1668595284604 0.625 44449
1668595309914 0.875 44499
1668595323501 0.75 44549
1668595337094 0.625 44599
1668595350689 0.625 44649
1668595364286 0.375 44699
1668595389372 0.625 44749
1668595402961 0.625 44799
1668595416529 0.625 44849
1668595430111 1.0 44899
1668595455708 1.0 44949
1668595469301 0.375 44999
1668595482882 1.0 45049
1668595496473 1.0 45099
1668595521967 0.625 45149
1668595535542 0.625 45199
1668595549131 0.625 45249
1668595562719 0.75 45299
1668595576286 0.875 45349
1668595601938 0.75 45399
1668595615549 0.875 45449
1668595629146 1.0 45499
1668595642763 0.75 45549
1668595668339 0.75 45599
1668595681930 0.75 45649
1668595695533 0.875 45699
1668595709140 0.875 45749
1668595734889 0.5 45799
1668595748470 0.875 45849
1668595762067 1.0 45899
1668595775665 0.625 45949
1668595789241 0.75 45999
1668595814770 0.5 46049
1668595828350 0.75 46099
1668595841916 1.0 46149
1668595855689 0.5 46199
1668595881165 0.625 46249
1668595894741 0.375 46299
1668595908307 1.0 46349
1668595921892 0.75 46399
1668595947302 0.75 46449
1668595960873 0.5 46499
1668595974459 0.375 46549
1668595988049 0.75 46599
1668596001626 0.75 46649
1668596027005 0.75 46699
1668596040601 0.875 46749
1668596054192 0.75 46799
1668596067764 0.875 46849
1668596093222 0.875 46899
1668596106823 0.875 46949
1668596120409 0.75 46999
1668596134001 1.0 47049
1668596159729 0.75 47099
1668596173306 0.875 47149
1668596186885 0.625 47199
1668596200470 1.0 47249
1668596214050 0.75 47299
1668596239660 0.5 47349
1668596253232 0.625 47399
1668596266808 0.875 47449
1668596280382 0.625 47499
1668596305831 0.75 47549
1668596319412 0.75 47599
1668596332994 0.875 47649
1668596346573 0.75 47699
1668596372228 0.875 47749
1668596385780 0.375 47799
1668596399351 0.375 47849
1668596412954 0.75 47899
1668596426540 0.875 47949
1668596451987 0.875 47999
1668596465557 0.75 48049
1668596479131 0.5 48099
1668596492700 0.5 48149
1668596518143 0.625 48199
1668596531713 0.5 48249
1668596545280 0.875 48299
1668596558853 0.625 48349
1668596584049 0.75 48399
1668596597622 0.625 48449
1668596611209 0.625 48499
1668596624808 0.75 48549
1668596638396 0.875 48599
1668596663880 0.75 48649
1668596677438 0.625 48699
1668596691025 0.75 48749
1668596704588 1.0 48799
1668596729743 0.625 48849
1668596743320 0.75 48899
1668596756905 0.75 48949
1668596770488 0.625 48999
1668596796028 0.75 49049
1668596809577 0.5 49099
1668596823140 0.875 49149
1668596836695 0.875 49199
1668596850269 0.875 49249
1668596875792 0.75 49299
1668596889398 1.0 49349
1668596902999 0.875 49399
1668596916578 0.25 49449
1668596942138 1.0 49499
1668596955740 0.875 49549
1668596969353 0.625 49599
1668596982936 0.75 49649
1668597008290 0.875 49699
1668597021855 0.75 49749
1668597035432 0.75 49799
1668597048993 1.0 49849
1668597062573 0.625 49899
1668597088021 0.75 49949
1668597101595 0.625 49999
1668597115165 0.625 50049
1668597128743 0.875 50099
1668597154137 0.75 50149
1668597167733 0.625 50199
1668597181338 0.5 50249
1668597194931 0.75 50299
1668597220355 0.5 50349
1668597233915 0.875 50399
1668597247512 0.375 50449
1668597261099 0.75 50499
1668597274686 0.75 50549
1668597299920 1.0 50599
1668597313517 0.875 50649
1668597327091 0.75 50699
1668597340678 0.875 50749
1668597366174 0.875 50799
1668597379808 1.0 50849
1668597393420 0.625 50899
1668597407028 0.75 50949
1668597432877 0.875 50999
1668597446454 0.625 51049
1668597460055 1.0 51099
1668597473635 0.75 51149
1668597487212 0.75 51199
1668597512945 0.5 51249
1668597526536 0.875 51299
1668597540106 0.875 51349
1668597553697 0.875 51399
1668597579528 0.875 51449
1668597593129 1.0 51499
1668597606696 0.75 51549
1668597620260 0.75 51599
1668597645703 0.75 51649
1668597659271 0.75 51699
1668597672872 0.625 51749
1668597686459 0.625 51799
1668597700052 0.75 51849
1668597725449 0.75 51899
1668597739044 0.625 51949
1668597752646 1.0 51999
1668597766230 0.75 52049
1668597791457 0.625 52099
1668597805051 0.375 52149
1668597818642 1.0 52199
1668597832237 0.375 52249
1668597857934 0.625 52299
1668597871493 0.875 52349
1668597885071 0.875 52399
1668597898650 0.375 52449
1668597912239 0.75 52499
1668597937703 0.625 52549
1668597951294 0.75 52599
1668597964882 0.875 52649
1668597978472 0.625 52699
1668598004156 0.75 52749
1668598017741 0.75 52799
1668598031309 0.875 52849
1668598044905 0.875 52899
1668598070371 0.75 52949
1668598083940 0.875 52999
1668598097507 0.75 53049
1668598111083 0.625 53099
1668598124656 0.625 53149
1668598149967 0.625 53199
1668598163555 0.875 53249
1668598177128 1.0 53299
1668598190708 0.5 53349
1668598216191 0.5 53399
1668598229768 0.875 53449
1668598243333 0.75 53499
1668598256916 0.875 53549
1668598282438 0.75 53599
1668598296003 0.75 53649
1668598309571 0.75 53699
1668598323144 0.875 53749
1668598336718 0.75 53799
1668598362115 0.75 53849
1668598375673 1.0 53899
1668598389250 0.875 53949
1668598402836 0.875 53999
1668598428299 0.75 54049
1668598441881 1.0 54099
1668598455458 0.875 54149
1668598469025 0.75 54199
1668598482423 0.5 54249
1668598508246 0.875 54299
1668598521827 0.625 54349
1668598535419 0.875 54399
1668598548995 0.875 54449
1668598574336 0.75 54499
1668598587914 1.0 54549
1668598601502 0.625 54599
1668598615076 0.75 54649
1668598640553 0.5 54699
1668598654141 0.625 54749
1668598667732 0.375 54799
1668598681322 0.875 54849
1668598694923 0.75 54899
1668598720414 0.875 54949
1668598733999 0.75 54999
1668598747594 1.0 55049
1668598761190 0.625 55099
1668598786557 0.75 55149
1668598800130 0.5 55199
1668598813735 0.875 55249
1668598827322 0.75 55299
1668598852794 0.875 55349
1668598866361 0.875 55399
1668598879943 0.5 55449
1668598893518 0.625 55499
1668598907097 1.0 55549
1668598932525 1.0 55599
1668598946109 0.75 55649
1668598959686 0.75 55699
1668598973256 0.875 55749
1668598998713 0.625 55799
1668599012292 0.75 55849
1668599025874 1.0 55899
1668599039455 0.875 55949
1668599065061 0.75 55999
1668599078641 0.875 56049
1668599092246 0.75 56099
1668599105852 0.75 56149
1668599119425 0.625 56199
1668599144915 0.75 56249
1668599158495 0.625 56299
1668599172093 0.75 56349
1668599185705 0.75 56399
1668599211393 0.875 56449
1668599224997 0.875 56499
1668599238581 0.625 56549
1668599252161 1.0 56599
1668599277688 0.75 56649
1668599291283 0.375 56699
1668599304862 0.875 56749
1668599318427 0.75 56799
1668599331995 0.625 56849
1668599357545 0.625 56899
1668599371123 0.75 56949
1668599384699 0.75 56999
1668599398279 1.0 57049
1668599423586 0.625 57099
1668599437195 0.625 57149
1668599450788 0.375 57199
1668599464383 0.875 57249
1668599489912 0.75 57299
1668599503499 0.5 57349
1668599517092 0.625 57399
1668599530676 1.0 57449
1668599544266 0.625 57499
1668599569713 0.75 57549
1668599583312 0.75 57599
1668599596897 0.75 57649
1668599610487 0.75 57699
1668599636079 0.5 57749
1668599649665 0.75 57799
1668599663233 0.75 57849
1668599676814 0.75 57899
1668599702450 0.75 57949
1668599716006 0.625 57999
1668599729586 0.875 58049
1668599743167 0.875 58099
1668599756742 0.625 58149
1668599782196 0.5 58199
1668599795789 1.0 58249
1668599809374 0.875 58299
1668599822984 0.625 58349
1668599848405 0.625 58399
1668599861976 0.625 58449
1668599875552 0.625 58499
1668599889116 0.5 58549
1668599914687 0.75 58599
1668599928379 0.75 58649
1668599941968 0.625 58699
1668599955544 0.875 58749
1668599969118 0.75 58799
1668599994594 0.625 58849
1668600008189 0.5 58899
1668600021778 0.875 58949
1668600035358 0.375 58999
1668600061034 0.75 59049
1668600074615 0.875 59099
1668600088180 0.75 59149
1668600101741 0.875 59199
1668600127254 0.875 59249
1668600140812 0.625 59299
1668600154386 0.75 59349
1668600167967 0.75 59399
1668600181540 0.5 59449
1668600207029 0.75 59499
1668600220595 1.0 59549
1668600234155 1.0 59599
1668600247720 0.625 59649
1668600273085 0.5 59699
1668600286666 0.75 59749
1668600300267 0.75 59799
1668600313862 1.0 59849
1668600339640 1.0 59899
1668600353223 0.875 59949
1668600366831 0.75 59999
1668600380421 0.875 60049
1668600394021 0.375 60099
1668600419401 0.875 60149
1668600432991 0.75 60199
1668600446577 0.5 60249
1668600460174 0.625 60299
1668600485559 0.875 60349
1668600499132 0.75 60399
1668600512722 0.5 60449
1668600526305 0.75 60499
1668600552044 0.75 60549
1668600565610 0.875 60599
1668600579189 0.5 60649
1668600592769 0.75 60699
1668600606357 1.0 60749
1668600631975 0.75 60799
1668600645550 0.75 60849
1668600659116 0.625 60899
1668600672702 1.0 60949
1668600698349 0.875 60999
1668600711935 0.75 61049
1668600725540 0.875 61099
1668600739159 0.875 61149
1668600764837 1.0 61199
1668600778388 0.625 61249
1668600791981 0.875 61299
1668600805562 0.875 61349
1668600819141 0.875 61399
1668600844452 0.875 61449
1668600858040 0.875 61499
1668600871624 0.875 61549
1668600885202 0.75 61599
1668600910685 0.875 61649
1668600924265 0.75 61699
1668600937841 0.75 61749
1668600951412 0.75 61799
1668600976954 0.625 61849
1668600990516 0.75 61899
1668601004108 0.875 61949
1668601017691 0.625 61999
1668601031286 1.0 62049
1668601056714 0.875 62099
1668601070286 0.875 62149
1668601083854 0.75 62199
1668601097451 0.625 62249
1668601123030 0.5 62299
1668601136607 0.75 62349
1668601150198 0.75 62399
1668601163781 0.875 62449
1668601189150 0.875 62499
1668601202718 0.875 62549
1668601216299 0.875 62599
1668601229887 0.25 62649
1668601243472 0.625 62699
1668601269282 0.25 62749
1668601282871 0.875 62799
1668601296459 0.75 62849
1668601310052 0.375 62899
1668601335818 0.5 62949
1668601349431 0.875 62999
1668601363031 0.875 63049
1668601376627 0.75 63099
1668601402942 0.5 63149
1668601416487 0.875 63199
1668601430060 0.75 63249
1668601443643 0.75 63299
1668601457229 0.625 63349
1668601483038 0.75 63399
1668601496624 0.75 63449
1668601510209 0.875 63499
1668601523806 0.875 63549
1668601549092 0.75 63599
1668601562684 0.625 63649
1668601576276 0.625 63699
1668601589863 0.875 63749
1668601616084 0.875 63799
1668601629633 0.875 63849
1668601643209 0.75 63899
1668601656784 0.875 63949
1668601670392 0.875 63999
1668601695847 0.75 64049
1668601709423 0.875 64099
1668601722993 0.875 64149
1668601736564 0.875 64199
1668601761984 1.0 64249
1668601775556 0.875 64299
1668601789132 1.0 64349
1668601802720 0.625 64399
1668601828193 0.5 64449
1668601841755 0.75 64499
1668601855336 0.625 64549
1668601868947 0.5 64599
1668601882542 0.625 64649
1668601907860 0.875 64699
1668601921443 0.75 64749
1668601935055 1.0 64799
1668601948658 0.75 64849
1668601974068 0.875 64899
1668601987647 1.0 64949
1668602001231 1.0 64999
1668602014825 0.375 65049
1668602028242 1.0 65099
