1668580811891 0.0 49
1668580825454 0.4000000059604645 99
1668580839010 0.5714285969734192 149
1668580852557 1.0 199
1668580877156 0.5714285969734192 249
1668580890684 1.0 299
1668580904230 0.4000000059604645 349
1668580917761 0.5 399
1668580942562 0.0 449
1668580956107 0.4000000059604645 499
1668580969657 0.0 549
1668580983203 0.0 599
1668580996738 0.5 649
1668581021694 0.5 699
1668581035245 0.800000011920929 749
1668581048800 0.6666666865348816 799
1668581062346 0.0 849
1668581087294 0.5 899
1668581100841 0.0 949
1668581114399 0.0 999
1668581127960 0.6666666865348816 1049
1668581152928 0.800000011920929 1099
1668581166485 0.4000000059604645 1149
1668581180043 0.0 1199
1668581193586 0.800000011920929 1249
1668581207131 1.0 1299
1668581232307 0.0 1349
1668581245860 0.6666666865348816 1399
1668581259414 0.5714285969734192 1449
1668581272963 0.0 1499
1668581298288 0.4000000059604645 1549
1668581311865 0.5 1599
1668581325445 0.5 1649
1668581339004 0.6666666865348816 1699
1668581364109 0.5 1749
1668581377667 0.0 1799
1668581391239 0.0 1849
1668581404793 0.0 1899
1668581418337 0.0 1949
1668581443796 0.0 1999
1668581457376 0.5 2049
1668581470955 0.6666666865348816 2099
1668581484534 0.0 2149
1668581509582 0.0 2199
1668581523143 0.0 2249
1668581536699 0.6666666865348816 2299
1668581550259 0.6666666865348816 2349
1668581575539 1.0 2399
1668581589096 0.0 2449
1668581602660 0.3333333134651184 2499
1668581616229 0.888888955116272 2549
1668581629788 0.0 2599
1668581655137 0.5 2649
1668581668722 0.0 2699
1668581682297 1.0 2749
1668581695877 1.0 2799
1668581721229 1.0 2849
1668581734818 0.6666666865348816 2899
1668581748421 0.5 2949
1668581762025 0.0 2999
1668581787068 0.0 3049
1668581800621 0.0 3099
1668581814175 0.0 3149
1668581827725 0.0 3199
1668581841269 0.5 3249
1668581866279 0.0 3299
1668581879836 0.4000000059604645 3349
1668581893394 0.0 3399
1668581906955 0.0 3449
1668581932319 0.0 3499
1668581945897 0.5 3549
1668581959493 0.0 3599
1668581973058 0.5714285969734192 3649
1668581997996 0.0 3699
1668582011551 0.6666666865348816 3749
1668582025094 0.800000011920929 3799
1668582038657 0.5 3849
1668582052206 0.3333333134651184 3899
1668582077662 0.800000011920929 3949
1668582091221 0.0 3999
1668582104794 0.0 4049
1668582118366 0.75 4099
1668582143589 0.5 4149
1668582157157 0.0 4199
1668582170729 0.3333333432674408 4249
1668582184301 0.5 4299
1668582209578 0.0 4349
1668582223164 0.0 4399
1668582236730 0.5 4449
1668582250309 0.4000000059604645 4499
1668582263868 0.0 4549
1668582289318 0.5714285969734192 4599
1668582302877 0.6666666865348816 4649
1668582316441 0.5 4699
1668582329990 0.0 4749
1668582355394 0.0 4799
1668582368986 0.0 4849
1668582382569 0.5 4899
1668582396138 0.0 4949
1668582421536 0.8571428656578064 4999
1668582435097 0.0 5049
1668582448678 0.0 5099
1668582462265 0.0 5149
1668582475848 0.0 5199
1668582501373 0.6666666865348816 5249
1668582514939 0.6666666865348816 5299
1668582528520 0.5 5349
1668582542101 0.0 5399
1668582567577 0.0 5449
1668582581153 0.6666666865348816 5499
1668582594725 0.0 5549
1668582608299 0.0 5599
1668582633501 0.0 5649
1668582647039 0.0 5699
1668582660590 0.888888955116272 5749
1668582674160 0.0 5799
1668582687738 0.0 5849
1668582713170 0.0 5899
1668582726773 0.0 5949
1668582740360 0.0 5999
1668582754136 0.0 6049
1668582779405 0.5 6099
1668582792974 0.6666666865348816 6149
1668582806552 0.6666666865348816 6199
1668582820098 0.0 6249
1668582844692 0.0 6299
1668582858259 0.0 6349
1668582871845 0.5 6399
1668582885432 0.0 6449
1668582899029 0.6666666865348816 6499
1668582924391 0.5 6549
1668582937955 1.0 6599
1668582951518 0.0 6649
1668582965104 0.0 6699
1668582990629 0.0 6749
1668583004219 0.5 6799
1668583017797 0.0 6849
1668583031376 0.0 6899
1668583056705 0.5 6949
1668583070304 0.0 6999
1668583083931 0.0 7049
1668583097525 0.0 7099
1668583111143 0.6666666865348816 7149
1668583136604 0.0 7199
1668583150190 0.0 7249
1668583163759 0.5 7299
1668583177333 0.0 7349
1668583202733 0.0 7399
1668583216290 0.0 7449
1668583229855 0.0 7499
1668583243428 0.6666666865348816 7549
1668583268795 0.800000011920929 7599
1668583282352 0.0 7649
1668583295926 0.3333333134651184 7699
1668583309496 0.5 7749
1668583323061 1.0 7799
1668583347755 0.0 7849
1668583361321 0.0 7899
1668583374910 0.4000000059604645 7949
1668583388506 0.3333333134651184 7999
1668583414167 0.6666666865348816 8049
1668583427893 0.6666666865348816 8099
1668583441473 0.0 8149
1668583455075 0.0 8199
1668583480037 0.0 8249
1668583493585 0.5 8299
1668583507145 0.6666666865348816 8349
1668583520714 0.0 8399
1668583534261 0.0 8449
1668583559900 0.0 8499
1668583573466 0.6666666865348816 8549
1668583587041 0.0 8599
1668583600639 0.5 8649
1668583625941 0.0 8699
1668583639544 0.0 8749
1668583653148 0.6666666865348816 8799
1668583666724 0.0 8849
1668583692016 0.0 8899
1668583705574 0.4000000059604645 8949
1668583719138 0.0 8999
1668583732705 0.0 9049
1668583746260 0.0 9099
1668583771579 0.0 9149
1668583785152 0.0 9199
1668583798725 0.0 9249
1668583812290 0.4000000059604645 9299
1668583837522 0.5 9349
1668583851085 0.0 9399
1668583864648 0.0 9449
1668583878247 0.0 9499
1668583903629 0.4000000059604645 9549
1668583917190 0.0 9599
1668583930761 0.0 9649
1668583944341 0.6666666865348816 9699
1668583957906 0.0 9749
1668583983266 0.0 9799
1668583996844 0.0 9849
1668584010426 0.5 9899
1668584023982 0.3333333134651184 9949
1668584049483 0.0 9999
1668584063091 0.6666666865348816 10049
1668584076659 0.5714285969734192 10099
1668584090219 1.0 10149
1668584115560 0.0 10199
1668584129119 0.0 10249
1668584142681 0.5 10299
1668584156258 0.6666666865348816 10349
1668584169826 0.4000000059604645 10399
1668584195266 1.0 10449
1668584208854 0.4000000059604645 10499
1668584222454 0.5 10549
1668584236052 0.0 10599
1668584261434 0.3333333134651184 10649
1668584274999 0.6666666865348816 10699
1668584288598 0.6666666865348816 10749
1668584302173 0.0 10799
1668584315587 0.0 10849
1668584341268 0.6666666865348816 10899
1668584354859 0.4000000059604645 10949
1668584368429 0.4000000059604645 10999
1668584382001 0.0 11049
1668584407381 1.0 11099
1668584420945 0.4000000059604645 11149
1668584434539 0.0 11199
1668584448108 0.5 11249
1668584473489 0.5 11299
1668584487056 0.800000011920929 11349
1668584500665 0.6666666865348816 11399
1668584514245 0.0 11449
1668584527844 1.0 11499
1668584553256 0.4000000059604645 11549
1668584566865 0.6666666865348816 11599
1668584580467 0.0 11649
1668584594084 0.0 11699
1668584619458 0.0 11749
1668584633028 0.0 11799
1668584646612 0.5 11849
1668584660192 0.0 11899
1668584685523 0.0 11949
1668584699155 0.0 11999
1668584712868 0.0 12049
1668584726417 0.0 12099
1668584739968 0.0 12149
1668584765259 0.6666666865348816 12199
1668584778848 0.0 12249
1668584792424 0.0 12299
1668584806010 0.0 12349
1668584831451 0.0 12399
1668584845017 0.5 12449
1668584858591 0.6666666865348816 12499
1668584872178 0.6666666865348816 12549
1668584897656 0.0 12599
1668584911270 0.0 12649
1668584924866 0.0 12699
1668584938451 0.0 12749
1668584952033 0.4000000059604645 12799
1668584977437 0.6666666865348816 12849
1668584991018 0.6666666865348816 12899
1668585004584 0.0 12949
1668585018165 0.6666666865348816 12999
1668585043565 1.0 13049
1668585057135 0.0 13099
1668585070697 0.0 13149
1668585084273 0.4000000059604645 13199
1668585109556 0.0 13249
1668585123124 0.8571428656578064 13299
1668585136713 0.800000011920929 13349
1668585150283 0.0 13399
1668585163843 0.0 13449
1668585189349 0.0 13499
1668585202927 0.6666666865348816 13549
1668585216486 0.6666666865348816 13599
1668585230072 0.5 13649
1668585255518 0.8571428656578064 13699
1668585269101 1.0 13749
1668585282667 0.6666666865348816 13799
1668585296243 0.0 13849
1668585321710 0.0 13899
1668585335273 0.5 13949
1668585348846 0.0 13999
1668585362421 0.0 14049
1668585375996 0.5 14099
1668585401467 0.0 14149
1668585415045 0.6666666865348816 14199
1668585428908 0.5 14249
1668585442499 0.0 14299
1668585468050 0.0 14349
1668585481631 0.0 14399
1668585495208 0.0 14449
1668585508801 0.0 14499
1668585534596 0.0 14549
1668585548169 0.0 14599
1668585561758 0.0 14649
1668585575360 0.6666666865348816 14699
1668585588950 0.0 14749
1668585614329 0.0 14799
1668585627917 0.6666666865348816 14849
1668585641498 0.0 14899
1668585655056 0.0 14949
1668585680696 0.0 14999
1668585694268 0.0 15049
1668585707844 0.0 15099
1668585721425 0.5 15149
1668585746840 0.0 15199
1668585760393 0.0 15249
1668585773966 0.6666666865348816 15299
1668585787538 0.5 15349
1668585801108 0.0 15399
1668585826482 0.5 15449
1668585840043 0.6666666865348816 15499
1668585853622 0.5714285969734192 15549
1668585867213 0.0 15599
1668585892758 0.0 15649
1668585906344 0.800000011920929 15699
1668585919938 0.5 15749
1668585933512 0.3333333432674408 15799
1668585958798 0.0 15849
1668585972351 0.0 15899
1668585985919 0.4000000059604645 15949
1668585999487 0.5 15999
1668586013056 0.0 16049
1668586038444 0.0 16099
1668586052009 0.0 16149
1668586065582 0.5 16199
1668586079139 0.0 16249
1668586104762 0.0 16299
1668586118338 0.0 16349
1668586131921 0.800000011920929 16399
1668586145503 0.0 16449
1668586170875 0.0 16499
1668586184431 0.0 16549
1668586197998 0.4000000059604645 16599
1668586211587 0.6666666865348816 16649
1668586225173 0.0 16699
1668586250660 0.5 16749
1668586264232 0.0 16799
1668586277806 0.6666666865348816 16849
1668586291371 0.4000000059604645 16899
1668586316864 0.6666666865348816 16949
1668586330467 0.0 16999
1668586344077 0.0 17049
1668586357683 0.0 17099
1668586383126 0.0 17149
1668586396676 0.3333333134651184 17199
1668586410243 0.0 17249
1668586423809 0.6666666865348816 17299
1668586437375 0.0 17349
1668586462837 0.6666666865348816 17399
1668586476414 0.4000000059604645 17449
1668586489991 0.0 17499
1668586503575 0.6666666865348816 17549
1668586529093 0.0 17599
1668586542654 0.0 17649
1668586556225 0.0 17699
1668586569789 0.3333333134651184 17749
1668586595307 0.4000000059604645 17799
1668586608877 0.0 17849
1668586622479 0.0 17899
1668586636056 0.2857142984867096 17949
1668586649633 0.0 17999
1668586675024 0.0 18049
1668586688611 0.6666666865348816 18099
1668586702202 0.0 18149
1668586715781 0.5 18199
1668586741044 0.5 18249
1668586754646 1.0 18299
1668586768252 0.0 18349
1668586781863 0.5 18399
1668586807304 0.4000000059604645 18449
1668586820855 0.0 18499
1668586834435 1.0 18549
1668586847988 0.4000000059604645 18599
1668586861561 0.0 18649
1668586887066 0.5 18699
1668586900634 0.5714285969734192 18749
1668586914191 0.4000000059604645 18799
1668586927762 0.4000000059604645 18849
1668586953137 0.0 18899
1668586966706 0.5 18949
1668586980274 0.0 18999
1668586993879 0.0 19049
1668587019475 0.5 19099
1668587033026 0.0 19149
1668587046618 0.0 19199
1668587060193 0.6666666865348816 19249
1668587073770 0.4000000059604645 19299
1668587099340 0.0 19349
1668587112975 0.0 19399
1668587126558 0.0 19449
1668587140151 0.4000000059604645 19499
1668587165688 0.6666666865348816 19549
1668587179273 0.0 19599
1668587192860 0.5 19649
1668587206443 0.0 19699
1668587231847 0.0 19749
1668587245397 0.6666666865348816 19799
1668587258972 0.5 19849
1668587272555 0.0 19899
1668587286145 0.5 19949
1668587311618 0.5 19999
1668587325182 0.4000000059604645 20049
1668587338740 0.888888955116272 20099
1668587352305 0.0 20149
1668587377773 0.0 20199
1668587391364 0.4000000059604645 20249
1668587404949 0.0 20299
1668587418525 0.6666666865348816 20349
1668587443905 0.6666666865348816 20399
1668587457475 0.0 20449
1668587471085 0.0 20499
1668587484710 0.0 20549
1668587498321 0.0 20599
1668587523814 0.6666666865348816 20649
1668587537389 0.800000011920929 20699
1668587550956 0.0 20749
1668587564535 0.6666666865348816 20799
1668587590020 0.6666666865348816 20849
1668587603631 0.0 20899
1668587617477 0.0 20949
1668587631064 0.0 20999
1668587656526 0.4000000059604645 21049
1668587670104 0.0 21099
1668587683680 0.0 21149
1668587697266 0.0 21199
1668587710857 0.5 21249
1668587736252 0.0 21299
1668587749832 0.0 21349
1668587763433 0.0 21399
1668587777001 0.0 21449
1668587802236 0.5 21499
1668587815811 0.0 21549
1668587829411 0.3333333134651184 21599
1668587842993 0.3333333134651184 21649
1668587856425 0.0 21699
1668587882054 0.0 21749
1668587895642 0.5 21799
1668587909223 0.0 21849
1668587922800 1.0 21899
1668587947901 0.0 21949
1668587961508 0.6666666865348816 21999
1668587975116 0.0 22049
1668587988717 0.0 22099
1668588014090 0.6666666865348816 22149
1668588027672 0.0 22199
1668588041263 0.0 22249
1668588054847 0.0 22299
1668588068439 0.5714285969734192 22349
1668588093965 0.6666666865348816 22399
1668588107560 0.0 22449
1668588121163 0.5 22499
1668588134773 0.4000000059604645 22549
1668588159983 0.4000000059604645 22599
1668588173572 0.0 22649
1668588187176 0.0 22699
1668588200768 1.0 22749
1668588226038 0.5 22799
1668588239617 0.0 22849
1668588253206 0.0 22899
1668588266782 0.0 22949
1668588280359 0.0 22999
1668588305596 0.5 23049
1668588319184 0.0 23099
1668588332761 0.4000000059604645 23149
1668588346343 0.0 23199
1668588372065 0.0 23249
1668588385659 0.0 23299
1668588399230 0.4000000059604645 23349
1668588412813 0.0 23399
1668588438539 0.0 23449
1668588452116 0.5 23499
1668588465691 0.0 23549
1668588479260 0.0 23599
1668588492839 0.0 23649
1668588518307 0.0 23699
1668588531883 0.4000000059604645 23749
1668588545466 0.6666666865348816 23799
1668588559064 1.0 23849
1668588584459 0.0 23899
1668588598045 0.800000011920929 23949
1668588611631 0.6666666865348816 23999
1668588625203 0.0 24049
1668588650560 0.0 24099
1668588664125 0.0 24149
1668588677712 0.6666666865348816 24199
1668588691305 0.0 24249
1668588704874 0.0 24299
1668588730390 0.6666666865348816 24349
1668588743977 0.800000011920929 24399
1668588757558 0.0 24449
1668588771134 0.0 24499
1668588796666 0.0 24549
1668588810250 0.800000011920929 24599
1668588823833 0.0 24649
1668588837424 0.0 24699
1668588862787 1.0 24749
1668588876357 1.0 24799
1668588889912 0.6666666865348816 24849
1668588903503 0.0 24899
1668588917062 0.0 24949
1668588942701 0.0 24999
1668588956294 0.0 25049
1668588969873 0.5 25099
1668588983448 0.5 25149
1668589008983 0.0 25199
1668589022562 0.6666666865348816 25249
1668589036140 0.6666666865348816 25299
1668589049722 0.5 25349
1668589075115 0.0 25399
1668589088698 0.6666666865348816 25449
1668589102274 0.0 25499
1668589115856 0.0 25549
1668589129437 0.5 25599
1668589155207 1.0 25649
1668589168791 0.6666666865348816 25699
1668589182376 0.4000000059604645 25749
1668589195987 0.5714285969734192 25799
1668589221490 0.0 25849
1668589235073 0.3333333134651184 25899
1668589248655 0.0 25949
1668589262249 0.0 25999
1668589287685 0.5 26049
1668589301269 0.0 26099
1668589314853 0.0 26149
1668589328451 0.0 26199
1668589342040 0.4000000059604645 26249
1668589367742 0.0 26299
1668589381303 0.800000011920929 26349
1668589394874 0.0 26399
1668589408453 0.5 26449
1668589433887 0.4000000059604645 26499
1668589447485 0.8571428656578064 26549
1668589461095 0.0 26599
1668589474670 0.0 26649
1668589500376 0.4000000059604645 26699
1668589513951 0.6666666865348816 26749
1668589527522 0.0 26799
1668589541089 0.5 26849
1668589554666 0.6666666865348816 26899
1668589580239 0.0 26949
1668589593814 0.4000000059604645 26999
1668589607392 1.0 27049
1668589620964 0.0 27099
1668589646422 1.0 27149
1668589659999 0.0 27199
1668589673585 0.0 27249
1668589687171 1.0 27299
1668589712782 0.0 27349
1668589726353 0.6666666865348816 27399
1668589739947 1.0 27449
1668589753542 0.0 27499
1668589767134 0.8571428656578064 27549
1668589792539 0.0 27599
1668589806135 0.0 27649
1668589819726 0.5 27699
1668589833321 0.0 27749
1668589858717 0.800000011920929 27799
1668589872330 0.0 27849
1668589885930 0.5 27899
1668589899511 0.0 27949
1668589925016 0.6666666865348816 27999
1668589938579 0.0 28049
1668589952169 0.800000011920929 28099
1668589965753 0.4000000059604645 28149
1668589979339 0.0 28199
1668590004984 1.0 28249
1668590018559 1.0 28299
1668590032135 0.0 28349
1668590045738 0.0 28399
1668590071214 0.5 28449
1668590084781 0.5 28499
1668590098365 0.0 28549
1668590111937 1.0 28599
1668590137282 0.0 28649
1668590150837 0.0 28699
1668590164408 0.4000000059604645 28749
1668590177979 0.0 28799
1668590191568 0.5 28849
1668590216874 0.5 28899
1668590230454 0.800000011920929 28949
1668590244032 0.5 28999
1668590257613 0.0 29049
1668590282976 0.5 29099
1668590296577 0.0 29149
1668590310168 1.0 29199
1668590323751 0.0 29249
1668590349265 0.6666666865348816 29299
1668590362820 0.5 29349
1668590376409 0.0 29399
1668590389994 0.6666666865348816 29449
1668590403579 0.5 29499
1668590428925 0.0 29549
1668590442512 0.0 29599
1668590456071 0.0 29649
1668590469644 0.0 29699
1668590495280 0.0 29749
1668590508864 0.0 29799
1668590522454 0.0 29849
1668590536034 0.0 29899
1668590561337 0.6666666865348816 29949
1668590574903 0.4000000059604645 29999
1668590588487 0.6666666865348816 30049
1668590602082 0.0 30099
1668590615674 0.0 30149
1668590640922 0.5 30199
1668590654518 1.0 30249
1668590668112 0.6666666865348816 30299
1668590681705 1.0 30349
1668590707244 0.0 30399
1668590720829 0.3333333134651184 30449
1668590734392 0.0 30499
1668590747975 0.4000000059604645 30549
1668590773468 0.5 30599
1668590787050 0.6666666865348816 30649
1668590800630 0.4000000059604645 30699
1668590814195 0.4000000059604645 30749
1668590827771 0.800000011920929 30799
1668590853105 0.5 30849
1668590866700 0.0 30899
1668590880261 0.5 30949
1668590893831 0.800000011920929 30999
1668590919403 0.0 31049
1668590933142 0.6666666865348816 31099
1668590946728 0.6666666865348816 31149
1668590960301 0.0 31199
1668590985591 0.5 31249
1668590999146 0.0 31299
1668591012725 0.4000000059604645 31349
1668591026305 0.0 31399
1668591039883 0.0 31449
1668591065364 0.0 31499
1668591078946 0.800000011920929 31549
1668591092534 0.0 31599
1668591106116 0.5 31649
1668591131466 0.6666666865348816 31699
1668591145082 0.0 31749
1668591158686 0.0 31799
1668591172293 0.8571428656578064 31849
1668591197841 0.0 31899
1668591211414 0.0 31949
1668591224974 0.5 31999
1668591238553 0.4000000059604645 32049
1668591252129 0.0 32099
1668591277544 0.0 32149
1668591291120 1.0 32199
1668591304728 0.6666666865348816 32249
1668591318324 0.0 32299
1668591343705 0.0 32349
1668591357283 0.5 32399
1668591370886 0.5 32449
1668591384483 1.0 32499
1668591397911 0.0 32549
1668591423676 0.0 32599
1668591437258 0.0 32649
1668591450844 0.0 32699
1668591464425 0.0 32749
1668591490152 0.0 32799
1668591503721 0.0 32849
1668591517307 0.800000011920929 32899
1668591530873 0.4000000059604645 32949
1668591556585 0.5 32999
1668591570190 0.0 33049
1668591583798 0.0 33099
1668591597395 0.6666666865348816 33149
1668591610990 0.6666666865348816 33199
1668591636410 0.6666666865348816 33249
1668591649992 0.0 33299
1668591663585 0.4000000059604645 33349
1668591677186 1.0 33399
1668591702594 0.6666666865348816 33449
1668591716170 1.0 33499
1668591729761 0.0 33549
1668591743332 0.0 33599
1668591769004 0.0 33649
1668591782579 0.0 33699
1668591796169 0.0 33749
1668591809746 0.0 33799
1668591823320 0.0 33849
1668591848826 0.6666666865348816 33899
1668591862397 0.4000000059604645 33949
1668591875977 0.0 33999
1668591889567 1.0 34049
1668591914907 0.0 34099
1668591928480 0.0 34149
1668591942057 0.0 34199
1668591955647 0.5 34249
1668591981372 0.5 34299
1668591994945 0.5 34349
1668592008538 0.4000000059604645 34399
1668592022123 0.0 34449
1668592035713 1.0 34499
1668592061111 0.6666666865348816 34549
1668592074701 0.6666666865348816 34599
1668592088302 0.3333333134651184 34649
1668592101900 0.5 34699
1668592127247 0.0 34749
1668592140824 0.0 34799
1668592154414 0.6666666865348816 34849
1668592167987 0.0 34899
1668592193297 0.4000000059604645 34949
1668592206873 0.0 34999
1668592220470 0.0 35049
1668592234061 0.0 35099
1668592247649 0.0 35149
1668592273039 0.0 35199
1668592286627 0.0 35249
1668592300215 1.0 35299
1668592313806 0.6666666865348816 35349
1668592339267 0.0 35399
1668592352856 0.0 35449
1668592366442 0.0 35499
1668592380030 0.6666666865348816 35549
1668592405426 0.6666666865348816 35599
1668592418991 0.0 35649
1668592432557 0.0 35699
1668592446130 0.0 35749
1668592459713 0.0 35799
1668592485141 0.5 35849
1668592498753 0.0 35899
1668592512350 0.5 35949
1668592525936 1.0 35999
1668592551507 0.5 36049
1668592565102 0.4000000059604645 36099
1668592578679 0.0 36149
1668592592272 0.5 36199
1668592617729 0.0 36249
1668592631288 0.0 36299
1668592644876 0.800000011920929 36349
1668592658471 0.0 36399
1668592672044 0.6666666865348816 36449
1668592697600 0.800000011920929 36499
1668592711165 1.0 36549
1668592724733 0.6666666865348816 36599
1668592738300 0.0 36649
1668592763528 0.0 36699
1668592777106 1.0 36749
1668592790681 0.0 36799
1668592804271 0.0 36849
1668592829661 0.5 36899
1668592843220 0.0 36949
1668592856784 0.0 36999
1668592870356 0.8571428656578064 37049
1668592883919 0.5 37099
1668592909494 0.75 37149
1668592923081 0.6666666865348816 37199
1668592936665 0.0 37249
1668592950252 0.0 37299
1668592975614 0.4000000059604645 37349
1668592989181 0.0 37399
1668593002747 0.5 37449
1668593016307 1.0 37499
1668593041706 0.4000000059604645 37549
1668593055286 0.0 37599
1668593068868 0.0 37649
1668593082453 1.0 37699
1668593096054 0.0 37749
1668593121234 0.6666666865348816 37799
1668593134833 1.0 37849
1668593148428 0.0 37899
1668593162029 0.0 37949
1668593187544 0.5714285969734192 37999
1668593201124 0.0 38049
1668593214724 0.5 38099
1668593228308 0.5 38149
1668593253767 1.0 38199
1668593267325 0.6666666865348816 38249
1668593280918 0.6666666865348816 38299
1668593294491 0.0 38349
1668593308062 0.0 38399
1668593333655 0.6666666865348816 38449
1668593347249 0.0 38499
1668593360837 0.6666666865348816 38549
1668593374411 0.0 38599
1668593400210 1.0 38649
1668593413793 0.0 38699
1668593427373 0.5 38749
1668593440953 0.5714285969734192 38799
1668593466802 0.0 38849
1668593480378 0.0 38899
1668593493972 0.5 38949
1668593507555 0.6666666865348816 38999
1668593521144 0.0 39049
1668593546539 0.6666666865348816 39099
1668593560122 0.0 39149
1668593573691 0.0 39199
1668593587272 0.5 39249
1668593612746 0.0 39299
1668593626306 0.5 39349
1668593639868 0.0 39399
1668593653435 0.800000011920929 39449
1668593678928 0.6666666865348816 39499
1668593692468 0.4000000059604645 39549
1668593706063 0.0 39599
1668593719683 0.0 39649
1668593733287 0.0 39699
1668593758643 0.0 39749
1668593772220 1.0 39799
1668593785797 1.0 39849
1668593799375 0.0 39899
1668593824994 0.5714285969734192 39949
1668593838575 0.6666666865348816 39999
1668593852152 0.0 40049
1668593865740 1.0 40099
1668593890895 0.6666666865348816 40149
1668593904456 0.6666666865348816 40199
1668593918038 0.0 40249
1668593931632 0.0 40299
1668593945244 0.0 40349
1668593970612 0.6666666865348816 40399
1668593984212 1.0 40449
1668593997808 1.0 40499
1668594011397 0.0 40549
1668594036848 0.5 40599
1668594050431 0.6666666865348816 40649
1668594064016 0.5714285969734192 40699
1668594077594 0.0 40749
1668594102993 0.0 40799
1668594116584 0.0 40849
1668594130189 0.0 40899
1668594143796 0.5 40949
1668594157390 0.5714285969734192 40999
1668594182782 0.5 41049
1668594196376 0.5 41099
1668594209990 0.0 41149
1668594223596 0.8571428656578064 41199
1668594249109 0.0 41249
1668594262697 0.5 41299
1668594276280 0.4000000059604645 41349
1668594289879 0.0 41399
1668594315452 0.0 41449
1668594329003 0.4000000059604645 41499
1668594342571 0.6666666865348816 41549
1668594356154 0.5 41599
1668594369731 0.4000000059604645 41649
1668594395584 0.0 41699
1668594409188 0.5714285373687744 41749
1668594422767 0.6666666865348816 41799
1668594436353 0.0 41849
1668594461776 0.0 41899
1668594475352 0.0 41949
1668594488943 0.6666666865348816 41999
1668594502522 0.0 42049
1668594527970 0.6666666865348816 42099
1668594541542 0.5714285373687744 42149
1668594555129 0.0 42199
1668594568701 0.6666666865348816 42249
1668594582264 0.800000011920929 42299
1668594607590 0.6666666865348816 42349
1668594621168 0.5 42399
1668594634752 0.0 42449
1668594648340 1.0 42499
1668594673798 0.0 42549
1668594687373 0.0 42599
1668594700936 0.4000000059604645 42649
1668594714504 0.6666666865348816 42699
1668594739996 0.800000011920929 42749
1668594753580 0.5 42799
1668594767159 0.0 42849
1668594780748 0.0 42899
1668594794342 0.0 42949
1668594819869 0.0 42999
1668594833439 0.5 43049
1668594847048 1.0 43099
1668594860642 0.0 43149
1668594886142 0.4000000059604645 43199
1668594899706 0.800000011920929 43249
1668594913287 0.0 43299
1668594926868 0.0 43349
1668594940270 0.0 43399
1668594965726 1.0 43449
1668594979326 0.6666666865348816 43499
1668594992917 0.4000000059604645 43549
1668595006489 1.0 43599
1668595032115 0.6666666865348816 43649
1668595045694 0.0 43699
1668595059290 0.4000000059604645 43749
1668595072910 0.0 43799
1668595098276 0.5 43849
1668595111834 0.0 43899
1668595125408 0.800000011920929 43949
1668595138975 0.0 43999
1668595152555 0.5 44049
1668595177882 0.0 44099
1668595191470 0.4000000059604645 44149
1668595205061 0.800000011920929 44199
1668595218646 0.0 44249
1668595243861 0.0 44299
1668595257430 0.0 44349
1668595271017 0.800000011920929 44399
1668595284604 0.0 44449
1668595309914 0.6666666865348816 44499
1668595323501 0.5 44549
1668595337094 0.4000000059604645 44599
1668595350689 0.5714285969734192 44649
1668595364286 0.0 44699
1668595389372 0.0 44749
1668595402961 0.4000000059604645 44799
1668595416529 0.0 44849
1668595430111 0.0 44899
1668595455708 1.0 44949
1668595469301 0.0 44999
1668595482882 0.0 45049
1668595496473 1.0 45099
1668595521967 0.4000000059604645 45149
1668595535542 0.4000000059604645 45199
1668595549131 0.0 45249
1668595562719 0.5 45299
1668595576286 0.0 45349
1668595601938 0.5 45399
1668595615549 0.0 45449
1668595629146 1.0 45499
1668595642763 0.5 45549
1668595668339 0.0 45599
1668595681930 0.0 45649
1668595695533 0.0 45699
1668595709140 0.6666666865348816 45749
1668595734889 0.3333333134651184 45799
1668595748470 0.0 45849
1668595762067 1.0 45899
1668595775665 0.0 45949
1668595789241 0.5 45999
1668595814770 0.3333333134651184 46049
1668595828350 0.0 46099
1668595841916 1.0 46149
1668595855689 0.0 46199
1668595881165 0.4000000059604645 46249
1668595894741 0.0 46299
1668595908307 0.0 46349
1668595921892 0.5 46399
1668595947302 0.0 46449
1668595960873 0.0 46499
1668595974459 0.0 46549
1668595988049 0.0 46599
1668596001626 0.0 46649
1668596027005 0.5 46699
1668596040601 0.6666666865348816 46749
1668596054192 0.5 46799
1668596067764 0.6666666865348816 46849
1668596093222 0.800000011920929 46899
1668596106823 0.800000011920929 46949
1668596120409 0.0 46999
1668596134001 1.0 47049
1668596159729 0.5 47099
1668596173306 0.800000011920929 47149
1668596186885 0.0 47199
1668596200470 0.0 47249
1668596214050 0.5 47299
1668596239660 0.3333333432674408 47349
1668596253232 0.5714285969734192 47399
1668596266808 0.6666666865348816 47449
1668596280382 0.4000000059604645 47499
1668596305831 0.0 47549
1668596319412 0.5 47599
1668596332994 0.0 47649
1668596346573 0.5 47699
1668596372228 0.6666666865348816 47749
1668596385780 0.0 47799
1668596399351 0.0 47849
1668596412954 0.5 47899
1668596426540 0.0 47949
1668596451987 0.0 47999
1668596465557 0.5 48049
1668596479131 0.0 48099
1668596492700 0.0 48149
1668596518143 0.4000000059604645 48199
1668596531713 0.0 48249
1668596545280 0.6666666865348816 48299
1668596558853 0.0 48349
1668596584049 0.6666666865348816 48399
1668596597622 0.0 48449
1668596611209 0.0 48499
1668596624808 0.0 48549
1668596638396 0.6666666865348816 48599
1668596663880 0.5 48649
1668596677438 0.4000000059604645 48699
1668596691025 0.0 48749
1668596704588 0.0 48799
1668596729743 0.0 48849
1668596743320 0.0 48899
1668596756905 0.6666666865348816 48949
1668596770488 0.0 48999
1668596796028 0.6666666865348816 49049
1668596809577 0.3333333134651184 49099
1668596823140 0.800000011920929 49149
1668596836695 0.0 49199
1668596850269 0.8571428656578064 49249
1668596875792 0.6666666865348816 49299
1668596889398 1.0 49349
1668596902999 0.6666666865348816 49399
1668596916578 0.0 49449
1668596942138 0.0 49499
1668596955740 0.6666666865348816 49549
1668596969353 0.4000000059604645 49599
1668596982936 0.0 49649
1668597008290 0.0 49699
1668597021855 0.0 49749
1668597035432 0.5 49799
1668597048993 0.0 49849
1668597062573 0.0 49899
1668597088021 0.5 49949
1668597101595 0.0 49999
1668597115165 0.4000000059604645 50049
1668597128743 0.0 50099
1668597154137 0.5 50149
1668597167733 0.0 50199
1668597181338 0.0 50249
1668597194931 0.0 50299
1668597220355 0.3333333432674408 50349
1668597233915 0.0 50399
1668597247512 0.2857142984867096 50449
1668597261099 0.5 50499
1668597274686 0.0 50549
1668597299920 1.0 50599
1668597313517 0.0 50649
1668597327091 0.0 50699
1668597340678 0.6666666865348816 50749
1668597366174 0.6666666865348816 50799
1668597379808 1.0 50849
1668597393420 0.4000000059604645 50899
1668597407028 0.0 50949
1668597432877 0.6666666865348816 50999
1668597446454 0.4000000059604645 51049
1668597460055 0.0 51099
1668597473635 0.0 51149
1668597487212 0.0 51199
1668597512945 0.0 51249
1668597526536 0.0 51299
1668597540106 0.0 51349
1668597553697 0.0 51399
1668597579528 0.6666666865348816 51449
1668597593129 0.0 51499
1668597606696 0.6666666865348816 51549
1668597620260 0.6666666865348816 51599
1668597645703 0.0 51649
1668597659271 0.0 51699
1668597672872 0.4000000059604645 51749
1668597686459 0.4000000059604645 51799
1668597700052 0.5 51849
1668597725449 0.5 51899
1668597739044 0.0 51949
1668597752646 0.0 51999
1668597766230 0.5 52049
1668597791457 0.4000000059604645 52099
1668597805051 0.0 52149
1668597818642 0.0 52199
1668597832237 0.0 52249
1668597857934 0.0 52299
1668597871493 0.0 52349
1668597885071 0.0 52399
1668597898650 0.2857142984867096 52449
1668597912239 0.0 52499
1668597937703 0.0 52549
1668597951294 0.0 52599
1668597964882 0.6666666865348816 52649
1668597978472 0.0 52699
1668598004156 0.0 52749
1668598017741 0.0 52799
1668598031309 0.800000011920929 52849
1668598044905 0.0 52899
1668598070371 0.0 52949
1668598083940 0.0 52999
1668598097507 0.0 53049
1668598111083 0.0 53099
1668598124656 0.0 53149
1668598149967 0.0 53199
1668598163555 0.6666666865348816 53249
1668598177128 1.0 53299
1668598190708 0.0 53349
1668598216191 0.3333333134651184 53399
1668598229768 0.6666666865348816 53449
1668598243333 0.0 53499
1668598256916 0.0 53549
1668598282438 0.0 53599
1668598296003 0.5 53649
1668598309571 0.5 53699
1668598323144 0.0 53749
1668598336718 0.0 53799
1668598362115 0.5 53849
1668598375673 0.0 53899
1668598389250 0.6666666865348816 53949
1668598402836 0.0 53999
1668598428299 0.6666666865348816 54049
1668598441881 1.0 54099
1668598455458 0.6666666865348816 54149
1668598469025 0.0 54199
1668598482423 0.0 54249
1668598508246 0.6666666865348816 54299
1668598521827 0.5714285969734192 54349
1668598535419 0.6666666865348816 54399
1668598548995 0.6666666865348816 54449
1668598574336 0.0 54499
1668598587914 0.0 54549
1668598601502 0.0 54599
1668598615076 0.0 54649
1668598640553 0.0 54699
1668598654141 0.6666666865348816 54749
1668598667732 0.0 54799
1668598681322 0.6666666865348816 54849
1668598694923 0.0 54899
1668598720414 0.6666666865348816 54949
1668598733999 0.0 54999
1668598747594 1.0 55049
1668598761190 0.0 55099
1668598786557 0.0 55149
1668598800130 0.0 55199
1668598813735 0.0 55249
1668598827322 0.0 55299
1668598852794 0.0 55349
1668598866361 0.0 55399
1668598879943 0.0 55449
1668598893518 0.0 55499
1668598907097 0.0 55549
1668598932525 0.0 55599
1668598946109 0.0 55649
1668598959686 0.0 55699
1668598973256 0.6666666865348816 55749
1668598998713 0.4000000059604645 55799
1668599012292 0.0 55849
1668599025874 1.0 55899
1668599039455 0.0 55949
1668599065061 0.6666666865348816 55999
1668599078641 0.0 56049
1668599092246 0.5 56099
1668599105852 0.5 56149
1668599119425 0.0 56199
1668599144915 0.0 56249
1668599158495 0.0 56299
1668599172093 0.6666666865348816 56349
1668599185705 0.5 56399
1668599211393 0.0 56449
1668599224997 0.0 56499
1668599238581 0.0 56549
1668599252161 0.0 56599
1668599277688 0.5 56649
1668599291283 0.0 56699
1668599304862 0.0 56749
1668599318427 0.5 56799
1668599331995 0.0 56849
1668599357545 0.5714285969734192 56899
1668599371123 0.5 56949
1668599384699 0.0 56999
1668599398279 1.0 57049
1668599423586 0.0 57099
1668599437195 0.0 57149
1668599450788 0.0 57199
1668599464383 0.0 57249
1668599489912 0.0 57299
1668599503499 0.0 57349
1668599517092 0.0 57399
1668599530676 1.0 57449
1668599544266 0.4000000059604645 57499
1668599569713 0.6666666865348816 57549
1668599583312 0.6666666865348816 57599
1668599596897 0.5 57649
1668599610487 0.5 57699
1668599636079 0.0 57749
1668599649665 0.5 57799
1668599663233 0.5 57849
1668599676814 0.0 57899
1668599702450 0.5 57949
1668599716006 0.0 57999
1668599729586 0.0 58049
1668599743167 0.800000011920929 58099
1668599756742 0.4000000059604645 58149
1668599782196 0.0 58199
1668599795789 1.0 58249
1668599809374 0.0 58299
1668599822984 0.5714285969734192 58349
1668599848405 0.4000000059604645 58399
1668599861976 0.0 58449
1668599875552 0.0 58499
1668599889116 0.3333333134651184 58549
1668599914687 0.0 58599
1668599928379 0.0 58649
1668599941968 0.4000000059604645 58699
1668599955544 0.6666666865348816 58749
1668599969118 0.0 58799
1668599994594 0.0 58849
1668600008189 0.0 58899
1668600021778 0.6666666865348816 58949
1668600035358 0.2857142984867096 58999
1668600061034 0.6666666865348816 59049
1668600074615 0.800000011920929 59099
1668600088180 0.5 59149
1668600101741 0.6666666865348816 59199
1668600127254 0.800000011920929 59249
1668600140812 0.0 59299
1668600154386 0.0 59349
1668600167967 0.6666666865348816 59399
1668600181540 0.0 59449
1668600207029 0.0 59499
1668600220595 0.0 59549
1668600234155 0.0 59599
1668600247720 0.0 59649
1668600273085 0.0 59699
1668600286666 0.0 59749
1668600300267 0.0 59799
1668600313862 0.0 59849
1668600339640 0.0 59899
1668600353223 0.800000011920929 59949
1668600366831 0.5 59999
1668600380421 0.6666666865348816 60049
1668600394021 0.0 60099
1668600419401 0.800000011920929 60149
1668600432991 0.0 60199
1668600446577 0.0 60249
1668600460174 0.4000000059604645 60299
1668600485559 0.6666666865348816 60349
1668600499132 0.6666666865348816 60399
1668600512722 0.0 60449
1668600526305 0.5 60499
1668600552044 0.0 60549
1668600565610 0.800000011920929 60599
1668600579189 0.0 60649
1668600592769 0.0 60699
1668600606357 1.0 60749
1668600631975 0.0 60799
1668600645550 0.5 60849
1668600659116 0.4000000059604645 60899
1668600672702 1.0 60949
1668600698349 0.0 60999
1668600711935 0.5 61049
1668600725540 0.6666666865348816 61099
1668600739159 0.6666666865348816 61149
1668600764837 0.0 61199
1668600778388 0.4000000059604645 61249
1668600791981 0.6666666865348816 61299
1668600805562 0.800000011920929 61349
1668600819141 0.0 61399
1668600844452 0.6666666865348816 61449
1668600858040 0.6666666865348816 61499
1668600871624 0.0 61549
1668600885202 0.5 61599
1668600910685 0.6666666865348816 61649
1668600924265 0.5 61699
1668600937841 0.0 61749
1668600951412 0.0 61799
1668600976954 0.0 61849
1668600990516 0.5 61899
1668601004108 0.8571428656578064 61949
1668601017691 0.0 61999
1668601031286 1.0 62049
1668601056714 0.0 62099
1668601070286 0.6666666865348816 62149
1668601083854 0.0 62199
1668601097451 0.0 62249
1668601123030 0.0 62299
1668601136607 0.5 62349
1668601150198 0.0 62399
1668601163781 0.6666666865348816 62449
1668601189150 0.0 62499
1668601202718 0.0 62549
1668601216299 0.6666666865348816 62599
1668601229887 0.0 62649
1668601243472 0.0 62699
1668601269282 0.0 62749
1668601282871 0.6666666865348816 62799
1668601296459 0.0 62849
1668601310052 0.0 62899
1668601335818 0.3333333134651184 62949
1668601349431 0.6666666865348816 62999
1668601363031 0.0 63049
1668601376627 0.5 63099
1668601402942 0.0 63149
1668601416487 0.0 63199
1668601430060 0.0 63249
1668601443643 0.5 63299
1668601457229 0.0 63349
1668601483038 0.0 63399
1668601496624 0.0 63449
1668601510209 0.0 63499
1668601523806 0.6666666865348816 63549
1668601549092 0.5 63599
1668601562684 0.0 63649
1668601576276 0.5714285969734192 63699
1668601589863 0.0 63749
1668601616084 0.6666666865348816 63799
1668601629633 0.0 63849
1668601643209 0.0 63899
1668601656784 0.0 63949
1668601670392 0.0 63999
1668601695847 0.5 64049
1668601709423 0.800000011920929 64099
1668601722993 0.800000011920929 64149
1668601736564 0.6666666865348816 64199
1668601761984 0.0 64249
1668601775556 0.0 64299
1668601789132 0.0 64349
1668601802720 0.0 64399
1668601828193 0.0 64449
1668601841755 0.5 64499
1668601855336 0.0 64549
1668601868947 0.0 64599
1668601882542 0.0 64649
1668601907860 0.0 64699
1668601921443 0.6666666865348816 64749
1668601935055 1.0 64799
1668601948658 0.5 64849
1668601974068 0.6666666865348816 64899
1668601987647 1.0 64949
1668602001231 1.0 64999
1668602014825 0.0 65049
1668602028242 0.0 65099
