1668580867654 1.925933200621514 216
1668580937708 1.872633278391523 433
1668581007895 1.807290088288361 650
1668581078073 1.781602373730277 867
1668581148347 1.7718928955189952 1084
1668581218777 1.7680598142572872 1301
1668581289293 1.7677638782712388 1518
1668581359770 1.7678387025619715 1735
1668581430510 1.76729284230368 1952
1668581500929 1.7666357509824777 2169
1668581571454 1.7663310387281865 2386
1668581642121 1.766653834157612 2603
1668581712658 1.76653557734106 2820
1668581783228 1.7642753440654002 3037
1668581853586 1.7662628859202214 3254
1668581924195 1.7664198781731761 3471
1668581994440 1.7661017603241882 3688
1668582065193 1.7652822501115355 3905
1668582135722 1.7634586739632594 4122
1668582206307 1.7647887014874588 4339
1668582277156 1.7648257782810857 4556
1668582347654 1.7657719945394812 4773
1668582418539 1.7663097947146045 4990
1668582489459 1.7643305965127347 5207
1668582560247 1.7651753729878892 5424
1668582630696 1.7656329908231134 5641
1668582701494 1.7645479898070744 5858
1668582772365 1.76398056792041 6075
1668582842245 1.7642476132164795 6292
1668582913028 1.7644693888331417 6509
1668582983851 1.7630721151814746 6726
1668583054508 1.7655064555782922 6943
1668583125465 1.7631419987123602 7160
1668583196184 1.7645575422318878 7377
1668583266900 1.7633101208207551 7594
1668583336866 1.7643830805818723 7811
1668583407888 1.7642399361129848 8028
1668583478351 1.7632642333591535 8245
1668583549364 1.7642347508696095 8462
1668583619939 1.762362457898533 8679
1668583690612 1.7647501274948971 8896
1668583761266 1.762594035314 9113
1668583831808 1.7625108140994257 9330
1668583902543 1.7629677437920241 9547
1668583973227 1.7623429819238237 9764
1668584044052 1.7623265804868233 9981
1668584114731 1.7619892714272136 10198
1668584185479 1.7627894406216285 10415
1668584256252 1.7620434697991878 10632
1668584327156 1.7627545259822077 10849
1668584397885 1.7623129046895467 11066
1668584468600 1.7631856570900872 11283
1668584539441 1.7628069132964221 11500
1668584610254 1.7639152331009684 11717
1668584680926 1.7604489756764483 11934
1668584751680 1.7613804290045003 12151
1668584822478 1.7627001956372639 12368
1668584893292 1.762125864023153 12585
1668584964151 1.7616679566094515 12802
1668585034866 1.7604706574798963 13019
1668585105480 1.7609398445814757 13236
1668585176347 1.7619292725457265 13453
1668585247115 1.762013816292425 13670
1668585317904 1.7621919521982017 13887
1668585388749 1.7619987254847067 14104
1668585459900 1.7606105302454922 14321
1668585531056 1.7612088595448532 14538
1668585601844 1.7625224222491562 14755
1668585672841 1.7614320097574856 14972
1668585743600 1.7627970160877433 15189
1668585814271 1.7609433184414303 15406
1668585885139 1.760032873096109 15623
1668585955808 1.7612496153144215 15840
1668586026457 1.7620075878082986 16057
1668586097411 1.7609707106422594 16274
1668586168157 1.7616938435971907 16491
1668586239002 1.7610245370701758 16708
1668586309778 1.7608551492966706 16925
1668586380644 1.760960491904553 17142
1668586451388 1.7612872129557744 17359
1668586522318 1.7617994866024538 17576
1668586593090 1.7604687183844445 17793
1668586663942 1.7599888669550376 18010
1668586734531 1.7597007578036379 18227
1668586805390 1.7605207462541341 18444
1668586876196 1.7606397321152638 18661
1668586946887 1.7616525264996479 18878
1668587017800 1.760742902701595 19095
1668587088730 1.759985154632922 19312
1668587159717 1.760450156790479 19529
1668587230465 1.7603344213751748 19746
1668587301347 1.7610044279332944 19963
1668587372046 1.7607400405620834 20180
1668587442794 1.7594483491799573 20397
1668587513763 1.7604484645648484 20614
1668587584585 1.7599980940988464 20831
1668587655698 1.7590409176265431 21048
1668587726491 1.75940018753453 21265
1668587797078 1.7596138827730128 21482
1668587867947 1.759995126785007 21699
1668587938400 1.7597169961347785 21916
1668588009183 1.7594820035370924 22133
1668588080094 1.7610153111128404 22350
1668588150767 1.7586963112716676 22567
1668588221413 1.7599556153613958 22784
1668588292066 1.759092578094546 23001
1668588363069 1.7598288869442582 23218
1668588434171 1.7595216762998493 23435
1668588505008 1.7595190377325667 23652
1668588575784 1.759874374168231 23869
1668588646490 1.759621415013998 24086
1668588717358 1.7587947657625436 24303
1668588788268 1.7600155840443459 24520
1668588858901 1.7600988796433923 24737
1668588929925 1.759579055857877 24954
1668589000833 1.7602793957082867 25171
1668589071609 1.7591520715871718 25388
1668589142566 1.7604162915067834 25605
1668589213632 1.758939849669204 25822
1668589284397 1.7591054316284491 26039
1668589355512 1.75954206636887 26256
1668589426274 1.759141034893753 26473
1668589497343 1.7587300075827201 26690
1668589568254 1.7593159541113328 26907
1668589639067 1.759233926424018 27124
1668589710039 1.7578769511199168 27341
1668589780848 1.760063169534097 27558
1668589851674 1.7587297028425337 27775
1668589922557 1.7574518071352134 27992
1668589993551 1.75999257410134 28209
1668590064435 1.758971912921212 28426
1668590135094 1.7589983349665996 28643
1668590205736 1.7584217102992175 28860
1668590276462 1.7580255301777747 29077
1668590347350 1.7586257192709496 29294
1668590418093 1.7595773488357394 29511
1668590489028 1.758524134270591 29728
1668590559722 1.7577093485530129 29945
1668590630290 1.7579387043189292 30162
1668590701274 1.7579714949696115 30379
1668590772078 1.7580184089904984 30596
1668590842809 1.758501843750101 30813
1668590913618 1.7588381346830824 31030
1668590984498 1.7598273152652433 31247
1668591055286 1.7572885231147908 31464
1668591126024 1.757461952766954 31681
1668591197006 1.7599049187596656 31898
1668591267797 1.757749801008622 32115
1668591338576 1.758017683491617 32332
1668591409557 1.7570232022103882 32549
1668591480645 1.7587752207276983 32766
1668591551685 1.7578306782161655 32983
1668591622578 1.7583674635643012 33200
1668591693364 1.757496439728191 33417
1668591764338 1.7571865811013574 33634
1668591835295 1.7571999291434721 33851
1668591905924 1.758912515352944 34068
1668591977009 1.7575950025486644 34285
1668592047820 1.7582400608020574 34502
1668592118604 1.7579614878446705 34719
1668592189192 1.7563061880255322 34936
1668592259973 1.7578022229340577 35153
1668592330845 1.7575325572274394 35370
1668592401615 1.7566695575795122 35587
1668592472411 1.7575259114750423 35804
1668592543328 1.7579670373867808 36021
1668592614170 1.7578752588936473 36238
1668592685135 1.7580812543356936 36455
1668592755691 1.758305109370704 36672
1668592826392 1.7575952800397072 36889
1668592897296 1.75736094660482 37106
1668592968021 1.756224107893876 37323
1668593038707 1.7558454827633796 37540
1668593109327 1.7570167825611884 37757
1668593180197 1.75723574064556 37974
1668593250999 1.7569987710660548 38191
1668593321944 1.7570376019853555 38408
1668593393126 1.7572996786681394 38625
1668593464346 1.7570948454098632 38842
1668593535149 1.7573461278182654 39059
1668593605834 1.7566314280766553 39276
1668593676722 1.7562804265578609 39493
1668593747510 1.7572706619856655 39710
1668593818456 1.756543562416565 39927
1668593888960 1.7570777850270634 40144
1668593959755 1.7565126798726225 40361
1668594030610 1.7571704516086823 40578
1668594101333 1.7564144961829242 40795
1668594172186 1.7569858129211573 41012
1668594243138 1.755969083721473 41229
1668594314066 1.7557330563687241 41446
1668594385299 1.7574907180326282 41663
1668594456085 1.7571623369270521 41880
1668594526823 1.7562135282099 42097
1668594597563 1.755278372841621 42314
1668594668355 1.7571246133935152 42531
1668594739188 1.7560363103179977 42748
1668594810102 1.7561147274664692 42965
1668594881034 1.7548594377965119 43182
1668594951614 1.7569522554184593 43399
1668595022614 1.7556560163965895 43616
1668595093400 1.7569700687784182 43833
1668595164018 1.7558654163231975 44050
1668595234625 1.7556671588778952 44267
1668595305302 1.7560622317269028 44484
1668595375830 1.7557785288068024 44701
1668595446756 1.7551423157279715 44918
1668595517618 1.7549948071068338 45135
1668595588654 1.7551831621337266 45352
1668595659648 1.7554852172343594 45569
1668595730769 1.755480124233817 45786
1668595801720 1.7548733014451294 46003
1668595872771 1.7549062259421642 46220
1668595943483 1.7552272024305917 46437
1668596014240 1.754977411366119 46654
1668596084945 1.7555867405846197 46871
1668596156202 1.754252434315842 47088
1668596227201 1.7556114583366629 47305
1668596297936 1.7555806467431128 47522
1668596368755 1.7550260123960801 47739
1668596439792 1.7546811206911053 47956
1668596510533 1.7551903138153102 48173
1668596581056 1.7558031801345466 48390
1668596651955 1.755436423231083 48607
1668596722401 1.7547645816727881 48824
1668596793297 1.7543318656592852 49041
1668596864134 1.754871325358576 49258
1668596935050 1.7542862559868782 49475
1668597005859 1.7553704664574168 49692
1668597076651 1.7551803883413637 49909
1668597147318 1.7555564149794354 50126
1668597218184 1.7553927294850455 50343
1668597288797 1.7546450257355644 50560
1668597359619 1.754023905836172 50777
1668597431010 1.7547737495931806 50994
1668597502110 1.7546419414265029 51211
1668597573278 1.7549826719442911 51428
1668597644039 1.7536182560816176 51645
1668597714889 1.754352925303935 51862
1668597785505 1.754836232099533 52079
1668597856546 1.7547120789452395 52296
1668597927363 1.7545534659602149 52513
1668597998405 1.7532001794319034 52730
1668598069230 1.7550489689663868 52947
1668598139951 1.7544055620846424 53164
1668598210765 1.754748170799453 53381
1668598281636 1.7552939343531966 53598
1668598352334 1.7536345589214808 53815
1668598423129 1.7539991694563053 54032
1668598494110 1.7543425501069014 54249
1668598564830 1.7541037410164324 54466
1668598635703 1.754775892600805 54683
1668598706556 1.754532116741146 54900
1668598777324 1.7537650788318384 55117
1668598848183 1.7548079662287532 55334
1668598918998 1.754220388084384 55551
1668598989759 1.7534659751217891 55768
1668599060687 1.754712089998146 55985
1668599131615 1.7546102001193948 56202
1668599202677 1.753302512715386 56419
1668599273583 1.7546460805473423 56636
1668599344523 1.7544297060792233 56853
1668599415190 1.7539284295516082 57070
1668599486089 1.7529611498898556 57287
1668599556950 1.7537101008518479 57504
1668599627934 1.753604155136105 57721
1668599698919 1.7543765268638276 57938
1668599769689 1.7533750600171563 58155
1668599840530 1.754900489885012 58372
1668599911299 1.7548086955183015 58589
1668599982386 1.7538882590028457 58806
1668600053398 1.7537850394653915 59023
1668600124282 1.7537134002681665 59240
1668600195061 1.7545127212172391 59457
1668600265750 1.7543526240362677 59674
1668600336901 1.7538363280418625 59891
1668600407711 1.7536493066617254 60108
1668600478558 1.7540353176391887 60325
1668600549542 1.7537756131937516 60542
1668600620560 1.7535173428952446 60759
1668600691547 1.7539825224049586 60976
1668600762612 1.7538385109317205 61193
1668600833342 1.753883680201367 61410
1668600904161 1.7531806529679894 61627
1668600974990 1.754318602004913 61844
1668601045864 1.7537537916361772 62061
1668601116785 1.7535968537157811 62278
1668601187499 1.7529183891332907 62495
1668601258731 1.7534622693444288 62712
1668601329811 1.753698366841349 62929
1668601401256 1.7531977744282266 63146
1668601472311 1.754324184946257 63363
1668601543389 1.752518985821836 63580
1668601614604 1.7532108772856199 63797
1668601685833 1.7539240658833777 64014
1668601756525 1.753598443629615 64231
1668601827387 1.753227842696843 64448
1668601898091 1.7532760478878087 64665
1668601968923 1.7537243513443772 64882
1668602039663 1.7528211344849929 65099
