1668606190603 0.5 49
1668606207350 0.25 99
1668606224319 0.25 149
1668606256809 0.5 199
1668606273251 0.6666666865348816 249
1668606289813 1.0 299
1668606322347 0.5 349
1668606339043 0.5 399
1668606355577 0.6666666865348816 449
1668606372143 0.800000011920929 499
1668606405175 0.0 549
1668606421617 0.20000000298023224 599
1668606438185 0.5 649
1668606471481 0.5 699
1668606488230 0.5 749
1668606504785 0.75 799
1668606521363 0.20000000298023224 849
1668606554896 0.0 899
1668606571381 1.0 949
1668606587954 0.3333333432674408 999
1668606620820 0.4000000059604645 1049
1668606637578 1.0 1099
1668606654164 1.0 1149
1668606670734 0.3333333432674408 1199
1668606703923 0.5 1249
1668606720407 0.20000000298023224 1299
1668606736979 0.5 1349
1668606770098 0.0 1399
1668606786760 0.5 1449
1668606803313 0.5 1499
1668606819866 1.0 1549
1668606853074 0.0 1599
1668606869572 1.0 1649
1668606886120 0.0 1699
1668606919278 0.0 1749
1668606935876 0.3333333432674408 1799
1668606952421 0.0 1849
1668606969011 0.6666666865348816 1899
1668607002419 1.0 1949
1668607018917 0.3333333432674408 1999
1668607035489 0.800000011920929 2049
1668607068613 0.6000000238418579 2099
1668607085186 0.75 2149
1668607101760 0.3333333432674408 2199
1668607134625 0.5 2249
1668607151462 0.20000000298023224 2299
1668607168006 0.3333333432674408 2349
1668607184583 0.5 2399
1668607217608 0.75 2449
1668607234168 0.0 2499
1668607250755 0.5 2549
1668607283605 0.3333333432674408 2599
1668607300356 0.0 2649
1668607316928 1.0 2699
1668607333489 1.0 2749
1668607366885 0.0 2799
1668607383343 0.3333333432674408 2849
1668607399893 1.0 2899
1668607432878 0.3333333432674408 2949
1668607449694 0.5 2999
1668607466253 1.0 3049
1668607482814 0.3333333432674408 3099
1668607516139 0.3333333432674408 3149
1668607532629 0.0 3199
1668607549207 0.5 3249
1668607582276 0.0 3299
1668607598983 0.6666666865348816 3349
1668607615561 0.25 3399
1668607632143 0.5 3449
1668607665301 1.0 3499
1668607681791 0.0 3549
1668607698357 0.0 3599
1668607731935 1.0 3649
1668607748609 0.6666666865348816 3699
1668607765193 0.0 3749
1668607781766 0.75 3799
1668607815114 0.20000000298023224 3849
1668607831613 0.0 3899
1668607848156 0.5 3949
1668607881418 0.5 3999
1668607898082 0.6666666865348816 4049
1668607914654 0.75 4099
1668607931207 1.0 4149
1668607964239 0.6666666865348816 4199
1668607980761 1.0 4249
1668607997317 0.800000011920929 4299
1668608030767 0.6666666865348816 4349
1668608047282 0.4000000059604645 4399
1668608063834 0.6666666865348816 4449
1668608097029 0.0 4499
1668608113870 1.0 4549
1668608130403 0.6000000238418579 4599
1668608146944 0.0 4649
1668608180784 0.6666666865348816 4699
1668608197260 0.0 4749
1668608213806 0.5 4799
1668608246752 0.5 4849
1668608263513 0.8333333134651184 4899
1668608280039 0.6666666865348816 4949
1668608296593 1.0 4999
1668608329953 0.800000011920929 5049
1668608346442 0.5 5099
1668608362994 1.0 5149
1668608396209 1.0 5199
1668608412912 0.75 5249
1668608429463 0.6666666865348816 5299
1668608446033 1.0 5349
1668608479641 1.0 5399
1668608496112 1.0 5449
1668608512698 0.3333333432674408 5499
1668608545790 0.6000000238418579 5549
1668608562570 0.6666666865348816 5599
1668608579139 0.75 5649
1668608595701 1.0 5699
1668608628920 0.75 5749
1668608645416 1.0 5799
1668608661988 1.0 5849
1668608695028 1.0 5899
1668608711730 0.3333333432674408 5949
1668608728282 1.0 5999
1668608744852 0.0 6049
1668608778186 0.6666666865348816 6099
1668608794699 1.0 6149
1668608811273 0.5 6199
1668608844511 1.0 6249
1668608861124 0.0 6299
1668608877700 1.0 6349
1668608894265 1.0 6399
1668608927468 0.6666666865348816 6449
1668608943994 0.800000011920929 6499
1668608960555 0.6666666865348816 6549
1668608993944 0.75 6599
1668609010449 1.0 6649
1668609027000 1.0 6699
1668609060118 0.5 6749
1668609076883 1.0 6799
1668609093395 1.0 6849
1668609109947 1.0 6899
1668609142952 1.0 6949
1668609159404 0.8333333134651184 6999
1668609175975 1.0 7049
1668609209246 1.0 7099
1668609226019 1.0 7149
1668609242583 1.0 7199
1668609259155 0.5 7249
1668609292762 0.6666666865348816 7299
1668609309245 1.0 7349
1668609325818 1.0 7399
1668609358974 1.0 7449
1668609375708 1.0 7499
1668609392266 0.5 7549
1668609408837 0.800000011920929 7599
1668609442085 1.0 7649
1668609458569 1.0 7699
1668609475122 0.75 7749
1668609508033 1.0 7799
1668609524663 0.6666666865348816 7849
1668609541205 1.0 7899
1668609557773 1.0 7949
1668609590983 1.0 7999
1668609607497 1.0 8049
1668609624084 0.800000011920929 8099
1668609656906 1.0 8149
1668609673522 1.0 8199
1668609690114 1.0 8249
1668609706689 0.75 8299
1668609740162 1.0 8349
1668609756672 1.0 8399
1668609773248 1.0 8449
1668609806393 1.0 8499
1668609822934 0.5 8549
1668609839520 1.0 8599
1668609856082 1.0 8649
1668609889334 0.5714285969734192 8699
1668609905883 0.0 8749
1668609922462 1.0 8799
1668609955741 1.0 8849
1668609972279 0.6666666865348816 8899
1668609988856 1.0 8949
1668610022060 0.6666666865348816 8999
1668610038826 1.0 9049
1668610055369 0.5 9099
1668610071939 1.0 9149
1668610105706 1.0 9199
1668610122317 0.75 9249
1668610138940 1.0 9299
1668610171667 1.0 9349
1668610188421 1.0 9399
1668610204964 0.6666666865348816 9449
1668610221554 1.0 9499
1668610255038 1.0 9549
1668610271494 1.0 9599
1668610288081 1.0 9649
1668610321196 1.0 9699
1668610337918 1.0 9749
1668610354510 1.0 9799
1668610371095 0.5 9849
1668610404308 0.8333333134651184 9899
1668610420786 1.0 9949
1668610437341 1.0 9999
1668610470633 1.0 10049
1668610487349 0.75 10099
1668610503903 0.0 10149
1668610520471 1.0 10199
1668610553722 1.0 10249
1668610570209 1.0 10299
1668610586788 1.0 10349
1668610620273 1.0 10399
1668610636936 1.0 10449
1668610653513 0.5 10499
1668610670093 1.0 10549
1668610703427 1.0 10599
1668610719960 0.5 10649
1668610736519 1.0 10699
1668610770025 0.75 10749
1668610786566 0.75 10799
1668610803136 1.0 10849
1668610836230 1.0 10899
1668610852931 0.75 10949
1668610869456 1.0 10999
1668610886037 0.5 11049
1668610919372 0.0 11099
1668610935899 0.75 11149
1668610952462 0.6666666865348816 11199
1668610985641 1.0 11249
1668611002418 1.0 11299
1668611018968 0.6666666865348816 11349
1668611035548 0.6666666865348816 11399
1668611068866 0.6666666865348816 11449
1668611085321 1.0 11499
1668611101916 1.0 11549
1668611134958 0.75 11599
1668611151764 0.8333333134651184 11649
1668611168340 1.0 11699
1668611184925 1.0 11749
1668611218593 1.0 11799
1668611235089 0.6666666865348816 11849
1668611251675 1.0 11899
1668611284844 0.800000011920929 11949
1668611301648 0.6000000238418579 11999
1668611318233 0.0 12049
1668611334790 0.0 12099
1668611367974 1.0 12149
1668611384468 1.0 12199
1668611401040 0.5 12249
1668611434104 0.6666666865348816 12299
1668611450790 0.75 12349
1668611467388 1.0 12399
1668611483938 0.5 12449
1668611517398 1.0 12499
1668611533887 1.0 12549
1668611550448 1.0 12599
1668611584139 0.6666666865348816 12649
1668611600752 0.6666666865348816 12699
1668611617306 1.0 12749
1668611633893 1.0 12799
1668611667083 1.0 12849
1668611683581 1.0 12899
1668611700151 1.0 12949
1668611732993 0.75 12999
1668611749585 0.5 13049
1668611766172 1.0 13099
1668611799187 1.0 13149
1668611815944 1.0 13199
1668611832489 1.0 13249
1668611849061 1.0 13299
1668611882273 0.6666666865348816 13349
1668611898780 1.0 13399
1668611915360 0.75 13449
1668611948240 0.6000000238418579 13499
1668611965066 1.0 13549
1668611981637 1.0 13599
1668611998225 1.0 13649
1668612031471 0.6666666865348816 13699
1668612047938 0.6666666865348816 13749
1668612064523 1.0 13799
1668612097486 1.0 13849
1668612114278 0.800000011920929 13899
1668612130868 1.0 13949
1668612147464 0.8333333134651184 13999
1668612180966 0.5 14049
1668612197438 1.0 14099
1668612214004 1.0 14149
1668612247038 1.0 14199
1668612263737 0.6000000238418579 14249
1668612280323 1.0 14299
1668612296885 1.0 14349
1668612330168 0.800000011920929 14399
1668612346704 1.0 14449
1668612363314 0.5 14499
1668612396459 0.6666666865348816 14549
1668612413052 0.5 14599
1668612429623 1.0 14649
1668612446181 0.800000011920929 14699
1668612479724 0.6666666865348816 14749
1668612496239 1.0 14799
1668612512826 0.75 14849
1668612546388 0.800000011920929 14899
1668612562880 0.6666666865348816 14949
1668612579459 1.0 14999
1668612596029 1.0 15049
1668612629084 1.0 15099
1668612645603 1.0 15149
1668612662162 1.0 15199
1668612695347 0.75 15249
1668612711910 1.0 15299
1668612728497 0.800000011920929 15349
1668612761520 0.6666666865348816 15399
1668612778283 0.5 15449
1668612794812 0.5 15499
1668612811377 0.6666666865348816 15549
1668612844637 1.0 15599
1668612861073 1.0 15649
1668612877645 1.0 15699
1668612910612 1.0 15749
1668612927387 1.0 15799
1668612943986 0.0 15849
1668612960581 0.75 15899
1668612993789 0.5 15949
1668613010267 0.8333333134651184 15999
1668613026835 1.0 16049
1668613059911 0.5 16099
1668613076695 0.6666666865348816 16149
1668613093246 1.0 16199
1668613109837 1.0 16249
1668613143232 1.0 16299
1668613159721 1.0 16349
1668613176286 0.75 16399
1668613208968 0.6666666865348816 16449
1668613225626 1.0 16499
1668613242193 0.75 16549
1668613258750 1.0 16599
1668613291940 1.0 16649
1668613308428 1.0 16699
1668613325006 0.6666666865348816 16749
1668613358176 1.0 16799
1668613374777 1.0 16849
1668613391341 0.75 16899
1668613407907 1.0 16949
1668613441076 0.75 16999
1668613457588 0.0 17049
1668613474144 1.0 17099
1668613507222 1.0 17149
1668613523837 0.800000011920929 17199
1668613540417 0.5 17249
1668613556970 0.3333333432674408 17299
1668613590484 0.5 17349
1668613606999 1.0 17399
1668613623578 1.0 17449
1668613657126 0.6000000238418579 17499
1668613673547 1.0 17549
1668613690121 1.0 17599
1668613723074 1.0 17649
1668613739902 1.0 17699
1668613756447 0.0 17749
1668613773015 1.0 17799
1668613806554 0.5 17849
1668613823007 0.5 17899
1668613839580 1.0 17949
1668613872614 1.0 17999
1668613889439 1.0 18049
1668613905976 1.0 18099
1668613922538 1.0 18149
1668613955609 0.6666666865348816 18199
1668613972060 0.5 18249
1668613988624 1.0 18299
1668614021487 0.800000011920929 18349
1668614038192 1.0 18399
1668614055346 0.75 18449
1668614071909 0.8333333134651184 18499
1668614104685 1.0 18549
1668614121167 1.0 18599
1668614137727 0.6666666865348816 18649
1668614170586 1.0 18699
1668614187274 1.0 18749
1668614203867 1.0 18799
1668614220460 0.5 18849
1668614253776 0.6666666865348816 18899
1668614270276 0.75 18949
1668614286842 1.0 18999
1668614319892 0.0 19049
1668614336478 0.8333333134651184 19099
1668614353064 0.6666666865348816 19149
1668614369658 1.0 19199
1668614403148 1.0 19249
1668614419681 1.0 19299
1668614436244 1.0 19349
1668614469229 0.5 19399
1668614485806 0.6666666865348816 19449
1668614502389 1.0 19499
1668614535179 1.0 19549
1668614551973 1.0 19599
1668614568516 0.5 19649
1668614585088 1.0 19699
1668614618213 0.5 19749
1668614634688 0.75 19799
1668614651262 1.0 19849
1668614684168 1.0 19899
1668614701015 0.5 19949
1668614717554 1.0 19999
1668614734109 1.0 20049
1668614767425 0.6666666865348816 20099
1668614783851 1.0 20149
1668614800411 0.5 20199
1668614833735 0.0 20249
1668614850413 0.0 20299
1668614866980 1.0 20349
1668614883553 1.0 20399
1668614916847 1.0 20449
1668614933468 0.75 20499
1668614950041 0.75 20549
1668614983137 1.0 20599
1668614999816 1.0 20649
1668615016392 1.0 20699
1668615032957 1.0 20749
1668615066573 1.0 20799
1668615083063 0.75 20849
1668615099636 1.0 20899
1668615132765 1.0 20949
1668615149454 1.0 20999
1668615166036 0.75 21049
1668615182601 0.6666666865348816 21099
1668615215986 1.0 21149
1668615232495 1.0 21199
1668615249053 0.800000011920929 21249
1668615282474 0.0 21299
1668615299079 1.0 21349
1668615315644 0.3333333432674408 21399
1668615332183 1.0 21449
1668615365395 1.0 21499
1668615381914 1.0 21549
1668615398488 1.0 21599
1668615431464 1.0 21649
1668615448071 1.0 21699
1668615464657 1.0 21749
1668615497658 1.0 21799
1668615514451 0.6666666865348816 21849
1668615530984 1.0 21899
1668615547551 1.0 21949
1668615581255 0.75 21999
1668615597748 1.0 22049
1668615614332 1.0 22099
1668615647291 0.6666666865348816 22149
1668615664117 1.0 22199
1668615680678 1.0 22249
1668615697220 0.0 22299
1668615730323 0.5 22349
1668615746803 1.0 22399
1668615763383 1.0 22449
1668615796834 1.0 22499
1668615813630 0.6000000238418579 22549
1668615830170 1.0 22599
1668615846716 1.0 22649
1668615880307 0.75 22699
1668615896775 0.6666666865348816 22749
1668615913335 1.0 22799
1668615946673 1.0 22849
1668615963336 0.0 22899
1668615979923 1.0 22949
1668615996495 1.0 22999
1668616029550 1.0 23049
1668616046059 1.0 23099
1668616062616 1.0 23149
1668616095466 1.0 23199
1668616112143 1.0 23249
1668616128718 0.800000011920929 23299
1668616145294 1.0 23349
1668616178667 0.75 23399
1668616195166 1.0 23449
1668616211721 1.0 23499
1668616245101 1.0 23549
1668616261613 1.0 23599
1668616278186 1.0 23649
1668616294737 0.6666666865348816 23699
1668616327847 1.0 23749
1668616344370 1.0 23799
1668616360929 0.800000011920929 23849
1668616394067 1.0 23899
1668616410578 0.6666666865348816 23949
1668616427150 0.5 23999
1668616460479 0.0 24049
1668616477284 1.0 24099
1668616493821 1.0 24149
1668616510411 0.75 24199
1668616543960 1.0 24249
1668616560481 0.6666666865348816 24299
1668616577047 1.0 24349
1668616609997 0.800000011920929 24399
1668616626708 1.0 24449
1668616643259 1.0 24499
1668616659815 0.75 24549
1668616693128 0.0 24599
1668616709599 1.0 24649
1668616726150 1.0 24699
1668616759036 1.0 24749
1668616775755 1.0 24799
1668616792318 0.6666666865348816 24849
1668616808887 0.6666666865348816 24899
1668616842230 1.0 24949
1668616858714 1.0 24999
1668616875296 1.0 25049
1668616908661 0.5 25099
1668616925557 1.0 25149
1668616942159 1.0 25199
1668616958742 0.0 25249
1668616992087 1.0 25299
1668617008574 1.0 25349
1668617025146 1.0 25399
1668617058226 0.800000011920929 25449
1668617074933 0.800000011920929 25499
1668617091506 1.0 25549
1668617108063 1.0 25599
1668617141286 1.0 25649
1668617157808 0.800000011920929 25699
1668617174382 0.8333333134651184 25749
1668617207516 1.0 25799
1668617224040 0.6666666865348816 25849
1668617240619 1.0 25899
1668617257179 0.75 25949
1668617291003 1.0 25999
1668617307533 1.0 26049
1668617324096 1.0 26099
1668617357402 1.0 26149
1668617373870 1.0 26199
1668617390425 1.0 26249
1668617423804 0.75 26299
1668617440508 1.0 26349
1668617457032 1.0 26399
1668617473581 1.0 26449
1668617507300 1.0 26499
1668617523731 1.0 26549
1668617540305 1.0 26599
1668617573647 0.6666666865348816 26649
1668617590391 1.0 26699
1668617606946 1.0 26749
1668617623517 1.0 26799
1668617657014 1.0 26849
1668617673476 1.0 26899
1668617690037 0.75 26949
1668617723115 1.0 26999
1668617739877 0.5 27049
1668617756435 0.800000011920929 27099
1668617772993 1.0 27149
1668617805912 1.0 27199
1668617822393 1.0 27249
1668617838947 0.6666666865348816 27299
1668617871821 1.0 27349
1668617888556 1.0 27399
1668617905137 1.0 27449
1668617921711 0.4000000059604645 27499
1668617955102 0.6000000238418579 27549
1668617971588 1.0 27599
1668617988142 0.6000000238418579 27649
1668618020899 1.0 27699
1668618037509 1.0 27749
1668618054071 0.0 27799
1668618070618 0.5 27849
1668618104007 1.0 27899
1668618120502 1.0 27949
1668618137097 1.0 27999
1668618170821 0.6666666865348816 28049
1668618187303 1.0 28099
1668618203885 1.0 28149
1668618237065 0.6666666865348816 28199
1668618253850 0.0 28249
1668618270381 0.75 28299
1668618286966 1.0 28349
1668618320170 1.0 28399
1668618336665 1.0 28449
1668618353222 1.0 28499
1668618386220 1.0 28549
1668618402985 1.0 28599
1668618419521 0.0 28649
1668618436091 1.0 28699
1668618469400 0.5 28749
1668618485863 1.0 28799
1668618502457 1.0 28849
1668618535473 0.0 28899
1668618552190 0.6000000238418579 28949
1668618568761 1.0 28999
1668618585283 1.0 29049
1668618618755 1.0 29099
1668618635251 1.0 29149
1668618651811 1.0 29199
1668618684828 0.5 29249
1668618701581 1.0 29299
1668618718125 1.0 29349
1668618734663 0.5 29399
1668618768166 0.0 29449
1668618784632 1.0 29499
1668618801172 1.0 29549
1668618834085 0.6666666865348816 29599
1668618850768 0.5 29649
1668618867327 0.6666666865348816 29699
1668618883917 0.5 29749
1668618917211 1.0 29799
1668618933715 0.5 29849
1668618950294 0.75 29899
1668618983459 1.0 29949
1668619000151 1.0 29999
1668619016724 1.0 30049
1668619033299 1.0 30099
1668619067079 1.0 30149
1668619083610 1.0 30199
1668619100204 0.6666666865348816 30249
1668619133603 1.0 30299
1668619150091 1.0 30349
1668619166659 1.0 30399
1668619199832 1.0 30449
1668619216578 0.6666666865348816 30499
1668619233121 0.5 30549
1668619249654 1.0 30599
1668619283080 0.6666666865348816 30649
1668619299543 1.0 30699
1668619316127 0.0 30749
1668619348809 0.800000011920929 30799
1668619365533 1.0 30849
1668619382071 1.0 30899
1668619398626 1.0 30949
1668619432088 1.0 30999
1668619448525 0.6666666865348816 31049
1668619465073 0.5 31099
1668619497879 0.0 31149
1668619514634 0.5 31199
1668619531168 1.0 31249
1668619547753 0.5 31299
1668619581246 1.0 31349
1668619597705 1.0 31399
1668619614294 0.5 31449
1668619647397 1.0 31499
1668619664079 1.0 31549
1668619680646 1.0 31599
1668619697210 0.3333333432674408 31649
1668619730094 0.6666666865348816 31699
1668619746595 0.800000011920929 31749
1668619763201 1.0 31799
1668619796653 0.75 31849
1668619813354 0.0 31899
1668619829927 0.5 31949
1668619846514 0.75 31999
1668619879779 1.0 32049
1668619896290 0.75 32099
1668619912872 1.0 32149
1668619946154 0.6666666865348816 32199
1668619962972 0.6666666865348816 32249
1668619979551 1.0 32299
1668619996117 1.0 32349
1668620029280 0.5 32399
1668620045782 0.75 32449
1668620062336 0.6000000238418579 32499
1668620095422 1.0 32549
1668620111904 1.0 32599
1668620128486 0.6666666865348816 32649
1668620161761 1.0 32699
1668620178596 1.0 32749
1668620195127 1.0 32799
1668620211680 0.6666666865348816 32849
1668620245018 1.0 32899
1668620261455 1.0 32949
1668620278034 0.6000000238418579 32999
1668620311058 1.0 33049
1668620327808 0.0 33099
1668620344365 1.0 33149
1668620360933 1.0 33199
1668620393972 0.5 33249
1668620410449 1.0 33299
1668620427014 1.0 33349
1668620459928 1.0 33399
1668620476668 0.5 33449
1668620493203 0.5 33499
1668620509758 0.5 33549
1668620543035 0.3333333432674408 33599
1668620559501 0.6666666865348816 33649
1668620576041 1.0 33699
1668620609240 1.0 33749
1668620625927 0.6666666865348816 33799
1668620642492 1.0 33849
1668620659067 1.0 33899
1668620692988 1.0 33949
1668620709479 0.6666666865348816 33999
1668620726075 1.0 34049
1668620759163 1.0 34099
1668620775848 1.0 34149
1668620792439 0.8333333134651184 34199
1668620809020 0.6666666865348816 34249
1668620842247 1.0 34299
1668620858748 0.0 34349
1668620875309 1.0 34399
1668620908277 1.0 34449
1668620924812 1.0 34499
1668620941399 1.0 34549
1668620957969 1.0 34599
1668620991226 0.6666666865348816 34649
1668621007765 1.0 34699
1668621024318 1.0 34749
1668621057632 1.0 34799
1668621074129 1.0 34849
1668621090683 0.800000011920929 34899
1668621123691 0.5 34949
1668621140481 1.0 34999
1668621157024 0.5 35049
1668621173593 0.5 35099
1668621207266 1.0 35149
1668621223730 1.0 35199
1668621240314 1.0 35249
1668621273349 1.0 35299
1668621290122 1.0 35349
1668621306678 1.0 35399
1668621323259 1.0 35449
1668621356683 1.0 35499
1668621373157 1.0 35549
1668621389702 0.800000011920929 35599
1668621422559 0.6666666865348816 35649
1668621439210 1.0 35699
1668621455775 0.800000011920929 35749
1668621472348 1.0 35799
1668621505590 1.0 35849
1668621522067 1.0 35899
1668621538627 1.0 35949
1668621571739 1.0 35999
1668621588388 0.0 36049
1668621604971 1.0 36099
1668621621523 1.0 36149
1668621654691 1.0 36199
1668621671177 1.0 36249
1668621687750 1.0 36299
1668621720919 0.6666666865348816 36349
1668621737514 0.6666666865348816 36399
1668621754087 1.0 36449
1668621770670 0.25 36499
1668621804044 1.0 36549
1668621820551 1.0 36599
1668621837123 0.6666666865348816 36649
1668621870719 0.6666666865348816 36699
1668621887353 0.8333333134651184 36749
1668621904138 0.6666666865348816 36799
1668621936892 0.75 36849
1668621953686 0.3333333432674408 36899
1668621970195 1.0 36949
1668621986764 1.0 36999
1668622019654 1.0 37049
1668622036184 1.0 37099
1668622052773 1.0 37149
1668622085946 1.0 37199
1668622102718 0.6666666865348816 37249
1668622119246 1.0 37299
1668622135798 0.800000011920929 37349
1668622168967 0.0 37399
1668622185434 0.75 37449
1668622202007 1.0 37499
1668622235077 1.0 37549
1668622251861 0.6666666865348816 37599
1668622268424 1.0 37649
1668622284992 0.800000011920929 37699
1668622318366 1.0 37749
1668622334843 1.0 37799
1668622351425 1.0 37849
1668622384668 0.0 37899
1668622401370 1.0 37949
1668622417956 0.800000011920929 37999
1668622434521 1.0 38049
1668622467853 0.5 38099
1668622484355 1.0 38149
1668622500921 0.800000011920929 38199
1668622533683 1.0 38249
1668622550386 0.7142857313156128 38299
1668622566947 0.5 38349
1668622583515 1.0 38399
1668622616645 0.75 38449
1668622633131 1.0 38499
1668622649704 1.0 38549
1668622682667 0.6666666865348816 38599
1668622699278 0.75 38649
1668622715875 0.75 38699
1668622732425 0.3333333432674408 38749
1668622765792 0.3333333432674408 38799
1668622782309 1.0 38849
1668622798871 0.3333333432674408 38899
1668622832146 1.0 38949
1668622848643 1.0 38999
1668622865204 0.5 39049
1668622898597 1.0 39099
1668622915406 1.0 39149
1668622931935 1.0 39199
1668622948502 1.0 39249
1668622981789 1.0 39299
1668622998337 1.0 39349
1668623014902 1.0 39399
1668623047977 1.0 39449
1668623064793 1.0 39499
1668623081345 0.6666666865348816 39549
1668623097925 0.5 39599
1668623131129 0.8571428656578064 39649
1668623147586 1.0 39699
1668623164151 0.6666666865348816 39749
1668623197676 1.0 39799
1668623214432 1.0 39849
1668623231013 1.0 39899
1668623247581 0.75 39949
1668623280936 0.6000000238418579 39999
1668623297406 1.0 40049
1668623313961 0.75 40099
1668623347034 0.5 40149
1668623363842 0.6666666865348816 40199
1668623380435 0.75 40249
1668623397013 0.6666666865348816 40299
1668623430509 1.0 40349
1668623447009 1.0 40399
1668623463599 1.0 40449
1668623496706 1.0 40499
1668623513329 1.0 40549
1668623529911 1.0 40599
1668623546467 1.0 40649
1668623579910 1.0 40699
1668623596408 1.0 40749
1668623613000 1.0 40799
1668623646275 1.0 40849
1668623662951 1.0 40899
1668623679544 0.8571428656578064 40949
1668623696113 0.75 40999
1668623729186 0.6666666865348816 41049
1668623745714 1.0 41099
1668623762279 1.0 41149
1668623795766 1.0 41199
1668623812242 1.0 41249
1668623828807 0.6666666865348816 41299
1668623861681 1.0 41349
1668623878449 1.0 41399
1668623894998 1.0 41449
1668623911555 1.0 41499
1668623944773 1.0 41549
1668623961229 0.8333333134651184 41599
1668623977790 0.6000000238418579 41649
1668624010734 0.6666666865348816 41699
1668624027538 1.0 41749
1668624044114 0.75 41799
1668624060714 1.0 41849
1668624093803 1.0 41899
1668624110279 0.6666666865348816 41949
1668624126850 0.5 41999
1668624160156 1.0 42049
1668624176909 1.0 42099
1668624193462 1.0 42149
1668624210012 1.0 42199
1668624243483 1.0 42249
1668624259969 0.5 42299
1668624276535 1.0 42349
1668624309545 1.0 42399
1668624326317 1.0 42449
1668624342883 1.0 42499
1668624359456 0.0 42549
1668624392865 1.0 42599
1668624409392 0.4000000059604645 42649
1668624425978 1.0 42699
1668624459295 0.6666666865348816 42749
1668624475959 0.0 42799
1668624492516 1.0 42849
1668624509060 0.5 42899
1668624542455 0.5 42949
1668624558922 0.0 42999
1668624575484 0.5 43049
1668624609025 0.6666666865348816 43099
1668624625502 0.75 43149
1668624642070 0.75 43199
1668624658619 0.75 43249
1668624691795 1.0 43299
1668624708315 1.0 43349
1668624724862 1.0 43399
1668624757883 0.6666666865348816 43449
1668624774321 0.5 43499
1668624790902 1.0 43549
1668624823978 0.6000000238418579 43599
1668624840798 1.0 43649
1668624857327 1.0 43699
1668624873900 1.0 43749
1668624907289 1.0 43799
1668624923759 1.0 43849
1668624940354 1.0 43899
1668624973499 1.0 43949
1668624990263 0.5 43999
1668625006838 1.0 44049
1668625023404 0.75 44099
1668625056397 1.0 44149
1668625072886 0.6666666865348816 44199
1668625089463 1.0 44249
1668625122794 0.8571428656578064 44299
1668625139526 0.75 44349
1668625156073 0.5 44399
1668625172654 0.6000000238418579 44449
1668625206142 1.0 44499
1668625222643 1.0 44549
1668625239218 1.0 44599
1668625272561 0.6666666865348816 44649
1668625289157 0.0 44699
1668625305744 1.0 44749
1668625322308 0.3333333432674408 44799
1668625355533 1.0 44849
1668625372055 0.75 44899
1668625388620 1.0 44949
1668625421850 1.0 44999
1668625438438 0.8333333134651184 45049
1668625455004 0.75 45099
1668625471576 0.800000011920929 45149
1668625504878 0.6666666865348816 45199
1668625521395 1.0 45249
1668625537966 1.0 45299
1668625571542 1.0 45349
1668625588076 1.0 45399
1668625604647 1.0 45449
1668625638017 0.6666666865348816 45499
1668625654839 1.0 45549
1668625671391 1.0 45599
1668625687989 1.0 45649
1668625721454 0.0 45699
1668625737988 0.4000000059604645 45749
1668625754580 1.0 45799
1668625787517 1.0 45849
1668625804394 0.0 45899
1668625820984 1.0 45949
1668625837963 0.6666666865348816 45999
1668625871019 1.0 46049
1668625887499 1.0 46099
1668625904061 0.6666666865348816 46149
1668625937127 0.6666666865348816 46199
1668625953869 0.6000000238418579 46249
1668625970442 1.0 46299
1668625987018 1.0 46349
1668626020361 0.8333333134651184 46399
1668626036831 1.0 46449
1668626053400 1.0 46499
1668626086647 0.6000000238418579 46549
1668626103484 1.0 46599
1668626120054 1.0 46649
1668626136600 1.0 46699
1668626169938 1.0 46749
1668626186452 0.0 46799
1668626203036 0.0 46849
1668626236601 0.875 46899
1668626253365 0.800000011920929 46949
1668626269929 0.6666666865348816 46999
1668626286481 1.0 47049
1668626319875 1.0 47099
1668626336358 1.0 47149
1668626352912 1.0 47199
1668626386390 1.0 47249
1668626402945 0.75 47299
1668626419509 1.0 47349
1668626436078 1.0 47399
1668626469835 1.0 47449
1668626486345 0.6666666865348816 47499
1668626502915 1.0 47549
1668626536344 1.0 47599
1668626552839 0.5 47649
1668626569430 0.5 47699
1668626602306 0.75 47749
1668626619073 1.0 47799
1668626635614 0.75 47849
1668626652187 0.6666666865348816 47899
1668626685772 1.0 47949
1668626702224 0.5 47999
1668626718770 1.0 48049
1668626751941 1.0 48099
1668626768620 0.0 48149
1668626785165 1.0 48199
1668626801704 1.0 48249
1668626834893 0.5 48299
1668626851350 1.0 48349
1668626867914 1.0 48399
1668626901026 1.0 48449
1668626917729 1.0 48499
1668626934299 1.0 48549
1668626950870 0.5 48599
1668626983948 1.0 48649
1668627000434 0.6666666865348816 48699
1668627017025 1.0 48749
1668627050005 1.0 48799
1668627066711 1.0 48849
1668627083296 0.3333333432674408 48899
1668627099851 0.5 48949
1668627133167 0.75 48999
1668627149647 1.0 49049
1668627166194 0.0 49099
1668627199152 1.0 49149
1668627215800 1.0 49199
1668627232365 1.0 49249
1668627248949 0.6666666865348816 49299
1668627281887 1.0 49349
1668627298393 0.75 49399
1668627314945 0.0 49449
1668627348229 1.0 49499
1668627364771 0.0 49549
1668627381328 0.3333333432674408 49599
1668627397878 0.75 49649
1668627430993 1.0 49699
1668627447504 0.75 49749
1668627464072 0.75 49799
1668627496927 0.3333333432674408 49849
1668627513486 1.0 49899
1668627530067 1.0 49949
1668627563175 0.800000011920929 49999
1668627579921 0.6000000238418579 50049
1668627596482 0.6666666865348816 50099
1668627613049 0.75 50149
1668627646275 1.0 50199
1668627662715 1.0 50249
1668627679280 0.0 50299
1668627712215 1.0 50349
1668627729011 1.0 50399
1668627745560 1.0 50449
1668627762129 0.6666666865348816 50499
1668627795595 0.6666666865348816 50549
1668627812040 1.0 50599
1668627828629 0.0 50649
1668627861592 1.0 50699
1668627878504 0.5 50749
1668627895059 0.6666666865348816 50799
1668627911624 0.800000011920929 50849
1668627944917 0.6000000238418579 50899
1668627961396 0.6666666865348816 50949
1668627977973 0.5 50999
1668628011059 1.0 51049
1668628027704 0.6666666865348816 51099
1668628044292 1.0 51149
1668628060862 0.6666666865348816 51199
1668628094341 1.0 51249
1668628110841 0.5 51299
1668628127415 0.800000011920929 51349
1668628160332 1.0 51399
1668628176935 0.3333333432674408 51449
1668628193529 0.4000000059604645 51499
1668628210089 1.0 51549
1668628243344 1.0 51599
1668628259836 1.0 51649
1668628276390 0.0 51699
1668628309555 0.6666666865348816 51749
1668628326146 0.6666666865348816 51799
1668628342733 0.0 51849
1668628359304 1.0 51899
