1669799373704 1.1808253293261552 49
1669799388217 1.371903751381852 99
1669799403000 1.6952347750668717 149
1669799417695 1.099025276439828 199
1669799444520 1.4096744007999857 249
1669799459017 1.3412646993468074 299
1669799473524 1.1883535534543128 349
1669799488039 1.0395970260239313 399
1669799515060 1.2118888791634326 449
1669799529551 1.451975711207223 499
1669799544089 0.9489972765966588 549
1669799558919 0.8194295489545552 599
1669799573464 1.3063771686258074 649
1669799600556 1.1045886000360348 699
1669799615087 0.8896356263029525 749
1669799629637 1.3254282332713538 799
1669799644184 1.3321908556462487 849
1669799671472 1.2554429217813676 899
1669799686139 1.2322536238537523 949
1669799700816 1.1012171517746747 999
1669799715413 1.2355286876699867 1049
1669799742539 0.9813140265062743 1099
1669799757226 1.1454255396854607 1149
1669799771794 1.3619109936654343 1199
1669799786456 1.2815104293592054 1249
1669799801056 1.2525609065381342 1299
1669799828472 1.0557990525843692 1349
1669799843245 1.384097276622032 1399
1669799857874 1.3458430213006742 1449
1669799872696 1.2606620332360343 1499
1669799899884 1.0937522722710735 1549
1669799914464 1.2901870743710617 1599
1669799929183 0.9382397399211332 1649
1669799943970 1.31183178350812 1699
1669799970992 1.180149332853759 1749
1669799985769 1.0294891145737808 1799
1669800000588 1.0266975275842156 1849
1669800015212 1.3348503749375464 1899
1669800029933 1.2938145567571024 1949
1669800057202 1.4065799182608085 1999
1669800071881 1.026562409170572 2049
1669800086435 1.291019546490465 2099
1669800101128 1.181502426686924 2149
1669800128623 1.188595038984957 2199
1669800143352 1.0032638644487113 2249
1669800157996 0.9531259103799481 2299
1669800172642 1.1008852724996203 2349
1669800200049 1.251578802268834 2399
1669800214596 0.9610758098087732 2449
1669800229262 0.8017398730409477 2499
1669800243872 1.0344951549570454 2549
1669800258624 1.1668699111549947 2599
1669800286130 1.2519782616837594 2649
1669800300773 1.169180536834394 2699
1669800315506 0.9701723415587891 2749
1669800330069 1.1493528672790512 2799
1669800357298 1.3785763777839286 2849
1669800372116 1.3430709628418245 2899
1669800386863 1.1636885167091053 2949
1669800401441 1.3375483978837013 2999
1669800428995 0.9530282886670902 3049
1669800444091 1.2535913764620261 3099
1669800458638 1.2009480689913175 3149
1669800473251 1.0132697603310956 3199
1669800487827 1.0654314033241095 3249
1669800515071 1.1552776062799515 3299
1669800529660 1.31272796255102 3349
1669800544269 1.1097881334379294 3399
1669800558940 0.9846622527475777 3449
1669800586307 1.1799141157010349 3499
1669800600995 1.509835944977706 3549
1669800615726 1.0742534684892615 3599
1669800630364 1.2887285390373782 3649
1669800657769 1.4575400568242414 3699
1669800672357 1.2313994214879822 3749
1669800687305 1.4177086494824478 3799
1669800702001 1.2904633145215314 3849
1669800716741 0.963039987359714 3899
1669800744219 1.2710107120453003 3949
1669800758812 1.1272978437811438 3999
1669800773339 1.0692705901247341 4049
1669800787881 1.176138330308267 4099
1669800815412 1.3513699807658468 4149
1669800829982 1.3476665216363328 4199
1669800844642 1.3097832621073269 4249
1669800859183 1.17265170096341 4299
1669800886663 1.3178437552897002 4349
1669800901321 1.1662825062342868 4399
1669800916036 1.4915270094922244 4449
1669800930556 0.9164846378838962 4499
1669800945122 0.9790880728800909 4549
1669800972703 1.548608109033351 4599
1669800987419 1.2088553416226997 4649
1669801001967 1.4139690431457477 4699
1669801016530 1.314804950657006 4749
1669801043968 1.3115380938661518 4799
1669801058468 1.1964569979214343 4849
1669801073019 1.085707027214759 4899
1669801087867 0.9197849077349496 4949
1669801115136 1.1601893857812582 4999
1669801129854 1.4028162551012162 5049
1669801144445 1.3617297006033686 5099
1669801159044 1.3575720853166957 5149
1669801173628 1.3162135198293383 5199
1669801201124 0.9560524358633022 5249
1669801215782 1.1460300625071786 5299
1669801230635 1.5734379031441905 5349
1669801245223 1.4014477860686607 5399
1669801272663 1.303881829017011 5449
1669801287266 0.9368033620677126 5499
1669801301854 1.0249304821600274 5549
1669801316468 1.127620417824445 5599
1669801344380 0.9966157800045368 5649
1669801359343 1.1520761052238369 5699
1669801374123 1.1339400957176744 5749
1669801388848 1.0009619122866231 5799
1669801403563 1.2825653312401917 5849
1669801431182 0.9783378982386215 5899
1669801445775 1.3062945479576613 5949
1669801460317 1.2017232733827825 5999
1669801475106 1.5495896831953087 6049
1669801502622 1.3389296187095172 6099
1669801517293 1.1342965921853916 6149
1669801532166 1.1929752758976857 6199
1669801546965 1.3515517820729706 6249
1669801574397 0.9922246049313559 6299
1669801588956 1.2747017092672959 6349
1669801603488 1.3231767302274364 6399
1669801618040 1.3058445840306128 6449
1669801632591 1.3848992229644455 6499
1669801660143 1.296483778798774 6549
1669801674835 1.1578109475241063 6599
1669801689517 1.133706607103583 6649
1669801704211 1.5622009425257621 6699
1669801731639 1.3005412649027819 6749
1669801746194 1.263210536323699 6799
1669801760766 1.0956233308526244 6849
1669801775577 1.069274035131957 6899
1669801803404 1.5851949892760961 6949
1669801818122 1.1131973430017543 6999
1669801832695 1.073614876305434 7049
1669801847398 1.223676094597721 7099
1669801862009 0.8778425966910461 7149
1669801889549 1.0690596435007753 7199
1669801904279 1.3142196116205227 7249
1669801919096 1.0542242087629419 7299
1669801933878 0.7940964973560289 7349
1669801961614 1.232528675083039 7399
1669801976167 1.2044214504987272 7449
1669801990885 1.171215518206076 7499
1669802005523 1.0968712150818491 7549
1669802032996 1.448014670782524 7599
1669802047615 1.2211891879998755 7649
1669802062526 1.4442385535919366 7699
1669802077250 1.2235015701580818 7749
1669802091859 1.0741270815699244 7799
1669802119655 1.115319187812225 7849
1669802134225 0.9547199522308891 7899
1669802148798 1.18033184982589 7949
1669802163405 1.2418150092332119 7999
1669802191010 1.099498377065834 8049
1669802205641 1.1462707888636998 8099
1669802220323 1.0767690717257778 8149
1669802234915 1.1578444894084474 8199
1669802262359 1.19040827584183 8249
1669802276897 1.1883413767045243 8299
1669802291593 1.31982331109484 8349
1669802306405 1.0905695524549954 8399
1669802321119 1.434978099151731 8449
1669802348600 1.4159942602222266 8499
1669802363144 1.217289091380886 8549
1669802377707 1.1984614798755326 8599
1669802392391 1.1612988286838708 8649
1669802420003 1.1344690147480456 8699
1669802434669 1.0090943865882684 8749
1669802449392 1.0281901337878492 8799
1669802464098 1.302542413676047 8849
1669802491519 1.176733425116382 8899
1669802506079 1.3673722364433711 8949
1669802520625 1.260150567975755 8999
1669802535366 1.1804722086064279 9049
1669802549983 1.1490224048966717 9099
1669802577606 1.0860879481704884 9149
1669802592492 1.4498185801262777 9199
1669802607299 1.1983658635263152 9249
1669802621870 1.4591717265875157 9299
1669802649166 1.2514728020720163 9349
1669802663857 1.0493401537720608 9399
1669802678444 1.367923037710404 9449
1669802693014 1.2448754575276637 9499
1669802720655 1.349335159459343 9549
1669802735314 1.3152154631474557 9599
1669802750133 1.3520277841298027 9649
1669802764788 1.4084283460877367 9699
1669802779323 1.1724542415679298 9749
1669802807399 1.2032295158261308 9799
1669802821954 1.1386019663760747 9849
1669802836674 1.2964998378258388 9899
1669802851275 1.1490245037845161 9949
1669802878716 1.1170954697023023 9999
1669802893475 1.251971963419702 10049
1669802908136 1.3154084479845332 10099
1669802922680 1.128933980618481 10149
1669802950268 1.17218085482115 10199
1669802965074 1.0493388203445897 10249
1669802979645 1.3144429108613729 10299
1669802994304 1.2275170168054124 10349
1669803009060 1.059277202815756 10399
1669803036676 1.1907843541806018 10449
1669803051258 1.5386149671700773 10499
1669803065885 1.0340034647184606 10549
1669803080599 1.4013627923442868 10599
1669803108279 1.0655974811098745 10649
1669803122826 1.273885802718028 10699
1669803137390 1.2039216969043443 10749
1669803152091 1.1990901508939058 10799
1669803166607 1.138064103787984 10849
1669803194689 1.2838347295488473 10899
1669803209477 1.1351432794233756 10949
1669803224308 1.146143638660901 10999
1669803238959 1.2077132883570578 11049
1669803267081 1.377218609871195 11099
1669803281783 1.2106093999399397 11149
1669803296505 1.14460501356016 11199
1669803311181 1.373195090189678 11249
1669803338723 1.4411900948186642 11299
1669803353396 1.4789692923180344 11349
1669803368166 1.3090429327296236 11399
1669803382718 1.1233575793981432 11449
1669803397328 1.484860010078097 11499
1669803424885 1.3164661933835808 11549
1669803439619 1.2005060477643776 11599
1669803454316 1.1047779061700802 11649
1669803468907 1.152582343988141 11699
1669803496676 1.1894268871412463 11749
1669803511621 1.1461427326051101 11799
1669803526173 1.1397196183063836 11849
1669803540781 1.1494677316209199 11899
1669803568276 1.1735384293274511 11949
1669803582806 1.2839990024551402 11999
1669803597494 1.2519536555879995 12049
1669803612152 1.1056860186663746 12099
1669803626818 1.1710047344811723 12149
1669803654479 1.2247080677155218 12199
1669803669211 1.025910680601465 12249
1669803683822 1.1680779864438884 12299
1669803698536 1.1272163598573068 12349
1669803726453 1.209042223277429 12399
1669803741236 1.0473731305718847 12449
1669803755797 0.907450992412805 12499
1669803770447 1.0455776806911352 12549
1669803797899 1.1879019727433788 12599
1669803812659 1.2202770608781237 12649
1669803827247 1.1307411445204876 12699
1669803841936 1.4493433840731296 12749
1669803856512 1.40288495567082 12799
1669803883911 1.2952054220275782 12849
1669803898506 1.1195393875415065 12899
1669803913259 1.3349011897854255 12949
1669803927859 1.4461388011599583 12999
1669803955207 0.9581641923577774 13049
1669803969905 1.0748107396910767 13099
1669803984426 1.5699717880032698 13149
1669803998953 1.053018112762412 13199
1669804026699 1.107382988648428 13249
1669804041277 1.120887792502023 13299
1669804055952 1.1610690962581196 13349
1669804070514 1.2087008317299484 13399
1669804085056 1.2483476150670985 13449
1669804112488 1.4103579551961962 13499
1669804127209 1.2972841014015515 13549
1669804141779 1.2297259251948978 13599
1669804156521 1.0757279083508682 13649
1669804184059 1.1144269949647154 13699
1669804198659 1.2284993593071827 13749
1669804213262 1.2165606589999052 13799
1669804227985 1.1917514006539218 13849
1669804255278 0.9060269638580964 13899
1669804269799 1.3625835914953113 13949
1669804284355 1.1054939735844245 13999
1669804299063 0.8751579567638148 14049
1669804313601 1.2697451477128487 14099
1669804341279 1.450260808450411 14149
1669804355846 1.4051236216858567 14199
1669804370603 1.1002864938258283 14249
1669804385310 1.1078384265950416 14299
1669804412872 1.1446293157105318 14349
1669804427645 1.2224750655712215 14399
1669804442244 1.0306532839521423 14449
1669804456829 1.2235264999473012 14499
1669804484383 1.1543531879754854 14549
1669804499102 1.1126976502135368 14599
1669804513815 1.1855245914213985 14649
1669804528347 1.247921965039002 14699
1669804542858 1.103795336123126 14749
1669804570366 1.276107317917048 14799
1669804585108 1.3085328735039188 14849
1669804599821 1.4236271111994916 14899
1669804614359 1.3546357820889585 14949
1669804641881 1.003933603948568 14999
1669804656727 1.111036105883178 15049
1669804671330 1.3074326719593867 15099
1669804685910 1.102013273521664 15149
1669804713550 1.0682935825943827 15199
1669804728229 1.2132110187682168 15249
1669804742811 0.973914098797241 15299
1669804757365 0.8984669208676233 15349
1669804772348 1.0870134165858245 15399
1669804800052 1.2885778201077223 15449
1669804814623 0.9068588234973608 15499
1669804829187 1.111218203683129 15549
1669804843778 0.9694453718863149 15599
1669804871505 1.0905055881030967 15649
1669804886115 1.3411512025455663 15699
1669804900846 1.243170197815788 15749
1669804915888 1.2314716108801493 15799
1669804943284 1.3863855872271724 15849
1669804957810 1.2344574251016527 15899
1669804972346 0.9304821650784487 15949
1669804986918 1.0617990601482 15999
1669805001465 1.3925898889856967 16049
1669805028921 1.0909904615502137 16099
1669805043491 1.4950989275354785 16149
1669805058345 1.3353725345382224 16199
1669805073083 1.1923652077787712 16249
1669805100542 1.1036100167702694 16299
1669805115157 1.130209980682707 16349
1669805129725 1.043318340276418 16399
1669805144308 1.1273410648037285 16449
1669805171747 0.9921755418017015 16499
1669805186449 1.2566832185712833 16549
1669805201165 1.3554958290114223 16599
1669805216036 1.2088012279421119 16649
1669805230611 1.182167770569687 16699
1669805258102 0.8895945002850635 16749
1669805272642 1.2235498480273799 16799
1669805287219 1.2988193193171496 16849
1669805301859 1.1111923041435325 16899
1669805329491 1.511371032423543 16949
1669805344067 1.1729407255940392 16999
1669805358728 1.0601530848406768 17049
1669805373577 1.1010575425786109 17099
1669805401101 0.9838555386363932 17149
1669805415700 1.275511203470488 17199
1669805430281 1.2261879587858941 17249
1669805445044 1.1281920596280253 17299
1669805459738 1.013637925455153 17349
1669805487328 1.3778848736404676 17399
1669805502197 0.8525257477915713 17449
1669805516840 1.1486707977889283 17499
1669805531467 1.2760831046072187 17549
1669805559234 1.0075842363083782 17599
1669805573967 1.1729615027899531 17649
1669805588571 1.4252855418578374 17699
1669805603180 1.5383477356517317 17749
1669805630833 1.054704923120473 17799
1669805645533 1.1964403019593832 17849
1669805660148 0.9476900391343118 17899
1669805674914 1.2440405579173128 17949
1669805689491 1.1384642130780942 17999
1669805717032 1.2652593418501858 18049
1669805731678 1.2545162852835765 18099
1669805746208 1.03417761660732 18149
1669805760877 1.0716255625906412 18199
1669805788134 1.0792038398801216 18249
1669805802741 1.069528885069512 18299
1669805817274 1.0432624184354415 18349
1669805832061 1.3615494533220303 18399
1669805859573 1.350221463682185 18449
1669805874269 1.2542582397879007 18499
1669805888876 1.2685784672313152 18549
1669805903480 1.280100528296075 18599
1669805918145 1.235376344354533 18649
1669805945719 1.1228456643459592 18699
1669805960307 1.3378989873407234 18749
1669805975039 1.3015429011340376 18799
1669805989597 0.781867213960695 18849
1669806017276 1.1743984292581287 18899
1669806031999 0.9647641194577343 18949
1669806046629 0.9958690009720486 18999
1669806061371 1.1507709809609148 19049
1669806089091 1.0076846652237361 19099
1669806103671 0.9706307963504393 19149
1669806118353 1.2134842098824796 19199
1669806132894 1.1459880976675687 19249
1669806147426 1.1365711049380567 19299
1669806175083 1.0672804483396967 19349
1669806189867 1.4181601789260943 19399
1669806204598 1.07992735135005 19449
1669806219280 1.1599501429335257 19499
1669806246942 1.3453354082633835 19549
1669806261676 1.062617588900083 19599
1669806276307 1.3719725744157665 19649
1669806290875 0.9587841508661026 19699
1669806318322 1.2546171641662789 19749
1669806332849 1.1068386785539253 19799
1669806347541 1.2720974672279797 19849
1669806362129 1.1771532686616775 19899
1669806376835 1.5266344418901965 19949
1669806404738 1.0580232674212495 19999
1669806419281 1.0074586733332214 20049
1669806434017 1.3767169443522316 20099
1669806448569 1.2812010580862716 20149
1669806476240 1.283584641733572 20199
1669806490841 1.2877264294563124 20249
1669806505448 1.1888749267980383 20299
1669806520016 1.1412725436065507 20349
1669806547779 1.2268325264132085 20399
1669806562485 1.1816844765904775 20449
1669806577047 1.3421286111650463 20499
1669806591642 1.1582389980407974 20549
1669806606209 1.0188647736016 20599
1669806633891 1.3819316528978591 20649
1669806648602 1.2202901018266563 20699
1669806663330 1.1666574436744297 20749
1669806677875 1.522107059145994 20799
1669806705647 1.216820375085716 20849
1669806720248 1.2662590191245489 20899
1669806735053 1.2803910900691167 20949
1669806749639 1.0999577441129322 20999
1669806777182 1.1344556452621286 21049
1669806791917 1.433792174348676 21099
1669806806557 1.0550693775382856 21149
1669806821135 1.4700405033670965 21199
1669806835871 1.0605407284821862 21249
1669806863577 1.0283975747305858 21299
1669806878115 1.183283027591679 21349
1669806892673 1.021452694393178 21399
1669806907248 1.2705376330182605 21449
1669806934721 1.1702970510606898 21499
1669806949290 0.9702888068884046 21549
1669806963887 1.1636168429127887 21599
1669806978543 1.2337906020636207 21649
1669806993279 1.3331428024278016 21699
1669807020834 1.2632981742727756 21749
1669807035444 1.1599145524328103 21799
1669807050028 1.1784388988810424 21849
1669807064783 1.2926452699036832 21899
1669807092246 1.0040963956759468 21949
1669807106835 1.0224821977296723 21999
1669807121779 1.3589343139994696 22049
1669807136353 1.409994930223032 22099
1669807164295 1.492528970629638 22149
1669807178964 1.0107062875200343 22199
1669807193623 1.2269748917742118 22249
1669807208457 1.0506864021197178 22299
1669807223129 1.5010012327359723 22349
1669807250557 1.10556644122144 22399
1669807265282 1.2088014349976846 22449
1669807279909 1.0033439499754748 22499
1669807294811 0.9314449547196922 22549
1669807322455 1.39820795331075 22599
1669807337215 0.992729769682013 22649
1669807351743 1.0743189059855212 22699
1669807366261 1.2800304764043333 22749
1669807393917 1.4893530261030867 22799
1669807408464 1.189161751449965 22849
1669807423024 0.9977775767964188 22899
1669807437834 1.0457491363214022 22949
1669807452503 1.285983520094263 22999
1669807480215 1.108660554961021 23049
1669807494793 1.0947801822344796 23099
1669807509441 1.2793905239830177 23149
1669807524113 1.016821795683755 23199
1669807551623 0.9622692047831655 23249
1669807566348 1.197902430527514 23299
1669807581072 1.517448427410529 23349
1669807595656 1.0195870151351565 23399
1669807623262 1.2543978052699718 23449
1669807637882 1.1238292989395444 23499
1669807652512 1.2641887744736844 23549
1669807667282 1.2008908947329164 23599
1669807681874 1.2122862784088688 23649
1669807709335 1.025507418209555 23699
1669807724032 1.382951956567788 23749
1669807738638 1.199887947333915 23799
1669807753213 1.162527251933338 23849
1669807780532 1.2753124467959855 23899
1669807795373 1.0324627705685474 23949
1669807809967 0.984350964534842 23999
1669807824541 1.0237022418176285 24049
1669807851780 1.1698283789127752 24099
1669807866448 1.1106709665861885 24149
1669807881032 1.1404805448395359 24199
1669807895612 1.0641169242260684 24249
1669807910173 1.0349427664360509 24299
1669807938053 1.0052069365562057 24349
1669807952616 1.3831764267877034 24399
1669807967211 1.0226044649855544 24449
1669807981769 1.1828614722364286 24499
1669808009171 1.0285382385673465 24549
1669808023954 1.2618057724767098 24599
1669808038776 1.090885620425965 24649
1669808053661 1.1355312553415313 24699
1669808081458 0.9282193079751755 24749
1669808096154 1.1950647704378838 24799
1669808110977 1.0845697582121216 24849
1669808125529 1.351561425791627 24899
1669808140097 0.8909348069412706 24949
1669808167762 1.031624599627651 24999
1669808182584 1.3649766387593665 25049
1669808197187 1.626293950011041 25099
1669808212097 1.1132370946372558 25149
1669808239433 1.2835363927518553 25199
1669808254080 1.0554712035393898 25249
1669808268645 1.3061535982472208 25299
1669808283253 1.0123449032259726 25349
1669808311075 1.012967859578834 25399
1669808325656 1.1925545096154044 25449
1669808340186 1.070031981779975 25499
1669808355034 1.187194443718477 25549
1669808369556 1.1809254270459681 25599
1669808397315 1.3185916565867606 25649
1669808411893 1.0615988132442957 25699
1669808426481 1.338173546734732 25749
1669808441216 1.5358001356748576 25799
1669808469236 1.1637187887175235 25849
1669808483776 1.222531755632006 25899
1669808498479 1.1008820281812113 25949
1669808513109 1.0276702334247205 25999
1669808540520 1.2955078551906962 26049
1669808555039 1.1072037461756317 26099
1669808569595 1.1734084919144099 26149
1669808584179 1.0309952304514651 26199
1669808599199 1.2572567006176685 26249
1669808626949 1.0681917469670967 26299
1669808641651 1.4931686569351021 26349
1669808656218 1.155148373014466 26399
1669808670819 1.02750112594668 26449
1669808698292 1.2252079287795348 26499
1669808712874 1.1339455161334717 26549
1669808727663 1.101389434608224 26599
1669808742590 1.0782491513255308 26649
1669808770275 1.3663568277258158 26699
1669808785070 1.2405843571917519 26749
1669808799618 1.1589350807620002 26799
1669808814172 1.3961092354680074 26849
1669808828702 1.2712296261820508 26899
1669808856302 1.292994049230308 26949
1669808871188 1.4159788481701305 26999
1669808885891 1.3696173459640106 27049
1669808900546 1.2083619408006965 27099
1669808928370 1.2860551434705487 27149
1669808943028 1.1130013594852843 27199
1669808957649 0.9330210292887232 27249
1669808972290 1.0594470381803058 27299
1669808999852 1.3481210198418911 27349
1669809014709 1.3160997110212054 27399
1669809029287 1.0727314265988894 27449
1669809043832 1.0688591670978367 27499
1669809058389 1.2404723267837037 27549
1669809086044 0.9693019690002839 27599
1669809100710 1.3154047413754841 27649
1669809115261 1.1487505379730099 27699
1669809129969 1.240018916085667 27749
1669809157733 0.9442803613163334 27799
1669809172443 1.1008870877631636 27849
1669809187221 1.4245667530736457 27899
1669809201797 0.8939294405129714 27949
1669809229325 1.3212934464565236 27999
1669809243975 1.4298537796423372 28049
1669809258628 1.0277700252139659 28099
1669809273418 1.33235045494117 28149
1669809288048 1.022972632248842 28199
1669809315583 1.3912926999341293 28249
1669809330330 1.0819470654988586 28299
1669809344859 1.1342367550471204 28349
1669809359417 0.9924619899513738 28399
1669809387008 1.4538037635043306 28449
1669809401574 1.0907504688937548 28499
1669809416142 1.1897943061874878 28549
1669809431096 1.21256107047589 28599
1669809459036 1.0011522681705218 28649
1669809473768 1.0035238644844597 28699
1669809488370 1.1111555877083696 28749
1669809502927 1.191788495663004 28799
1669809517478 1.252051860909551 28849
1669809545029 1.3186125297736486 28899
1669809559552 1.185360169401464 28949
1669809574378 1.1183055107374849 28999
1669809589090 1.19590032352157 29049
1669809616939 1.3858660985931421 29099
1669809631497 1.3785164913023717 29149
1669809646044 1.1659793772778857 29199
1669809660709 1.1796583080714065 29249
1669809688816 1.0755019065572022 29299
1669809703357 1.3016978922358222 29349
1669809718121 0.9595778347169841 29399
1669809732799 1.329734385970561 29449
1669809747323 1.3822418657908537 29499
1669809774695 1.2320455011615619 29549
1669809789423 1.3051398553569435 29599
1669809804022 1.1105066767615066 29649
1669809818949 1.1233144392967422 29699
1669809846412 1.3389058202121105 29749
1669809861017 1.1276304758378237 29799
1669809875904 1.285277475773969 29849
1669809890497 1.2838712442862055 29899
1669809918221 1.1378779140225954 29949
1669809932870 1.2562203872474709 29999
1669809947520 1.4618903788350184 30049
1669809962038 1.088782587528477 30099
1669809976660 1.088287874992437 30149
1669810004515 1.2455267830270236 30199
1669810019237 0.8862528561952265 30249
1669810033807 1.1429511580665985 30299
1669810048347 1.2111294012652296 30349
1669810075809 1.406276184874646 30399
1669810090420 1.2933271382781617 30449
1669810105180 1.2508565109379257 30499
1669810119802 1.1768255454640817 30549
1669810147487 0.9347435502376743 30599
1669810162205 1.0356455763852077 30649
1669810176771 1.3765745806001113 30699
1669810191307 1.1932035455997219 30749
1669810205982 1.076070037376345 30799
1669810233683 1.3807194724831864 30849
1669810248335 1.2190676389572497 30899
1669810263020 1.1551989353085677 30949
1669810277615 1.0315208035401242 30999
1669810305140 1.2777298088829774 31049
1669810319958 0.9794122712008979 31099
1669810334572 0.9039430686315776 31149
1669810349105 0.945264881044217 31199
1669810376781 1.5440397783226654 31249
1669810391359 1.2963126777114649 31299
1669810406101 1.045908040416757 31349
1669810420763 1.0560935445219624 31399
1669810435303 0.8233277572168858 31449
1669810462905 1.1271236795278514 31499
1669810477570 1.164606793712319 31549
1669810492137 1.2519597558366105 31599
1669810506695 1.0828302875008542 31649
1669810534429 1.0739179427626984 31699
1669810548941 1.2378487687247306 31749
1669810563483 1.1989790231343926 31799
1669810578173 1.3548819112423547 31849
1669810605863 1.3717768542298594 31899
1669810620495 1.3922976741251296 31949
1669810635041 1.1519699392545033 31999
1669810649559 1.7037146614263872 32049
1669810664064 1.0013665826966314 32099
1669810691539 1.4133159314796462 32149
1669810706076 1.2869227932086749 32199
1669810720969 1.4059112695048666 32249
1669810735687 1.1813951278483938 32299
1669810763117 1.2701562808901206 32349
1669810777754 1.1362687580947974 32399
1669810792288 1.2081654750024837 32449
1669810806824 1.0436035339085323 32499
1669810821311 0.8466547121373287 32549
1669810849017 1.3917527859570673 32599
1669810863635 0.9394596154421267 32649
1669810878292 1.3416517908055194 32699
1669810892903 1.1062771866597856 32749
1669810920448 1.2432943072511018 32799
1669810934991 0.9725593147722186 32849
1669810949536 1.5484813508106254 32899
1669810964094 1.4622649447589398 32949
1669810991777 0.8886450583300556 32999
1669811006595 1.2989693962825486 33049
1669811021303 1.2420695791772622 33099
1669811035854 0.8917949712823723 33149
1669811050420 1.1399533668436317 33199
1669811077769 0.936266879253134 33249
1669811092331 1.0632040095813686 33299
1669811107021 1.3974352534618646 33349
1669811121705 1.078099675792307 33399
1669811149350 1.1956235712419285 33449
1669811164076 1.4361957882706209 33499
1669811178731 1.2874546257150148 33549
1669811193505 1.0063213897137149 33599
1669811221470 1.04313850423798 33649
1669811236073 1.3846216202862212 33699
1669811250632 0.880061571093101 33749
1669811265360 1.2159378960004246 33799
1669811280049 1.3449573986578716 33849
1669811307585 1.4316799373766962 33899
1669811322144 1.2510103911535295 33949
1669811336854 1.1189805782280575 33999
1669811351424 1.3958420647416825 34049
1669811379001 1.1487647827268272 34099
1669811393534 1.1737785231993132 34149
1669811408257 1.1497379567332124 34199
1669811422948 1.0819362480128594 34249
1669811450670 1.0631357315276786 34299
1669811465363 1.2784344246544257 34349
1669811479896 1.312987873512466 34399
1669811494547 1.031501508092119 34449
1669811509065 1.1799390580829598 34499
1669811536686 1.4260494344601569 34549
1669811551382 1.12291625269998 34599
1669811565924 1.104446948559957 34649
1669811580472 1.1346687426330753 34699
1669811608145 1.1270717944819004 34749
1669811622805 0.9731678543700553 34799
1669811637396 1.4025376886805678 34849
1669811651943 1.057701688500003 34899
1669811679162 1.0398975923617497 34949
1669811694041 1.0449511420470743 34999
1669811708661 0.9063262765017966 35049
1669811723698 1.191782225737926 35099
1669811738271 1.0673050012924419 35149
1669811765736 1.2663527774075165 35199
1669811780289 0.8587748905716719 35249
1669811795006 1.0594682882294775 35299
1669811809602 1.2191198533654117 35349
1669811837067 0.9165153699534285 35399
1669811851614 1.3084318527603058 35449
1669811866401 1.2150313425258947 35499
1669811880906 1.0148882144214615 35549
1669811908564 1.4167956243298734 35599
1669811923089 1.3662641184949882 35649
1669811937596 0.9586377749325443 35699
1669811952245 1.1910007259572954 35749
1669811966733 1.2241666954701351 35799
1669811994584 1.290455019861615 35849
1669812009307 1.0336285891562347 35899
1669812023836 1.5679159381206724 35949
1669812038537 1.2791892442500732 35999
1669812066152 1.0735967250599607 36049
1669812080809 1.2801768323645109 36099
1669812095466 1.131720039977686 36149
1669812110053 1.2971148355123268 36199
1669812137740 1.3899395377443649 36249
1669812152423 1.3934155557282382 36299
1669812166967 1.3004107034759325 36349
1669812181585 1.179299281715236 36399
1669812196264 1.0897517426512962 36449
1669812223862 1.2893682780907774 36499
1669812238450 1.1119799812483977 36549
1669812253029 0.9543802717733276 36599
1669812267564 1.1177644202208807 36649
1669812295249 1.085262866564528 36699
1669812310212 1.280294234481719 36749
1669812324775 1.017233077573868 36799
1669812339334 0.8920986043021466 36849
1669812367211 0.9664998968941815 36899
1669812381837 1.094564834433358 36949
1669812396622 1.1223935373847382 36999
1669812411296 0.8827375822272437 37049
1669812425888 1.4095341878256842 37099
1669812453555 1.280626476315859 37149
1669812468156 1.02045454921597 37199
1669812482718 1.1611910367739948 37249
1669812497338 1.1277137460569966 37299
1669812524924 1.347292463455821 37349
1669812539467 1.2812087155058296 37399
1669812554033 1.087508388811151 37449
1669812568827 0.9081208146021649 37499
1669812596768 1.342287680156372 37549
1669812611450 1.070874348339411 37599
1669812625967 1.2611892694040758 37649
1669812640666 1.0658291744140842 37699
1669812655196 1.1999031191275176 37749
1669812682646 1.1597484093240142 37799
1669812697302 1.3475188815055457 37849
1669812711951 1.4568921626745297 37899
1669812726559 1.077615007766544 37949
1669812754617 1.3685959552090101 37999
1669812769284 1.0230515777091158 38049
1669812784362 1.0413019150619993 38099
1669812799001 1.346063164863642 38149
1669812827147 1.4794939402787959 38199
1669812841827 0.8825163326205238 38249
1669812856674 1.2457090266581368 38299
1669812871358 1.339452688334429 38349
1669812886073 1.0077580736827991 38399
1669812914545 1.148576888718781 38449
1669812929352 1.1075164158539859 38499
1669812944037 1.2035752406937503 38549
1669812958709 1.3861089689494213 38599
1669812986916 0.9947596853690818 38649
1669813001534 1.052638871135158 38699
1669813016150 1.1240178689779237 38749
1669813030976 1.0109603192889542 38799
1669813058807 1.0852409615556602 38849
1669813073431 1.1754305050203566 38899
1669813088063 1.0335467552097417 38949
1669813102716 1.1794120587187702 38999
1669813117608 1.535943800354851 39049
1669813145338 1.2831662223924842 39099
1669813160029 1.0373217628013245 39149
1669813174642 1.2701938383969031 39199
1669813189437 1.261439324343819 39249
1669813217178 1.10700560513266 39299
1669813231874 1.1513955337633655 39349
1669813246696 1.2779530643631714 39399
1669813261460 1.2558026403372948 39449
1669813289488 1.0638794891493046 39499
1669813304175 1.0655983236623334 39549
1669813318880 1.192933040903952 39599
1669813333725 0.7639302455968486 39649
1669813348420 1.0225428576601883 39699
1669813376306 0.9258375973387498 39749
1669813390941 1.2399671530904859 39799
1669813405920 1.2510284155904416 39849
1669813420774 1.2088806193418877 39899
1669813448476 1.2555260746155257 39949
1669813463223 1.216661815551159 39999
1669813478018 1.2051010833564046 40049
1669813492690 1.295584399087836 40099
1669813520391 1.335128810534145 40149
1669813535200 1.207482012877069 40199
1669813550051 1.1536435481555696 40249
1669813564843 0.8757597338985621 40299
1669813579511 1.1382485672375557 40349
1669813607073 1.131038416442443 40399
1669813621708 1.2315698142295641 40449
1669813636491 1.255957977117946 40499
1669813651250 1.1354636487825622 40549
1669813678927 1.3862966279140025 40599
1669813693685 1.3144135857720824 40649
1669813708316 1.1831302676211162 40699
1669813722900 1.141093828463762 40749
1669813750416 1.240961726607042 40799
1669813765076 1.1658794269859176 40849
1669813779621 1.042360487384034 40899
1669813794161 0.980371407437659 40949
1669813808876 1.4391322256898524 40999
1669813836530 1.5916229719144797 41049
1669813851100 1.2986883473379405 41099
1669813865831 1.1497060421954677 41149
1669813880413 1.295066137348024 41199
1669813908083 1.3886374807029114 41249
1669813922790 1.088457797340575 41299
1669813937333 1.1450312180290843 41349
1669813952053 1.060153416903032 41399
1669813979474 1.1980099989512394 41449
1669813994270 1.256842477041257 41499
1669814009008 1.247562949825092 41549
1669814023620 1.0328077767466928 41599
1669814038250 1.4867696299393909 41649
1669814065830 1.0819115070820426 41699
1669814080547 1.397280845091831 41749
1669814095076 1.44163819909667 41799
1669814109824 0.9190550262043726 41849
1669814137566 1.2583269989447163 41899
1669814152190 1.101684918823561 41949
1669814166764 1.0135738133022323 41999
1669814181308 1.0995465953160566 42049
1669814208846 1.1548743548289435 42099
1669814223388 1.6026047613020915 42149
1669814238221 1.1236106384328461 42199
1669814252902 1.075380122536833 42249
1669814267484 1.2365346327444608 42299
1669814295222 1.188008442872389 42349
1669814309815 1.3347239692068027 42399
1669814324381 1.3146041695257016 42449
1669814338975 1.2561107605826813 42499
1669814366625 1.1208317573597717 42549
1669814381297 1.101895137966181 42599
1669814395985 1.0227523051696523 42649
1669814410514 1.1745759013896688 42699
1669814437902 1.3615369231733534 42749
1669814452739 1.0683994490476532 42799
1669814467399 1.1121821458702827 42849
1669814482053 1.2828422782148117 42899
1669814496851 1.2304985442602157 42949
1669814524581 1.0527610823407103 42999
1669814539143 1.3705507378911965 43049
1669814553678 1.2026418596035173 43099
1669814568255 1.3631346135445455 43149
1669814595703 1.3850306317408658 43199
1669814610283 0.9928587356867131 43249
1669814625019 1.3492849721160134 43299
1669814639743 1.148859312154657 43349
1669814654243 1.2033946917141503 43399
1669814681926 1.0334437630323559 43449
1669814696525 1.3087704199184294 43499
1669814711115 1.2167112240006428 43549
1669814725729 1.1744337763140755 43599
1669814753167 0.967227580649614 43649
1669814767795 1.27337592008077 43699
1669814782508 1.102357212557468 43749
1669814797297 1.040070766614551 43799
1669814825673 1.1196176402144253 43849
1669814840335 1.4772185948534347 43899
1669814855003 1.2900383304795846 43949
1669814869573 1.2042478975419466 43999
1669814884125 1.0500815234335896 44049
1669814911798 1.196754288520544 44099
1669814926391 1.551159298206028 44149
1669814941086 0.960421332863164 44199
1669814956095 1.0731972296057546 44249
1669814983669 1.2281421836642143 44299
1669814998268 1.0554871763467886 44349
1669815013084 1.5297771669634037 44399
1669815027676 1.2678267274183839 44449
1669815055176 0.9817051514327146 44499
1669815069802 1.0925821058089726 44549
1669815084617 1.5971530175717512 44599
1669815099306 1.4453812593024096 44649
1669815113842 1.2473711913128636 44699
1669815141745 1.0136481956168417 44749
1669815156273 1.0491969961280543 44799
1669815170826 1.210907536513425 44849
1669815185394 1.1188476816995931 44899
1669815213090 1.0828216114537346 44949
1669815227649 1.143680902464062 44999
1669815242206 1.233366858545779 45049
1669815257162 1.0721082107587487 45099
1669815284723 1.0626548565837717 45149
1669815299293 0.9789927185754621 45199
1669815313847 1.154929398652572 45249
1669815328560 1.1383417075205835 45299
1669815343127 1.564939271180405 45349
1669815370886 1.397689605108774 45399
1669815385596 1.4301030400264327 45449
1669815400297 1.152696434626005 45499
1669815415018 1.4186339419317988 45549
1669815442512 1.040606498930756 45599
1669815457109 1.0893394410686548 45649
1669815471883 1.1668913060108341 45699
1669815486403 0.9171062322610961 45749
1669815513725 0.9868519158746569 45799
1669815528581 1.4990710053573753 45849
1669815543218 1.0169612239519301 45899
1669815557830 1.0961407235942202 45949
1669815572556 1.105658490982629 45999
1669815600055 0.8739435071327428 46049
1669815614616 1.2416260211580585 46099
1669815629179 1.0926945462242434 46149
1669815643910 1.3195707065735478 46199
1669815671829 1.4074255002886822 46249
1669815686405 0.8923011404264803 46299
1669815701177 1.2020082087329746 46349
1669815715740 1.039815758840208 46399
1669815743626 1.1026434990760765 46449
1669815758149 1.1800461972507459 46499
1669815772679 1.173963151368855 46549
1669815787519 1.004622246404433 46599
1669815802064 1.3452142104339933 46649
1669815829908 1.2070061680011515 46699
1669815844486 1.3649100151946887 46749
1669815859163 0.8489127568295797 46799
1669815873701 1.1501036821256563 46849
1669815901525 1.1365982133271784 46899
1669815916292 0.8607007702393157 46949
1669815930992 1.2380698976209745 46999
1669815945540 1.23954782039244 47049
1669815973289 1.1471679124255694 47099
1669815987985 1.0361647147040929 47149
1669816002618 1.2966615776358756 47199
1669816017189 1.1602185415031063 47249
1669816031799 1.151524719304222 47299
1669816059522 1.3574931123238032 47349
1669816074284 0.8875006664383305 47399
1669816088996 1.0839736665838806 47449
1669816103694 0.8493534410540513 47499
1669816131389 1.2675805796156578 47549
1669816146053 1.2669252488759128 47599
1669816160643 1.0141174633855976 47649
1669816175254 1.0254199987512158 47699
1669816202862 1.029068348073709 47749
1669816217530 1.2066284053402518 47799
1669816232299 1.0326289031751 47849
1669816247164 1.3221608602241175 47899
1669816261749 1.264263094948256 47949
1669816289154 1.0397936922443995 47999
1669816303895 1.2210984381051908 48049
1669816318741 1.3720163677582664 48099
1669816333273 1.084001879432555 48149
1669816360759 0.8362794981074457 48199
1669816375633 1.0085886297654345 48249
1669816390288 1.0342333579994822 48299
1669816404994 1.174363313348663 48349
1669816432767 1.28056314980383 48399
1669816447334 1.092956934055421 48449
1669816461843 1.0894733221231636 48499
1669816476398 1.2642232775171052 48549
1669816490910 1.12412835834244 48599
1669816518638 1.005025453086906 48649
1669816533202 1.1248933990264118 48699
1669816548065 1.0753445609980692 48749
1669816562628 1.1285906126860423 48799
1669816590041 1.3695904335577704 48849
1669816604711 1.0979799044890943 48899
1669816619279 1.0757168403375361 48949
1669816633855 1.2637680312654145 48999
1669816661647 1.3879784730390616 49049
1669816676509 1.2104614537431564 49099
1669816691193 1.1444052698760816 49149
1669816705882 1.4233034646783032 49199
1669816720432 1.1881615180253344 49249
1669816747918 1.33088466268631 49299
1669816762524 0.9948517187683507 49349
1669816777125 1.3629352208804901 49399
1669816791722 1.086798459237249 49449
1669816819468 1.1327697614843657 49499
1669816834282 1.0950058979295492 49549
1669816848831 1.0885168017137077 49599
1669816863542 1.2816526347537078 49649
1669816891234 1.2379771000951179 49699
1669816905779 1.128416130525625 49749
1669816920340 0.9422862469084365 49799
1669816934985 1.1495906179012827 49849
1669816949543 0.9676960029342953 49899
1669816977341 1.3893660798184038 49949
1669816991855 1.0829230467177764 49999
1669817006502 0.9807905053521349 50049
1669817021025 1.3354634316984713 50099
1669817048565 1.2060229029431886 50149
1669817063144 1.5843960554362861 50199
1669817077805 1.053739655956556 50249
1669817092376 1.0414088008561053 50299
1669817120372 1.626313121879973 50349
1669817134997 0.8453094033646686 50399
1669817149793 1.3280113057303125 50449
1669817164361 0.9772273552191855 50499
1669817178951 1.2419689059344976 50549
1669817206492 0.9115921437697619 50599
1669817221175 1.1714698384818094 50649
1669817235735 1.0674308510293518 50699
1669817250291 1.1419122467274279 50749
1669817278093 1.1772640254230502 50799
1669817292857 1.3306762559040417 50849
1669817307463 1.2849889637189968 50899
1669817322037 1.0246446824648088 50949
1669817349901 1.0940090372513989 50999
1669817364609 1.1226974751588341 51049
1669817379283 1.104736183596208 51099
1669817394126 0.9927751105710758 51149
1669817408757 1.0169264084680614 51199
1669817436426 1.1524548777386805 51249
1669817451038 1.2221158980704396 51299
1669817465713 1.0452893602415443 51349
1669817480366 1.0662970463993249 51399
1669817508053 0.9764717588898284 51449
1669817522653 1.2052873378852456 51499
1669817537544 1.3402505928549742 51549
1669817552175 0.7794730510479184 51599
1669817579865 1.130305684141566 51649
1669817594415 1.5086158246563244 51699
1669817609114 1.2442946579322398 51749
1669817623678 1.3494475945250348 51799
1669817638407 1.1019262288579117 51849
1669817665847 1.1064096227119737 51899
1669817680480 1.3549795971537253 51949
1669817695140 1.12601976025348 51999
1669817709659 1.1842242774472467 52049
1669817737365 1.0579150102663755 52099
1669817751907 1.0317464867922683 52149
1669817766468 0.9575664831198067 52199
1669817781121 1.1921308144961436 52249
1669817808493 1.068393922511843 52299
1669817823128 1.041994774141246 52349
1669817837954 1.2767956466144104 52399
1669817852475 1.0794438661874433 52449
1669817867000 1.025631860213501 52499
1669817894737 0.935666085974995 52549
1669817909435 1.1441657236480471 52599
1669817924217 1.2940359162600021 52649
1669817938800 1.5965467825639585 52699
1669817966648 1.0650571184143398 52749
1669817981212 1.248182654283105 52799
1669817995847 1.2746530477175448 52849
1669818010466 0.9606445969344568 52899
1669818038164 1.3441778538768028 52949
1669818052731 1.223651770357521 52999
1669818067444 1.1767092150996747 53049
1669818082079 1.438853657062848 53099
1669818096606 1.231717438377669 53149
1669818124206 1.0949118636596278 53199
1669818138861 1.0503905734565615 53249
1669818153427 1.084336787800071 53299
1669818168155 1.3497086483008802 53349
1669818195716 0.8935536973791358 53399
1669818210303 1.1783037141411579 53449
1669818224865 1.1972942810146945 53499
1669818239545 0.9196341732486011 53549
1669818266970 0.8290278200099753 53599
1669818281540 1.2980473308950193 53649
1669818296376 0.9121919510694692 53699
1669818310911 1.042098361116853 53749
1669818325584 0.9651060602645547 53799
1669818353166 1.1095676339039713 53849
1669818367713 1.0479808630437528 53899
1669818382293 1.1272131187929215 53949
1669818396844 1.0480471077882663 53999
1669818424622 1.0199197986809667 54049
1669818439300 1.336705389577037 54099
1669818453981 0.8640783358053634 54149
1669818468645 1.082752783913981 54199
1669818483029 1.2167707594004176 54249
1669818510546 1.2949137361945458 54299
1669818525094 0.9454929441113586 54349
1669818539646 1.0194516584794542 54399
1669818554252 1.4401831676986716 54449
1669818582024 0.9076576997922553 54499
1669818596886 0.937152286417325 54549
1669818611597 1.3367935664923243 54599
1669818626347 1.1584708465724194 54649
1669818653807 1.1160749347758712 54699
1669818668417 1.2136472212484832 54749
1669818683006 1.3476596716318578 54799
1669818697795 1.3303874940557112 54849
1669818712617 1.352065574836525 54899
1669818740191 1.2384044985345557 54949
1669818754782 1.0162012481400542 54999
1669818769406 1.095531058620929 55049
1669818783999 1.1453477463105686 55099
1669818811520 0.9361556212894286 55149
1669818826040 1.1933133309274064 55199
1669818840708 1.1041518232630032 55249
1669818855413 1.053797686003378 55299
1669818883037 1.0233312846892222 55349
1669818897669 1.0603130892434693 55399
1669818912345 1.2824355936629783 55449
1669818927015 1.1805028727963482 55499
1669818941581 1.0309623773251624 55549
1669818969328 1.0320365976139887 55599
1669818984027 1.2555974229098386 55649
1669818998686 1.2930302194552152 55699
1669819013216 1.1463199108288924 55749
1669819041044 1.148319371880036 55799
1669819055603 1.0534437061939463 55849
1669819070165 1.0413058766872336 55899
1669819084732 0.9350261337563721 55949
1669819112045 1.114475786356413 55999
1669819127050 1.0319178180749133 56049
1669819141660 1.2194303386510257 56099
1669819156301 1.0441300146380228 56149
1669819171044 1.0673674681272658 56199
1669819198589 0.920442959102038 56249
1669819213164 1.1745990149149743 56299
1669819227765 1.1979364788977904 56349
1669819242415 1.0137601255664903 56399
1669819270193 1.0024274254433356 56449
1669819284924 1.260413109813062 56499
1669819299511 1.118153939039935 56549
1669819314192 1.2002282815072345 56599
1669819341741 1.4679667670994767 56649
1669819356360 1.0583684505573836 56699
1669819371006 1.27906796457798 56749
1669819385564 1.1628962015662139 56799
1669819400246 1.0597878748725935 56849
1669819427704 1.1135906974409786 56899
1669819442216 1.3025001508225071 56949
1669819457022 0.9766573798906972 56999
1669819471787 1.1800081336369785 57049
1669819499247 1.202411117868052 57099
1669819513915 1.2765612932695551 57149
1669819528500 1.3571299811365718 57199
1669819543152 0.9427533968554493 57249
1669819570775 1.3247766881476262 57299
1669819585324 0.9934843056975092 57349
1669819600015 1.335973756483162 57399
1669819614630 1.328809497050176 57449
1669819629270 0.8397772023505564 57499
1669819656703 0.9582525935094887 57549
1669819671346 1.0339512758334328 57599
1669819685924 1.4115676107183415 57649
1669819700491 1.397385153098608 57699
1669819728136 0.9576629907292467 57749
1669819742727 1.0427272115774586 57799
1669819757419 1.4447558491794097 57849
1669819772145 1.108424398283242 57899
1669819799891 1.230711033703142 57949
1669819814483 0.8689416363213383 57999
1669819829149 1.194482500384515 58049
1669819843699 1.2019345598257996 58099
1669819858350 0.9576810884862457 58149
1669819885921 1.2087679312284831 58199
1669819900484 1.0531922752473761 58249
1669819915322 1.0614826213945139 58299
1669819929876 0.9593181235877164 58349
1669819957456 1.1336190565530606 58399
1669819972026 1.2782626045433416 58449
1669819986704 1.3784715231003064 58499
1669820001304 1.4961805683055789 58549
1669820029006 1.1493099580621429 58599
1669820043686 1.1665861250022935 58649
1669820058287 1.1532761553152504 58699
1669820072941 1.3504345649262999 58749
1669820087473 1.1640102430203447 58799
1669820115144 0.9466987116406111 58849
1669820129724 1.2134383050126845 58899
1669820144315 1.3120483141232766 58949
1669820158890 1.0669889791074314 58999
1669820186499 1.001568793021256 59049
1669820201040 1.0605101050663484 59099
1669820215732 1.2774617890201068 59149
1669820230444 1.0316470656190169 59199
1669820258128 1.371620960863575 59249
1669820272654 1.116501444594448 59299
1669820287157 1.3022086419148873 59349
1669820301697 0.8872967707005976 59399
1669820316201 0.8267807214807811 59449
1669820344045 1.2531656507501268 59499
1669820358589 1.1095307935134298 59549
1669820373143 1.399004937538463 59599
1669820387994 1.516916491295341 59649
1669820415506 1.1952284207153185 59699
1669820430090 0.9973612111172412 59749
1669820444709 1.4053071083494801 59799
1669820459240 1.291696489012622 59849
1669820487112 0.9264036384870877 59899
1669820501713 1.1243147823629698 59949
1669820516580 1.1912597477054385 59999
1669820531143 1.141583307963213 60049
1669820545754 1.1207990533522254 60099
1669820573265 1.0358138621967448 60149
1669820587838 1.2154420442996297 60199
1669820602425 1.180422051702608 60249
1669820617163 0.9481463250096629 60299
1669820644622 1.0990896566286754 60349
1669820659306 0.9486102004855788 60399
1669820673845 1.1886107763536344 60449
1669820688523 1.4619371389495228 60499
1669820716111 1.26168095525201 60549
1669820730617 1.1200528041009843 60599
1669820745153 1.4304987779993343 60649
1669820759818 0.9626886501180061 60699
1669820774529 1.2240572366315825 60749
1669820802036 1.1415450402051222 60799
1669820816729 1.1635814045316033 60849
1669820831279 1.1796490976404481 60899
1669820845824 1.1757476977829353 60949
1669820873468 1.0357940968615271 60999
1669820888150 1.171408341991136 61049
1669820902668 1.0903705658884206 61099
1669820917329 1.3262868880360354 61149
1669820944889 1.307802817268998 61199
1669820959548 1.0757691874928101 61249
1669820974067 1.1617615030509447 61299
1669820988629 1.222966579534594 61349
1669821003227 1.0853968912813539 61399
1669821030788 1.0845513428191076 61449
1669821045463 1.3385547303152059 61499
1669821060124 1.348595568934862 61549
1669821074874 0.9713350962529802 61599
1669821102508 0.8858245818162601 61649
1669821117155 0.8847132392982913 61699
1669821131797 1.1717309028523066 61749
1669821146425 1.1547112014676637 61799
1669821173917 1.0833318430027963 61849
1669821188591 1.2627544992182422 61899
1669821203404 0.9361435245563485 61949
1669821217936 0.983880398923523 61999
1669821232465 0.9154366862889829 62049
1669821260037 0.9648354348275656 62099
1669821274616 1.1021879928650797 62149
1669821289149 1.040074486852259 62199
1669821303687 1.4020098201729883 62249
1669821331415 1.3187593474029318 62299
1669821346106 1.1628689753957495 62349
1669821360774 1.1308690167406146 62399
1669821375316 1.5273813190374128 62449
1669821403314 1.1799554529764664 62499
1669821417892 1.15560025512676 62549
1669821432482 1.3657703918901491 62599
1669821447215 1.2703069418473847 62649
1669821461755 1.2273695452754776 62699
1669821489229 1.147695404557191 62749
1669821503859 1.1566872724422317 62799
1669821518354 1.1844816517226062 62849
1669821532984 1.1816875955141324 62899
1669821560453 1.1326786164100546 62949
1669821575228 1.072312358511992 62999
1669821589767 1.0729367276235502 63049
1669821604511 1.0102432916372766 63099
1669821631987 1.26330273412816 63149
1669821646520 1.0341885973828138 63199
1669821661339 1.1684342241965169 63249
1669821675893 1.050478235903939 63299
1669821690430 1.078581901013906 63349
1669821718065 1.1003317249203577 63399
1669821732641 1.4286841037560012 63449
1669821747194 1.0266220481916322 63499
1669821762054 0.9006954461544321 63549
1669821789744 1.1642098244441694 63599
1669821804471 0.9821374066818794 63649
1669821819005 1.3156276473972077 63699
1669821833664 1.2436134048261707 63749
1669821861297 1.3692209111635079 63799
1669821875894 1.0008302768323596 63849
1669821890439 1.0844524936440292 63899
1669821905028 1.2361600253908862 63949
1669821919730 1.2701177859439743 63999
1669821947456 1.099347358782338 64049
1669821962063 1.118934720215131 64099
1669821976739 1.2388972005064165 64149
1669821991324 1.0128751805290643 64199
1669822018900 1.2994255303909599 64249
1669822033627 1.2752884072126986 64299
1669822048126 0.9875418411977245 64349
1669822062775 1.0964538223954143 64399
1669822090154 1.2714623715925937 64449
1669822104998 0.814623927471679 64499
1669822119581 1.030123418217273 64549
1669822134202 0.9386396474372352 64599
1669822148792 1.2416789337033398 64649
1669822176264 1.2211553264528343 64699
1669822190906 1.1529735206583693 64749
1669822205404 1.132556763386876 64799
1669822220039 1.4665271754073892 64849
1669822247650 0.921961024223533 64899
1669822262343 1.0579961157068571 64949
1669822276916 0.9846443175218422 64999
1669822291616 1.2305132124034928 65049
1669822305958 1.1736416297489423 65099
