1669799373704 0.6666666865348816 49
1669799388217 0.25 99
1669799403000 0.20000000298023224 149
1669799417695 0.0 199
1669799444520 0.20000000298023224 249
1669799459017 0.0 299
1669799473524 0.6666666865348816 349
1669799488039 0.0 399
1669799515060 0.0 449
1669799529551 0.5 499
1669799544089 0.6666666865348816 549
1669799558919 0.5 599
1669799573464 0.1666666716337204 649
1669799600556 0.6666666865348816 699
1669799615087 0.6666666865348816 749
1669799629637 0.0 799
1669799644184 0.0 849
1669799671472 0.5 899
1669799686139 0.0 949
1669799700816 0.5 999
1669799715413 0.5 1049
1669799742539 0.3333333432674408 1099
1669799757226 0.5 1149
1669799771794 0.5 1199
1669799786456 0.6666666865348816 1249
1669799801056 0.0 1299
1669799828472 1.0 1349
1669799843245 0.0 1399
1669799857874 0.20000000298023224 1449
1669799872696 1.0 1499
1669799899884 0.5 1549
1669799914464 0.3333333432674408 1599
1669799929183 0.6666666865348816 1649
1669799943970 0.0 1699
1669799970992 0.6666666865348816 1749
1669799985769 1.0 1799
1669800000588 0.5 1849
1669800015212 0.5 1899
1669800029933 0.6666666865348816 1949
1669800057202 0.5 1999
1669800071881 0.3333333432674408 2049
1669800086435 0.25 2099
1669800101128 1.0 2149
1669800128623 0.0 2199
1669800143352 1.0 2249
1669800157996 1.0 2299
1669800172642 1.0 2349
1669800200049 0.5 2399
1669800214596 0.0 2449
1669800229262 1.0 2499
1669800243872 0.6000000238418579 2549
1669800258624 0.3333333432674408 2599
1669800286130 0.5 2649
1669800300773 1.0 2699
1669800315506 1.0 2749
1669800330069 0.5 2799
1669800357298 0.0 2849
1669800372116 0.5 2899
1669800386863 0.3333333432674408 2949
1669800401441 0.0 2999
1669800428995 1.0 3049
1669800444091 0.6666666865348816 3099
1669800458638 0.5 3149
1669800473251 0.5 3199
1669800487827 0.6666666865348816 3249
1669800515071 0.0 3299
1669800529660 0.5 3349
1669800544269 0.0 3399
1669800558940 1.0 3449
1669800586307 0.0 3499
1669800600995 0.0 3549
1669800615726 0.6666666865348816 3599
1669800630364 0.4000000059604645 3649
1669800657769 0.0 3699
1669800672357 0.0 3749
1669800687305 0.0 3799
1669800702001 0.3333333432674408 3849
1669800716741 0.6000000238418579 3899
1669800744219 0.3333333432674408 3949
1669800758812 1.0 3999
1669800773339 0.0 4049
1669800787881 0.4000000059604645 4099
1669800815412 0.3333333432674408 4149
1669800829982 0.6666666865348816 4199
1669800844642 0.25 4249
1669800859183 0.5 4299
1669800886663 0.0 4349
1669800901321 1.0 4399
1669800916036 0.3333333432674408 4449
1669800930556 0.75 4499
1669800945122 1.0 4549
1669800972703 0.20000000298023224 4599
1669800987419 0.0 4649
1669801001967 0.0 4699
1669801016530 0.0 4749
1669801043968 1.0 4799
1669801058468 0.6666666865348816 4849
1669801073019 0.6666666865348816 4899
1669801087867 1.0 4949
1669801115136 0.5 4999
1669801129854 0.5 5049
1669801144445 0.3333333432674408 5099
1669801159044 0.0 5149
1669801173628 1.0 5199
1669801201124 0.0 5249
1669801215782 1.0 5299
1669801230635 0.0 5349
1669801245223 0.0 5399
1669801272663 0.0 5449
1669801287266 0.6666666865348816 5499
1669801301854 0.800000011920929 5549
1669801316468 0.75 5599
1669801344380 1.0 5649
1669801359343 1.0 5699
1669801374123 0.4000000059604645 5749
1669801388848 0.0 5799
1669801403563 0.0 5849
1669801431182 1.0 5899
1669801445775 0.3333333432674408 5949
1669801460317 0.0 5999
1669801475106 0.0 6049
1669801502622 0.3333333432674408 6099
1669801517293 0.0 6149
1669801532166 0.5 6199
1669801546965 0.5 6249
1669801574397 1.0 6299
1669801588956 0.0 6349
1669801603488 0.5 6399
1669801618040 0.0 6449
1669801632591 0.0 6499
1669801660143 0.6666666865348816 6549
1669801674835 0.0 6599
1669801689517 1.0 6649
1669801704211 0.0 6699
1669801731639 0.0 6749
1669801746194 0.0 6799
1669801760766 0.75 6849
1669801775577 0.6666666865348816 6899
1669801803404 0.0 6949
1669801818122 0.5 6999
1669801832695 0.5 7049
1669801847398 0.0 7099
1669801862009 1.0 7149
1669801889549 0.75 7199
1669801904279 0.5 7249
1669801919096 0.6666666865348816 7299
1669801933878 1.0 7349
1669801961614 1.0 7399
1669801976167 0.3333333432674408 7449
1669801990885 0.0 7499
1669802005523 1.0 7549
1669802032996 0.3333333432674408 7599
1669802047615 0.0 7649
1669802062526 0.20000000298023224 7699
1669802077250 0.6666666865348816 7749
1669802091859 1.0 7799
1669802119655 0.0 7849
1669802134225 1.0 7899
1669802148798 0.5 7949
1669802163405 0.4000000059604645 7999
1669802191010 1.0 8049
1669802205641 1.0 8099
1669802220323 1.0 8149
1669802234915 0.3333333432674408 8199
1669802262359 1.0 8249
1669802276897 0.6666666865348816 8299
1669802291593 0.5 8349
1669802306405 0.0 8399
1669802321119 0.0 8449
1669802348600 0.0 8499
1669802363144 0.0 8549
1669802377707 0.0 8599
1669802392391 0.0 8649
1669802420003 0.0 8699
1669802434669 1.0 8749
1669802449392 1.0 8799
1669802464098 0.3333333432674408 8849
1669802491519 0.6666666865348816 8899
1669802506079 0.25 8949
1669802520625 0.0 8999
1669802535366 0.0 9049
1669802549983 0.5 9099
1669802577606 1.0 9149
1669802592492 0.0 9199
1669802607299 0.0 9249
1669802621870 0.0 9299
1669802649166 0.3333333432674408 9349
1669802663857 0.0 9399
1669802678444 0.5 9449
1669802693014 0.5 9499
1669802720655 0.25 9549
1669802735314 0.0 9599
1669802750133 0.5 9649
1669802764788 0.25 9699
1669802779323 0.3333333432674408 9749
1669802807399 0.5 9799
1669802821954 0.0 9849
1669802836674 0.0 9899
1669802851275 0.6000000238418579 9949
1669802878716 0.6666666865348816 9999
1669802893475 0.3333333432674408 10049
1669802908136 0.0 10099
1669802922680 1.0 10149
1669802950268 0.0 10199
1669802965074 0.0 10249
1669802979645 0.0 10299
1669802994304 1.0 10349
1669803009060 0.6666666865348816 10399
1669803036676 0.0 10449
1669803051258 0.5 10499
1669803065885 0.6666666865348816 10549
1669803080599 0.5 10599
1669803108279 0.800000011920929 10649
1669803122826 0.0 10699
1669803137390 0.5 10749
1669803152091 0.0 10799
1669803166607 0.0 10849
1669803194689 0.5 10899
1669803209477 0.75 10949
1669803224308 0.75 10999
1669803238959 0.5 11049
1669803267081 0.0 11099
1669803281783 0.5 11149
1669803296505 0.0 11199
1669803311181 0.3333333432674408 11249
1669803338723 0.3333333432674408 11299
1669803353396 0.0 11349
1669803368166 0.5 11399
1669803382718 1.0 11449
1669803397328 0.0 11499
1669803424885 0.25 11549
1669803439619 1.0 11599
1669803454316 0.5 11649
1669803468907 0.5 11699
1669803496676 0.0 11749
1669803511621 0.6666666865348816 11799
1669803526173 0.5 11849
1669803540781 1.0 11899
1669803568276 0.0 11949
1669803582806 0.5 11999
1669803597494 1.0 12049
1669803612152 1.0 12099
1669803626818 0.5 12149
1669803654479 1.0 12199
1669803669211 0.5 12249
1669803683822 0.5 12299
1669803698536 0.6666666865348816 12349
1669803726453 1.0 12399
1669803741236 0.6666666865348816 12449
1669803755797 1.0 12499
1669803770447 0.5 12549
1669803797899 1.0 12599
1669803812659 0.0 12649
1669803827247 1.0 12699
1669803841936 0.0 12749
1669803856512 0.5 12799
1669803883911 0.5 12849
1669803898506 0.5 12899
1669803913259 0.6666666865348816 12949
1669803927859 0.5 12999
1669803955207 1.0 13049
1669803969905 0.0 13099
1669803984426 0.0 13149
1669803998953 0.75 13199
1669804026699 0.0 13249
1669804041277 0.75 13299
1669804055952 0.3333333432674408 13349
1669804070514 0.3333333432674408 13399
1669804085056 0.6666666865348816 13449
1669804112488 0.0 13499
1669804127209 0.5 13549
1669804141779 0.5 13599
1669804156521 0.6666666865348816 13649
1669804184059 0.5 13699
1669804198659 0.0 13749
1669804213262 0.0 13799
1669804227985 0.0 13849
1669804255278 1.0 13899
1669804269799 0.3333333432674408 13949
1669804284355 0.3333333432674408 13999
1669804299063 1.0 14049
1669804313601 0.6666666865348816 14099
1669804341279 0.0 14149
1669804355846 0.0 14199
1669804370603 0.6666666865348816 14249
1669804385310 0.5 14299
1669804412872 1.0 14349
1669804427645 0.0 14399
1669804442244 1.0 14449
1669804456829 0.25 14499
1669804484383 0.3333333432674408 14549
1669804499102 0.5 14599
1669804513815 0.0 14649
1669804528347 0.5 14699
1669804542858 1.0 14749
1669804570366 1.0 14799
1669804585108 0.5 14849
1669804599821 0.3333333432674408 14899
1669804614359 0.3333333432674408 14949
1669804641881 1.0 14999
1669804656727 0.0 15049
1669804671330 0.5 15099
1669804685910 0.3333333432674408 15149
1669804713550 0.0 15199
1669804728229 0.0 15249
1669804742811 0.0 15299
1669804757365 0.6666666865348816 15349
1669804772348 1.0 15399
1669804800052 0.0 15449
1669804814623 0.5 15499
1669804829187 0.800000011920929 15549
1669804843778 1.0 15599
1669804871505 0.6666666865348816 15649
1669804886115 0.6666666865348816 15699
1669804900846 0.3333333432674408 15749
1669804915888 0.5 15799
1669804943284 1.0 15849
1669804957810 0.3333333432674408 15899
1669804972346 0.75 15949
1669804986918 0.3333333432674408 15999
1669805001465 0.3333333432674408 16049
1669805028921 1.0 16099
1669805043491 0.5 16149
1669805058345 0.0 16199
1669805073083 0.0 16249
1669805100542 0.5 16299
1669805115157 0.0 16349
1669805129725 0.6666666865348816 16399
1669805144308 0.5 16449
1669805171747 1.0 16499
1669805186449 0.0 16549
1669805201165 0.0 16599
1669805216036 0.5 16649
1669805230611 1.0 16699
1669805258102 0.6666666865348816 16749
1669805272642 0.0 16799
1669805287219 0.0 16849
1669805301859 0.25 16899
1669805329491 0.0 16949
1669805344067 1.0 16999
1669805358728 1.0 17049
1669805373577 0.25 17099
1669805401101 1.0 17149
1669805415700 0.4000000059604645 17199
1669805430281 1.0 17249
1669805445044 0.3333333432674408 17299
1669805459738 1.0 17349
1669805487328 0.0 17399
1669805502197 1.0 17449
1669805516840 0.0 17499
1669805531467 0.0 17549
1669805559234 1.0 17599
1669805573967 0.0 17649
1669805588571 0.5 17699
1669805603180 0.0 17749
1669805630833 0.5 17799
1669805645533 0.0 17849
1669805660148 1.0 17899
1669805674914 0.3333333432674408 17949
1669805689491 0.3333333432674408 17999
1669805717032 0.5 18049
1669805731678 0.0 18099
1669805746208 1.0 18149
1669805760877 0.6666666865348816 18199
1669805788134 0.6666666865348816 18249
1669805802741 1.0 18299
1669805817274 0.0 18349
1669805832061 0.3333333432674408 18399
1669805859573 0.5 18449
1669805874269 0.0 18499
1669805888876 0.0 18549
1669805903480 0.25 18599
1669805918145 0.3333333432674408 18649
1669805945719 0.3333333432674408 18699
1669805960307 0.20000000298023224 18749
1669805975039 0.5 18799
1669805989597 1.0 18849
1669806017276 1.0 18899
1669806031999 0.6666666865348816 18949
1669806046629 0.0 18999
1669806061371 0.5 19049
1669806089091 0.6666666865348816 19099
1669806103671 1.0 19149
1669806118353 1.0 19199
1669806132894 0.5 19249
1669806147426 0.75 19299
1669806175083 0.5 19349
1669806189867 0.5 19399
1669806204598 1.0 19449
1669806219280 0.75 19499
1669806246942 0.25 19549
1669806261676 0.0 19599
1669806276307 0.3333333432674408 19649
1669806290875 0.6666666865348816 19699
1669806318322 0.0 19749
1669806332849 0.5 19799
1669806347541 0.0 19849
1669806362129 0.0 19899
1669806376835 0.0 19949
1669806404738 0.6666666865348816 19999
1669806419281 0.75 20049
1669806434017 0.4000000059604645 20099
1669806448569 1.0 20149
1669806476240 0.6666666865348816 20199
1669806490841 0.0 20249
1669806505448 1.0 20299
1669806520016 0.5 20349
1669806547779 0.5 20399
1669806562485 1.0 20449
1669806577047 0.0 20499
1669806591642 0.5 20549
1669806606209 0.6666666865348816 20599
1669806633891 0.0 20649
1669806648602 0.0 20699
1669806663330 0.5 20749
1669806677875 0.0 20799
1669806705647 0.5 20849
1669806720248 0.0 20899
1669806735053 0.5 20949
1669806749639 0.6666666865348816 20999
1669806777182 0.75 21049
1669806791917 0.3333333432674408 21099
1669806806557 1.0 21149
1669806821135 0.0 21199
1669806835871 0.6666666865348816 21249
1669806863577 0.6000000238418579 21299
1669806878115 0.3333333432674408 21349
1669806892673 0.0 21399
1669806907248 0.3333333432674408 21449
1669806934721 0.6666666865348816 21499
1669806949290 1.0 21549
1669806963887 0.6000000238418579 21599
1669806978543 0.6000000238418579 21649
1669806993279 0.0 21699
1669807020834 1.0 21749
1669807035444 0.3333333432674408 21799
1669807050028 0.5 21849
1669807064783 0.5 21899
1669807092246 0.6000000238418579 21949
1669807106835 0.6666666865348816 21999
1669807121779 0.3333333432674408 22049
1669807136353 0.5 22099
1669807164295 0.0 22149
1669807178964 0.0 22199
1669807193623 1.0 22249
1669807208457 0.0 22299
1669807223129 0.4000000059604645 22349
1669807250557 0.5 22399
1669807265282 0.5 22449
1669807279909 0.3333333432674408 22499
1669807294811 0.75 22549
1669807322455 0.5 22599
1669807337215 1.0 22649
1669807351743 0.0 22699
1669807366261 0.0 22749
1669807393917 0.0 22799
1669807408464 0.0 22849
1669807423024 0.5 22899
1669807437834 0.5 22949
1669807452503 0.3333333432674408 22999
1669807480215 0.0 23049
1669807494793 0.5 23099
1669807509441 0.75 23149
1669807524113 1.0 23199
1669807551623 0.5 23249
1669807566348 0.0 23299
1669807581072 0.5 23349
1669807595656 0.5 23399
1669807623262 1.0 23449
1669807637882 0.5 23499
1669807652512 0.0 23549
1669807667282 1.0 23599
1669807681874 1.0 23649
1669807709335 0.0 23699
1669807724032 0.25 23749
1669807738638 0.5 23799
1669807753213 0.0 23849
1669807780532 1.0 23899
1669807795373 1.0 23949
1669807809967 0.5 23999
1669807824541 0.0 24049
1669807851780 0.6666666865348816 24099
1669807866448 0.0 24149
1669807881032 0.0 24199
1669807895612 0.6666666865348816 24249
1669807910173 0.5 24299
1669807938053 0.6666666865348816 24349
1669807952616 0.0 24399
1669807967211 0.5 24449
1669807981769 0.3333333432674408 24499
1669808009171 0.5 24549
1669808023954 0.3333333432674408 24599
1669808038776 0.0 24649
1669808053661 0.6666666865348816 24699
1669808081458 1.0 24749
1669808096154 1.0 24799
1669808110977 1.0 24849
1669808125529 0.0 24899
1669808140097 0.0 24949
1669808167762 1.0 24999
1669808182584 1.0 25049
1669808197187 0.3333333432674408 25099
1669808212097 0.6666666865348816 25149
1669808239433 0.0 25199
1669808254080 1.0 25249
1669808268645 0.0 25299
1669808283253 0.3333333432674408 25349
1669808311075 0.0 25399
1669808325656 0.0 25449
1669808340186 1.0 25499
1669808355034 0.3333333432674408 25549
1669808369556 0.3333333432674408 25599
1669808397315 0.0 25649
1669808411893 0.5 25699
1669808426481 0.25 25749
1669808441216 0.20000000298023224 25799
1669808469236 0.6666666865348816 25849
1669808483776 0.20000000298023224 25899
1669808498479 0.6666666865348816 25949
1669808513109 0.0 25999
1669808540520 0.3333333432674408 26049
1669808555039 0.0 26099
1669808569595 1.0 26149
1669808584179 0.6666666865348816 26199
1669808599199 0.0 26249
1669808626949 0.0 26299
1669808641651 0.6666666865348816 26349
1669808656218 0.3333333432674408 26399
1669808670819 0.3333333432674408 26449
1669808698292 0.5 26499
1669808712874 0.5 26549
1669808727663 0.0 26599
1669808742590 0.0 26649
1669808770275 0.5 26699
1669808785070 0.5 26749
1669808799618 1.0 26799
1669808814172 0.0 26849
1669808828702 0.5 26899
1669808856302 0.0 26949
1669808871188 0.3333333432674408 26999
1669808885891 0.0 27049
1669808900546 0.0 27099
1669808928370 0.0 27149
1669808943028 1.0 27199
1669808957649 0.0 27249
1669808972290 1.0 27299
1669808999852 0.0 27349
1669809014709 0.0 27399
1669809029287 1.0 27449
1669809043832 0.0 27499
1669809058389 0.25 27549
1669809086044 0.0 27599
1669809100710 0.5 27649
1669809115261 0.6666666865348816 27699
1669809129969 0.6666666865348816 27749
1669809157733 0.6666666865348816 27799
1669809172443 0.5 27849
1669809187221 0.3333333432674408 27899
1669809201797 0.5 27949
1669809229325 0.0 27999
1669809243975 0.0 28049
1669809258628 0.6666666865348816 28099
1669809273418 0.25 28149
1669809288048 1.0 28199
1669809315583 0.3333333432674408 28249
1669809330330 1.0 28299
1669809344859 1.0 28349
1669809359417 0.6666666865348816 28399
1669809387008 0.0 28449
1669809401574 0.3333333432674408 28499
1669809416142 1.0 28549
1669809431096 1.0 28599
1669809459036 1.0 28649
1669809473768 0.5 28699
1669809488370 0.3333333432674408 28749
1669809502927 0.0 28799
1669809517478 0.20000000298023224 28849
1669809545029 0.0 28899
1669809559552 0.3333333432674408 28949
1669809574378 0.5 28999
1669809589090 0.3333333432674408 29049
1669809616939 0.0 29099
1669809631497 0.0 29149
1669809646044 0.0 29199
1669809660709 0.0 29249
1669809688816 1.0 29299
1669809703357 0.5 29349
1669809718121 0.0 29399
1669809732799 0.5 29449
1669809747323 0.3333333432674408 29499
1669809774695 1.0 29549
1669809789423 0.6666666865348816 29599
1669809804022 0.0 29649
1669809818949 0.5 29699
1669809846412 0.5 29749
1669809861017 0.0 29799
1669809875904 0.5 29849
1669809890497 1.0 29899
1669809918221 0.5 29949
1669809932870 0.25 29999
1669809947520 0.0 30049
1669809962038 0.3333333432674408 30099
1669809976660 1.0 30149
1669810004515 0.6666666865348816 30199
1669810019237 0.6666666865348816 30249
1669810033807 1.0 30299
1669810048347 0.5 30349
1669810075809 0.0 30399
1669810090420 0.4000000059604645 30449
1669810105180 0.0 30499
1669810119802 0.5 30549
1669810147487 1.0 30599
1669810162205 0.75 30649
1669810176771 0.3333333432674408 30699
1669810191307 0.25 30749
1669810205982 1.0 30799
1669810233683 0.0 30849
1669810248335 0.3333333432674408 30899
1669810263020 0.3333333432674408 30949
1669810277615 1.0 30999
1669810305140 0.0 31049
1669810319958 0.5 31099
1669810334572 1.0 31149
1669810349105 0.5 31199
1669810376781 0.0 31249
1669810391359 1.0 31299
1669810406101 1.0 31349
1669810420763 1.0 31399
1669810435303 1.0 31449
1669810462905 1.0 31499
1669810477570 0.6666666865348816 31549
1669810492137 0.3333333432674408 31599
1669810506695 0.6666666865348816 31649
1669810534429 0.5 31699
1669810548941 0.0 31749
1669810563483 0.0 31799
1669810578173 0.25 31849
1669810605863 0.25 31899
1669810620495 0.6666666865348816 31949
1669810635041 0.6666666865348816 31999
1669810649559 0.25 32049
1669810664064 1.0 32099
1669810691539 0.5 32149
1669810706076 0.3333333432674408 32199
1669810720969 0.0 32249
1669810735687 1.0 32299
1669810763117 1.0 32349
1669810777754 0.6666666865348816 32399
1669810792288 1.0 32449
1669810806824 1.0 32499
1669810821311 0.0 32549
1669810849017 0.5 32599
1669810863635 0.6000000238418579 32649
1669810878292 0.5 32699
1669810892903 1.0 32749
1669810920448 1.0 32799
1669810934991 1.0 32849
1669810949536 0.0 32899
1669810964094 0.5 32949
1669810991777 1.0 32999
1669811006595 0.0 33049
1669811021303 0.5 33099
1669811035854 0.5 33149
1669811050420 1.0 33199
1669811077769 1.0 33249
1669811092331 1.0 33299
1669811107021 0.75 33349
1669811121705 0.0 33399
1669811149350 0.0 33449
1669811164076 0.0 33499
1669811178731 0.5 33549
1669811193505 0.0 33599
1669811221470 0.0 33649
1669811236073 0.0 33699
1669811250632 0.0 33749
1669811265360 0.5 33799
1669811280049 0.5 33849
1669811307585 0.5 33899
1669811322144 0.25 33949
1669811336854 0.5 33999
1669811351424 0.0 34049
1669811379001 0.0 34099
1669811393534 0.4000000059604645 34149
1669811408257 1.0 34199
1669811422948 0.6666666865348816 34249
1669811450670 0.3333333432674408 34299
1669811465363 0.5 34349
1669811479896 0.3333333432674408 34399
1669811494547 1.0 34449
1669811509065 0.0 34499
1669811536686 0.0 34549
1669811551382 0.5 34599
1669811565924 0.6000000238418579 34649
1669811580472 0.0 34699
1669811608145 0.5 34749
1669811622805 1.0 34799
1669811637396 0.0 34849
1669811651943 0.0 34899
1669811679162 0.75 34949
1669811694041 1.0 34999
1669811708661 0.5 35049
1669811723698 0.0 35099
1669811738271 1.0 35149
1669811765736 1.0 35199
1669811780289 1.0 35249
1669811795006 1.0 35299
1669811809602 0.5 35349
1669811837067 0.5 35399
1669811851614 0.0 35449
1669811866401 0.0 35499
1669811880906 1.0 35549
1669811908564 0.5 35599
1669811923089 0.6000000238418579 35649
1669811937596 1.0 35699
1669811952245 0.6666666865348816 35749
1669811966733 0.0 35799
1669811994584 0.3333333432674408 35849
1669812009307 1.0 35899
1669812023836 0.3333333432674408 35949
1669812038537 0.0 35999
1669812066152 0.6666666865348816 36049
1669812080809 0.25 36099
1669812095466 0.6666666865348816 36149
1669812110053 0.3333333432674408 36199
1669812137740 0.5 36249
1669812152423 0.5 36299
1669812166967 0.6666666865348816 36349
1669812181585 0.0 36399
1669812196264 0.0 36449
1669812223862 0.3333333432674408 36499
1669812238450 0.3333333432674408 36549
1669812253029 1.0 36599
1669812267564 1.0 36649
1669812295249 1.0 36699
1669812310212 0.0 36749
1669812324775 1.0 36799
1669812339334 1.0 36849
1669812367211 1.0 36899
1669812381837 1.0 36949
1669812396622 1.0 36999
1669812411296 0.75 37049
1669812425888 0.3333333432674408 37099
1669812453555 0.4000000059604645 37149
1669812468156 1.0 37199
1669812482718 0.3333333432674408 37249
1669812497338 0.0 37299
1669812524924 0.5 37349
1669812539467 0.3333333432674408 37399
1669812554033 0.6666666865348816 37449
1669812568827 1.0 37499
1669812596768 0.3333333432674408 37549
1669812611450 0.0 37599
1669812625967 0.0 37649
1669812640666 1.0 37699
1669812655196 0.0 37749
1669812682646 0.75 37799
1669812697302 0.0 37849
1669812711951 0.0 37899
1669812726559 1.0 37949
1669812754617 0.0 37999
1669812769284 1.0 38049
1669812784362 0.6666666865348816 38099
1669812799001 0.5 38149
1669812827147 0.0 38199
1669812841827 1.0 38249
1669812856674 0.5 38299
1669812871358 0.0 38349
1669812886073 0.5 38399
1669812914545 0.0 38449
1669812929352 1.0 38499
1669812944037 0.5 38549
1669812958709 0.0 38599
1669812986916 1.0 38649
1669813001534 0.5 38699
1669813016150 0.3333333432674408 38749
1669813030976 0.800000011920929 38799
1669813058807 0.5 38849
1669813073431 0.6666666865348816 38899
1669813088063 0.6666666865348816 38949
1669813102716 0.5 38999
1669813117608 0.0 39049
1669813145338 0.5 39099
1669813160029 1.0 39149
1669813174642 0.0 39199
1669813189437 0.6666666865348816 39249
1669813217178 1.0 39299
1669813231874 0.3333333432674408 39349
1669813246696 0.0 39399
1669813261460 0.6666666865348816 39449
1669813289488 0.5 39499
1669813304175 0.75 39549
1669813318880 1.0 39599
1669813333725 1.0 39649
1669813348420 0.0 39699
1669813376306 0.0 39749
1669813390941 0.0 39799
1669813405920 1.0 39849
1669813420774 0.5 39899
1669813448476 0.4000000059604645 39949
1669813463223 0.0 39999
1669813478018 0.4000000059604645 40049
1669813492690 0.5 40099
1669813520391 1.0 40149
1669813535200 0.0 40199
1669813550051 0.6666666865348816 40249
1669813564843 1.0 40299
1669813579511 0.0 40349
1669813607073 1.0 40399
1669813621708 1.0 40449
1669813636491 0.3333333432674408 40499
1669813651250 0.0 40549
1669813678927 0.5 40599
1669813693685 0.5 40649
1669813708316 0.6000000238418579 40699
1669813722900 1.0 40749
1669813750416 0.0 40799
1669813765076 1.0 40849
1669813779621 0.0 40899
1669813794161 1.0 40949
1669813808876 0.4000000059604645 40999
1669813836530 0.0 41049
1669813851100 0.6666666865348816 41099
1669813865831 0.0 41149
1669813880413 0.75 41199
1669813908083 0.5 41249
1669813922790 0.6666666865348816 41299
1669813937333 0.0 41349
1669813952053 1.0 41399
1669813979474 1.0 41449
1669813994270 0.25 41499
1669814009008 0.5 41549
1669814023620 0.6666666865348816 41599
1669814038250 0.25 41649
1669814065830 0.0 41699
1669814080547 0.0 41749
1669814095076 1.0 41799
1669814109824 1.0 41849
1669814137566 0.3333333432674408 41899
1669814152190 0.0 41949
1669814166764 1.0 41999
1669814181308 0.6000000238418579 42049
1669814208846 0.5 42099
1669814223388 0.0 42149
1669814238221 0.0 42199
1669814252902 0.5 42249
1669814267484 0.6666666865348816 42299
1669814295222 0.5 42349
1669814309815 0.6666666865348816 42399
1669814324381 0.3333333432674408 42449
1669814338975 0.0 42499
1669814366625 0.5 42549
1669814381297 0.5 42599
1669814395985 0.75 42649
1669814410514 0.0 42699
1669814437902 0.3333333432674408 42749
1669814452739 0.6666666865348816 42799
1669814467399 0.0 42849
1669814482053 1.0 42899
1669814496851 0.5 42949
1669814524581 1.0 42999
1669814539143 0.0 43049
1669814553678 0.0 43099
1669814568255 0.0 43149
1669814595703 0.25 43199
1669814610283 0.3333333432674408 43249
1669814625019 0.5 43299
1669814639743 0.0 43349
1669814654243 0.0 43399
1669814681926 0.5 43449
1669814696525 0.0 43499
1669814711115 0.5 43549
1669814725729 0.0 43599
1669814753167 1.0 43649
1669814767795 0.5 43699
1669814782508 0.25 43749
1669814797297 0.75 43799
1669814825673 0.5 43849
1669814840335 0.0 43899
1669814855003 0.0 43949
1669814869573 0.3333333432674408 43999
1669814884125 0.3333333432674408 44049
1669814911798 0.3333333432674408 44099
1669814926391 0.3333333432674408 44149
1669814941086 0.6666666865348816 44199
1669814956095 0.5 44249
1669814983669 0.5 44299
1669814998268 1.0 44349
1669815013084 0.0 44399
1669815027676 0.0 44449
1669815055176 0.0 44499
1669815069802 0.6666666865348816 44549
1669815084617 0.0 44599
1669815099306 0.20000000298023224 44649
1669815113842 0.800000011920929 44699
1669815141745 0.6666666865348816 44749
1669815156273 0.5 44799
1669815170826 1.0 44849
1669815185394 0.0 44899
1669815213090 1.0 44949
1669815227649 0.25 44999
1669815242206 0.0 45049
1669815257162 1.0 45099
1669815284723 0.75 45149
1669815299293 0.75 45199
1669815313847 0.3333333432674408 45249
1669815328560 0.3333333432674408 45299
1669815343127 1.0 45349
1669815370886 0.3333333432674408 45399
1669815385596 0.0 45449
1669815400297 0.0 45499
1669815415018 0.3333333432674408 45549
1669815442512 1.0 45599
1669815457109 0.5 45649
1669815471883 0.0 45699
1669815486403 1.0 45749
1669815513725 0.800000011920929 45799
1669815528581 0.0 45849
1669815543218 0.5 45899
1669815557830 0.6666666865348816 45949
1669815572556 0.6666666865348816 45999
1669815600055 0.800000011920929 46049
1669815614616 0.5 46099
1669815629179 1.0 46149
1669815643910 0.25 46199
1669815671829 0.5 46249
1669815686405 0.6000000238418579 46299
1669815701177 0.0 46349
1669815715740 0.6666666865348816 46399
1669815743626 1.0 46449
1669815758149 0.5 46499
1669815772679 0.4000000059604645 46549
1669815787519 0.5 46599
1669815802064 0.0 46649
1669815829908 0.3333333432674408 46699
1669815844486 0.0 46749
1669815859163 0.3333333432674408 46799
1669815873701 0.5 46849
1669815901525 0.6666666865348816 46899
1669815916292 1.0 46949
1669815930992 0.0 46999
1669815945540 0.0 47049
1669815973289 0.6666666865348816 47099
1669815987985 1.0 47149
1669816002618 0.5 47199
1669816017189 0.0 47249
1669816031799 0.3333333432674408 47299
1669816059522 0.0 47349
1669816074284 0.800000011920929 47399
1669816088996 0.5 47449
1669816103694 1.0 47499
1669816131389 0.0 47549
1669816146053 0.0 47599
1669816160643 0.0 47649
1669816175254 1.0 47699
1669816202862 1.0 47749
1669816217530 0.5 47799
1669816232299 0.6000000238418579 47849
1669816247164 0.6666666865348816 47899
1669816261749 0.0 47949
1669816289154 1.0 47999
1669816303895 1.0 48049
1669816318741 0.25 48099
1669816333273 0.5 48149
1669816360759 1.0 48199
1669816375633 0.6666666865348816 48249
1669816390288 1.0 48299
1669816404994 0.3333333432674408 48349
1669816432767 0.5 48399
1669816447334 0.6666666865348816 48449
1669816461843 0.6666666865348816 48499
1669816476398 0.5 48549
1669816490910 1.0 48599
1669816518638 0.6666666865348816 48649
1669816533202 0.5 48699
1669816548065 1.0 48749
1669816562628 0.0 48799
1669816590041 0.3333333432674408 48849
1669816604711 0.5 48899
1669816619279 0.5 48949
1669816633855 0.3333333432674408 48999
1669816661647 0.5 49049
1669816676509 0.4000000059604645 49099
1669816691193 0.6666666865348816 49149
1669816705882 0.0 49199
1669816720432 0.5 49249
1669816747918 0.0 49299
1669816762524 0.5 49349
1669816777125 0.0 49399
1669816791722 0.5 49449
1669816819468 0.0 49499
1669816834282 0.0 49549
1669816848831 0.25 49599
1669816863542 0.5 49649
1669816891234 1.0 49699
1669816905779 1.0 49749
1669816920340 0.3333333432674408 49799
1669816934985 0.0 49849
1669816949543 0.6666666865348816 49899
1669816977341 0.6666666865348816 49949
1669816991855 0.3333333432674408 49999
1669817006502 0.5 50049
1669817021025 1.0 50099
1669817048565 0.6666666865348816 50149
1669817063144 0.0 50199
1669817077805 0.75 50249
1669817092376 0.5 50299
1669817120372 0.0 50349
1669817134997 1.0 50399
1669817149793 0.3333333432674408 50449
1669817164361 0.6666666865348816 50499
1669817178951 0.5 50549
1669817206492 1.0 50599
1669817221175 0.0 50649
1669817235735 0.5 50699
1669817250291 0.5 50749
1669817278093 0.0 50799
1669817292857 0.3333333432674408 50849
1669817307463 0.25 50899
1669817322037 1.0 50949
1669817349901 0.0 50999
1669817364609 0.75 51049
1669817379283 0.0 51099
1669817394126 1.0 51149
1669817408757 1.0 51199
1669817436426 0.3333333432674408 51249
1669817451038 1.0 51299
1669817465713 1.0 51349
1669817480366 1.0 51399
1669817508053 0.5 51449
1669817522653 0.0 51499
1669817537544 0.5 51549
1669817552175 0.75 51599
1669817579865 0.0 51649
1669817594415 0.5 51699
1669817609114 0.5 51749
1669817623678 0.25 51799
1669817638407 0.5 51849
1669817665847 0.6666666865348816 51899
1669817680480 0.0 51949
1669817695140 0.0 51999
1669817709659 0.3333333432674408 52049
1669817737365 0.5 52099
1669817751907 0.75 52149
1669817766468 0.0 52199
1669817781121 0.25 52249
1669817808493 0.3333333432674408 52299
1669817823128 1.0 52349
1669817837954 1.0 52399
1669817852475 0.5 52449
1669817867000 1.0 52499
1669817894737 0.6666666865348816 52549
1669817909435 0.5 52599
1669817924217 0.0 52649
1669817938800 0.3333333432674408 52699
1669817966648 1.0 52749
1669817981212 0.5 52799
1669817995847 0.3333333432674408 52849
1669818010466 0.0 52899
1669818038164 0.0 52949
1669818052731 0.0 52999
1669818067444 0.0 53049
1669818082079 0.6666666865348816 53099
1669818096606 0.3333333432674408 53149
1669818124206 0.6666666865348816 53199
1669818138861 0.5 53249
1669818153427 1.0 53299
1669818168155 0.25 53349
1669818195716 1.0 53399
1669818210303 0.0 53449
1669818224865 1.0 53499
1669818239545 1.0 53549
1669818266970 1.0 53599
1669818281540 0.3333333432674408 53649
1669818296376 1.0 53699
1669818310911 0.0 53749
1669818325584 1.0 53799
1669818353166 0.6666666865348816 53849
1669818367713 0.0 53899
1669818382293 1.0 53949
1669818396844 0.0 53999
1669818424622 0.5 54049
1669818439300 1.0 54099
1669818453981 1.0 54149
1669818468645 0.0 54199
1669818483029 1.0 54249
1669818510546 0.0 54299
1669818525094 0.800000011920929 54349
1669818539646 0.5 54399
1669818554252 0.5 54449
1669818582024 1.0 54499
1669818596886 0.0 54549
1669818611597 0.6666666865348816 54599
1669818626347 0.0 54649
1669818653807 1.0 54699
1669818668417 0.6666666865348816 54749
1669818683006 0.6000000238418579 54799
1669818697795 0.5 54849
1669818712617 0.0 54899
1669818740191 0.5 54949
1669818754782 1.0 54999
1669818769406 0.0 55049
1669818783999 0.6666666865348816 55099
1669818811520 1.0 55149
1669818826040 1.0 55199
1669818840708 0.0 55249
1669818855413 0.5 55299
1669818883037 0.0 55349
1669818897669 0.0 55399
1669818912345 0.5 55449
1669818927015 0.0 55499
1669818941581 0.0 55549
1669818969328 0.0 55599
1669818984027 0.0 55649
1669818998686 0.5 55699
1669819013216 0.0 55749
1669819041044 0.0 55799
1669819055603 0.5 55849
1669819070165 1.0 55899
1669819084732 1.0 55949
1669819112045 0.75 55999
1669819127050 0.0 56049
1669819141660 0.6666666865348816 56099
1669819156301 0.6666666865348816 56149
1669819171044 1.0 56199
1669819198589 1.0 56249
1669819213164 0.3333333432674408 56299
1669819227765 0.6666666865348816 56349
1669819242415 0.3333333432674408 56399
1669819270193 1.0 56449
1669819284924 0.0 56499
1669819299511 0.6666666865348816 56549
1669819314192 0.0 56599
1669819341741 0.0 56649
1669819356360 0.6000000238418579 56699
1669819371006 0.0 56749
1669819385564 0.6666666865348816 56799
1669819400246 0.3333333432674408 56849
1669819427704 0.800000011920929 56899
1669819442216 1.0 56949
1669819457022 1.0 56999
1669819471787 0.0 57049
1669819499247 0.6666666865348816 57099
1669819513915 0.6666666865348816 57149
1669819528500 0.6000000238418579 57199
1669819543152 1.0 57249
1669819570775 0.5 57299
1669819585324 0.6666666865348816 57349
1669819600015 0.6666666865348816 57399
1669819614630 0.0 57449
1669819629270 1.0 57499
1669819656703 0.5 57549
1669819671346 0.75 57599
1669819685924 0.3333333432674408 57649
1669819700491 0.3333333432674408 57699
1669819728136 1.0 57749
1669819742727 0.6666666865348816 57799
1669819757419 0.3333333432674408 57849
1669819772145 0.0 57899
1669819799891 0.6666666865348816 57949
1669819814483 1.0 57999
1669819829149 1.0 58049
1669819843699 0.6666666865348816 58099
1669819858350 0.5 58149
1669819885921 0.25 58199
1669819900484 0.0 58249
1669819915322 1.0 58299
1669819929876 0.6000000238418579 58349
1669819957456 0.6666666865348816 58399
1669819972026 0.6666666865348816 58449
1669819986704 0.0 58499
1669820001304 0.0 58549
1669820029006 0.5 58599
1669820043686 0.5 58649
1669820058287 0.5 58699
1669820072941 0.5 58749
1669820087473 0.5 58799
1669820115144 1.0 58849
1669820129724 0.5 58899
1669820144315 0.5 58949
1669820158890 0.6666666865348816 58999
1669820186499 0.75 59049
1669820201040 0.6666666865348816 59099
1669820215732 0.3333333432674408 59149
1669820230444 0.0 59199
1669820258128 0.6666666865348816 59249
1669820272654 0.6666666865348816 59299
1669820287157 1.0 59349
1669820301697 0.75 59399
1669820316201 1.0 59449
1669820344045 0.5 59499
1669820358589 0.0 59549
1669820373143 0.0 59599
1669820387994 0.3333333432674408 59649
1669820415506 0.6666666865348816 59699
1669820430090 0.5 59749
1669820444709 0.5 59799
1669820459240 0.0 59849
1669820487112 0.0 59899
1669820501713 0.6666666865348816 59949
1669820516580 0.3333333432674408 59999
1669820531143 0.5 60049
1669820545754 0.4000000059604645 60099
1669820573265 0.3333333432674408 60149
1669820587838 0.0 60199
1669820602425 0.6666666865348816 60249
1669820617163 0.75 60299
1669820644622 0.5 60349
1669820659306 0.75 60399
1669820673845 0.5 60449
1669820688523 0.3333333432674408 60499
1669820716111 0.5 60549
1669820730617 0.3333333432674408 60599
1669820745153 0.3333333432674408 60649
1669820759818 1.0 60699
1669820774529 1.0 60749
1669820802036 0.5 60799
1669820816729 0.6666666865348816 60849
1669820831279 0.5 60899
1669820845824 0.5 60949
1669820873468 0.0 60999
1669820888150 0.3333333432674408 61049
1669820902668 1.0 61099
1669820917329 0.0 61149
1669820944889 0.0 61199
1669820959548 0.5 61249
1669820974067 0.5 61299
1669820988629 0.6666666865348816 61349
1669821003227 0.0 61399
1669821030788 0.5 61449
1669821045463 0.5 61499
1669821060124 0.0 61549
1669821074874 1.0 61599
1669821102508 1.0 61649
1669821117155 0.6666666865348816 61699
1669821131797 0.5 61749
1669821146425 1.0 61799
1669821173917 0.3333333432674408 61849
1669821188591 0.3333333432674408 61899
1669821203404 0.75 61949
1669821217936 0.6666666865348816 61999
1669821232465 1.0 62049
1669821260037 1.0 62099
1669821274616 0.5 62149
1669821289149 1.0 62199
1669821303687 0.0 62249
1669821331415 0.5 62299
1669821346106 0.3333333432674408 62349
1669821360774 0.0 62399
1669821375316 0.5 62449
1669821403314 0.0 62499
1669821417892 0.0 62549
1669821432482 0.5 62599
1669821447215 0.3333333432674408 62649
1669821461755 0.6666666865348816 62699
1669821489229 0.5 62749
1669821503859 0.5 62799
1669821518354 0.5 62849
1669821532984 0.5 62899
1669821560453 0.6000000238418579 62949
1669821575228 0.5 62999
1669821589767 0.0 63049
1669821604511 1.0 63099
1669821631987 0.5 63149
1669821646520 0.0 63199
1669821661339 0.5 63249
1669821675893 0.0 63299
1669821690430 0.3333333432674408 63349
1669821718065 1.0 63399
1669821732641 0.0 63449
1669821747194 0.0 63499
1669821762054 1.0 63549
1669821789744 0.0 63599
1669821804471 1.0 63649
1669821819005 0.4000000059604645 63699
1669821833664 0.0 63749
1669821861297 0.0 63799
1669821875894 1.0 63849
1669821890439 0.5 63899
1669821905028 0.0 63949
1669821919730 1.0 63999
1669821947456 0.3333333432674408 64049
1669821962063 1.0 64099
1669821976739 0.0 64149
1669821991324 0.5 64199
1669822018900 0.0 64249
1669822033627 1.0 64299
1669822048126 0.0 64349
1669822062775 0.6666666865348816 64399
1669822090154 0.5 64449
1669822104998 0.6666666865348816 64499
1669822119581 0.0 64549
1669822134202 0.75 64599
1669822148792 0.3333333432674408 64649
1669822176264 0.0 64699
1669822190906 0.5 64749
1669822205404 1.0 64799
1669822220039 0.0 64849
1669822247650 0.5 64899
1669822262343 1.0 64949
1669822276916 1.0 64999
1669822291616 0.0 65049
1669822305958 0.0 65099
