1669360622595 196.0 216
1669360698348 198.0 433
1669360774286 189.5 650
1669360849929 154.0 867
1669360926211 145.5 1084
1669361001890 192.25 1301
1669361078107 188.5 1518
1669361154154 152.5 1735
1669361230204 189.0 1952
1669361306543 135.0 2169
1669361382867 189.75 2386
1669361459456 95.75 2603
1669361535915 120.0 2820
1669361612539 100.25 3037
1669361689247 133.0 3254
1669361765928 80.5 3471
1669361842149 101.0 3688
1669361918848 71.5 3905
1669361995468 73.25 4122
1669362071562 76.75 4339
1669362148197 62.0 4556
1669362224495 78.0 4773
1669362301530 99.5 4990
1669362377653 75.5 5207
1669362454712 53.75 5424
1669362530958 46.0 5641
1669362607401 57.5 5858
1669362683571 45.5 6075
1669362760111 31.75 6292
1669362836717 62.5 6509
1669362913015 43.25 6726
1669362989884 33.5 6943
1669363066004 29.5 7160
1669363142746 31.25 7377
1669363219079 11.75 7594
1669363295642 34.75 7811
1669363371620 21.25 8028
1669363447912 21.75 8245
1669363524313 27.0 8462
1669363600564 25.25 8679
1669363677314 24.25 8896
1669363753570 24.5 9113
1669363830114 17.5 9330
1669363906373 17.0 9547
1669363982725 20.75 9764
1669364059194 23.5 9981
1669364135396 17.5 10198
1669364211621 19.75 10415
1669364287723 21.25 10632
1669364364749 13.75 10849
1669364441247 13.0 11066
1669364518409 14.0 11283
1669364595674 14.0 11500
1669364672352 10.75 11717
1669364748536 15.25 11934
1669364825460 20.25 12151
1669364901581 88.5 12368
1669364977972 11.5 12585
1669365054308 14.75 12802
1669365131125 14.0 13019
1669365207647 12.75 13236
1669365284626 18.0 13453
1669365361348 20.25 13670
1669365438094 12.0 13887
1669365514764 15.75 14104
1669365591423 21.0 14321
1669365668095 22.75 14538
1669365744798 20.5 14755
1669365821218 10.75 14972
1669365897691 9.75 15189
1669365974028 17.5 15406
1669366050528 6.75 15623
1669366126804 11.0 15840
1669366203341 17.75 16057
1669366279318 9.5 16274
1669366355610 4.0 16491
1669366432408 10.25 16708
1669366508499 13.5 16925
1669366584963 15.75 17142
1669366661497 15.25 17359
1669366737898 13.25 17576
1669366814991 9.75 17793
1669366891537 13.0 18010
1669366968266 13.5 18227
1669367045127 9.75 18444
1669367121593 15.25 18661
1669367198245 14.5 18878
1669367274387 11.0 19095
1669367351131 8.25 19312
1669367427269 12.0 19529
1669367503479 9.5 19746
1669367580313 17.75 19963
1669367657631 3.0 20180
1669367733942 11.5 20397
1669367810776 11.0 20614
1669367888524 8.25 20831
1669367966236 6.5 21048
1669368043753 11.5 21265
1669368121702 10.5 21482
1669368199724 3.0 21699
1669368276685 2.75 21916
1669368353204 15.0 22133
1669368429655 1.25 22350
1669368506391 2.25 22567
1669368583207 2.75 22784
1669368660148 5.75 23001
1669368736377 1.5 23218
1669368812749 4.25 23435
1669368889212 8.25 23652
1669368965456 2.75 23869
1669369042151 16.0 24086
1669369118495 14.75 24303
1669369194755 11.75 24520
1669369272339 13.25 24737
1669369349248 20.5 24954
1669369425126 15.0 25171
1669369501620 3.25 25388
1669369577538 10.0 25605
1669369654149 3.75 25822
1669369730179 5.25 26039
1669369806730 13.5 26256
1669369882872 9.75 26473
1669369959499 4.75 26690
1669370035510 13.75 26907
1669370111771 2.25 27124
1669370188184 13.5 27341
1669370264699 6.0 27558
1669370341143 11.75 27775
1669370417315 11.5 27992
1669370494068 11.5 28209
1669370570313 6.25 28426
1669370646966 10.5 28643
1669370723354 10.25 28860
1669370800038 10.0 29077
1669370877241 13.75 29294
1669370953848 18.75 29511
1669371030316 3.25 29728
1669371107461 14.5 29945
1669371183693 6.0 30162
1669371260526 9.75 30379
1669371337070 12.5 30596
1669371413556 14.5 30813
1669371489994 3.75 31030
1669371566733 11.75 31247
1669371643970 3.75 31464
1669371721071 10.25 31681
1669371798761 7.5 31898
1669371874901 10.75 32115
1669371951076 6.5 32332
1669372027231 7.0 32549
1669372103863 12.75 32766
1669372180269 9.75 32983
1669372256810 11.0 33200
1669372332856 2.25 33417
1669372409470 11.25 33634
1669372486653 3.75 33851
1669372563040 0.25 34068
1669372639172 9.5 34285
1669372715249 16.75 34502
1669372791403 0.5 34719
1669372867859 4.25 34936
1669372944318 3.0 35153
1669373020654 5.25 35370
1669373097404 12.5 35587
1669373174616 5.75 35804
1669373251676 6.25 36021
1669373328059 12.25 36238
1669373404544 3.25 36455
1669373480842 2.25 36672
1669373557137 19.5 36889
1669373633272 13.5 37106
1669373709862 9.75 37323
1669373786019 14.75 37540
1669373862653 6.5 37757
1669373939204 10.0 37974
1669374016178 9.25 38191
1669374092407 4.5 38408
1669374169468 16.25 38625
1669374246003 7.5 38842
1669374322600 11.75 39059
1669374399000 2.75 39276
1669374475736 11.75 39493
1669374552061 18.25 39710
1669374628319 6.0 39927
1669374704893 11.25 40144
1669374781200 14.5 40361
1669374857897 15.25 40578
1669374934213 7.0 40795
1669375010656 7.75 41012
1669375087071 10.75 41229
1669375163725 19.0 41446
1669375240147 15.25 41663
1669375316515 7.5 41880
1669375392896 13.5 42097
1669375469447 11.0 42314
1669375545601 13.0 42531
1669375621970 16.25 42748
1669375698339 13.5 42965
1669375774677 13.25 43182
1669375851184 10.25 43399
1669375927730 8.75 43616
1669376004397 18.25 43833
1669376080912 8.0 44050
1669376157448 6.0 44267
1669376233899 10.75 44484
1669376310261 9.0 44701
1669376386613 14.25 44918
1669376463290 23.5 45135
1669376539749 20.5 45352
1669376616309 13.0 45569
1669376692513 14.75 45786
1669376769330 16.25 46003
1669376845358 21.25 46220
1669376921863 21.5 46437
1669376998298 17.75 46654
1669377074940 12.5 46871
1669377150921 9.5 47088
1669377227831 17.0 47305
1669377304558 10.75 47522
1669377381048 13.0 47739
1669377457656 17.25 47956
1669377533626 10.5 48173
1669377610179 9.5 48390
1669377686520 15.75 48607
1669377763198 6.25 48824
1669377839919 7.75 49041
1669377916229 9.75 49258
1669377992693 5.75 49475
1669378069215 19.0 49692
1669378145615 17.5 49909
1669378222128 12.5 50126
1669378298685 8.0 50343
1669378375348 3.75 50560
1669378451834 6.0 50777
1669378528200 5.5 50994
1669378604455 9.25 51211
1669378680966 8.25 51428
1669378757526 4.0 51645
1669378833748 2.0 51862
1669378910279 10.75 52079
1669378986662 10.0 52296
1669379063457 10.0 52513
1669379139847 2.25 52730
1669379216629 0.25 52947
1669379293003 0.25 53164
1669379369767 3.75 53381
1669379446161 4.25 53598
1669379522634 3.0 53815
1669379598849 6.25 54032
1669379676008 2.5 54249
1669379752563 3.5 54466
1669379828979 4.5 54683
1669379905527 7.75 54900
1669379982027 3.25 55117
1669380058430 2.5 55334
1669380134725 6.0 55551
1669380211690 6.25 55768
1669380287834 4.5 55985
1669380364294 12.0 56202
1669380440430 4.0 56419
1669380516868 7.75 56636
1669380593646 7.0 56853
1669380670264 11.5 57070
1669380747002 5.75 57287
1669380823713 5.75 57504
1669380900327 6.75 57721
1669380977108 1.0 57938
1669381053718 2.75 58155
1669381129932 8.5 58372
1669381206656 4.5 58589
1669381283333 7.5 58806
1669381359566 4.5 59023
1669381436292 16.0 59240
1669381512822 5.5 59457
1669381589588 12.25 59674
1669381666176 2.25 59891
1669381742982 9.5 60108
1669381819405 8.25 60325
1669381896313 12.75 60542
1669381972883 7.75 60759
1669382049825 3.25 60976
1669382125878 6.0 61193
1669382202334 6.5 61410
1669382279087 10.75 61627
1669382355722 3.25 61844
1669382432316 6.75 62061
1669382509074 4.75 62278
1669382585450 11.25 62495
1669382661782 14.25 62712
1669382738477 4.75 62929
1669382815067 5.0 63146
1669382891930 7.0 63363
1669382968272 5.5 63580
1669383044360 8.25 63797
1669383120907 3.5 64014
1669383197321 2.75 64231
1669383273544 5.25 64448
1669383350227 4.75 64665
1669383427109 3.25 64882
1669383503707 2.5 65099
