1669360565548 0.3333333432674408 49
1669360580428 0.75 99
1669360595604 1.0 149
1669360610462 1.0 199
1669360637619 0.800000011920929 249
1669360652367 1.0 299
1669360666895 0.6666666865348816 349
1669360681474 1.0 399
1669360708358 1.0 449
1669360722868 0.5 499
1669360737524 0.6666666865348816 549
1669360752188 1.0 599
1669360766817 0.0 649
1669360793867 0.6666666865348816 699
1669360808425 0.6666666865348816 749
1669360822974 0.5 799
1669360837547 0.0 849
1669360864458 0.8333333134651184 899
1669360878951 0.0 949
1669360893590 0.5 999
1669360908232 0.5 1049
1669360936100 1.0 1099
1669360950576 0.25 1149
1669360965053 0.5 1199
1669360979554 0.3333333432674408 1249
1669360994073 1.0 1299
1669361021457 0.6666666865348816 1349
1669361036127 1.0 1399
1669361050782 1.0 1449
1669361065447 1.0 1499
1669361092679 1.0 1549
1669361107261 0.6666666865348816 1599
1669361121845 0.3333333432674408 1649
1669361136381 0.5 1699
1669361163742 0.3333333432674408 1749
1669361178261 0.5 1799
1669361193059 0.5 1849
1669361207551 0.5 1899
1669361222058 0.3333333432674408 1949
1669361249756 0.0 1999
1669361264301 0.3333333432674408 2049
1669361278848 0.5 2099
1669361293528 0.0 2149
1669361321031 1.0 2199
1669361335716 0.5 2249
1669361350261 0.5 2299
1669361364795 0.0 2349
1669361392272 0.0 2399
1669361407026 1.0 2449
1669361421608 0.800000011920929 2499
1669361436261 0.6000000238418579 2549
1669361450980 0.0 2599
1669361478675 0.0 2649
1669361493259 1.0 2699
1669361507822 1.0 2749
1669361522423 1.0 2799
1669361549972 1.0 2849
1669361564737 0.5 2899
1669361579293 0.0 2949
1669361593989 1.0 2999
1669361621658 0.6666666865348816 3049
1669361636262 0.3333333432674408 3099
1669361651189 0.5 3149
1669361665770 1.0 3199
1669361680401 0.6666666865348816 3249
1669361708052 1.0 3299
1669361723025 1.0 3349
1669361737597 0.0 3399
1669361752146 0.0 3449
1669361779737 0.5 3499
1669361794301 0.3333333432674408 3549
1669361809006 0.6666666865348816 3599
1669361823554 0.800000011920929 3649
1669361851183 1.0 3699
1669361866049 1.0 3749
1669361880647 0.3333333432674408 3799
1669361895249 0.6666666865348816 3849
1669361909828 0.800000011920929 3899
1669361937457 1.0 3949
1669361952157 0.0 3999
1669361966830 0.75 4049
1669361981536 1.0 4099
1669362008949 1.0 4149
1669362023507 0.3333333432674408 4199
1669362038060 0.5 4249
1669362052616 0.5 4299
1669362080140 0.0 4349
1669362094840 0.5 4399
1669362109431 0.6666666865348816 4449
1669362123999 1.0 4499
1669362138700 0.5 4549
1669362166343 1.0 4599
1669362180932 1.0 4649
1669362195534 0.3333333432674408 4699
1669362210122 1.0 4749
1669362237702 1.0 4799
1669362252570 0.6666666865348816 4849
1669362267289 0.6666666865348816 4899
1669362282140 1.0 4949
1669362309725 1.0 4999
1669362324293 0.75 5049
1669362338844 0.6666666865348816 5099
1669362353402 1.0 5149
1669362367949 1.0 5199
1669362396013 1.0 5249
1669362410630 1.0 5299
1669362425387 0.6666666865348816 5349
1669362440185 1.0 5399
1669362467626 0.75 5449
1669362482163 0.6666666865348816 5499
1669362496692 0.6000000238418579 5549
1669362511234 1.0 5599
1669362538849 1.0 5649
1669362553350 1.0 5699
1669362567865 1.0 5749
1669362583001 0.0 5799
1669362597523 0.0 5849
1669362624724 1.0 5899
1669362639290 1.0 5949
1669362653961 0.0 5999
1669362668644 0.0 6049
1669362696363 0.6666666865348816 6099
1669362711067 1.0 6149
1669362725646 1.0 6199
1669362740219 1.0 6249
1669362767685 1.0 6299
1669362782259 0.0 6349
1669362796918 0.6666666865348816 6399
1669362811573 1.0 6449
1669362826423 1.0 6499
1669362853930 0.6666666865348816 6549
1669362868800 1.0 6599
1669362883296 1.0 6649
1669362897781 1.0 6699
1669362925378 1.0 6749
1669362940217 0.0 6799
1669362954955 0.75 6849
1669362969508 0.6666666865348816 6899
1669362997292 1.0 6949
1669363011835 0.5 6999
1669363026379 1.0 7049
1669363040918 1.0 7099
1669363055467 1.0 7149
1669363083364 0.75 7199
1669363097958 1.0 7249
1669363112476 0.3333333432674408 7299
1669363127129 1.0 7349
1669363154698 1.0 7399
1669363169251 0.3333333432674408 7449
1669363183780 0.0 7499
1669363198502 1.0 7549
1669363226126 1.0 7599
1669363240863 1.0 7649
1669363255695 0.800000011920929 7699
1669363270294 0.6666666865348816 7749
1669363284878 0.0 7799
1669363312176 0.0 7849
1669363326720 1.0 7899
1669363341249 1.0 7949
1669363355907 0.800000011920929 7999
1669363383393 1.0 8049
1669363398190 1.0 8099
1669363412703 1.0 8149
1669363427212 0.3333333432674408 8199
1669363454676 0.0 8249
1669363469186 0.3333333432674408 8299
1669363483897 1.0 8349
1669363498423 0.0 8399
1669363513099 1.0 8449
1669363540583 0.6666666865348816 8499
1669363555158 1.0 8549
1669363569880 1.0 8599
1669363584528 1.0 8649
1669363612168 0.0 8699
1669363626880 0.5 8749
1669363641746 1.0 8799
1669363656385 0.6666666865348816 8849
1669363683734 0.6666666865348816 8899
1669363698488 1.0 8949
1669363713073 1.0 8999
1669363727614 0.0 9049
1669363742168 0.5 9099
1669363769735 0.6666666865348816 9149
1669363784568 1.0 9199
1669363799134 1.0 9249
1669363813690 1.0 9299
1669363841184 1.0 9349
1669363855736 0.0 9399
1669363870419 1.0 9449
1669363884970 0.5 9499
1669363912509 1.0 9549
1669363927202 0.0 9599
1669363941901 0.5 9649
1669363956496 1.0 9699
1669363971034 1.0 9749
1669363998454 1.0 9799
1669364013012 0.0 9849
1669364027693 0.6666666865348816 9899
1669364042515 1.0 9949
1669364069968 0.6666666865348816 9999
1669364084687 0.6666666865348816 10049
1669364099269 0.800000011920929 10099
1669364113867 1.0 10149
1669364141241 0.0 10199
1669364155760 1.0 10249
1669364170306 0.5 10299
1669364184972 1.0 10349
1669364199805 0.6666666865348816 10399
1669364227121 1.0 10449
1669364241656 1.0 10499
1669364256180 1.0 10549
1669364270711 0.5 10599
1669364298539 1.0 10649
1669364313193 1.0 10699
1669364328001 1.0 10749
1669364342673 0.5 10799
1669364357297 0.0 10849
1669364385136 1.0 10899
1669364399742 1.0 10949
1669364414339 1.0 10999
1669364428932 0.5 11049
1669364456492 1.0 11099
1669364471181 0.75 11149
1669364485741 0.0 11199
1669364500483 0.6666666865348816 11249
1669364529219 0.6666666865348816 11299
1669364543969 1.0 11349
1669364558967 1.0 11399
1669364573616 1.0 11449
1669364588262 1.0 11499
1669364615620 1.0 11549
1669364630453 1.0 11599
1669364645041 0.75 11649
1669364659631 0.5 11699
1669364687036 1.0 11749
1669364701660 0.6666666865348816 11799
1669364716285 1.0 11849
1669364731041 1.0 11899
1669364758590 0.0 11949
1669364773552 1.0 11999
1669364788277 1.0 12049
1669364802842 1.0 12099
1669364817395 1.0 12149
1669364844693 0.5 12199
1669364859373 1.0 12249
1669364873916 1.0 12299
1669364888614 1.0 12349
1669364916074 1.0 12399
1669364930795 1.0 12449
1669364945514 1.0 12499
1669364960101 1.0 12549
1669364987651 0.5 12599
1669365002270 1.0 12649
1669365016890 1.0 12699
1669365031774 1.0 12749
1669365046371 0.75 12799
1669365073759 1.0 12849
1669365088554 1.0 12899
1669365103317 1.0 12949
1669365117936 1.0 12999
1669365145876 1.0 13049
1669365160441 1.0 13099
1669365174968 0.6666666865348816 13149
1669365189516 0.75 13199
1669365217122 1.0 13249
1669365232032 1.0 13299
1669365246633 0.6666666865348816 13349
1669365261255 1.0 13399
1669365276119 1.0 13449
1669365303744 1.0 13499
1669365318539 1.0 13549
1669365333185 1.0 13599
1669365347813 0.6666666865348816 13649
1669365375345 1.0 13699
1669365390088 1.0 13749
1669365404900 0.5 13799
1669365419743 0.0 13849
1669365447403 1.0 13899
1669365462103 1.0 13949
1669365476760 0.3333333432674408 13999
1669365491390 1.0 14049
1669365505960 0.6666666865348816 14099
1669365533592 1.0 14149
1669365548193 1.0 14199
1669365562791 0.6666666865348816 14249
1669365577523 1.0 14299
1669365605221 0.75 14349
1669365619837 0.6666666865348816 14399
1669365634446 0.6666666865348816 14449
1669365649202 1.0 14499
1669365676957 0.6666666865348816 14549
1669365691695 1.0 14599
1669365706289 1.0 14649
1669365720904 1.0 14699
1669365735592 0.0 14749
1669365763153 0.0 14799
1669365777872 1.0 14849
1669365792579 0.6666666865348816 14899
1669365807133 1.0 14949
1669365834763 1.0 14999
1669365849325 1.0 15049
1669365864087 0.5 15099
1669365878661 0.6666666865348816 15149
1669365906436 1.0 15199
1669365920961 1.0 15249
1669365935542 1.0 15299
1669365950237 1.0 15349
1669365964764 0.5 15399
1669365992170 1.0 15449
1669366006925 1.0 15499
1669366021550 0.6000000238418579 15549
1669366036392 1.0 15599
1669366063722 0.3333333432674408 15649
1669366078279 1.0 15699
1669366093013 0.6666666865348816 15749
1669366107544 0.75 15799
1669366134925 1.0 15849
1669366149632 0.3333333432674408 15899
1669366164251 1.0 15949
1669366178996 1.0 15999
1669366193705 0.6666666865348816 16049
1669366221031 0.5 16099
1669366235580 1.0 16149
1669366250264 0.3333333432674408 16199
1669366264808 1.0 16249
1669366292209 0.5 16299
1669366306884 1.0 16349
1669366321561 1.0 16399
1669366336134 0.5 16449
1669366363478 1.0 16499
1669366378015 1.0 16549
1669366392708 0.75 16599
1669366407460 1.0 16649
1669366422197 0.5 16699
1669366449944 0.6666666865348816 16749
1669366464602 1.0 16799
1669366479112 1.0 16849
1669366493632 0.75 16899
1669366521018 1.0 16949
1669366535673 1.0 16999
1669366550517 0.5 17049
1669366565071 0.75 17099
1669366592674 1.0 17149
1669366607387 0.6000000238418579 17199
1669366621939 1.0 17249
1669366636646 1.0 17299
1669366651262 0.5 17349
1669366678687 0.75 17399
1669366693241 1.0 17449
1669366707839 0.0 17499
1669366722552 1.0 17549
1669366750417 1.0 17599
1669366765199 1.0 17649
1669366779817 1.0 17699
1669366794611 1.0 17749
1669366822457 0.25 17799
1669366837067 0.0 17849
1669366851638 0.5 17899
1669366866361 0.8333333134651184 17949
1669366881071 0.6666666865348816 17999
1669366908918 0.5 18049
1669366923509 1.0 18099
1669366938113 0.0 18149
1669366952727 1.0 18199
1669366980241 1.0 18249
1669366994996 1.0 18299
1669367009597 1.0 18349
1669367024319 0.6666666865348816 18399
1669367052232 0.75 18449
1669367066782 0.0 18499
1669367081356 1.0 18549
1669367095936 0.75 18599
1669367110542 0.6666666865348816 18649
1669367138327 0.3333333432674408 18699
1669367152932 1.0 18749
1669367167554 1.0 18799
1669367182426 0.75 18849
1669367209969 1.0 18899
1669367224565 0.6666666865348816 18949
1669367239125 0.0 18999
1669367253848 1.0 19049
1669367281080 0.6666666865348816 19099
1669367295812 0.6666666865348816 19149
1669367310542 0.5 19199
1669367325174 0.5 19249
1669367339805 1.0 19299
1669367367479 1.0 19349
1669367382033 1.0 19399
1669367396688 1.0 19449
1669367411235 0.75 19499
1669367438645 1.0 19549
1669367453185 0.0 19599
1669367467856 1.0 19649
1669367482427 1.0 19699
1669367509932 1.0 19749
1669367524570 1.0 19799
1669367539396 0.6666666865348816 19849
1669367554268 0.0 19899
1669367568914 0.6666666865348816 19949
1669367596518 1.0 19999
1669367611324 1.0 20049
1669367626000 1.0 20099
1669367640986 0.6666666865348816 20149
1669367668739 1.0 20199
1669367683459 0.75 20249
1669367698216 0.0 20299
1669367712784 1.0 20349
1669367740068 0.5 20399
1669367754823 1.0 20449
1669367769465 0.6666666865348816 20499
1669367784057 0.5 20549
1669367798684 1.0 20599
1669367826844 1.0 20649
1669367841813 0.6666666865348816 20699
1669367856765 0.5 20749
1669367871546 1.0 20799
1669367899773 1.0 20849
1669367914560 1.0 20899
1669367929353 0.0 20949
1669367944302 1.0 20999
1669367972415 0.75 21049
1669367987183 1.0 21099
1669368001961 1.0 21149
1669368016902 1.0 21199
1669368031732 0.6666666865348816 21249
1669368059489 0.6000000238418579 21299
1669368074345 0.6666666865348816 21349
1669368089514 0.0 21399
1669368104374 0.3333333432674408 21449
1669368132675 0.6666666865348816 21499
1669368147502 0.5 21549
1669368162334 0.6000000238418579 21599
1669368177324 0.6000000238418579 21649
1669368192092 0.0 21699
1669368220182 1.0 21749
1669368235106 1.0 21799
1669368249735 1.0 21849
1669368264292 0.5 21899
1669368291850 0.6000000238418579 21949
1669368306722 1.0 21999
1669368321332 0.6666666865348816 22049
1669368335938 0.5 22099
1669368363548 1.0 22149
1669368378246 0.0 22199
1669368392813 1.0 22249
1669368407373 0.0 22299
1669368421937 1.0 22349
1669368449482 1.0 22399
1669368464253 1.0 22449
1669368479051 1.0 22499
1669368493819 0.75 22549
1669368521349 1.0 22599
1669368535958 0.0 22649
1669368550948 0.0 22699
1669368565714 1.0 22749
1669368593161 1.0 22799
1669368607803 0.0 22849
1669368622597 0.5 22899
1669368637553 1.0 22949
1669368652187 1.0 22999
1669368679813 0.5 23049
1669368694408 1.0 23099
1669368709005 1.0 23149
1669368723736 0.0 23199
1669368750861 1.0 23249
1669368765690 0.0 23299
1669368780206 1.0 23349
1669368794986 1.0 23399
1669368822456 0.5 23449
1669368837010 1.0 23499
1669368851630 0.0 23549
1669368866267 0.5 23599
1669368880995 1.0 23649
1669368908463 1.0 23699
1669368923355 0.75 23749
1669368937848 1.0 23799
1669368952382 1.0 23849
1669368979686 0.0 23899
1669368994373 1.0 23949
1669369009218 1.0 23999
1669369023937 0.0 24049
1669369051788 1.0 24099
1669369066373 0.0 24149
1669369080934 1.0 24199
1669369095504 0.6666666865348816 24249
1669369110066 0.5 24299
1669369137599 1.0 24349
1669369152157 1.0 24399
1669369166676 0.5 24449
1669369181353 1.0 24499
1669369208986 0.5 24549
1669369223808 1.0 24599
1669369238778 0.0 24649
1669369254069 1.0 24699
1669369281142 1.0 24749
1669369295935 1.0 24799
1669369310868 1.0 24849
1669369325496 1.0 24899
1669369340399 0.0 24949
1669369367806 0.6666666865348816 24999
1669369382391 1.0 25049
1669369397048 1.0 25099
1669369411711 0.6666666865348816 25149
1669369438942 0.0 25199
1669369453528 1.0 25249
1669369468114 1.0 25299
1669369482839 1.0 25349
1669369510039 0.0 25399
1669369524616 1.0 25449
1669369539211 1.0 25499
1669369553941 1.0 25549
1669369568495 1.0 25599
1669369595788 1.0 25649
1669369610615 1.0 25699
1669369625643 1.0 25749
1669369640198 0.800000011920929 25799
1669369667511 1.0 25849
1669369682067 0.800000011920929 25899
1669369696644 0.6666666865348816 25949
1669369711208 0.0 25999
1669369738582 0.6666666865348816 26049
1669369753396 1.0 26099
1669369767964 1.0 26149
1669369782668 0.3333333432674408 26199
1669369797357 1.0 26249
1669369824754 0.0 26299
1669369839307 1.0 26349
1669369853883 1.0 26399
1669369868493 1.0 26449
1669369896145 0.75 26499
1669369910825 1.0 26549
1669369925518 1.0 26599
1669369940203 1.0 26649
1669369967681 0.75 26699
1669369982206 1.0 26749
1669369996830 1.0 26799
1669370011357 0.6666666865348816 26849
1669370025891 1.0 26899
1669370053262 1.0 26949
1669370068065 0.3333333432674408 26999
1669370082609 1.0 27049
1669370097134 0.0 27099
1669370124560 1.0 27149
1669370139118 1.0 27199
1669370153688 1.0 27249
1669370168407 1.0 27299
1669370196405 1.0 27349
1669370210923 1.0 27399
1669370225615 1.0 27449
1669370240168 0.0 27499
1669370254695 1.0 27549
1669370282201 0.0 27599
1669370296766 0.5 27649
1669370311333 1.0 27699
1669370326080 0.3333333432674408 27749
1669370353627 1.0 27799
1669370368313 0.0 27849
1669370382847 1.0 27899
1669370397398 0.5 27949
1669370425106 1.0 27999
1669370439673 1.0 28049
1669370454253 1.0 28099
1669370469007 0.75 28149
1669370483739 1.0 28199
1669370511264 1.0 28249
1669370525953 1.0 28299
1669370540497 0.6666666865348816 28349
1669370555049 1.0 28399
1669370582945 1.0 28449
1669370597613 1.0 28499
1669370612206 0.0 28549
1669370626882 1.0 28599
1669370654286 0.0 28649
1669370668815 0.5 28699
1669370683517 1.0 28749
1669370698206 1.0 28799
1669370712781 0.800000011920929 28849
1669370740330 1.0 28899
1669370754917 1.0 28949
1669370769675 1.0 28999
1669370784409 0.6666666865348816 29049
1669370812093 1.0 29099
1669370826795 1.0 29149
1669370841554 1.0 29199
1669370856725 1.0 29249
1669370884393 1.0 29299
1669370898937 0.8333333134651184 29349
1669370913643 0.0 29399
1669370928260 1.0 29449
1669370943102 1.0 29499
1669370970668 1.0 29549
1669370985245 0.6666666865348816 29599
1669370999815 0.0 29649
1669371014393 1.0 29699
1669371042113 0.5 29749
1669371056958 0.5 29799
1669371071587 0.75 29849
1669371086375 1.0 29899
1669371114170 1.0 29949
1669371128723 1.0 29999
1669371143307 1.0 30049
1669371157876 0.6666666865348816 30099
1669371172526 1.0 30149
1669371200325 0.6666666865348816 30199
1669371214943 1.0 30249
1669371229694 1.0 30299
1669371244281 1.0 30349
1669371272015 0.0 30399
1669371286732 0.6000000238418579 30449
1669371301354 0.5 30499
1669371315914 0.5 30549
1669371343640 1.0 30599
1669371358175 1.0 30649
1669371372895 0.6666666865348816 30699
1669371387439 1.0 30749
1669371402124 1.0 30799
1669371429804 1.0 30849
1669371444363 1.0 30899
1669371458918 1.0 30949
1669371473611 0.6666666865348816 30999
1669371501155 0.0 31049
1669371515744 1.0 31099
1669371530630 1.0 31149
1669371545215 1.0 31199
1669371573032 1.0 31249
1669371587713 1.0 31299
1669371602945 0.5 31349
1669371617596 1.0 31399
1669371632249 0.75 31449
1669371659880 1.0 31499
1669371674855 1.0 31549
1669371689715 1.0 31599
1669371704292 1.0 31649
1669371731886 1.0 31699
1669371747051 1.0 31749
1669371762379 0.0 31799
1669371777142 0.75 31849
1669371804509 1.0 31899
1669371819095 0.6666666865348816 31949
1669371833880 1.0 31999
1669371848490 1.0 32049
1669371863184 1.0 32099
1669371890277 1.0 32149
1669371904831 1.0 32199
1669371919524 1.0 32249
1669371934212 1.0 32299
1669371961569 0.0 32349
1669371976163 1.0 32399
1669371990738 1.0 32449
1669372005302 1.0 32499
1669372019826 0.0 32549
1669372047389 1.0 32599
1669372062302 1.0 32649
1669372076934 1.0 32699
1669372091574 1.0 32749
1669372118978 1.0 32799
1669372133630 0.5 32849
1669372148240 1.0 32899
1669372162867 0.75 32949
1669372190732 1.0 32999
1669372205316 1.0 33049
1669372219905 1.0 33099
1669372234474 0.5 33149
1669372249161 1.0 33199
1669372276299 1.0 33249
1669372290890 1.0 33299
1669372305471 0.75 33349
1669372320190 1.0 33399
1669372347871 1.0 33449
1669372362429 1.0 33499
1669372376998 0.5 33549
1669372391705 1.0 33599
1669372419753 0.0 33649
1669372434705 0.6666666865348816 33699
1669372449529 1.0 33749
1669372464306 1.0 33799
1669372479142 0.75 33849
1669372506132 1.0 33899
1669372521015 1.0 33949
1669372535677 1.0 33999
1669372550213 1.0 34049
1669372577391 0.5 34099
1669372591990 0.6000000238418579 34149
1669372606576 1.0 34199
1669372621330 1.0 34249
1669372648960 1.0 34299
1669372663624 0.5 34349
1669372678128 1.0 34399
1669372692634 1.0 34449
1669372707148 1.0 34499
1669372734399 0.5 34549
1669372748952 1.0 34599
1669372763655 0.800000011920929 34649
1669372778366 1.0 34699
1669372805663 0.5 34749
1669372820552 1.0 34799
1669372835163 1.0 34849
1669372849769 1.0 34899
1669372877193 0.75 34949
1669372891890 0.0 34999
1669372906429 0.75 35049
1669372921253 1.0 35099
1669372935789 1.0 35149
1669372963380 1.0 35199
1669372977945 0.5 35249
1669372992648 1.0 35299
1669373007190 1.0 35349
1669373034738 1.0 35399
1669373049625 0.0 35449
1669373064230 0.75 35499
1669373078842 0.5 35549
1669373106509 1.0 35599
1669373121494 0.6000000238418579 35649
1669373136051 1.0 35699
1669373150637 0.6666666865348816 35749
1669373165587 0.0 35799
1669373193770 1.0 35849
1669373208504 1.0 35899
1669373223104 0.8333333134651184 35949
1669373237711 1.0 35999
1669373265504 0.6666666865348816 36049
1669373280028 1.0 36099
1669373294578 0.3333333432674408 36149
1669373309117 0.6666666865348816 36199
1669373336804 0.0 36249
1669373351433 1.0 36299
1669373365974 1.0 36349
1669373380650 0.0 36399
1669373395351 0.5 36449
1669373422913 1.0 36499
1669373437595 1.0 36549
1669373452149 1.0 36599
1669373466819 1.0 36649
1669373494312 1.0 36699
1669373508851 1.0 36749
1669373523514 1.0 36799
1669373538172 1.0 36849
1669373565582 0.6666666865348816 36899
1669373580249 1.0 36949
1669373594770 1.0 36999
1669373609303 1.0 37049
1669373623947 1.0 37099
1669373651480 0.800000011920929 37149
1669373666191 0.75 37199
1669373680886 0.6666666865348816 37249
1669373695472 0.0 37299
1669373722992 0.5 37349
1669373737513 1.0 37399
1669373752176 1.0 37449
1669373766847 1.0 37499
1669373794480 0.6666666865348816 37549
1669373809150 0.6666666865348816 37599
1669373823718 0.0 37649
1669373838410 1.0 37699
1669373852988 0.0 37749
1669373880581 1.0 37799
1669373895172 1.0 37849
1669373909977 1.0 37899
1669373924566 1.0 37949
1669373952213 0.800000011920929 37999
1669373966954 1.0 38049
1669373981690 1.0 38099
1669373996452 1.0 38149
1669374024055 1.0 38199
1669374038620 1.0 38249
1669374053186 1.0 38299
1669374067730 1.0 38349
1669374082280 0.5 38399
1669374110241 1.0 38449
1669374125012 1.0 38499
1669374139794 1.0 38549
1669374154548 1.0 38599
1669374182049 1.0 38649
1669374196611 0.5 38699
1669374211140 0.6666666865348816 38749
1669374225965 1.0 38799
1669374253686 0.5 38849
1669374268407 1.0 38899
1669374283136 0.6666666865348816 38949
1669374297709 0.75 38999
1669374312310 1.0 39049
1669374339939 1.0 39099
1669374354481 0.5 39149
1669374369173 1.0 39199
1669374383735 1.0 39249
1669374411234 0.0 39299
1669374426133 1.0 39349
1669374440832 1.0 39399
1669374455543 1.0 39449
1669374483122 1.0 39499
1669374497693 0.75 39549
1669374512349 1.0 39599
1669374526878 0.75 39649
1669374541418 0.0 39699
1669374569062 1.0 39749
1669374583751 1.0 39799
1669374598277 1.0 39849
1669374612942 1.0 39899
1669374640484 0.6000000238418579 39949
1669374654992 0.5 39999
1669374669520 0.800000011920929 40049
1669374684450 1.0 40099
1669374712040 0.5 40149
1669374726567 1.0 40199
1669374741105 0.6666666865348816 40249
1669374755912 1.0 40299
1669374770440 1.0 40349
1669374798041 1.0 40399
1669374812790 1.0 40449
1669374827523 1.0 40499
1669374842125 1.0 40549
1669374869672 0.5 40599
1669374884344 0.75 40649
1669374899002 0.800000011920929 40699
1669374913543 1.0 40749
1669374940966 1.0 40799
1669374955500 1.0 40849
1669374970320 0.0 40899
1669374984865 1.0 40949
1669374999438 0.6000000238418579 40999
1669375027116 0.6666666865348816 41049
1669375041644 0.6666666865348816 41099
1669375056206 0.0 41149
1669375070911 1.0 41199
1669375098439 0.5 41249
1669375113297 1.0 41299
1669375127878 1.0 41349
1669375142543 1.0 41399
1669375170253 1.0 41449
1669375184859 1.0 41499
1669375199473 1.0 41549
1669375214209 0.6666666865348816 41599
1669375228812 1.0 41649
1669375256149 0.0 41699
1669375270837 1.0 41749
1669375285539 1.0 41799
1669375300074 1.0 41849
1669375327710 1.0 41899
1669375342262 0.0 41949
1669375356950 1.0 41999
1669375371487 0.800000011920929 42049
1669375399072 1.0 42099
1669375413757 0.75 42149
1669375428600 0.0 42199
1669375443149 1.0 42249
1669375457698 1.0 42299
1669375485108 0.75 42349
1669375499657 1.0 42399
1669375514354 0.6666666865348816 42449
1669375528951 1.0 42499
1669375556495 0.5 42549
1669375571145 1.0 42599
1669375585799 0.75 42649
1669375600305 1.0 42699
1669375627767 1.0 42749
1669375642336 1.0 42799
1669375657039 1.0 42849
1669375671602 1.0 42899
1669375686318 1.0 42949
1669375713801 0.0 42999
1669375728485 1.0 43049
1669375743161 1.0 43099
1669375757704 0.0 43149
1669375785134 0.75 43199
1669375799667 0.6666666865348816 43249
1669375814183 1.0 43299
1669375828856 1.0 43349
1669375843347 0.0 43399
1669375871558 1.0 43449
1669375886125 1.0 43499
1669375900674 0.75 43549
1669375915390 1.0 43599
1669375942895 1.0 43649
1669375957652 0.5 43699
1669375972265 0.75 43749
1669375987096 0.75 43799
1669376014792 0.8333333134651184 43849
1669376029379 0.0 43899
1669376043968 1.0 43949
1669376058694 1.0 43999
1669376073301 0.3333333432674408 44049
1669376100791 1.0 44099
1669376115495 1.0 44149
1669376130214 1.0 44199
1669376144777 0.5 44249
1669376172439 1.0 44299
1669376187029 1.0 44349
1669376201609 1.0 44399
1669376216309 1.0 44449
1669376243970 0.5 44499
1669376258598 1.0 44549
1669376273161 0.75 44599
1669376287725 1.0 44649
1669376302424 0.6000000238418579 44699
1669376329887 0.6666666865348816 44749
1669376344404 0.5 44799
1669376359052 1.0 44849
1669376373578 0.0 44899
1669376401197 1.0 44949
1669376415879 0.75 44999
1669376430556 0.0 45049
1669376445393 1.0 45099
1669376472933 0.5 45149
1669376487635 0.75 45199
1669376502331 0.6666666865348816 45249
1669376516880 1.0 45299
1669376531460 1.0 45349
1669376558954 1.0 45399
1669376573503 0.0 45449
1669376588057 1.0 45499
1669376602911 1.0 45549
1669376630493 1.0 45599
1669376645203 0.5 45649
1669376659776 1.0 45699
1669376674329 0.5 45749
1669376701970 0.6000000238418579 45799
1669376716717 0.0 45849
1669376731473 1.0 45899
1669376746106 0.6666666865348816 45949
1669376760659 0.6666666865348816 45999
1669376788487 1.0 46049
1669376803006 1.0 46099
1669376817505 1.0 46149
1669376832029 0.75 46199
1669376859476 1.0 46249
1669376874196 1.0 46299
1669376888899 0.0 46349
1669376903584 1.0 46399
1669376931180 0.0 46449
1669376945702 1.0 46499
1669376960230 0.800000011920929 46549
1669376974757 1.0 46599
1669376989458 0.5 46649
1669377017057 1.0 46699
1669377031894 1.0 46749
1669377046599 1.0 46799
1669377061164 1.0 46849
1669377088658 1.0 46899
1669377103180 1.0 46949
1669377117715 1.0 46999
1669377132248 1.0 47049
1669377159973 1.0 47099
1669377174516 1.0 47149
1669377189496 1.0 47199
1669377204052 0.0 47249
1669377218586 0.6666666865348816 47299
1669377246259 0.75 47349
1669377260888 1.0 47399
1669377275497 1.0 47449
1669377290082 1.0 47499
1669377318187 1.0 47549
1669377332857 0.6666666865348816 47599
1669377347545 1.0 47649
1669377362107 1.0 47699
1669377389603 1.0 47749
1669377404125 0.75 47799
1669377418669 0.800000011920929 47849
1669377433349 0.6666666865348816 47899
1669377448033 1.0 47949
1669377475662 1.0 47999
1669377490235 0.6666666865348816 48049
1669377504973 0.75 48099
1669377519578 1.0 48149
1669377546853 0.75 48199
1669377561526 0.6666666865348816 48249
1669377576193 1.0 48299
1669377590723 0.6666666865348816 48349
1669377618603 1.0 48399
1669377633150 0.0 48449
1669377647842 1.0 48499
1669377662404 1.0 48549
1669377676961 0.5 48599
1669377704544 1.0 48649
1669377719246 0.75 48699
1669377734032 1.0 48749
1669377748587 0.0 48799
1669377776083 0.6666666865348816 48849
1669377790711 0.0 48899
1669377805467 0.75 48949
1669377820069 0.3333333432674408 48999
1669377847900 0.75 49049
1669377862676 1.0 49099
1669377877192 1.0 49149
1669377891735 1.0 49199
1669377906257 1.0 49249
1669377933690 0.75 49299
1669377948287 1.0 49349
1669377963109 1.0 49399
1669377977724 0.6666666865348816 49449
1669378005292 0.0 49499
1669378020140 1.0 49549
1669378034722 1.0 49599
1669378049308 1.0 49649
1669378076820 0.0 49699
1669378091370 1.0 49749
1669378106084 1.0 49799
1669378120666 0.0 49849
1669378135403 0.3333333432674408 49899
1669378163188 0.3333333432674408 49949
1669378177738 0.6666666865348816 49999
1669378192300 1.0 50049
1669378206913 0.0 50099
1669378234421 1.0 50149
1669378249130 1.0 50199
1669378263727 1.0 50249
1669378278462 1.0 50299
1669378306176 0.75 50349
1669378320919 1.0 50399
1669378335614 0.8333333134651184 50449
1669378350199 0.6666666865348816 50499
1669378364771 1.0 50549
1669378392365 1.0 50599
1669378407211 0.0 50649
1669378421746 1.0 50699
1669378436424 1.0 50749
1669378463860 1.0 50799
1669378478455 1.0 50849
1669378493165 1.0 50899
1669378507738 1.0 50949
1669378535227 1.0 50999
1669378549919 1.0 51049
1669378564443 0.0 51099
1669378579081 0.5 51149
1669378593728 0.0 51199
1669378621393 0.6666666865348816 51249
1669378635930 1.0 51299
1669378650447 1.0 51349
1669378664983 1.0 51399
1669378692976 0.5 51449
1669378707502 0.0 51499
1669378722021 1.0 51549
1669378736654 0.75 51599
1669378764326 1.0 51649
1669378778889 1.0 51699
1669378793420 1.0 51749
1669378808129 1.0 51799
1669378822805 1.0 51849
1669378850111 1.0 51899
1669378864715 1.0 51949
1669378879298 0.0 51999
1669378893997 1.0 52049
1669378921667 0.75 52099
1669378936365 1.0 52149
1669378950925 0.0 52199
1669378965635 1.0 52249
1669378993186 0.3333333432674408 52299
1669379007761 1.0 52349
1669379022691 1.0 52399
1669379037272 1.0 52449
1669379052023 0.5 52499
1669379079523 1.0 52549
1669379094078 0.5 52599
1669379108790 1.0 52649
1669379123351 1.0 52699
1669379150980 0.5 52749
1669379165725 0.5 52799
1669379180500 1.0 52849
1669379195092 1.0 52899
1669379222868 1.0 52949
1669379237574 0.0 52999
1669379252155 0.5 53049
1669379266738 0.3333333432674408 53099
1669379281361 0.3333333432674408 53149
1669379308933 0.6666666865348816 53199
1669379323651 1.0 53249
1669379338370 1.0 53299
1669379353007 1.0 53349
1669379380464 0.6000000238418579 53399
1669379395052 0.5 53449
1669379409776 0.0 53499
1669379424511 1.0 53549
1669379451980 1.0 53599
1669379466663 1.0 53649
1669379481348 1.0 53699
1669379495912 1.0 53749
1669379510434 1.0 53799
1669379538044 1.0 53849
1669379552607 0.0 53899
1669379567158 1.0 53949
1669379581855 1.0 53999
1669379609483 0.5 54049
1669379624315 1.0 54099
1669379639303 1.0 54149
1669379654136 1.0 54199
1669379668543 1.0 54249
1669379696081 1.0 54299
1669379710879 1.0 54349
1669379725506 1.0 54399
1669379740294 1.0 54449
1669379767833 0.5 54499
1669379782368 0.0 54549
1669379796935 1.0 54599
1669379811527 1.0 54649
1669379839294 0.75 54699
1669379854056 1.0 54749
1669379868669 0.800000011920929 54799
1669379883253 1.0 54849
1669379897932 1.0 54899
1669379925432 1.0 54949
1669379940142 0.5 54999
1669379954864 1.0 55049
1669379969448 0.6666666865348816 55099
1669379996963 0.0 55149
1669380011633 0.75 55199
1669380026147 0.0 55249
1669380040945 0.5 55299
1669380068612 0.0 55349
1669380083274 1.0 55399
1669380097789 1.0 55449
1669380112310 1.0 55499
1669380126843 0.0 55549
1669380154833 0.0 55599
1669380169413 1.0 55649
1669380184129 1.0 55699
1669380198844 1.0 55749
1669380226318 1.0 55799
1669380240964 0.5 55849
1669380255495 1.0 55899
1669380270011 1.0 55949
1669380297417 1.0 55999
1669380312287 0.0 56049
1669380326945 1.0 56099
1669380341454 1.0 56149
1669380355971 0.3333333432674408 56199
1669380383560 1.0 56249
1669380398079 1.0 56299
1669380412619 0.6666666865348816 56349
1669380427301 1.0 56399
1669380454899 0.0 56449
1669380469442 1.0 56499
1669380484107 0.6666666865348816 56549
1669380498752 0.0 56599
1669380526250 1.0 56649
1669380540882 1.0 56699
1669380555641 1.0 56749
1669380570282 1.0 56799
1669380584894 1.0 56849
1669380612677 1.0 56899
1669380627462 1.0 56949
1669380642044 1.0 56999
1669380656807 1.0 57049
1669380684430 1.0 57099
1669380699018 1.0 57149
1669380713766 1.0 57199
1669380728522 1.0 57249
1669380756053 0.5 57299
1669380770811 1.0 57349
1669380785477 0.6666666865348816 57399
1669380800217 1.0 57449
1669380814841 0.75 57499
1669380842481 0.75 57549
1669380857199 0.75 57599
1669380871820 1.0 57649
1669380886401 1.0 57699
1669380914173 0.5 57749
1669380928778 0.6666666865348816 57799
1669380943414 1.0 57849
1669380958164 1.0 57899
1669380986019 0.6666666865348816 57949
1669381000575 0.6666666865348816 57999
1669381015418 0.0 58049
1669381029999 1.0 58099
1669381044561 0.75 58149
1669381072213 1.0 58199
1669381086786 1.0 58249
1669381101339 1.0 58299
1669381115911 0.800000011920929 58349
1669381143664 1.0 58399
1669381158390 0.6666666865348816 58449
1669381173114 0.5 58499
1669381187696 1.0 58549
1669381215250 0.5 58599
1669381229835 0.5 58649
1669381244442 1.0 58699
1669381259179 1.0 58749
1669381273793 0.5 58799
1669381301576 1.0 58849
1669381316140 0.75 58899
1669381330727 1.0 58949
1669381345294 0.6666666865348816 58999
1669381372738 1.0 59049
1669381387487 1.0 59099
1669381402239 1.0 59149
1669381416837 1.0 59199
1669381444511 1.0 59249
1669381459269 1.0 59299
1669381473907 1.0 59349
1669381488491 0.75 59399
1669381503145 0.75 59449
1669381530918 0.5 59499
1669381545645 0.0 59549
1669381560289 0.0 59599
1669381575015 1.0 59649
1669381602367 1.0 59699
1669381616978 0.5 59749
1669381631676 1.0 59799
1669381646484 0.0 59849
1669381674230 0.0 59899
1669381688958 1.0 59949
1669381703558 1.0 59999
1669381718152 1.0 60049
1669381732898 0.6000000238418579 60099
1669381760398 1.0 60149
1669381775233 1.0 60199
1669381789799 0.6666666865348816 60249
1669381804397 0.5 60299
1669381832042 1.0 60349
1669381846667 0.75 60399
1669381861473 0.75 60449
1669381876182 1.0 60499
1669381904116 0.5 60549
1669381918837 1.0 60599
1669381933416 1.0 60649
1669381947999 0.5 60699
1669381962639 1.0 60749
1669381990224 0.0 60799
1669382004887 1.0 60849
1669382019602 0.75 60899
1669382034499 1.0 60949
1669382062119 1.0 60999
1669382076660 1.0 61049
1669382091206 1.0 61099
1669382105786 1.0 61149
1669382133069 0.0 61199
1669382147751 1.0 61249
1669382162346 1.0 61299
1669382177110 0.6666666865348816 61349
1669382191911 0.0 61399
1669382219282 1.0 61449
1669382233983 1.0 61499
1669382248680 0.0 61549
1669382263503 0.3333333432674408 61599
1669382291216 1.0 61649
1669382305853 0.6666666865348816 61699
1669382320597 0.5 61749
1669382335186 0.5 61799
1669382362871 0.6666666865348816 61849
1669382377519 1.0 61899
1669382392109 0.75 61949
1669382406878 1.0 61999
1669382421524 1.0 62049
1669382448902 1.0 62099
1669382463713 0.5 62149
1669382478364 0.5 62199
1669382493132 1.0 62249
1669382520668 1.0 62299
1669382535270 1.0 62349
1669382549878 1.0 62399
1669382564480 1.0 62449
1669382592181 1.0 62499
1669382606771 1.0 62549
1669382621396 1.0 62599
1669382636136 0.5 62649
1669382650747 0.6666666865348816 62699
1669382678284 1.0 62749
1669382692890 1.0 62799
1669382707482 1.0 62849
1669382722321 0.0 62899
1669382749719 0.800000011920929 62949
1669382764477 1.0 62999
1669382779134 1.0 63049
1669382793908 1.0 63099
1669382821527 1.0 63149
1669382836216 1.0 63199
1669382851048 1.0 63249
1669382865759 1.0 63299
1669382880549 0.6666666865348816 63349
1669382907957 1.0 63399
1669382922501 1.0 63449
1669382937252 1.0 63499
1669382951803 1.0 63549
1669382979282 1.0 63599
1669382993887 0.6666666865348816 63649
1669383008452 1.0 63699
1669383023147 1.0 63749
1669383050515 1.0 63799
1669383065124 1.0 63849
1669383079713 1.0 63899
1669383094625 1.0 63949
1669383109353 1.0 63999
1669383136596 1.0 64049
1669383151257 1.0 64099
1669383165841 1.0 64149
1669383180642 1.0 64199
1669383208066 0.0 64249
1669383222803 1.0 64299
1669383237489 0.0 64349
1669383252169 1.0 64399
1669383279418 0.25 64449
1669383294013 1.0 64499
1669383308924 1.0 64549
1669383323549 0.75 64599
1669383338184 0.3333333432674408 64649
1669383366142 1.0 64699
1669383380755 0.75 64749
1669383395654 1.0 64799
1669383410271 1.0 64849
1669383437728 1.0 64899
1669383452328 1.0 64949
1669383466953 1.0 64999
1669383481608 0.75 65049
1669383496157 0.0 65099
