1669360627297 0.3784438371658325 216
1669360703043 0.38678479194641113 433
1669360778749 0.39238592982292175 650
1669360854497 0.3878539204597473 867
1669360931008 0.3931514620780945 1084
1669361006651 0.394841730594635 1301
1669361082964 0.4131728410720825 1518
1669361158931 0.4094806909561157 1735
1669361235120 0.4134771227836609 1952
1669361311257 0.4226717948913574 2169
1669361387800 0.43453532457351685 2386
1669361464373 0.44148769974708557 2603
1669361540777 0.4391697943210602 2820
1669361617485 0.45521777868270874 3037
1669361694238 0.4635345935821533 3254
1669361770893 0.47613492608070374 3471
1669361847127 0.4796924889087677 3688
1669361923948 0.49051377177238464 3905
1669362000324 0.49571940302848816 4122
1669362076487 0.5038588643074036 4339
1669362153138 0.5076363682746887 4556
1669362229455 0.5130933523178101 4773
1669362306377 0.5309357047080994 4990
1669362382868 0.5322637557983398 5207
1669362459680 0.5532695651054382 5424
1669362535805 0.5539215803146362 5641
1669362612169 0.5535081624984741 5858
1669362688349 0.5602164268493652 6075
1669362764953 0.5681493282318115 6292
1669362841558 0.5756383538246155 6509
1669362917979 0.5886566042900085 6726
1669362994813 0.591859757900238 6943
1669363071071 0.5914584398269653 7160
1669363147580 0.5987525582313538 7377
1669363223976 0.5972527265548706 7594
1669363300392 0.607483983039856 7811
1669363376536 0.5899200439453125 8028
1669363452775 0.6124333739280701 8245
1669363529124 0.6041003465652466 8462
1669363605521 0.6029801368713379 8679
1669363682136 0.6108304858207703 8896
1669363758397 0.6201106309890747 9113
1669363834942 0.624621570110321 9330
1669363911214 0.6221880912780762 9547
1669363987606 0.6210684180259705 9764
1669364064013 0.6161555051803589 9981
1669364140262 0.6226955056190491 10198
1669364216513 0.6239811182022095 10415
1669364292738 0.6282857656478882 10632
1669364369638 0.6229544878005981 10849
1669364446128 0.6329983472824097 11066
1669364523630 0.6323330998420715 11283
1669364600379 0.6240591406822205 11500
1669364677019 0.6172229051589966 11717
1669364753521 0.6372642517089844 11934
1669364830068 0.6298761367797852 12151
1669364906331 0.631426215171814 12368
1669364982807 0.6367083787918091 12585
1669365059240 0.6328324675559998 12802
1669365136048 0.62879878282547 13019
1669365212588 0.6407448649406433 13236
1669365289566 0.6348093748092651 13453
1669365366200 0.6341657638549805 13670
1669365442971 0.6304246783256531 13887
1669365519602 0.6362000107765198 14104
1669365596315 0.6342281103134155 14321
1669365673076 0.6369068622589111 14538
1669365749647 0.6342412233352661 14755
1669365826197 0.6305180191993713 14972
1669365902705 0.6382769346237183 15189
1669365978918 0.6359429955482483 15406
1669366055437 0.6349425315856934 15623
1669366131586 0.6332809329032898 15840
1669366208177 0.638662576675415 16057
1669366284221 0.636011004447937 16274
1669366360403 0.6302140355110168 16491
1669366437232 0.6300962567329407 16708
1669366513371 0.6339933276176453 16925
1669366589879 0.63880455493927 17142
1669366666333 0.638914167881012 17359
1669366742774 0.6356469988822937 17576
1669366819927 0.6304489374160767 17793
1669366896524 0.635390043258667 18010
1669366973086 0.6351011395454407 18227
1669367049984 0.640770435333252 18444
1669367126454 0.6290743350982666 18661
1669367203022 0.6351633071899414 18878
1669367279166 0.6312141418457031 19095
1669367356001 0.6404902935028076 19312
1669367432147 0.6350831389427185 19529
1669367508272 0.6319376826286316 19746
1669367585256 0.6415730118751526 19963
1669367662503 0.6388022303581238 20180
1669367738793 0.6427229046821594 20397
1669367815704 0.6452855467796326 20614
1669367893559 0.6353082656860352 20831
1669367971331 0.6430706977844238 21048
1669368048634 0.6366493105888367 21265
1669368126700 0.6290770173072815 21482
1669368204669 0.631527304649353 21699
1669368281512 0.6363430023193359 21916
1669368358125 0.6307518482208252 22133
1669368434520 0.6275824308395386 22350
1669368511237 0.6381353139877319 22567
1669368588024 0.6233264207839966 22784
1669368665101 0.6303504705429077 23001
1669368741184 0.6343790292739868 23218
1669368817713 0.6364489793777466 23435
1669368894009 0.6370996236801147 23652
1669368970249 0.6374282836914062 23869
1669369047036 0.6399142146110535 24086
1669369123418 0.6330170035362244 24303
1669369199675 0.6394949555397034 24520
1669369276975 0.6385008096694946 24737
1669369353852 0.6406243443489075 24954
1669369430075 0.637449324131012 25171
1669369506115 0.6444712281227112 25388
1669369582260 0.6443444490432739 25605
1669369658945 0.6388735175132751 25822
1669369735002 0.6352495551109314 26039
1669369811476 0.6345683932304382 26256
1669369887765 0.63887619972229 26473
1669369964369 0.6374130845069885 26690
1669370040315 0.632663905620575 26907
1669370116581 0.6341415047645569 27124
1669370193096 0.6306597590446472 27341
1669370269554 0.6287768483161926 27558
1669370345969 0.6274792551994324 27775
1669370422217 0.6313449740409851 27992
1669370498877 0.6404116153717041 28209
1669370575313 0.6275954246520996 28426
1669370651859 0.6322611570358276 28643
1669370728243 0.6333680748939514 28860
1669370804952 0.6331832408905029 29077
1669370882220 0.6338532567024231 29294
1669370958934 0.6356687545776367 29511
1669371035270 0.6296735405921936 29728
1669371112318 0.6357254385948181 29945
1669371188635 0.6359964609146118 30162
1669371265510 0.635169506072998 30379
1669371342010 0.6332244277000427 30596
1669371418464 0.6393470764160156 30813
1669371494900 0.638028085231781 31030
1669371571721 0.6351525783538818 31247
1669371648894 0.6411243081092834 31464
1669371725984 0.6330511569976807 31681
1669371803466 0.6356295943260193 31898
1669371879584 0.6361593008041382 32115
1669371955779 0.6402619481086731 32332
1669372032044 0.6421905159950256 32549
1669372108404 0.640113353729248 32766
1669372185371 0.6390365362167358 32983
1669372261384 0.6474467515945435 33200
1669372337721 0.6301577687263489 33417
1669372414607 0.6337152123451233 33634
1669372491291 0.634041965007782 33851
1669372567654 0.6355454921722412 34068
1669372644013 0.6395135521888733 34285
1669372720096 0.6487400531768799 34502
1669372796290 0.6412046551704407 34719
1669372872722 0.6324410438537598 34936
1669372949245 0.6325615644454956 35153
1669373025607 0.6371775269508362 35370
1669373102300 0.6372033357620239 35587
1669373179626 0.6304686069488525 35804
1669373256664 0.635640561580658 36021
1669373332919 0.6328480839729309 36238
1669373409420 0.6349642276763916 36455
1669373485754 0.6369003057479858 36672
1669373561911 0.6337311863899231 36889
1669373638192 0.6380009055137634 37106
1669373714769 0.6378205418586731 37323
1669373791129 0.6389026641845703 37540
1669373867524 0.6265962719917297 37757
1669373944202 0.6406795978546143 37974
1669374020995 0.6346634030342102 38191
1669374097403 0.6377838253974915 38408
1669374174361 0.6375457048416138 38625
1669374250953 0.6277716159820557 38842
1669374327575 0.6329890489578247 39059
1669374403880 0.6382588148117065 39276
1669374480651 0.6416394114494324 39493
1669374556954 0.6390876173973083 39710
1669374633304 0.6282908320426941 39927
1669374709872 0.6372138857841492 40144
1669374786099 0.6318346858024597 40361
1669374862931 0.6361172795295715 40578
1669374939091 0.6359304189682007 40795
1669375015521 0.6406611204147339 41012
1669375091923 0.6348032355308533 41229
1669375168655 0.6384077668190002 41446
1669375244999 0.6415113806724548 41663
1669375321449 0.6344753503799438 41880
1669375397743 0.6348377466201782 42097
1669375474228 0.6427934169769287 42314
1669375550555 0.6308274865150452 42531
1669375626790 0.6395499110221863 42748
1669375703194 0.6354881525039673 42965
1669375779542 0.6337822079658508 43182
1669375856016 0.6291492581367493 43399
1669375932616 0.637381374835968 43616
1669376009453 0.6391003131866455 43833
1669376085822 0.6338066458702087 44050
1669376162401 0.630593478679657 44267
1669376238931 0.6341928839683533 44484
1669376315138 0.6294116973876953 44701
1669376391414 0.6379560828208923 44918
1669376468186 0.6358473896980286 45135
1669376544582 0.6359790563583374 45352
1669376621049 0.6386930346488953 45569
1669376697501 0.6353184580802917 45786
1669376774250 0.6345905065536499 46003
1669376850219 0.6399266719818115 46220
1669376927009 0.6421776413917542 46437
1669377003229 0.634498119354248 46654
1669377079805 0.6332927942276001 46871
1669377155909 0.6428387761116028 47088
1669377232659 0.6260210275650024 47305
1669377309477 0.6392009854316711 47522
1669377385987 0.6329311728477478 47739
1669377462500 0.6263228058815002 47956
1669377538588 0.6292138695716858 48173
1669377615191 0.6338698267936707 48390
1669377691454 0.6379495859146118 48607
1669377768080 0.6361978054046631 48824
1669377844872 0.6355543732643127 49041
1669377921044 0.6271409392356873 49258
1669377997568 0.6364716291427612 49475
1669378074089 0.6324166059494019 49692
1669378150475 0.6276245713233948 49909
1669378227025 0.6367309093475342 50126
1669378303701 0.6326712965965271 50343
1669378380294 0.6348754167556763 50560
1669378456793 0.6337386965751648 50777
1669378533082 0.6352447867393494 50994
1669378609510 0.6373360753059387 51211
1669378685941 0.6388687491416931 51428
1669378762417 0.6309417486190796 51645
1669378838650 0.6429928541183472 51862
1669378915139 0.6407447457313538 52079
1669378991540 0.6318681836128235 52296
1669379068345 0.6309333443641663 52513
1669379144722 0.6406034231185913 52730
1669379221600 0.6288547515869141 52947
1669379297825 0.6383091807365417 53164
1669379374567 0.6424907445907593 53381
1669379450944 0.6384381651878357 53598
1669379527505 0.6410253047943115 53815
1669379603782 0.6390942335128784 54032
1669379680846 0.6330235004425049 54249
1669379757399 0.6309787631034851 54466
1669379833890 0.6358238458633423 54683
1669379910448 0.6322252154350281 54900
1669379986938 0.6355514526367188 55117
1669380063389 0.6376811861991882 55334
1669380139645 0.6346095204353333 55551
1669380216597 0.627370297908783 55768
1669380292659 0.6422082185745239 55985
1669380369240 0.6321775913238525 56202
1669380445326 0.6271654963493347 56419
1669380521774 0.630043625831604 56636
1669380598570 0.6263158321380615 56853
1669380675208 0.6351917386054993 57070
1669380751861 0.6369740962982178 57287
1669380828525 0.6358740925788879 57504
1669380905281 0.6351125836372375 57721
1669380982070 0.6353356242179871 57938
1669381058570 0.6387103796005249 58155
1669381134805 0.6315945386886597 58372
1669381211569 0.6304622292518616 58589
1669381288184 0.6402254104614258 58806
1669381364396 0.6364261507987976 59023
1669381441112 0.63642817735672 59240
1669381517667 0.6304917335510254 59457
1669381594345 0.6321794390678406 59674
1669381671034 0.6392741799354553 59891
1669381747778 0.64142245054245 60108
1669381824299 0.6381847858428955 60325
1669381901186 0.6417843103408813 60542
1669381977704 0.6309471726417542 60759
1669382054691 0.6326354146003723 60976
1669382130631 0.6246492266654968 61193
1669382207184 0.6375174522399902 61410
1669382284045 0.628953218460083 61627
1669382360643 0.6360048055648804 61844
1669382437062 0.6321573853492737 62061
1669382513914 0.635072648525238 62278
1669382590280 0.6400597095489502 62495
1669382666680 0.6356790065765381 62712
1669382743221 0.6345916986465454 62929
1669382819919 0.6342975497245789 63146
1669382896792 0.6375214457511902 63363
1669382973071 0.6364136338233948 63580
1669383049238 0.6479412317276001 63797
1669383125660 0.6325361728668213 64014
1669383202099 0.6390849351882935 64231
1669383278392 0.6359663009643555 64448
1669383355195 0.627263069152832 64665
1669383432079 0.6267334818840027 64882
1669383508472 0.6440049409866333 65099
