1668794296990 71.75 864
1668794402980 142.75 1729
1668794509453 89.0 2594
1668794615930 95.5 3459
1668794721864 58.5 4324
1668794827918 168.25 5189
1668794933996 116.5 6054
1668795040459 4.75 6919
1668795146742 2.25 7784
1668795252356 155.75 8649
1668795358338 139.5 9514
1668795464643 210.25 10379
1668795571053 147.0 11244
1668795676855 160.75 12109
1668795782627 123.5 12974
1668795888701 197.75 13839
1668795995346 182.0 14704
1668796101574 176.75 15569
1668796207702 169.25 16434
1668796313842 206.25 17299
1668796420445 48.25 18164
1668796526984 195.0 19029
1668796633309 153.0 19894
1668796739149 144.5 20759
1668796845176 129.75 21624
1668796950855 30.0 22489
1668797056807 80.5 23354
1668797163175 145.25 24219
1668797269922 20.25 25084
1668797376650 159.75 25949
1668797482346 172.5 26814
1668797588941 144.25 27679
1668797695066 105.25 28544
1668797801474 157.75 29409
1668797908189 174.0 30274
1668798015002 192.75 31139
1668798120913 173.0 32004
1668798227170 176.75 32869
1668798333768 181.25 33734
1668798440687 200.0 34599
1668798546578 215.0 35464
1668798653488 210.25 36329
1668798759718 210.0 37194
1668798866494 214.75 38059
1668798972514 216.0 38924
1668799080159 216.0 39789
1668799186543 214.5 40654
1668799292958 215.25 41519
1668799399599 216.0 42384
1668799506488 214.0 43249
1668799613155 214.5 44114
1668799720082 215.25 44979
1668799826555 214.75 45844
1668799932681 192.25 46709
1668800038715 203.0 47574
1668800145190 216.0 48439
1668800251728 214.0 49304
1668800358801 193.5 50169
1668800465525 206.75 51034
1668800572005 214.5 51899
1668800678506 202.5 52764
1668800786072 203.5 53629
1668800892139 194.25 54494
1668800999243 186.25 55359
1668801105882 204.5 56224
1668801213573 191.75 57089
1668801320208 153.5 57954
1668801426446 147.75 58819
1668801533029 153.0 59684
1668801639841 151.0 60549
1668801745931 189.75 61414
1668801852072 164.75 62279
1668801958380 61.0 63144
1668802065266 170.5 64009
1668802171415 191.5 64874
1668802278523 177.5 65739
1668802386040 143.5 66604
1668802492488 94.0 67469
1668802599309 121.0 68334
1668802706420 173.25 69199
1668802813010 55.25 70064
1668802919396 112.25 70929
1668803025877 129.25 71794
1668803132241 151.75 72659
1668803238876 22.75 73524
1668803345310 131.5 74389
1668803452160 123.5 75254
1668803558971 121.75 76119
1668803665442 177.5 76984
1668803771829 63.75 77849
1668803878141 149.5 78714
1668803984192 75.0 79579
1668804090600 130.75 80444
1668804196666 154.0 81309
1668804303307 118.25 82174
1668804409851 58.5 83039
1668804516335 116.75 83904
1668804622877 58.25 84769
1668804729338 78.0 85634
1668804835642 115.0 86499
1668804942052 83.75 87364
1668805047976 93.0 88229
1668805154028 57.75 89094
1668805260099 63.5 89959
1668805366252 71.75 90824
1668805472898 58.25 91689
1668805579888 75.0 92554
1668805686506 15.75 93419
1668805792429 57.25 94284
1668805898310 74.25 95149
1668806004630 57.0 96014
1668806111109 55.25 96879
1668806217728 21.5 97744
1668806324281 0.25 98609
1668806431199 57.75 99474
1668806538656 102.5 100339
1668806644924 54.5 101204
1668806751208 117.75 102069
1668806857380 79.0 102934
1668806965050 1.0 103799
1668807071850 150.25 104664
1668807177871 101.0 105529
1668807284274 56.5 106394
1668807390386 0.25 107259
1668807496279 1.25 108124
1668807602294 0.0 108989
1668807708449 0.0 109854
1668807814649 1.0 110719
1668807921376 0.0 111584
1668808027421 0.0 112449
1668808134267 0.0 113314
1668808241104 6.5 114179
1668808347590 0.0 115044
1668808453500 0.25 115909
1668808559276 0.25 116774
1668808665217 63.25 117639
1668808771688 105.25 118504
1668808877714 55.5 119369
1668808984157 136.0 120234
1668809089656 125.25 121099
1668809195903 132.75 121964
1668809302656 74.25 122829
1668809408911 121.25 123694
1668809515368 54.75 124559
1668809621650 59.25 125424
1668809728094 20.5 126289
1668809834031 152.0 127154
1668809940404 20.75 128019
1668810046185 148.75 128884
1668810152542 126.75 129749
1668810258713 99.25 130614
1668810364654 61.5 131479
1668810470756 126.0 132344
1668810577148 173.75 133209
1668810683092 112.0 134074
1668810789510 132.75 134939
1668810895384 151.75 135804
1668811001671 60.25 136669
1668811108401 112.0 137534
1668811214664 162.75 138399
1668811321606 124.0 139264
1668811427743 148.5 140129
1668811534018 114.0 140994
1668811640997 13.25 141859
1668811747443 110.5 142724
1668811853548 107.0 143589
1668811960013 100.75 144454
1668812066605 99.0 145319
1668812173302 116.5 146184
1668812279176 100.5 147049
1668812385274 112.5 147914
1668812491274 130.75 148779
1668812597844 116.25 149644
1668812703898 155.5 150509
1668812810519 89.0 151374
1668812916815 119.5 152239
1668813022953 124.25 153104
1668813129471 148.75 153969
1668813236027 129.25 154834
1668813343386 192.75 155699
1668813450495 151.25 156564
1668813557290 175.0 157429
1668813664152 153.0 158294
1668813770493 178.0 159159
1668813876636 186.5 160024
1668813982765 110.5 160889
1668814089066 173.75 161754
1668814195734 170.25 162619
1668814302814 170.75 163484
1668814408842 149.5 164349
1668814515352 144.0 165214
1668814621888 95.25 166079
1668814728113 110.0 166944
1668814835276 60.0 167809
1668814942207 136.5 168674
1668815048968 1.0 169539
1668815155074 114.25 170404
1668815262115 123.0 171269
1668815369285 1.5 172134
1668815476285 141.25 172999
1668815583307 0.5 173864
1668815690741 19.75 174729
1668815796968 150.25 175594
1668815902880 150.25 176459
1668816009594 135.5 177324
1668816116562 127.75 178189
1668816222455 164.75 179054
1668816328908 138.25 179919
1668816434755 68.5 180784
1668816541474 0.0 181649
1668816648773 197.75 182514
1668816755046 171.5 183379
1668816861610 20.75 184244
1668816967939 153.0 185109
1668817074085 96.75 185974
1668817180254 94.0 186839
1668817286801 146.5 187704
1668817393157 155.25 188569
1668817499309 131.75 189434
1668817605598 130.25 190299
1668817712361 200.25 191164
1668817818520 173.5 192029
1668817924800 203.5 192894
1668818030927 110.5 193759
1668818137250 149.0 194624
1668818243396 157.5 195489
1668818349373 180.75 196354
1668818455622 117.25 197219
1668818562291 169.75 198084
1668818668822 182.0 198949
1668818775531 132.0 199814
1668818882513 94.75 200679
1668818989705 67.5 201544
1668819096128 199.75 202409
1668819203137 170.75 203274
1668819309740 184.0 204139
1668819416161 143.75 205004
1668819522568 58.75 205869
1668819628761 174.0 206734
1668819735097 167.75 207599
1668819841321 175.0 208464
1668819947192 178.75 209329
1668820054946 187.0 210194
1668820162399 193.25 211059
1668820269294 124.0 211924
1668820375086 153.75 212789
1668820481645 146.0 213654
1668820588470 152.0 214519
1668820694467 133.5 215384
1668820800901 200.25 216249
1668820907570 203.25 217114
1668821013816 178.5 217979
1668821119442 197.0 218844
1668821225831 157.25 219709
1668821331787 91.25 220574
1668821438009 153.0 221439
1668821544064 151.5 222304
1668821650363 155.5 223169
1668821756476 197.75 224034
1668821863118 157.25 224899
1668821969224 206.75 225764
1668822075225 152.5 226629
1668822180988 202.0 227494
1668822286508 186.0 228359
1668822392832 179.25 229224
1668822498821 104.5 230089
1668822604976 206.25 230954
1668822711388 66.75 231819
1668822818101 167.75 232684
1668822924313 187.75 233549
1668823031204 213.0 234414
1668823137474 186.25 235279
1668823243875 206.0 236144
1668823350125 205.0 237009
1668823456272 212.75 237874
1668823561582 205.25 238739
1668823668095 204.5 239604
1668823774433 206.75 240469
1668823880368 205.0 241334
1668823986357 216.0 242199
1668824092223 216.0 243064
1668824198112 202.75 243929
1668824304470 206.25 244794
1668824410019 195.0 245659
1668824515697 181.0 246524
1668824621497 196.25 247389
1668824727514 197.5 248254
1668824834078 200.5 249119
1668824940543 203.25 249984
1668825047550 205.0 250849
1668825153576 212.75 251714
1668825259659 197.75 252579
1668825365587 186.25 253444
1668825471781 204.5 254309
1668825578099 204.5 255174
1668825684596 164.25 256039
1668825790084 205.5 256904
1668825896114 208.0 257769
1668826002343 208.5 258634
1668826108063 212.25 259499
