1668501108088 1.3751074911364634 49
1668501124803 1.4067914564967101 99
1668501141902 1.3845397091191274 149
1668501174407 1.6953744021035633 199
1668501191175 1.3556111810316043 249
1668501207968 0.9624487314721661 299
1668501241022 0.9783717945495916 349
1668501257879 1.069039286839286 399
1668501274732 1.4522446734175252 449
1668501291602 1.5936333985494466 499
1668501324717 1.416073044334318 549
1668501341522 1.2348650978492353 599
1668501358309 1.251267078955578 649
1668501391203 1.3611030865326053 699
1668501408095 1.192501515272927 749
1668501424829 1.239486340538041 799
1668501441625 1.3171880978693915 849
1668501474727 1.3894853973210624 899
1668501491527 0.9365507118433506 949
1668501508305 1.2384049626200075 999
1668501541462 1.4992611261874167 1049
1668501558399 1.325512617940512 1099
1668501575192 1.2680392473534305 1149
1668501591988 1.2070683934854352 1199
1668501625283 1.0053391212235538 1249
1668501641931 1.442708175898252 1299
1668501658723 1.3233573000446626 1349
1668501691569 1.3658489540683976 1399
1668501708476 1.1027665023077402 1449
1668501725275 1.2125200280482702 1499
1668501742120 1.2592188784129466 1549
1668501775276 1.2390848685284257 1599
1668501792101 1.276021523901774 1649
1668501808838 1.310823030176103 1699
1668501842062 1.2818433824420716 1749
1668501858895 1.338485750042339 1799
1668501875703 1.210714826962981 1849
1668501892518 1.2614830369876087 1899
1668501926053 1.1624138719209733 1949
1668501942782 1.325811842745324 1999
1668501959555 1.1279992186049383 2049
1668501992782 1.475326403396017 2099
1668502009635 1.361326700638179 2149
1668502026436 1.3279073054485846 2199
1668502059495 1.4174555473416004 2249
1668502076423 1.2662941598741941 2299
1668502093146 1.379687339768541 2349
1668502109944 1.3658335982475367 2399
1668502142943 1.2379578519873942 2449
1668502159703 1.336085160987986 2499
1668502176508 1.0865008276489192 2549
1668502209649 1.1551573445386623 2599
1668502226696 1.1521853139520724 2649
1668502243414 1.3298620231143208 2699
1668502260227 1.237003587235179 2749
1668502293666 1.333942125954227 2799
1668502310325 1.2678674718671397 2849
1668502327137 1.200636043038127 2899
1668502360281 1.2340809389490777 2949
1668502377199 1.3837135922903003 2999
1668502393992 1.0610872097700081 3049
1668502410768 1.160474000170743 3099
1668502443997 1.310174628558843 3149
1668502460695 1.3654823275398382 3199
1668502477543 1.2802949481494141 3249
1668502510325 1.1476305204467068 3299
1668502527273 1.264971986921804 3349
1668502544070 1.147415579331828 3399
1668502560881 1.176275256183489 3449
1668502593922 1.2153494795144777 3499
1668502610628 0.9824465588340318 3549
1668502627431 1.2390580811816982 3599
1668502660411 1.1027132202007173 3649
1668502677278 1.191114068358716 3699
1668502694015 1.1601712809311653 3749
1668502710819 1.1304279091211973 3799
1668502743563 1.2947837168621517 3849
1668502760243 1.0927182893795404 3899
1668502777040 1.225543762216491 3949
1668502810127 1.186536613352926 3999
1668502826950 1.234995923492164 4049
1668502843729 1.0921981702605401 4099
1668502860547 1.246973768433737 4149
1668502893774 1.2092004104838665 4199
1668502910475 0.928189658355246 4249
1668502927275 1.2121208070842635 4299
1668502960183 1.1436488863629624 4349
1668502976883 1.2930522765378745 4399
1668502993674 1.2205556016456918 4449
1668503026808 1.1736918307788091 4499
1668503043735 1.029534808634412 4549
1668503060524 1.1991374047541512 4599
1668503077371 1.218557117018274 4649
1668503110502 1.2051448416581865 4699
1668503127199 1.1878157122209732 4749
1668503144046 1.1882630573882662 4799
1668503177261 1.1697840329869258 4849
1668503194179 1.151009913619425 4899
1668503210932 1.0609570560546533 4949
1668503227745 1.0006128855048662 4999
1668503260860 1.1209215719786647 5049
1668503277502 1.183563034290671 5099
1668503294314 1.0868119649866583 5149
1668503327245 0.9617701602552151 5199
1668503344150 1.256463880947842 5249
1668503360888 1.0871366282991795 5299
1668503377688 1.1304418255051774 5349
1668503411058 1.1180642209482423 5399
1668503427752 1.1816580089969198 5449
1668503444560 1.2625666233101889 5499
1668503477944 1.1579300830401562 5549
1668503494731 1.204854598766871 5599
1668503511577 1.139119108835628 5649
1668503528390 1.1946352096449007 5699
1668503561606 1.1300986812133547 5749
1668503578306 1.1104379745913349 5799
1668503595123 1.1178679483411182 5849
1668503628120 1.1402166792862731 5899
1668503644881 1.281163744425279 5949
1668503661814 1.1366247469977466 5999
1668503678652 1.1552461631308653 6049
1668503712095 1.1360090384304726 6099
1668503728872 1.22994738022911 6149
1668503745723 1.153310582666231 6199
1668503778815 1.1384744357501562 6249
1668503795659 1.045790970579126 6299
1668503812455 1.172416627191092 6349
1668503829290 1.1973602152391043 6399
1668503862490 1.193262192243847 6449
1668503879215 1.1762451366455628 6499
1668503896052 1.1254211934712661 6549
1668503929091 1.2181197782978157 6599
1668503945950 1.1734825407964227 6649
1668503962845 1.1194806065150449 6699
1668503996157 1.2215003377753992 6749
1668504013100 1.0679694199961465 6799
1668504029860 0.9943803186414155 6849
1668504046666 1.1940797005220192 6899
1668504079947 1.052206955325537 6949
1668504096621 1.1265987283094216 6999
1668504113417 1.1347461397433976 7049
1668504146690 1.0879180850796295 7099
1668504163643 1.1476646881163617 7149
1668504180462 1.0929128182396066 7199
1668504197258 1.0003379244499278 7249
1668504230667 1.1241817139858747 7299
1668504247340 1.1044150087377227 7349
1668504264136 1.0850989078964792 7399
1668504297293 1.1440383671008036 7449
1668504314149 1.0628696529901116 7499
1668504330883 1.1099144544755093 7549
1668504347686 1.1781104869958072 7599
1668504380945 1.0801806546343922 7649
1668504397603 1.0700904745733366 7699
1668504414420 1.3133925711824777 7749
1668504447710 1.1836804221932375 7799
1668504464553 1.1695002329276514 7849
1668504481325 1.1103726159441376 7899
1668504498135 1.0987323862592833 7949
1668504531378 1.0804406788848397 7999
1668504548071 1.0888902450104145 8049
1668504564887 1.2841919393941368 8099
1668504598015 1.1216529973674982 8149
1668504614928 1.2055878343310296 8199
1668504631754 1.0686853488364576 8249
1668504648588 1.1473926954337752 8299
1668504681473 1.018139058649138 8349
1668504698189 1.188197273834568 8399
1668504714983 0.9742831841067088 8449
1668504748544 1.1024782477536197 8499
1668504765266 1.227502315038178 8549
1668504782077 1.1158738472223033 8599
1668504798863 1.0726218280677295 8649
1668504831853 1.250128630697902 8699
1668504848623 0.9749340307667339 8749
1668504865417 1.1599378497111494 8799
1668504898766 1.0829518812888927 8849
1668504915505 1.1237906583953643 8899
1668504932317 1.0457867262160652 8949
1668504965554 1.2155373906279117 8999
1668504982475 1.1308107489275894 9049
1668504999194 1.0196562673590346 9099
1668505015983 1.167437417009482 9149
1668505049771 1.099859041810033 9199
1668505066437 1.2390392811423179 9249
1668505083241 1.1232830282678674 9299
1668505116364 1.0767300813499596 9349
1668505133248 1.0716887303641702 9399
1668505150074 1.1313967632173962 9449
1668505166902 1.1276521179734034 9499
1668505200350 1.0696873586668068 9549
1668505217133 1.089163691491473 9599
1668505233967 1.1374441385334269 9649
1668505266898 1.0684283887955377 9699
1668505283798 1.0878677822256877 9749
1668505300654 1.0627923956431666 9799
1668505317452 1.2568086351100631 9849
1668505350662 1.1728737069034112 9899
1668505367366 1.2093059101926347 9949
1668505384164 1.0820549676280373 9999
1668505417109 1.0893635634514514 10049
1668505433942 1.1481913335599412 10099
1668505450745 1.1092791882044328 10149
1668505467526 1.0098043623079573 10199
1668505500514 0.9804574433604325 10249
1668505517297 1.177368269243362 10299
1668505534104 1.0948509474416246 10349
1668505567483 1.1159373989860448 10399
1668505584225 1.1344425517166634 10449
1668505600977 1.1498936030807572 10499
1668505617804 1.087204070957634 10549
1668505651366 1.1877290274187635 10599
1668505668140 1.1239070674456024 10649
1668505684948 1.1298494570784652 10699
1668505718363 1.1697262595231133 10749
1668505735090 1.0705258454401627 10799
1668505751877 1.150419031601635 10849
1668505784913 1.07030387068764 10899
1668505801867 1.2372525309221656 10949
1668505818586 1.1325659726230122 10999
1668505835376 1.252248201766375 11049
1668505868861 1.2762487645131395 11099
1668505885505 1.2237425114512162 11149
1668505902307 1.240378241835895 11199
1668505935696 1.160828217120367 11249
1668505952586 1.0950662775080247 11299
1668505969349 1.1016602933729531 11349
1668505986152 1.235354785238163 11399
1668506019512 1.1133280678473116 11449
1668506036204 1.1568233420964043 11499
1668506053064 1.174449774634375 11549
1668506085698 1.3124626320200594 11599
1668506102679 1.289692796458616 11649
1668506119477 1.124624844705196 11699
1668506136264 1.1194466436647976 11749
1668506169587 1.086611597395537 11799
1668506186246 1.2854060862791312 11849
1668506203039 1.1055808610507765 11899
1668506236304 1.154059008722545 11949
1668506253213 1.2734161220505638 11999
1668506270081 1.0884461147991127 12049
1668506286924 1.090833017258578 12099
1668506320169 1.1063040529861152 12149
1668506336854 1.120189130258354 12199
1668506353645 1.0784640021901182 12249
1668506386829 1.2047435896833059 12299
1668506403590 1.238220543223965 12349
1668506420389 1.078744965804832 12399
1668506437225 1.2485654130164208 12449
1668506470480 1.0942095156196427 12499
1668506487243 1.12234049371164 12549
1668506504027 1.1600229419346275 12599
1668506537231 1.266231067138329 12649
1668506554059 1.3899120876720734 12699
1668506570851 1.123364233763884 12749
1668506587673 0.9706610196840963 12799
1668506620700 1.1261356335720354 12849
1668506637420 1.071989970152822 12899
1668506654226 1.1611804464746276 12949
1668506687528 1.1871604142513754 12999
1668506704283 1.0542242881592887 13049
1668506721080 1.0399615457712732 13099
1668506754163 1.0929205748448123 13149
1668506771030 1.0376531618028282 13199
1668506787796 1.0927640363826185 13249
1668506804575 1.1156759803014569 13299
1668506838043 1.1354071697325683 13349
1668506854696 1.0973514892222587 13399
1668506871480 1.2356090904487584 13449
1668506904793 1.205496606402435 13499
1668506921721 1.0608267473449242 13549
1668506938506 1.0560418930560334 13599
1668506955320 1.0376813825405338 13649
1668506988957 1.1228073817518318 13699
1668507005618 1.1703515737219432 13749
1668507022373 1.0241227698898052 13799
1668507055312 1.1044084355441106 13849
1668507072259 1.127630600181313 13899
1668507089109 1.1332061072927109 13949
1668507105966 1.1748574508172986 13999
1668507139249 1.0771175471032057 14049
1668507155954 1.0351595427260372 14099
1668507172760 1.1841728630828976 14149
1668507205889 1.1174598580637107 14199
1668507222754 1.1672114356258743 14249
1668507239551 1.120115591049277 14299
1668507256358 1.1078738974875504 14349
1668507289617 1.1821663250913061 14399
1668507306410 1.1461058911974493 14449
1668507323275 1.1990779630031307 14499
1668507356313 1.1759646062237223 14549
1668507373225 1.0962092836272959 14599
1668507390014 1.1902637482207308 14649
1668507406817 1.0876049948043205 14699
1668507440403 1.113426294750491 14749
1668507457099 1.202971285197577 14799
1668507473891 1.0669041072433096 14849
1668507507271 1.2112070135411148 14899
1668507523973 1.1145689629792759 14949
1668507540767 1.1651785576126483 14999
1668507557560 1.251607793489949 15049
1668507590776 1.1386984087575645 15099
1668507607574 1.1719530134870721 15149
1668507624381 1.2360890376135043 15199
1668507657772 1.2428021478425624 15249
1668507674574 1.0747318096108323 15299
1668507691408 1.1389191477987695 15349
1668507724677 1.1196054632933492 15399
1668507741641 1.2740674601751254 15449
1668507758435 1.1865133547417692 15499
1668507775265 1.1749655630866838 15549
1668507808208 1.1655748692673549 15599
1668507824933 1.0496429239887968 15649
1668507841774 1.2534354736721252 15699
1668507874828 1.095516560546427 15749
1668507891788 1.0513872692134947 15799
1668507908603 1.1394990963110443 15849
1668507925427 1.1092770617677397 15899
1668507958517 0.9843174136476236 15949
1668507975299 1.1933118290093927 15999
1668507992131 1.1710490072111013 16049
1668508025235 1.088572336603848 16099
1668508042248 1.119113828051849 16149
1668508059066 1.1671701554063831 16199
1668508075852 1.072788505120046 16249
1668508109142 1.0983603673017495 16299
1668508125906 1.0516446516934543 16349
1668508142713 1.2163553802279665 16399
1668508175955 1.0639840590095297 16449
1668508192808 1.0784272331240359 16499
1668508209593 1.2268124017503366 16549
1668508226373 1.0741494651670267 16599
1668508259459 1.1344753559848801 16649
1668508276133 1.09119040048476 16699
1668508292913 1.2390956730845089 16749
1668508326122 1.2222289196978542 16799
1668508342948 1.137893205181442 16849
1668508359760 1.1781365429645811 16899
1668508376583 1.184289210783478 16949
1668508409676 1.1912015538684202 16999
1668508426478 1.0993405030466548 17049
1668508443306 1.2389607194863612 17099
1668508476652 1.0941710542091485 17149
1668508493383 1.1494679577162745 17199
1668508510174 1.2363630970544297 17249
1668508526994 1.2502485725712242 17299
1668508560278 1.139662945562385 17349
1668508577050 1.1276054138274902 17399
1668508593866 0.9718815498403699 17449
1668508627019 1.2260429303373241 17499
1668508643678 1.1285624763996613 17549
1668508660420 1.0085228727305287 17599
1668508693677 0.9716762598351303 17649
1668508710571 1.1774508326179913 17699
1668508727322 1.0783035486766412 17749
1668508744097 1.0687472274339467 17799
1668508777373 1.2668654300741171 17849
1668508794038 1.1062917141834827 17899
1668508810829 1.0467099023108568 17949
1668508844237 1.2050344754617084 17999
1668508861183 1.1787253516890457 18049
1668508877986 1.0340476345211833 18099
1668508894783 1.1663326597399661 18149
1668508927876 1.1834203551368232 18199
1668508944540 1.2811984521778055 18249
1668508961340 1.011720857218769 18299
1668508994479 1.2551170665135154 18349
1668509011344 1.105143438208042 18399
1668509028176 1.14331056229167 18449
1668509045001 1.2620691849029644 18499
1668509078171 1.1248734556302935 18549
1668509094900 1.2298752860671485 18599
1668509111718 1.2294449681457154 18649
1668509144845 1.0941564865775337 18699
1668509161713 1.1156766100333833 18749
1668509178610 0.9688268365372507 18799
1668509195461 1.115560354848564 18849
1668509228636 1.142828661225925 18899
1668509245433 1.1972344972093325 18949
1668509262250 1.1965876735740628 18999
1668509295303 1.1047768615754006 19049
1668509312124 1.1974795214402592 19099
1668509328893 1.1958722578721408 19149
1668509345648 1.0865728996967388 19199
1668509379217 1.1312324108865404 19249
1668509395923 1.1898839203891012 19299
1668509412712 1.0872177095431448 19349
1668509445836 1.1673299096506473 19399
1668509462627 1.2129398664489992 19449
1668509479434 1.0482212112937646 19499
1668509512521 1.1100450788501843 19549
1668509529472 1.0625484897021626 19599
1668509546256 1.249124482570203 19649
1668509563062 1.12946586907393 19699
1668509596511 1.1420285315218572 19749
1668509613189 1.1752087395935245 19799
1668509629958 1.0600830742027076 19849
1668509662811 1.131248950620458 19899
1668509679775 1.0818473537758742 19949
1668509696532 1.122889029324207 19999
1668509713338 1.1940069056512432 20049
1668509746710 1.1996931004426543 20099
1668509763401 1.1406600880006104 20149
1668509780210 1.0823632338131373 20199
1668509813315 1.0852980477118035 20249
1668509830244 1.1321799697029833 20299
1668509846968 1.1021346633142766 20349
1668509863781 1.0581809241564988 20399
1668509897372 1.3855428066977602 20449
1668509914031 1.1969989448100793 20499
1668509930844 1.127843458516533 20549
1668509963928 0.9665063449314716 20599
1668509980820 1.0521368396470088 20649
1668509997617 1.1534234435650503 20699
1668510014388 1.124747376973593 20749
1668510047988 1.2638516691168726 20799
1668510064803 1.114896273952245 20849
1668510081647 1.1262550043477153 20899
1668510114982 1.1549656321405402 20949
1668510131787 1.0821462885752966 20999
1668510148562 1.1894853206503577 21049
1668510165364 1.2302320144504364 21099
1668510198814 1.1498758297896678 21149
1668510215570 1.0575006049255322 21199
1668510232373 1.2203174295781591 21249
1668510265521 1.167005396700721 21299
1668510282434 1.0809141335138148 21349
1668510299263 1.2769312627046265 21399
1668510316068 1.125735715743967 21449
1668510349512 1.144922658355684 21499
1668510366283 1.0947597145937658 21549
1668510383081 1.1879998308411677 21599
1668510416399 1.1031812750455259 21649
1668510433155 1.1160314183932862 21699
1668510449991 1.1073752831220778 21749
1668510483118 1.1790891602405693 21799
1668510500065 1.1036935824102247 21849
1668510516875 0.9113881320561504 21899
1668510533722 1.1018925465202358 21949
1668510566706 1.2104428091311954 21999
1668510583410 1.0557126359539424 22049
1668510600242 1.2076732849723377 22099
1668510633616 1.2634773416132008 22149
1668510650582 1.1234238192340988 22199
1668510667333 1.142762975653096 22249
1668510684121 1.126337019666748 22299
1668510717822 1.233356033671867 22349
1668510734511 1.1158954761695268 22399
1668510751325 1.149869369649796 22449
1668510784531 1.1477071341744496 22499
1668510801409 1.229751423903919 22549
1668510818205 1.0499943516987675 22599
1668510835002 1.1199698240642622 22649
1668510868416 1.1470371437018396 22699
1668510885074 1.0920041073422195 22749
1668510901875 1.1396023031517388 22799
1668510935482 0.9760683914917556 22849
1668510952374 1.093747597566061 22899
1668510969196 1.1083854624041363 22949
1668510986001 1.0670320189645883 22999
1668511019624 1.105048499109765 23049
1668511036380 1.0387703931819299 23099
1668511053190 1.0920742447011236 23149
1668511086423 1.1030813616339585 23199
1668511103295 1.0848042670988913 23249
1668511120088 1.2293408563480919 23299
1668511136860 1.1725896358014685 23349
1668511170302 1.2219869300948503 23399
1668511187132 1.1815568090782864 23449
1668511203965 1.143010945895358 23499
1668511237642 1.078427121833932 23549
1668511254354 0.952308305776068 23599
1668511271172 1.0433381866180989 23649
1668511287972 1.1319049202336444 23699
1668511321179 1.1316048710821918 23749
1668511337916 1.1660896819394877 23799
1668511354700 1.1993038996455045 23849
1668511388350 1.1385540828422496 23899
1668511405080 1.2795303865248693 23949
1668511421882 1.107328909729907 23999
1668511455324 1.0389358520412622 24049
1668511472356 1.1559866616417194 24099
1668511489125 1.0872397796314253 24149
1668511505923 1.1637364374883652 24199
1668511539246 0.9489562760041212 24249
1668511555896 1.0120925712357884 24299
1668511572657 1.1760184105911706 24349
1668511606193 1.191364290256582 24399
1668511623140 1.0227953371461194 24449
1668511639970 0.9593588845202901 24499
1668511656796 1.1015239545680162 24549
1668511690425 1.1357438958908526 24599
1668511707107 1.126890624217088 24649
1668511723886 1.1376196843078725 24699
1668511757146 1.1207076190320793 24749
1668511773997 0.991061273621455 24799
1668511790781 1.1464830786324307 24849
1668511807606 1.1509019378540992 24899
1668511841080 1.0369131961205007 24949
1668511857826 1.0252859962931649 24999
1668511874694 1.1123318213806985 25049
1668511907817 1.0979905753631445 25099
1668511924754 1.1390236140674908 25149
1668511941573 1.2558345454640678 25199
1668511958373 1.0750362272175547 25249
1668511991759 1.1302216772048679 25299
1668512008672 1.019783603526214 25349
1668512025470 1.1076434163400175 25399
1668512058656 1.1512744065039557 25449
1668512075545 1.1653027418239121 25499
1668512092347 1.077766950391079 25549
1668512109134 0.9993586308238531 25599
1668512142561 1.0455161992301354 25649
1668512159349 1.177472032980473 25699
1668512176168 1.2129769946498852 25749
1668512209445 1.0937903687050408 25799
1668512226169 1.1911502616344964 25849
1668512242915 1.1497867123902246 25899
1668512259726 1.2133682567044952 25949
1668512292775 0.9979529805185092 25999
1668512309569 1.141217593011297 26049
1668512326377 1.0900276908040583 26099
1668512360005 1.0285817524777863 26149
1668512376766 1.1557688366588157 26199
1668512393620 1.0298995374330315 26249
1668512426814 1.272977504732111 26299
1668512443834 1.1489991356111737 26349
1668512460629 1.040454886892434 26399
1668512477412 1.013795661556135 26449
1668512510793 1.156213525012167 26499
1668512527425 1.137412477804031 26549
1668512544213 1.2078164205263322 26599
1668512577515 1.1575523192215407 26649
1668512594443 1.083502614566749 26699
1668512611261 1.1138447999416374 26749
1668512628062 1.1338141529351267 26799
1668512661310 1.0067324223624035 26849
1668512677985 1.1139837875061382 26899
1668512694805 1.1984812105704639 26949
1668512728155 1.1104079492671808 26999
1668512745049 1.270485841032289 27049
1668512761847 1.1239801363219621 27099
1668512778646 1.105660051019141 27149
1668512812229 1.058866311630524 27199
1668512828920 1.0069878847851161 27249
1668512845714 1.3014199327879827 27299
1668512878364 1.0824512608347387 27349
1668512895280 1.1079155721723388 27399
1668512912076 0.9532997378155683 27449
1668512928870 1.2059868936755749 27499
1668512962164 1.229151558660458 27549
1668512978918 1.1335282364857782 27599
1668512995714 1.2929783158605295 27649
1668513029055 1.0395440707070425 27699
1668513045900 1.0321395496858103 27749
1668513062707 1.0641600078821778 27799
1668513079558 1.2779794059372744 27849
1668513112941 1.1540500271641139 27899
1668513129644 1.0413580505183209 27949
1668513146469 1.2066943308316382 27999
1668513180118 1.2355198969342498 28049
1668513196980 1.015265406236306 28099
1668513213851 1.068430515368208 28149
1668513247102 1.1253410150853878 28199
1668513264004 1.0908186589584474 28249
1668513280751 1.1996419043785258 28299
1668513297539 1.1935433295471753 28349
1668513330915 1.1531190640461009 28399
1668513347567 1.162636607950942 28449
1668513364409 1.2452885028064777 28499
1668513397683 1.1551606791695381 28549
1668513414599 1.097436829602273 28599
1668513431370 1.1491294529567013 28649
1668513448196 1.1112799375110047 28699
1668513481630 1.2336987789219138 28749
1668513498277 1.1791517249965362 28799
1668513515072 1.23406782256832 28849
1668513548176 1.2741120169873585 28899
1668513565104 1.2329108019272206 28949
1668513581918 1.108026967771602 28999
1668513598736 1.1704643596419833 29049
1668513631711 1.0646058455567864 29099
1668513648371 1.1049198606260706 29149
1668513665150 1.1368183969920018 29199
1668513698257 1.28680803447803 29249
1668513715156 1.168638453246606 29299
1668513731893 1.0905168031613623 29349
1668513748712 1.260237371434586 29399
1668513782009 1.168495555338108 29449
1668513798742 1.094900044377903 29499
1668513815583 1.0841945128059138 29549
1668513848601 1.1686572115479599 29599
1668513865661 1.1840106055635649 29649
1668513882467 1.1162079163598035 29699
1668513899276 1.1220432229440582 29749
1668513932678 1.1421127507288726 29799
1668513949363 1.0646380829744666 29849
1668513966164 1.1548938072926713 29899
1668513999443 1.2209596617344933 29949
1668514016199 1.1128844911726268 29999
1668514033018 1.1397569685552715 30049
1668514049829 1.0792236995751572 30099
1668514083382 1.271949271458091 30149
1668514100113 1.1935523587193382 30199
1668514116940 1.1246170625238563 30249
1668514150056 1.0718439927136612 30299
1668514166699 0.9516835159831368 30349
1668514183474 1.0358504087583325 30399
1668514216631 1.004570513100888 30449
1668514233535 1.2285580258880717 30499
1668514250343 1.201808444658 30549
1668514267161 1.0420937484564943 30599
1668514300471 1.164375134947689 30649
1668514317102 1.0362828030464595 30699
1668514333860 1.3471099260371504 30749
1668514367378 1.1432471858039719 30799
1668514384262 1.1640699199777402 30849
1668514401064 1.077598879725247 30899
1668514417892 1.0567746908225615 30949
1668514451352 1.1601620153236547 30999
1668514467983 1.1946816997489567 31049
1668514484776 1.0505399577116907 31099
1668514517694 1.125222390134752 31149
1668514534606 1.1881761235928945 31199
1668514551351 1.1335997645081293 31249
1668514568167 1.0600390655465977 31299
1668514601559 1.1318365023404477 31349
1668514618242 1.1710722039220667 31399
1668514635076 1.0490664992902061 31449
1668514668353 1.094022843170222 31499
1668514685211 1.0878942449936293 31549
1668514701990 1.0383937869006457 31599
1668514718816 1.2372830658515017 31649
1668514752056 1.2309129305830997 31699
1668514768743 1.1406563857839704 31749
1668514785542 1.1025462903754353 31799
1668514818467 1.2636293742244467 31849
1668514835332 1.0310421673236976 31899
1668514852111 1.135912125452675 31949
1668514868925 1.1988395069937228 31999
1668514902384 1.0496384379449608 32049
1668514919147 1.1866509794941213 32099
1668514935961 1.174902101512994 32149
1668514969184 1.1887128511598442 32199
1668514986061 1.196403153076734 32249
1668515002853 1.058565830156866 32299
1668515019685 1.0862169289546262 32349
1668515052813 1.0694218066656525 32399
1668515069560 1.2117713748452197 32449
1668515086391 1.154043018428224 32499
1668515119827 1.1466250667126492 32549
1668515136544 1.1472208308197709 32599
1668515153320 1.1181694589558242 32649
1668515186793 1.1259816610262783 32699
1668515203711 1.160957619271083 32749
1668515220524 1.053638091521017 32799
1668515237374 1.1803927272844563 32849
1668515270724 1.1138581194641988 32899
1668515287406 1.0480510120456787 32949
1668515304231 1.2415862743854862 32999
1668515337542 1.1079018659860909 33049
1668515354583 1.108305262517346 33099
1668515371350 1.2984139293561583 33149
1668515388125 1.1429542388151102 33199
1668515421505 1.06475759500798 33249
1668515438200 1.1327025528783567 33299
1668515454995 1.1177048575070565 33349
1668515488088 1.1248540096912845 33399
1668515504947 1.1736558103613348 33449
1668515521725 1.2628909853763635 33499
1668515538553 1.1909271084732165 33549
1668515571534 1.2322986506353333 33599
1668515588267 1.1532790972146336 33649
1668515605070 1.10430495445744 33699
1668515638026 1.1391252682751953 33749
1668515654902 1.1586841864151525 33799
1668515671656 1.0653013329065588 33849
1668515688472 1.1366312226280455 33899
1668515721911 1.0241699250750376 33949
1668515738700 1.0894558719054677 33999
1668515755568 1.1951344886497768 34049
1668515788827 1.0494138145812097 34099
1668515805602 1.1394463619689579 34149
1668515822445 1.1819457301254273 34199
1668515839272 1.111236570185283 34249
1668515872609 1.1470973308240644 34299
1668515889345 1.0847747133306822 34349
1668515906177 1.125346955315503 34399
1668515939564 1.1770221288409684 34449
1668515956259 1.0690292370141818 34499
1668515973075 0.9542472126671971 34549
1668515989885 1.1131707872420369 34599
1668516023244 1.1553497321149793 34649
1668516039966 1.1250672688689072 34699
1668516056758 1.1407812230323289 34749
1668516090252 1.0852877101180642 34799
1668516106992 1.1067303274998506 34849
1668516123832 1.1975952025917156 34899
1668516156870 1.0732792020100372 34949
1668516173799 1.0990897688460772 34999
1668516190558 1.1485287890293898 35049
1668516207349 1.121126281894658 35099
1668516240829 1.0057996806121021 35149
1668516257562 1.0671763697629912 35199
1668516274379 1.024566565147827 35249
1668516307807 1.12160521150104 35299
1668516324794 1.0342697822610614 35349
1668516341592 1.1100148185742449 35399
1668516358411 1.0085915848034086 35449
1668516392217 1.1644167367353269 35499
1668516408989 1.0590478621579797 35549
1668516425804 1.1099271664707586 35599
1668516459211 1.168741889293996 35649
1668516476166 1.019594228199244 35699
1668516492997 1.0954670647379499 35749
1668516509833 1.1298829807229627 35799
1668516543231 1.1504177403450562 35849
1668516559918 1.0996887629895684 35899
1668516576723 1.0343410859072104 35949
1668516609710 1.161599264445194 35999
1668516626630 1.1752519199987697 36049
1668516643424 1.119738093769748 36099
1668516660217 1.1400747015493247 36149
1668516693740 1.018831089318422 36199
1668516710467 1.0923677483650225 36249
1668516727264 1.1430039983123592 36299
1668516761114 1.1890422757061978 36349
1668516777862 1.138016889747291 36399
1668516794702 1.0519049776743932 36449
1668516811487 1.3073783520908464 36499
1668516845067 0.9909531866654335 36549
1668516861771 1.1335480443725878 36599
1668516878546 1.1943287068672173 36649
1668516911958 1.129766653815309 36699
1668516928787 1.1115231331981639 36749
1668516945598 1.3369780958568733 36799
1668516978808 1.0218476427210579 36849
1668516995804 1.0961963751262709 36899
1668517012520 1.0713233717729564 36949
1668517029309 1.1558095872585454 36999
1668517062622 1.0053843823224606 37049
1668517079376 1.2163851057236528 37099
1668517096209 1.0747199107878995 37149
1668517129005 1.1935374506762622 37199
1668517145858 1.2448599687932622 37249
1668517162619 1.0437333235313673 37299
1668517179441 1.062843763318556 37349
1668517212908 1.000670155272698 37399
1668517229526 1.1308533055880035 37449
1668517246329 1.0201746832248424 37499
1668517279566 1.1067034378152598 37549
1668517296478 1.1021905236147693 37599
1668517313247 1.12096498506281 37649
1668517330048 0.9965975703519462 37699
1668517363589 1.1790799067714948 37749
1668517380299 1.0411306855864364 37799
1668517397108 1.1128271709022717 37849
1668517430350 1.1452821902923158 37899
1668517447250 1.1606823295953994 37949
1668517464044 1.2125815136158051 37999
1668517480845 1.0978171976499012 38049
1668517514429 1.0481856950007102 38099
1668517531147 1.0387257860369274 38149
1668517547909 1.0591765125661927 38199
1668517581249 1.0225233680934747 38249
1668517598164 1.2551704976231102 38299
1668517614984 1.2848811555548927 38349
1668517631812 1.2223950081297035 38399
1668517665198 1.2247986597061273 38449
1668517681891 1.1006478521241314 38499
1668517698709 0.9507847152804199 38549
1668517731975 1.1484103489567523 38599
1668517748776 1.2062534732615664 38649
1668517765565 1.073085150630322 38699
1668517782389 1.2242736495764093 38749
1668517816007 1.1700453917410176 38799
1668517832814 1.0025952654166437 38849
1668517849668 1.2074408638453848 38899
1668517882997 1.082547010797235 38949
1668517899762 1.126262371104889 38999
1668517916569 1.0925146520622675 39049
1668517949864 1.2457507413057032 39099
1668517966828 1.126059836069856 39149
1668517983615 1.0627082398900807 39199
1668518000404 1.0869898869309675 39249
1668518034098 0.9783025823912181 39299
1668518050752 1.121891989994382 39349
1668518067594 1.0325726940067035 39399
1668518101176 1.1653013278681603 39449
1668518118081 1.0286400985412578 39499
1668518134851 1.1124140224450692 39549
1668518151633 1.2152450852153756 39599
1668518184775 1.1854720390457485 39649
1668518201416 1.0824241074642227 39699
1668518218185 1.1276113491570667 39749
1668518251163 1.0625590135692258 39799
1668518268048 1.12278866708362 39849
1668518284873 1.2140213491628065 39899
1668518301683 1.1054075794635905 39949
1668518335199 1.0937283763083194 39999
1668518351916 1.1547600324992273 40049
1668518368737 1.1426219122838142 40099
1668518401702 1.2284950718014558 40149
1668518418607 1.048156877529259 40199
1668518435433 1.1802144796723921 40249
1668518452266 1.189267720030429 40299
1668518485377 1.0251070672971716 40349
1668518502169 1.1390987555786107 40399
1668518519033 1.0853628753196394 40449
1668518552016 0.9865499010524555 40499
1668518568888 1.167676374686806 40549
1668518585730 1.1050180160963774 40599
1668518602525 1.133210203262365 40649
1668518635458 1.0417931463106835 40699
1668518652252 1.0852411038661391 40749
1668518669118 1.035208416117639 40799
1668518702420 1.0812464653399718 40849
1668518719210 1.0901146057923021 40899
1668518735995 1.1619805728328458 40949
1668518752797 1.2097069072009317 40999
1668518786375 1.189030531226415 41049
1668518803098 1.130007576328184 41099
1668518819877 1.1283326076335845 41149
1668518853286 1.0986946031033547 41199
1668518870074 1.0442559731189256 41249
1668518886897 1.2870858078381804 41299
1668518919890 1.1513694746629066 41349
1668518936883 1.0311705454801126 41399
1668518953605 1.0170553281237598 41449
1668518970391 1.1869702714337855 41499
1668519003837 1.204509962420173 41549
1668519020618 1.1998473179496512 41599
1668519037468 1.1698325447756903 41649
1668519070676 1.2172054952173104 41699
1668519087538 1.1498422280060614 41749
1668519104334 1.19224773750709 41799
1668519121149 1.1021967066831277 41849
1668519154333 1.0493171264172083 41899
1668519171050 1.177779589871753 41949
1668519187900 1.107276219327667 41999
1668519221192 1.2039838776344958 42049
1668519238082 1.1226158191919502 42099
1668519254918 1.0749948120610593 42149
1668519271724 1.0304654038318426 42199
1668519304978 1.1282400000041524 42249
1668519321690 1.1093761741856312 42299
1668519338467 1.1045695722837825 42349
1668519371545 1.0535925259047467 42399
1668519388398 1.0715554329365105 42449
1668519405192 1.1670513663174755 42499
1668519421975 1.0298930222866205 42549
1668519455081 1.1572871570340313 42599
1668519471781 1.2691283027291203 42649
1668519488564 1.1324136901324107 42699
1668519521305 1.1498364763486313 42749
1668519538276 1.1026706281686025 42799
1668519555129 1.098866798528368 42849
1668519571946 1.124646794117474 42899
1668519605181 1.115030436793646 42949
1668519621957 1.128002179359959 42999
1668519638751 1.2912960150200505 43049
1668519672065 1.2880020749751573 43099
1668519688860 1.246335114416406 43149
1668519705630 1.150268297254135 43199
1668519722453 1.1288165919005846 43249
1668519755833 1.001947317621507 43299
1668519772532 1.177888317338476 43349
1668519789344 1.1241107868965017 43399
1668519822772 1.1522404263731647 43449
1668519839456 1.1094194460562699 43499
1668519856269 1.129169676330657 43549
1668519889713 1.2329790535049385 43599
1668519906624 1.1065474231461305 43649
1668519923443 1.1064182937424418 43699
1668519940271 1.2960194048935418 43749
1668519973832 1.0972526002797751 43799
1668519990512 1.1056663181364634 43849
1668520007340 1.0987057120623331 43899
1668520040479 0.9593165977996464 43949
1668520057338 1.146625372585899 43999
1668520074097 1.014802611860825 44049
1668520090889 1.1590901337460051 44099
1668520124503 1.0625221167507792 44149
1668520141329 1.2154214439735647 44199
1668520158166 1.200551577415797 44249
1668520191351 1.157257901189349 44299
1668520208369 1.228454927113884 44349
1668520225221 1.1533483503714674 44399
1668520242060 1.1639516646755474 44449
1668520275262 1.169564402002508 44499
1668520291968 1.198067623988361 44549
1668520308774 1.1559667970819971 44599
1668520341939 1.3730059729648494 44649
1668520358966 1.2879244518963358 44699
1668520375814 1.018597616312303 44749
1668520392646 1.21378895166383 44799
1668520425896 1.2112872352250623 44849
1668520442671 1.1069175925899728 44899
1668520459494 1.0684709699839428 44949
1668520492659 1.1397016162089935 44999
1668520509596 1.2210814900367322 45049
1668520526445 1.2317325327233346 45099
1668520543298 1.1182105400774867 45149
1668520576755 1.3639138138460662 45199
1668520593519 1.0297973969978136 45249
1668520610348 1.1051087447736403 45299
1668520643517 1.113760007672086 45349
1668520660301 1.1037317595104683 45399
1668520677109 1.0258703182862365 45449
1668520709778 1.2999056844023347 45499
1668520726791 1.071933265405656 45549
1668520743516 1.0483139650385167 45599
1668520760301 0.9881701789222905 45649
1668520793563 1.070226306291344 45699
1668520810258 1.2198402946807125 45749
1668520827073 1.0123438939550997 45799
1668520860134 1.1584524752885024 45849
1668520877135 1.0474677063729374 45899
1668520893934 1.0435786422055526 45949
1668520910734 1.05405244446142 45999
1668520944179 1.030986256881571 46049
1668520960828 1.161371217120507 46099
1668520977599 1.1377888712830282 46149
1668521011011 1.1831784668168028 46199
1668521028053 1.2204449271631743 46249
1668521044825 1.1488496254765814 46299
1668521061629 1.1090598270455154 46349
1668521095028 1.1578764908255155 46399
1668521111727 1.0915564991609736 46449
1668521128530 1.1702021545070587 46499
1668521161903 1.1415392403843916 46549
1668521178824 1.0229882914269692 46599
1668521195607 1.2089209517089843 46649
1668521212430 1.126619954896512 46699
1668521246172 1.0576781777566666 46749
1668521262857 1.156622662619471 46799
1668521279674 1.188770183159886 46849
1668521312928 1.2293968968513793 46899
1668521329753 1.1582398436827035 46949
1668521346549 1.1077549738509418 46999
1668521363346 1.0659068269671412 47049
1668521396733 1.1321841959931422 47099
1668521413579 1.140260555432597 47149
1668521430378 1.186116239311315 47199
1668521463919 0.9998809069112934 47249
1668521480657 1.131890016199953 47299
1668521497464 1.0608553419926403 47349
1668521514229 1.1879439012476916 47399
1668521547634 1.032595815492285 47449
1668521564329 1.2268084976794835 47499
1668521581114 1.1190209525308792 47549
1668521614542 1.107421654522169 47599
1668521631223 1.1630874749694502 47649
1668521648003 1.1111189121610523 47699
1668521681196 1.1595918084674937 47749
1668521698170 1.0892279332869137 47799
1668521715007 1.1809606970335302 47849
1668521731829 1.1617216852741745 47899
1668521765529 1.1747957121040342 47949
1668521782198 1.2493622771132105 47999
1668521799008 1.2203115955284634 48049
1668521832203 1.0496472341002925 48099
1668521849178 1.161477331594805 48149
1668521865934 1.112352257986424 48199
1668521882766 1.2091430417448643 48249
1668521916248 1.1458916398539334 48299
1668521932935 1.0550820190238541 48349
1668521949777 1.1438815312545645 48399
1668521983154 0.9771223116263688 48449
1668522000139 1.12186125594875 48499
1668522017016 1.0094246045717965 48549
1668522033838 1.1405906403789965 48599
1668522067283 1.0164910274856886 48649
1668522083941 1.1345248539208057 48699
1668522100730 1.1707143073380284 48749
1668522134025 0.9973071881903165 48799
1668522150981 1.2375327434170185 48849
1668522167801 1.2219893999408429 48899
1668522184602 1.2337633152401655 48949
1668522217883 1.1416726891678874 48999
1668522234624 1.1151573994567894 49049
1668522251446 1.1996464236596631 49099
1668522284707 1.1358065713037726 49149
1668522301630 1.2158984355912237 49199
1668522318439 1.1289648807619153 49249
1668522335257 1.0975045141723105 49299
1668522368684 1.0818555696570624 49349
1668522385494 1.1179152846923992 49399
1668522402327 1.1409042895673653 49449
1668522435750 1.0411948438256753 49499
1668522452435 1.1335898757234486 49549
1668522469209 1.1205397373862025 49599
1668522486028 1.147113258610063 49649
1668522519574 1.1178799774422594 49699
1668522536292 1.1767086664430617 49749
1668522553115 1.1681531964135239 49799
1668522586616 1.2315917243645123 49849
1668522603352 1.0756231790590423 49899
1668522620142 1.065154088036752 49949
1668522653336 1.1451273830457376 49999
1668522670237 1.232204280404548 50049
1668522686996 1.1858139817964037 50099
1668522703796 1.1276329158766016 50149
1668522737412 1.028565597433418 50199
1668522754060 1.2059518561168654 50249
1668522770862 1.1836138817585575 50299
1668522803954 1.1641733692899512 50349
1668522820865 1.094543827379351 50399
1668522837575 1.1315536245908984 50449
1668522854357 1.1713552106690697 50499
1668522888117 1.0716774419552626 50549
1668522904796 1.136724269692909 50599
1668522921626 1.0481831669125137 50649
1668522954883 1.0233487623965452 50699
1668522971873 1.2068706482171891 50749
1668522988703 1.085365181009028 50799
1668523005540 1.1292515091068538 50849
1668523038840 1.1425242448399417 50899
1668523055567 1.2623940751726561 50949
1668523072380 1.2036464094365222 50999
1668523105538 1.0760107075244605 51049
1668523122447 1.1266965428650377 51099
1668523139274 1.209897245329454 51149
1668523156092 1.151832714550363 51199
1668523189681 1.1193111532041107 51249
1668523206417 1.2730139320557852 51299
1668523223210 1.1339298655084478 51349
1668523256622 1.0636681021375605 51399
1668523273434 1.2090642684791366 51449
1668523290213 1.2617971365477225 51499
1668523307011 1.1079376901663758 51549
1668523340208 1.102033378502108 51599
1668523356927 1.130624844862261 51649
1668523373726 0.9851794028265639 51699
1668523407026 1.2176555961745181 51749
1668523423807 1.1912715533814777 51799
1668523440619 1.0401946209293758 51849
1668523457410 1.1010461124315238 51899
