1669645428228 1.6817191395948528 216
1669645503782 1.6652234091177396 433
1669645580096 1.6399281343199512 650
1669645655748 1.6303004763771933 867
1669645732057 1.617741911864441 1084
1669645808035 1.614932092306475 1301
1669645884338 1.6092956203094713 1518
1669645960474 1.6091877158009873 1735
1669646036520 1.6059520918778094 1952
1669646112940 1.6071414242718323 2169
1669646189419 1.604444393237708 2386
1669646265976 1.601641270400052 2603
1669646342804 1.5988799863469532 2820
1669646418759 1.5998908152040945 3037
1669646494930 1.6008407889640017 3254
1669646570955 1.599484886340243 3471
1669646647860 1.5998769466489209 3688
1669646724424 1.599322344443434 3905
1669646800457 1.5991520199899103 4122
1669646876963 1.5957865237130435 4339
1669646953225 1.5959659971184337 4556
1669647029390 1.5956158945468462 4773
1669647105622 1.5967505561005562 4990
1669647181832 1.5930746790583856 5207
1669647258371 1.594639894827087 5424
1669647334781 1.5934884276144095 5641
1669647411025 1.5924869702190338 5858
1669647487170 1.5929806644772584 6075
1669647563293 1.5933973565523616 6292
1669647639762 1.5932240927636496 6509
1669647715993 1.592226732053279 6726
1669647791983 1.5909450898419013 6943
1669647868390 1.5937707165265174 7160
1669647944736 1.590076360806635 7377
1669648021211 1.5899579867276687 7594
1669648097346 1.590387838487166 7811
1669648173702 1.589973900428239 8028
1669648250460 1.589598050269987 8245
1669648326815 1.5908967909897624 8462
1669648403107 1.5878793358154695 8679
1669648479552 1.5899583655232294 8896
1669648556013 1.5903075268305824 9113
1669648632343 1.589354384979439 9330
1669648708979 1.5886614041019802 9547
1669648785108 1.5882762631720386 9764
1669648861461 1.5889860380594 9981
1669648937701 1.5888980305377132 10198
1669649014249 1.5877067956604702 10415
1669649090773 1.5877587601311454 10632
1669649167103 1.5883901689593112 10849
1669649243609 1.587498674412865 11066
1669649320327 1.5884945168538482 11283
1669649396781 1.5870649774639751 11500
1669649473489 1.5875547065687294 11717
1669649550071 1.5874912918125519 11934
1669649626462 1.5848029879555319 12151
1669649702684 1.5872708159679059 12368
1669649779398 1.5853598173201608 12585
1669649855869 1.5869448398551615 12802
1669649932052 1.5857105474048094 13019
1669650008893 1.5868597701061078 13236
1669650085494 1.584948125033192 13453
1669650162007 1.58545115041476 13670
1669650238372 1.5859010860861882 13887
1669650315092 1.585438264310752 14104
1669650391339 1.586245171976609 14321
1669650468455 1.5852318620496815 14538
1669650545244 1.5836825442728293 14755
1669650621806 1.5835461567105342 14972
1669650698288 1.5863813319800142 15189
1669650774679 1.5844238355611648 15406
1669650851259 1.5841770917532545 15623
1669650927702 1.5837505404205068 15840
1669651004001 1.5851444346384609 16057
1669651080436 1.5838626307938082 16274
1669651157122 1.582605961006242 16491
1669651233589 1.5846578046680775 16708
1669651310157 1.5827188844270679 16925
1669651386924 1.582189470741684 17142
1669651463711 1.5842704567157748 17359
1669651540308 1.5839890335175641 17576
1669651616973 1.583314123291494 17793
1669651693814 1.5829180036659694 18010
1669651770433 1.5833036663230378 18227
1669651847044 1.5829809401898856 18444
1669651923416 1.5827031928845228 18661
1669651999966 1.5833047086982046 18878
1669652076751 1.5831795703968092 19095
1669652152827 1.5827269946643103 19312
1669652229595 1.583563343963474 19529
1669652305992 1.5830894085680687 19746
1669652382693 1.5823835276906488 19963
1669652459177 1.5828475459220526 20180
1669652535846 1.5809540284658437 20397
1669652612500 1.583046901005629 20614
1669652688934 1.5825123162553085 20831
1669652765480 1.5811685895207734 21048
1669652842258 1.581076901626651 21265
1669652918796 1.5806828097754384 21482
1669652995567 1.5831506911789688 21699
1669653072294 1.580618261191947 21916
1669653148833 1.5815182476466576 22133
1669653225496 1.5814176203117372 22350
1669653301919 1.5826863078040536 22567
1669653378919 1.5822458017915781 22784
1669653455627 1.581205370899208 23001
1669653532667 1.5825355850603466 23218
1669653609515 1.5809880101317562 23435
1669653685848 1.5803854324681321 23652
1669653762416 1.58191527864687 23869
1669653839050 1.5814762791248294 24086
1669653915639 1.5813238170115125 24303
1669653992234 1.5812510154391943 24520
1669654069133 1.5804722060693415 24737
1669654145489 1.5794739715014754 24954
1669654221996 1.5806878758913292 25171
1669654298393 1.5806875984878241 25388
1669654374944 1.5809695494931906 25605
1669654452057 1.580638300394712 25822
1669654528375 1.5788877465459605 26039
1669654605327 1.5806955283918591 26256
1669654681836 1.5805031794521285 26473
1669654758505 1.5799907528426878 26690
1669654834907 1.5820457058003177 26907
1669654911376 1.5799579693779762 27124
1669654988014 1.578616785009338 27341
1669655064403 1.5787591274857915 27558
1669655140913 1.5793818813151677 27775
1669655217347 1.5790919459856445 27992
1669655294007 1.5794292527485603 28209
1669655370287 1.5798389529970773 28426
1669655446738 1.5779389954068033 28643
1669655523609 1.5791935890243445 28860
1669655600341 1.5790357804065371 29077
1669655676955 1.580391926545042 29294
1669655753367 1.5803460494425103 29511
1669655829709 1.5797468274948165 29728
1669655906272 1.5788114895083363 29945
1669655983238 1.5792209539883058 30162
1669656059295 1.5783257621104372 30379
1669656136030 1.5806551709321135 30596
1669656212462 1.5801654392989501 30813
1669656288894 1.5784915649231381 31030
1669656365573 1.5784582486602794 31247
1669656442029 1.5782854871130207 31464
1669656518983 1.5801476205904168 31681
1669656595595 1.5775318323116785 31898
1669656672207 1.5794378962715014 32115
1669656748748 1.5795584793846995 32332
1669656825252 1.5794669732319075 32549
1669656901909 1.579591473348188 32766
1669656978254 1.5795281914688677 32983
1669657054992 1.5785368064637997 33200
1669657131324 1.577993537523452 33417
1669657208034 1.5779241956250547 33634
1669657284869 1.5777621535398714 33851
1669657361157 1.5791278777161155 34068
1669657437489 1.5795775638672283 34285
1669657514131 1.5774396723888668 34502
1669657591318 1.578661698823759 34719
1669657667820 1.578303477803443 34936
1669657744403 1.578211002970705 35153
1669657820966 1.5783055008817701 35370
1669657897383 1.5792457171157708 35587
1669657974612 1.5797261671733427 35804
1669658051450 1.5775627242960193 36021
1669658128409 1.5790354168384622 36238
1669658205116 1.578431035436316 36455
1669658281919 1.5785539085142015 36672
1669658358581 1.578147833237677 36889
1669658435394 1.5776706331977173 37106
1669658511938 1.5776745827167982 37323
1669658588315 1.5792623505147412 37540
1669658665418 1.5778459632858635 37757
1669658741934 1.5784662451761968 37974
1669658818597 1.578641003004257 38191
1669658895463 1.577422200026504 38408
1669658972012 1.5778183692892063 38625
1669659048833 1.5769681646006022 38842
1669659125249 1.576248920768701 39059
1669659201990 1.5764930810027948 39276
1669659278789 1.5783288731338114 39493
1669659355632 1.577000266067866 39710
1669659432474 1.5780821092738866 39927
1669659509394 1.5785597781516745 40144
1669659585884 1.5780582298868122 40361
1669659662510 1.5782565166622466 40578
1669659738928 1.5770520814602766 40795
1669659815544 1.575908842591208 41012
1669659892431 1.5776407796496006 41229
1669659969093 1.5787031015238506 41446
1669660045338 1.5780150360519987 41663
1669660122060 1.5781790459724527 41880
1669660198506 1.5765909734817087 42097
1669660275053 1.5761200666018063 42314
1669660351550 1.5766088199220414 42531
1669660428264 1.577306581860186 42748
1669660504803 1.577383778321519 42965
1669660581526 1.5783675116012605 43182
1669660658096 1.577416983463426 43399
1669660734631 1.5749276250876167 43616
1669660811508 1.5783997112022428 43833
1669660888313 1.574987336985132 44050
1669660965028 1.5765159935998887 44267
1669661041818 1.5770294550111106 44484
1669661118793 1.5769750232391762 44701
1669661195258 1.5776095426418466 44918
1669661271987 1.5773607307597934 45135
1669661348866 1.5760405019086117 45352
1669661425761 1.5773096764115704 45569
1669661502379 1.5759239465049182 45786
1669661578979 1.577661472075722 46003
1669661655645 1.5768833760664895 46220
1669661732081 1.5767739813419763 46437
1669661808898 1.5786248472707936 46654
1669661885404 1.5768659032524428 46871
1669661962090 1.5763108753744863 47088
1669662038670 1.5757279306564052 47305
1669662115434 1.5759616187475576 47522
1669662192320 1.5756658255695601 47739
1669662268981 1.5775480656654934 47956
1669662345743 1.574935339450868 48173
1669662422551 1.5761931817151873 48390
1669662499381 1.5776781616086784 48607
1669662575763 1.5776246045930777 48824
1669662652403 1.5762316971040706 49041
1669662729284 1.5764599149432874 49258
1669662806136 1.5764516090372176 49475
1669662882405 1.5757656677722012 49692
1669662959361 1.5778790425107134 49909
1669663035848 1.5768291292878729 50126
1669663112331 1.5770029881418102 50343
1669663188982 1.5768884360089284 50560
1669663265585 1.5755266341923917 50777
1669663342396 1.5763052735885834 50994
1669663419252 1.575528393783939 51211
1669663495683 1.5764084713926385 51428
1669663572969 1.5762052958932233 51645
1669663649311 1.575727982541154 51862
1669663726148 1.575548789066744 52079
1669663802891 1.5760526449280425 52296
1669663879867 1.5761517927223965 52513
1669663956544 1.5763025929180918 52730
1669664033472 1.575496738052615 52947
1669664109935 1.5746291380774666 53164
1669664186645 1.5747783742718213 53381
1669664263522 1.5740362551640052 53598
1669664340158 1.574140895629474 53815
1669664416931 1.5752011916262716 54032
1669664493486 1.5754778378006709 54249
1669664570023 1.5762422523547288 54466
1669664646536 1.5747764915548537 54683
1669664723614 1.5758749592855752 54900
1669664800147 1.5752565954649103 55117
1669664876970 1.5767864425185076 55334
1669664953541 1.5758862127990367 55551
1669665030070 1.5760233451555066 55768
1669665106692 1.575992275381088 55985
1669665183326 1.5757173781213858 56202
1669665259985 1.5740587088029652 56419
1669665336602 1.5756163142409119 56636
1669665413488 1.5753681264471115 56853
1669665489970 1.5752764621087283 57070
1669665567098 1.5747609175902537 57287
1669665643671 1.5756306874625303 57504
1669665720445 1.5759982102190748 57721
1669665796926 1.5739806998643713 57938
1669665873697 1.5758442756500823 58155
1669665950256 1.575568386146968 58372
1669666026933 1.5766701323012362 58589
1669666104019 1.574528143382742 58806
1669666180223 1.5743381057412364 59023
1669666256741 1.5737678707069256 59240
1669666333391 1.5756094808737144 59457
1669666410342 1.5748427486858294 59674
1669666486779 1.5757874574428439 59891
1669666563746 1.5753567353326827 60108
1669666640339 1.5744729040988765 60325
1669666717174 1.5747374511719374 60542
1669666793953 1.5753795691036145 60759
1669666870692 1.5750660124824285 60976
1669666947930 1.5760399572495638 61193
1669667024071 1.5757151911750826 61410
1669667101150 1.5745595790796918 61627
1669667177709 1.5757234018455468 61844
1669667254584 1.5747442953690383 62061
1669667331092 1.5734819755265932 62278
1669667408185 1.5747035189802825 62495
1669667484963 1.5744090449672936 62712
1669667561477 1.5749724984161215 62929
1669667638245 1.5748703419260361 63146
1669667714535 1.5738329852435866 63363
1669667791409 1.5736131823468453 63580
1669667867845 1.574599724087518 63797
1669667944564 1.5740123184711095 64014
1669668021007 1.575466528291599 64231
1669668098050 1.57369392969521 64448
1669668174614 1.575340978006085 64665
1669668251326 1.5742505133081361 64882
1669668328389 1.5745873610081167 65099
