1668580882845 0.37956511974334717 216
1668580952735 0.3833828568458557 433
1668581022592 0.3346201181411743 650
1668581092586 0.29013893008232117 867
1668581162474 0.2580924928188324 1084
1668581232690 0.27116984128952026 1301
1668581302687 0.27095651626586914 1518
1668581373018 0.2785356342792511 1735
1668581443055 0.2689926028251648 1952
1668581513106 0.27865394949913025 2169
1668581583094 0.2770630121231079 2386
1668581653243 0.28500136733055115 2603
1668581723222 0.28980180621147156 2820
1668581793368 0.2855931520462036 3037
1668581863594 0.2910803258419037 3254
1668581933696 0.2733333110809326 3471
1668582003842 0.2892155051231384 3688
1668582074095 0.2790200710296631 3905
1668582143951 0.2855546176433563 4122
1668582213854 0.2950096130371094 4339
1668582284091 0.2899807393550873 4556
1668582353943 0.28517478704452515 4773
1668582424077 0.2935837507247925 4990
1668582493987 0.29172858595848083 5207
1668582564200 0.29151663184165955 5424
1668582634118 0.28575554490089417 5641
1668582704332 0.2880154252052307 5858
