1668580827140 2.0608089775281497 49
1668580840630 2.344196577315332 99
1668580854109 1.884662797467989 149
1668580867589 2.0249471617712738 199
1668580892330 2.2953992756243595 249
1668580905786 1.7001829034080878 299
1668580919265 1.5771540675126237 349
1668580932750 1.8967064750843037 399
1668580957605 1.8133711231099845 449
1668580971091 1.5802045488889631 499
1668580984568 1.4909998383222032 549
1668580998049 1.9966203199961132 599
1668581011560 1.4052557568039714 649
1668581036345 2.0537589364780064 699
1668581049827 2.0315741549248307 749
1668581063308 1.6211704113707066 799
1668581076781 1.621911117101561 849
1668581101793 1.8963673277871465 899
1668581115274 1.4935760900855097 949
1668581128769 1.8070484043861796 999
1668581142254 1.716127207038664 1049
1668581167097 1.8340619563797897 1099
1668581180598 1.7234794804214901 1149
1668581194108 1.6443444054873917 1199
1668581207615 1.4021452449645522 1249
1668581221112 1.944100288063603 1299
1668581246184 1.8377182789619093 1349
1668581259687 1.976556481051495 1399
1668581273176 1.8048453871234746 1449
1668581286677 1.8175027398732184 1499
1668581311621 1.9700750680875814 1549
1668581325141 1.799324260769581 1599
1668581338665 1.8917787055032378 1649
1668581352197 1.673296051150512 1699
1668581377383 1.8063407193941874 1749
1668581390873 1.8124223879002677 1799
1668581404373 1.5038757511900527 1849
1668581417862 1.3362917049821292 1899
1668581431369 1.613095420761406 1949
1668581456245 1.5034659470081555 1999
1668581469763 1.7081624006704192 2049
1668581483259 1.8628391098740957 2099
1668581496778 1.7749760841270574 2149
1668581521750 1.8105783579155594 2199
1668581535257 1.818134416699187 2249
1668581548746 1.8015748285415514 2299
1668581562236 1.2554827909577413 2349
1668581587195 1.8408039945433292 2399
1668581600678 1.7792891460568097 2449
1668581614170 1.9656944724348027 2499
1668581627687 2.015485885406688 2549
1668581641182 1.1028313303334705 2599
1668581666200 1.6230481525972018 2649
1668581679696 1.6124713808011069 2699
1668581693183 1.8161394522664234 2749
1668581706674 1.5542135763241796 2799
1668581731604 1.6853074776045933 2849
1668581745104 1.7806325804849334 2899
1668581758595 1.6722013087185528 2949
1668581772102 1.7739022067333876 2999
1668581797188 1.985638547380907 3049
1668581810677 1.3164412508759458 3099
1668581824165 1.5827014005518119 3149
1668581837662 1.6303477895747447 3199
1668581851157 1.5545881277820506 3249
1668581876239 1.7692757338750151 3299
1668581889741 1.7768017432916472 3349
1668581903241 1.779873117773069 3399
1668581916731 1.6948218283495375 3449
1668581941762 1.8125196916335538 3499
1668581955266 1.8171770067552793 3549
1668581968755 1.777355079384915 3599
1668581982241 2.00255597302157 3649
1668582007386 1.7440551902273946 3699
1668582020893 1.348225034879942 3749
1668582034398 1.5694277917456914 3799
1668582047902 1.7060964843143451 3849
1668582061400 1.9936747535665897 3899
1668582086492 1.7319965789683875 3949
1668582099987 1.9406703826409515 3999
1668582113488 1.6518797157117018 4049
1668582126985 1.7421901472602994 4099
1668582151819 1.9531593783521088 4149
1668582165320 1.3590764905558896 4199
1668582178831 1.7574728435954785 4249
1668582192341 1.531082049143054 4299
1668582217211 1.565966310189069 4349
1668582230686 1.4776037789931407 4399
1668582244190 1.9544128697276102 4449
1668582257685 1.9980768172076024 4499
1668582271198 1.8312275329028513 4549
1668582296189 1.9620368116714915 4599
1668582309690 1.9380523539154608 4649
1668582323189 1.8365100618712698 4699
1668582336702 1.6195073367339812 4749
1668582361523 1.619148615061151 4799
1668582375011 1.406591532232449 4849
1668582388509 1.8558705627621472 4899
1668582401988 1.7226524949555024 4949
1668582427056 1.6745307779999121 4999
1668582440546 1.848078461569065 5049
1668582454054 1.8456852515863222 5099
1668582467544 1.5334575225187426 5149
1668582481053 1.6384317518022984 5199
1668582506065 1.5732039882936546 5249
1668582519569 1.966052832209284 5299
1668582533083 1.7955848416425857 5349
1668582546601 1.6711526501672525 5399
1668582571532 1.6567220623582082 5449
1668582585023 1.5308886744993506 5499
1668582598520 1.719829732074785 5549
1668582612019 1.7809338545539977 5599
1668582636845 1.5785367413285654 5649
1668582650349 1.9216289117547765 5699
1668582663859 2.042258200304484 5749
1668582677352 1.6008940923689754 5799
1668582690857 1.9237667824743738 5849
1668582715940 1.4654377708433932 5899
1668582729465 1.7929601087100955 5949
1668582742961 1.3675800779347287 5999
1668582756471 1.916889750661713 6049
1668582781672 1.7235314064108027 6099
1668582795197 1.45424708115047 6149
1668582808737 1.4349462292843944 6199
1668582822246 1.6571376193954293 6249
1668582846843 1.6295217107697746 6299
1668582860325 1.7633173184938378 6349
1668582873828 1.8059147706790863 6399
1668582887363 1.7879770249596805 6449
1668582900858 1.7162154897307644 6499
1668582925734 1.7332212509516707 6549
1668582939235 1.4721406727713489 6599
1668582952735 1.4725637965347034 6649
1668582966242 1.6701919395899696 6699
1668582991076 1.4437243015797838 6749
1668583004592 1.1421026162755141 6799
1668583018102 1.8179829081329983 6849
1668583031620 1.5489994149018467 6899
1668583056528 1.8283338860158427 6949
1668583070017 1.9174729991935182 6999
1668583083528 1.6419444307632258 7049
1668583097075 1.9589835824715998 7099
1668583110624 1.655444107163515 7149
1668583135753 1.5539320550396105 7199
1668583149256 1.5580771158228903 7249
1668583162769 1.5851768706927154 7299
1668583176275 1.5699980130977986 7349
1668583201475 1.64910407001925 7399
1668583215001 1.3269337000897248 7449
1668583228535 1.9330117916139593 7499
1668583242029 1.5688346599522496 7549
1668583267032 1.8275715934528356 7599
1668583280541 1.9140372707542581 7649
1668583294051 1.8385875447743616 7699
1668583307562 1.9735001922063864 7749
1668583321074 1.6168024096952152 7799
1668583345469 1.413497892871419 7849
1668583358970 1.733346868409559 7899
1668583372477 1.955021349064206 7949
1668583385980 1.9600467366564538 7999
1668583410960 1.7857616641398 8049
1668583424500 1.837836935980468 8099
1668583438045 1.689721319088463 8149
1668583451573 1.426635851074772 8199
1668583476427 1.8354384611083892 8249
1668583489926 1.689733691237131 8299
1668583503442 1.6305220914412144 8349
1668583516972 1.7528869104133378 8399
1668583530503 1.9315295327505506 8449
1668583555343 1.459485313352427 8499
1668583568860 1.8090821117362823 8549
1668583582380 1.6469595366514471 8599
1668583595913 1.8707600265867983 8649
1668583620805 1.5490392461866724 8699
1668583634323 1.6474307618053132 8749
1668583647841 1.8859425746400054 8799
1668583661353 1.8343209096914312 8849
1668583686328 1.948180711354952 8899
1668583699851 1.665830157946007 8949
1668583713409 1.8342164321355328 8999
1668583726947 1.862702967052685 9049
1668583740491 1.3245613059254666 9099
1668583765352 1.7897169743513883 9149
1668583778862 1.9157932524050887 9199
1668583792367 1.6248053624689809 9249
1668583805894 1.817367451118227 9299
1668583830946 1.9617830206247484 9349
1668583844456 1.4181989521161995 9399
1668583857970 1.3900402605119484 9449
1668583871494 1.8122861281430167 9499
1668583896484 1.955835557313999 9549
1668583909998 1.3412583648850736 9599
1668583923532 1.342689358578768 9649
1668583937057 1.5733491218236733 9699
1668583950582 1.7772556939032151 9749
1668583975762 1.9622579322329363 9799
1668583989274 1.804941845288558 9849
1668584002778 1.7617041797199615 9899
1668584016282 1.821317538574882 9949
1668584041602 1.6711639763331552 9999
1668584055125 1.6875950081553617 10049
1668584068643 2.0049072978277325 10099
1668584082159 1.4503757586370174 10149
1668584107156 1.4671659985693966 10199
1668584120645 1.7892268486822687 10249
1668584134157 1.604630291326132 10299
1668584147661 1.9380755367679603 10349
1668584161178 1.489983033620757 10399
1668584185849 1.69020206563229 10449
1668584199347 1.8221264227266198 10499
1668584212851 1.9290197485282778 10549
1668584226358 1.5439414557775983 10599
1668584251338 1.6908815824921022 10649
1668584264847 1.9783627162942667 10699
1668584278357 1.6009663897410547 10749
1668584291863 1.8403544824457192 10799
1668584305197 1.2272156498819298 10849
1668584330346 1.956502533411438 10899
1668584343859 1.6385811559656513 10949
1668584357378 1.7915070981992063 10999
1668584370881 1.8371883607228323 11049
1668584395803 1.6564787603500628 11099
1668584409309 1.657101457141519 11149
1668584422841 1.4637548060223984 11199
1668584436367 1.6353216906052332 11249
1668584461436 1.8510159816495184 11299
1668584474932 1.7840404701765142 11349
1668584488442 1.6703094756052823 11399
1668584501964 1.800996731044496 11449
1668584515467 1.7002338380987887 11499
1668584540476 1.8457721854837956 11549
1668584553973 1.8348504283622373 11599
1668584567475 1.6720744409327342 11649
1668584580982 1.5129912995694434 11699
1668584606160 1.7780062784241353 11749
1668584619655 1.6046935965236584 11799
1668584633163 1.853193717619456 11849
1668584646671 1.664919803222519 11899
1668584671670 1.5919262493117214 11949
1668584685196 1.5632917508836681 11999
1668584698721 1.6336427092225767 12049
1668584712268 1.4943085186533958 12099
1668584725810 1.40793871310703 12149
1668584750946 1.7448436793097484 12199
1668584764464 1.555496709253474 12249
1668584777958 1.9379100719502926 12299
1668584791472 1.8160428768543655 12349
1668584816329 1.7465017711302049 12399
1668584829846 1.8202440951700447 12449
1668584843364 1.9369465198198763 12499
1668584856896 1.7680137627263943 12549
1668584881888 1.327433331929735 12599
1668584895405 1.5654609242734505 12649
1668584908922 1.454969616580457 12699
1668584922435 1.311480345134958 12749
1668584935944 1.8112136603561597 12799
1668584960965 1.72739989559061 12849
1668584974511 1.8517137267161736 12899
1668584988046 1.8087647307995351 12949
1668585001568 1.8130562740788965 12999
1668585026556 1.4901800304988835 13049
1668585040073 1.7736406128698663 13099
1668585053593 1.4461380122203789 13149
1668585067141 1.8513851760497397 13199
1668585092340 1.6050636125155369 13249
1668585105843 2.0023536575029155 13299
1668585119357 1.6331444509186086 13349
1668585132890 1.6827406494255372 13399
1668585146421 1.819465083308676 13449
1668585171095 1.5601030160952032 13499
1668585184641 1.7057776370067377 13549
1668585198153 1.8155772026677268 13599
1668585211667 1.4104143215529659 13649
1668585236679 1.7788530198798898 13699
1668585250204 1.6200257252554122 13749
1668585263724 1.7867166386991604 13799
1668585277246 1.5233796576251244 13849
1668585302102 1.6128915464944138 13899
1668585315623 1.8290564866874286 13949
1668585329148 1.6056784947476184 13999
1668585342683 1.7431707679160942 14049
1668585356215 1.4692300708633446 14099
1668585381323 1.7768781712981199 14149
1668585394844 1.6453664829795451 14199
1668585408373 1.847642796170867 14249
1668585421893 1.7655567174283973 14299
1668585446965 1.7664187162432938 14349
1668585460470 1.7831679379654646 14399
1668585473975 1.7178531594438462 14449
1668585487482 1.9774255357934716 14499
1668585512535 1.6960196698499517 14549
1668585526036 1.6603531960703939 14599
1668585539538 1.9095554287340408 14649
1668585553043 1.5483732953689935 14699
1668585566564 1.4890086898218184 14749
1668585591609 1.495915512648375 14799
1668585605110 1.754601210425681 14849
1668585618622 1.8116324433461108 14899
1668585632125 1.6193160980912595 14949
1668585657010 1.9492039028285877 14999
1668585670530 1.7617562741622181 15049
1668585684043 1.5624310070555407 15099
1668585697558 1.509512345203491 15149
1668585722512 1.6900421588311918 15199
1668585736020 1.6454571865188456 15249
1668585749533 1.7894650510043695 15299
1668585763048 1.7546004155028623 15349
1668585776598 1.8802018174983552 15399
1668585801589 1.9687247962054377 15449
1668585815112 1.6637467798761119 15499
1668585828625 1.718205370629116 15549
1668585842149 1.4931957895319683 15599
1668585867218 1.7243060375601038 15649
1668585880731 1.5933474892158546 15699
1668585894240 1.5612735454708644 15749
1668585907742 1.7184384786467826 15799
1668585932720 1.529633415166802 15849
1668585946234 1.3715489478208367 15899
1668585959767 1.7531260044867725 15949
1668585973300 1.7897472989700374 15999
1668585986832 1.4889180929930068 16049
1668586011755 1.808672758729978 16099
1668586025299 1.8459956368495591 16149
1668586038812 1.3347709725326813 16199
1668586052331 1.569916821816591 16249
1668586077335 1.6426647208528729 16299
1668586090861 1.9409270343332667 16349
1668586104386 1.9686167007744442 16399
1668586117904 1.6693009691566623 16449
1668586142931 1.5278415449695992 16499
1668586156442 1.7274576497218437 16549
1668586169953 1.8507758704283739 16599
1668586183460 1.8168317552527729 16649
1668586196967 1.7740473467422604 16699
1668586221960 1.2525750918745622 16749
1668586235489 1.9325657758352288 16799
1668586249014 1.4225636619566178 16849
1668586262543 1.3816242978355997 16899
1668586287466 1.5155884650900693 16949
1668586300971 1.7949468104943804 16999
1668586314482 1.8309352545987596 17049
1668586327995 1.8931233324267631 17099
1668586353038 1.44914189498783 17149
1668586366552 1.540625772020503 17199
1668586380058 1.8086114593633826 17249
1668586393581 1.889858100005243 17299
1668586407097 1.4812697523989797 17349
1668586432052 1.8813677647560265 17399
1668586445567 1.809217783092799 17449
1668586459082 1.7243216748537447 17499
1668586472592 1.7621358023954459 17549
1668586497539 1.792797833642398 17599
1668586511062 1.7973713990726525 17649
1668586524574 1.7601110172224912 17699
1668586538088 1.8168647977220875 17749
1668586563266 1.5790830862087408 17799
1668586576763 1.7475361665346356 17849
1668586590283 1.3485692876343092 17899
1668586603803 1.8817581530038363 17949
1668586617322 1.4945596996500663 17999
1668586642392 1.5366299905613918 18049
1668586655907 1.7477451547673164 18099
1668586669422 1.5438772600370794 18149
1668586682935 1.7449821451952812 18199
1668586707963 1.7813898866715971 18249
1668586721476 1.9440328133121572 18299
1668586735018 1.6775134773675704 18349
1668586748545 1.636665000389886 18399
1668586773632 1.8596396070966903 18449
1668586787126 1.933213278853248 18499
1668586800639 1.8051644777447873 18549
1668586814158 1.5660974349222982 18599
1668586827689 1.2431875968893102 18649
1668586852579 1.5848172603388404 18699
1668586866084 2.0128712748072197 18749
1668586879602 1.9685709293799178 18799
1668586893119 1.5356822080323496 18849
1668586918054 1.6320332483157456 18899
1668586931592 1.4925057891672313 18949
1668586945115 1.3856451572032515 18999
1668586958649 1.7025850471861497 19049
1668586983820 1.8324096688802336 19099
1668586997323 1.6349375087174827 19149
1668587010859 1.7218625075278617 19199
1668587024374 1.6130879464340537 19249
1668587037901 1.8390997195859988 19299
1668587063103 1.7539709973218598 19349
1668587076639 1.3898640380756524 19399
1668587090157 1.769428805604627 19449
1668587103680 1.891775566263563 19499
1668587128704 1.6496551724539361 19549
1668587142207 1.7800552961750065 19599
1668587155710 1.6648224624245553 19649
1668587169213 1.641797492463691 19699
1668587194144 1.5629652774974416 19749
1668587207649 1.6296897042329768 19799
1668587221161 1.4850741163961143 19849
1668587234692 1.5651398356744854 19899
1668587248246 1.6622501140606563 19949
1668587273476 1.9725974513845352 19999
1668587287002 1.9671088558984906 20049
1668587300514 1.824014181466977 20099
1668587314020 1.6290923006843463 20149
1668587338965 1.7920047017556449 20199
1668587352467 1.793075408138086 20249
1668587365974 1.302026109653661 20299
1668587379489 1.9761831741801075 20349
1668587404641 1.358871167860325 20399
1668587418135 1.763927137664078 20449
1668587431651 1.8122247323497924 20499
1668587445163 1.7927814982454793 20549
1668587458700 1.8275445277374853 20599
1668587483852 1.642126226640964 20649
1668587497373 1.5805783117109204 20699
1668587510882 1.8296650931612488 20749
1668587524401 1.6266306519656408 20799
1668587549422 1.6542434473190735 20849
1668587562946 1.7361728716019276 20899
1668587576470 1.5415747436758964 20949
1668587590013 1.9339589280494192 20999
1668587615254 1.7122445748766404 21049
1668587628744 1.933993469171673 21099
1668587642240 1.9328634660137058 21149
1668587655748 1.6397368815057891 21199
1668587669255 1.568654636984542 21249
1668587694179 1.7151189912389437 21299
1668587707686 1.6066614457880422 21349
1668587721222 1.7978320270263675 21399
1668587734765 1.595611635752649 21449
1668587759802 1.861110402288342 21499
1668587773333 1.5893069951976155 21549
1668587786844 1.5302166363353273 21599
1668587800363 1.7512251796510356 21649
1668587813704 1.9346154979615164 21699
1668587839038 1.76722575207379 21749
1668587852548 1.942494679983638 21799
1668587866072 1.8001560181705256 21849
1668587879583 1.8276776015138763 21899
1668587904720 1.650877447253078 21949
1668587918224 1.8350245800506886 21999
1668587931748 1.6597442335087813 22049
1668587945262 1.5682937419034049 22099
1668587970146 1.7183582745627746 22149
1668587983679 1.5084295404665513 22199
1668587997194 1.9161161362423444 22249
1668588010702 1.654785696605586 22299
1668588024218 1.6640211420433677 22349
1668588049315 1.8305374319684669 22399
1668588062838 1.5078827947802567 22449
1668588076351 1.82782649536062 22499
1668588089858 1.6798657922693259 22549
1668588114873 1.954760390397169 22599
1668588128401 1.6175072130060986 22649
1668588141922 1.6408740776363429 22699
1668588155438 1.6112126691268291 22749
1668588180514 1.4387177998436265 22799
1668588194022 1.6429176314385723 22849
1668588207536 1.533984184584837 22899
1668588221039 1.7543321274584192 22949
1668588234548 1.5932482566588075 22999
1668588259467 1.5451385276955276 23049
1668588273017 1.5473561625200618 23099
1668588286542 1.7725887996273175 23149
1668588300073 1.5819537372387582 23199
1668588324970 1.7819996816825951 23249
1668588338481 1.4903901569124447 23299
1668588351986 1.6637007359980223 23349
1668588365512 1.5611509575258795 23399
1668588390671 1.6300987871109278 23449
1668588404179 1.4915602733307356 23499
1668588417698 1.4424513936321164 23549
1668588431217 1.527233719414148 23599
1668588444733 1.766519342730736 23649
1668588469748 1.8067925008154062 23699
1668588483279 1.8788840615578102 23749
1668588496784 1.7593729376448513 23799
1668588510304 1.9345038600200954 23849
1668588535235 1.3933071120207021 23899
1668588548757 1.7594302277873137 23949
1668588562266 1.7951179421377366 23999
1668588575788 1.6563471327394805 24049
1668588600760 1.9354572118378224 24099
1668588614275 1.5430822965442643 24149
1668588627790 1.755370957619653 24199
1668588641314 1.6851198158215404 24249
1668588654826 1.7108270715418574 24299
1668588680029 1.646853642225097 24349
1668588693569 1.7730118274364575 24399
1668588707102 1.2947238819337323 24449
1668588720638 1.699372122556671 24499
1668588745728 1.3911662699049279 24549
1668588759249 1.9452135894352105 24599
1668588772772 1.558535909653476 24649
1668588786297 1.8595547686466463 24699
1668588811181 1.7384609102317348 24749
1668588824877 1.5079449122332496 24799
1668588838401 1.9538124836497548 24849
1668588851919 1.657348917740064 24899
1668588865507 1.7952363399482991 24949
1668588890441 1.6253889561391066 24999
1668588903978 1.7835578081194123 25049
1668588917491 1.6886908381511123 25099
1668588930993 1.728392830488222 25149
1668588955933 1.387512377541782 25199
1668588969450 1.845385362318917 25249
1668588982962 1.8424294733888886 25299
1668588996467 1.7509530818718995 25349
1668589021482 1.5828015250889833 25399
1668589035019 1.9332109196754477 25449
1668589048556 1.3781213479434862 25499
1668589062092 1.949275740676177 25549
1668589075617 1.6358483811776463 25599
1668589100893 1.2277660041053562 25649
1668589114401 1.6794354028302272 25699
1668589127920 1.673437977539814 25749
1668589141441 1.6292963778434977 25799
1668589166362 1.7869126544466156 25849
1668589179889 1.6486722392997208 25899
1668589193424 1.4885527199828874 25949
1668589206955 1.8026619779229665 25999
1668589232061 1.722923418078208 26049
1668589245568 1.6465784537631398 26099
1668589259085 1.7886387255725924 26149
1668589272603 1.219035334049646 26199
1668589286117 1.9487897688628377 26249
1668589311050 1.527170425752335 26299
1668589324575 1.7627084381584472 26349
1668589338095 1.7875960168720375 26399
1668589351621 1.7402437286049692 26449
1668589376738 1.592221757993003 26499
1668589390252 1.9930501160550003 26549
1668589403784 1.8047346860931717 26599
1668589417314 1.468914757744615 26649
1668589442087 1.6467336550135427 26699
1668589455635 1.7710483464910012 26749
1668589469153 1.9248394669276143 26799
1668589482661 1.8355364097910734 26849
1668589496173 1.9372370053505876 26899
1668589521220 1.7210852648342543 26949
1668589534772 1.2545856371587125 26999
1668589548310 1.5153688785516084 27049
1668589561845 1.7385537773978461 27099
1668589586978 1.5946543941776223 27149
1668589600525 1.5380172091275313 27199
1668589614045 1.514158525071418 27249
1668589627568 1.6514327750688902 27299
1668589652642 1.747849506554625 27349
1668589666132 1.6293811160542777 27399
1668589679648 1.7627739757452572 27449
1668589693153 1.6250088718077547 27499
1668589706666 1.824734155946442 27549
1668589731677 1.2344924118393614 27599
1668589745212 1.6138297848194934 27649
1668589758732 1.6809272116601344 27699
1668589772265 1.5252720379032965 27749
1668589797351 1.7934794550533195 27799
1668589810874 1.552999226688016 27849
1668589824378 1.9682775282396439 27899
1668589837880 1.5292547389494435 27949
1668589862994 1.7607292137805657 27999
1668589876502 1.9266020759221856 28049
1668589890045 1.8116366719977819 28099
1668589903577 1.7321888537145282 28149
1668589917102 1.414009395573805 28199
1668589942477 1.8328654114574348 28249
1668589955990 1.7016451150470258 28299
1668589969509 1.7412769595284159 28349
1668589983038 1.758061738870042 28399
1668590008181 1.7751590461162383 28449
1668590021694 1.9591645472787764 28499
1668590035206 1.4953396159784742 28549
1668590048718 1.6657282343378945 28599
1668590073672 1.6432042939289642 28649
1668590087167 1.2311452487454249 28699
1668590100674 1.6288653409808698 28749
1668590114198 1.4629130926045524 28799
1668590127711 1.5293998417600885 28849
1668590152889 1.5720197791731856 28899
1668590166404 1.4667058302999707 28949
1668590179906 1.656055809182115 28999
1668590193399 1.728250184874458 29049
1668590218413 1.9813728333434752 29099
1668590231925 1.9184351980543906 29149
1668590245432 1.9365964871771393 29199
1668590258945 1.22719912106904 29249
1668590283923 1.9389649686735018 29299
1668590297428 1.696067504866027 29349
1668590310932 1.6335669721372994 29399
1668590324447 1.949936969083266 29449
1668590337957 1.9607743333545593 29499
1668590362988 1.922619875489393 29549
1668590376510 1.7042622676157615 29599
1668590390042 1.7700824918037217 29649
1668590403551 1.5623616731155048 29699
1668590428396 1.8010952994253517 29749
1668590441907 1.5241193937799271 29799
1668590455425 1.6894353086378446 29849
1668590468940 1.9584029661999516 29899
1668590493931 1.7493996240154854 29949
1668590507445 1.7649465551223968 29999
1668590520956 1.7395441127526285 30049
1668590534481 1.699964729671096 30099
1668590547993 1.7246737982245635 30149
1668590572901 1.6790317311004723 30199
1668590586429 1.8377096318358688 30249
1668590599960 1.6231693399516707 30299
1668590613480 1.5933054810798477 30349
1668590638422 1.655125404161621 30399
1668590651934 1.558019122676936 30449
1668590665442 1.4394196148004959 30499
1668590678928 1.370777667120544 30549
1668590704043 1.4923068400521151 30599
1668590717555 1.81330895310556 30649
1668590731071 1.4925610529219424 30699
1668590744587 1.9605595306735377 30749
1668590758107 1.5582225948956334 30799
1668590783220 1.8626365170935315 30849
1668590796747 1.79590595718301 30899
1668590810288 1.9669667268587514 30949
1668590823817 1.8056900953580284 30999
1668590849012 1.719726128817487 31049
1668590862515 1.7823906019087508 31099
1668590876024 1.6372760338608496 31149
1668590889550 1.557220927977135 31199
1668590914536 1.7865070509999255 31249
1668590928041 1.9099397658873285 31299
1668590941571 1.5710101436433943 31349
1668590955079 1.740218322390813 31399
1668590968597 1.525651113776894 31449
1668590993637 1.9315686812142632 31499
1668591007163 1.6295768422736585 31549
1668591020675 1.6440733194694799 31599
1668591034206 1.733877013678431 31649
1668591059267 1.946983353095051 31699
1668591072773 1.922221599639351 31749
1668591086272 1.2735663333830554 31799
1668591099793 1.5729309885707123 31849
1668591125084 1.810174785474913 31899
1668591138589 1.493625864526096 31949
1668591152131 1.6994187280361404 31999
1668591165684 1.698029388334355 32049
1668591179197 1.4985356318713314 32099
1668591203959 1.7910809465002073 32149
1668591217471 1.7644538670224224 32199
1668591230981 1.9418556881925257 32249
1668591244505 1.4924511878241538 32299
1668591269604 1.503082277421978 32349
1668591283130 1.7918887139577167 32399
1668591296649 1.473697312209454 32449
1668591310175 1.5947098373927704 32499
1668591323502 1.4851271011897624 32549
1668591348946 1.6728964661416152 32599
1668591362479 1.9532229564411452 32649
1668591376000 1.7409860089568876 32699
1668591389531 1.8209874680566023 32749
1668591414668 1.6058724053734803 32799
1668591428204 1.301730743890133 32849
1668591441734 1.6977205944346503 32899
1668591455243 1.6259367633710315 32949
1668591480122 1.7004915093963402 32999
1668591493698 1.622495088875017 33049
1668591507206 1.6614705748119711 33099
1668591520730 1.386050479157979 33149
1668591534261 1.9839840273806695 33199
1668591559260 1.8152333184630862 33249
1668591572788 1.7671163192241912 33299
1668591586321 1.8092960413358496 33349
1668591599850 1.7851822411657499 33399
1668591624987 1.8200872666982315 33449
1668591638509 1.9668064955448108 33499
1668591652028 1.4982052042270768 33549
1668591665548 1.490831189093801 33599
1668591690376 1.6511111952996007 33649
1668591703908 1.5016961766732604 33699
1668591717437 1.92633072104515 33749
1668591730963 1.6367807997132142 33799
1668591744494 1.794072058711925 33849
1668591769725 1.9578249686313374 33899
1668591783234 1.738594114055227 33949
1668591796749 1.9195052673455204 33999
1668591810271 1.9672243582554452 34049
1668591835476 1.7870308441591516 34099
1668591849006 1.5628254537247614 34149
1668591862556 1.5673297484757314 34199
1668591876086 1.964288473094661 34249
1668591901330 1.7530949010251105 34299
1668591914851 1.4927981531136028 34349
1668591928382 1.42741626072651 34399
1668591941895 1.4713273744318136 34449
1668591955412 1.5469884184611162 34499
1668591980478 1.6362615358434174 34549
1668591993981 1.943608505992923 34599
1668592007485 1.8361753003437216 34649
1668592020990 1.482308206895452 34699
1668592046041 1.9257712823410604 34749
1668592059548 1.8516230593513 34799
1668592073061 1.7742511103643586 34849
1668592086581 1.7467851389721702 34899
1668592111686 1.835999462110438 34949
1668592125190 1.6971694286049255 34999
1668592138707 1.5007887218028386 35049
1668592152224 1.9424960204597932 35099
1668592165735 1.9293457890856915 35149
1668592190795 1.604678283593548 35199
1668592204352 1.3781466062254912 35249
1668592217888 1.7738633492649667 35299
1668592231427 1.7449522717598378 35349
1668592256609 1.5446698179084288 35399
1668592270130 1.5887702128623225 35449
1668592283650 1.6824111179817849 35499
1668592297157 1.4191464364896262 35549
1668592322205 1.80205139734952 35599
1668592335712 1.5526689438364418 35649
1668592349230 1.725023265329481 35699
1668592362740 1.4664026616043082 35749
1668592376248 1.6203169205716705 35799
1668592401313 1.8430575592662772 35849
1668592414829 1.7761056417906667 35899
1668592428327 1.8941630888917569 35949
1668592441831 1.414557586856219 35999
1668592466930 1.5413115651052682 36049
1668592480464 1.9755370759301603 36099
1668592493989 1.3994864437049188 36149
1668592507527 1.8245907860924724 36199
1668592532717 1.6257647625096028 36249
1668592546235 1.3382928901216975 36299
1668592559780 1.7943551813828345 36349
1668592573298 1.9091527673354332 36399
1668592586800 1.52796919888541 36449
1668592611836 1.974005943716776 36499
1668592625343 1.8604279394474417 36549
1668592638836 1.6019708183177903 36599
1668592652327 1.6596521456098758 36649
1668592677252 1.8171371509510172 36699
1668592690766 1.7448923444088273 36749
1668592704275 1.4547838873787668 36799
1668592717784 1.7727945327563053 36849
1668592742594 1.5431706160499874 36899
1668592756096 1.7406720901424895 36949
1668592769604 1.7953344798998598 36999
1668592783129 1.607157540121845 37049
1668592796645 1.7598951229697155 37099
1668592821972 1.9073913659596409 37149
1668592835483 1.8469518343734697 37199
1668592848992 1.2853464251421016 37249
1668592862489 1.445363654998055 37299
1668592887566 1.6913642602767731 37349
1668592901090 1.763263875544482 37399
1668592914606 1.8169889660264371 37449
1668592928136 1.5796426447479694 37499
1668592953314 1.5743738756096344 37549
1668592966805 1.8081643166588295 37599
1668592980318 1.4727277073716216 37649
1668592993837 1.6703502615275962 37699
1668593007345 1.559915524122133 37749
1668593032619 1.8274299445405284 37799
1668593046133 1.8384246145015997 37849
1668593059646 1.623462701832988 37899
1668593073161 1.9327415881559808 37949
1668593098441 1.9709094275079058 37999
1668593111982 1.7738291617229782 38049
1668593125509 1.6606631034500294 38099
1668593139023 1.7694194975636748 38149
1668593164273 1.947206403049964 38199
1668593177772 1.5418730120862525 38249
1668593191289 1.781065497145407 38299
1668593204795 1.9336210803366654 38349
1668593218313 1.5339438222892428 38399
1668593243420 1.7766706905406986 38449
1668593256937 1.7187622112940049 38499
1668593270460 1.4972691164300538 38549
1668593283984 1.6327348771723995 38599
1668593309098 1.753146208220075 38649
1668593322635 1.3546714176586219 38699
1668593336183 1.6816584686726297 38749
1668593349718 1.6122483492094897 38799
1668593374942 1.6729412336664553 38849
1668593388432 1.7831594965720692 38899
1668593401947 1.8443254423125812 38949
1668593415439 1.8393407358205238 38999
1668593428943 1.7779953380554465 39049
1668593453934 1.3723963517309485 39099
1668593467452 1.8523487016582751 39149
1668593480973 1.62304752248075 39199
1668593494496 1.4942685961585642 39249
1668593519570 1.1760384840048492 39299
1668593533113 1.4993931773883356 39349
1668593546631 1.9425175774684362 39399
1668593560167 1.7504035441049128 39449
1668593585207 1.6429600826516073 39499
1668593598710 1.5859326315723257 39549
1668593612215 1.6619720834961735 39599
1668593625723 1.716415572502656 39649
1668593639236 1.5168097951839004 39699
1668593664731 1.6431312539171739 39749
1668593678270 1.6734091309522978 39799
1668593691798 1.9366033274583236 39849
1668593705341 1.8427542836981732 39899
1668593730383 1.7475777016554621 39949
1668593743891 1.698670582104418 39999
1668593757401 1.7056455132713326 40049
1668593770938 1.9532575941303365 40099
1668593796176 1.4917943967728353 40149
1668593809655 1.93187248360766 40199
1668593823163 1.6373665289118238 40249
1668593836680 1.6230280593631723 40299
1668593850180 1.6632204395607335 40349
1668593875354 1.7677655714984937 40399
1668593888868 1.814582115031937 40449
1668593902373 1.4358261018970648 40499
1668593915881 1.6565518985588206 40549
1668593941049 1.2220684339037218 40599
1668593954575 1.755709337219029 40649
1668593968075 1.5569116155718952 40699
1668593981578 1.4570879976367992 40749
1668594006764 1.6101364523681967 40799
1668594020257 1.8376360002910086 40849
1668594033753 1.7330281385999122 40899
1668594047264 1.9716899879221395 40949
1668594060779 1.7442824885810762 40999
1668594085833 1.4822541076708813 41049
1668594099360 1.6712619598125575 41099
1668594112885 1.7582334780941107 41149
1668594126397 1.6487392198143598 41199
1668594151573 1.6768725440206458 41249
1668594165086 1.957192910443975 41299
1668594178601 1.6033552812062504 41349
1668594192118 1.7423342156977566 41399
1668594217150 1.5731656630544388 41449
1668594230658 1.7736287618935864 41499
1668594244170 1.4318376479224506 41549
1668594257679 1.585346728265927 41599
1668594271184 1.701829476575869 41649
1668594296757 1.759966009759085 41699
1668594310289 1.6178651071074461 41749
1668594323806 1.3521405792094692 41799
1668594337306 1.737896692480372 41849
1668594362444 1.62613030276839 41899
1668594375972 1.7661744663063472 41949
1668594389499 1.6058702104630416 41999
1668594403030 1.8207251606572235 42049
1668594428166 1.7987471247110154 42099
1668594441685 1.5490074539135654 42149
1668594455188 1.307227620407404 42199
1668594468713 1.594379890983916 42249
1668594482234 1.4912761739853373 42299
1668594507386 1.7256368610582675 42349
1668594520920 1.416998000102676 42399
1668594534463 1.8321185425157887 42449
1668594547996 1.5458956293979296 42499
1668594573177 1.6383199187939874 42549
1668594586688 1.9396475629785166 42599
1668594600206 1.8203548810300725 42649
1668594613723 1.9549324126845207 42699
1668594638804 1.842693107851912 42749
1668594652307 1.7515652960410821 42799
1668594665838 1.8146672788389133 42849
1668594679359 1.6520231969553707 42899
1668594692878 1.6760426605239864 42949
1668594717952 1.8086229974580448 42999
1668594731465 1.7539308250185819 43049
1668594744966 1.3253532774839947 43099
1668594758474 1.5366223073273688 43149
1668594783744 1.9676218418052576 43199
1668594797244 1.5030098504789162 43249
1668594810754 1.6511112516327482 43299
1668594824261 1.7576067324622322 43349
1668594837600 1.9027295566411895 43399
1668594863194 1.635232876835963 43449
1668594876716 1.2727917014835466 43499
1668594890227 1.828998011075158 43549
1668594903745 1.3500868102618337 43599
1668594928775 1.8113003620175618 43649
1668594942286 1.6796907101361658 43699
1668594955786 1.676047162466022 43749
1668594969295 1.6186082667058033 43799
1668594994434 1.785049135740887 43849
1668595007940 1.6253198743527242 43899
1668595021439 1.9551379812959553 43949
1668595034945 1.7716795451533258 43999
1668595048443 1.693307647431656 44049
1668595073609 1.7683186024863655 44099
1668595087133 1.6696250231186673 44149
1668595100639 1.5065312547243535 44199
1668595114157 1.645368619868804 44249
1668595139218 1.929988799318043 44299
1668595152738 1.755948189773442 44349
1668595166253 1.5368910153328903 44399
1668595179762 1.6277626655615045 44449
1668595204935 1.3090628480430497 44499
1668595218448 1.7584409590301928 44549
1668595231961 1.7914818129551837 44599
1668595245487 2.0031943306664868 44649
1668595259012 1.358195734316741 44699
1668595284027 1.8553891373522338 44749
1668595297533 1.7004074905413535 44799
1668595311043 1.7738693037890014 44849
1668595324556 1.7820192311909833 44899
1668595349589 1.3811832312823054 44949
1668595363104 1.4829112590666627 44999
1668595376616 1.4579669945538425 45049
1668595390132 1.7477038983718867 45099
1668595415295 1.3748625352686283 45149
1668595428806 1.6775278008372347 45199
1668595442318 1.651539140109782 45249
1668595455837 1.746347970344761 45299
1668595469352 1.732459808396626 45349
1668595494630 1.948587914375457 45399
1668595508139 1.655477076558575 45449
1668595521645 1.74301990919243 45499
1668595535152 1.1877835860073507 45549
1668595560239 1.4432347582608767 45599
1668595573758 1.4758929723331793 45649
1668595587278 1.818109909921294 45699
1668595600794 1.8173090930343196 45749
1668595625746 1.720870138063037 45799
1668595639274 1.6644896503356268 45849
1668595652792 1.485028891603449 45899
1668595666328 1.8235552657225467 45949
1668595679837 1.2510705724957925 45999
1668595704861 1.6847152146767788 46049
1668595718384 1.929129991049642 46099
1668595731911 1.9351304109262757 46149
1668595745417 1.6567146039026195 46199
1668595770668 1.8393954224299043 46249
1668595784180 1.8085588773795784 46299
1668595797697 1.8061929923914954 46349
1668595811214 1.9560265746307026 46399
1668595836456 1.4109384720734837 46449
1668595849963 1.603926284722031 46499
1668595863483 1.5522973394616622 46549
1668595876996 1.9483361169394762 46599
1668595890518 1.5261391790322463 46649
1668595915657 1.944833708980655 46699
1668595929173 1.9377205279649685 46749
1668595942675 1.8309847477437908 46799
1668595956215 1.8152920494983622 46849
1668595981491 1.7277578245775955 46899
1668595995016 1.6061299391928343 46949
1668596008518 1.7296802490834353 46999
1668596022016 1.4285019599214102 47049
1668596047217 1.6311216841941774 47099
1668596060717 1.9662727684151344 47149
1668596074228 1.628664082569199 47199
1668596087736 1.7733747336256473 47249
1668596101274 1.8427714495885135 47299
1668596126438 1.5614518906472619 47349
1668596139951 1.8608656823482883 47399
1668596153461 1.5679834387721032 47449
1668596166985 1.7538942796192127 47499
1668596192183 1.5882098785718108 47549
1668596205716 1.7891237846511796 47599
1668596219260 1.325550806966247 47649
1668596232793 1.8371328774216427 47699
1668596257984 1.7461630824592194 47749
1668596271492 1.6201772020487986 47799
1668596285022 1.7878627862893892 47849
1668596298532 1.5519982889152686 47899
1668596312065 1.6400147495298092 47949
1668596337196 1.7677972539707048 47999
1668596350723 1.6708668589370763 48049
1668596364248 1.6597250523705986 48099
1668596377768 1.8339488539913624 48149
1668596402891 1.8736544645399933 48199
1668596416424 1.4756418128802649 48249
1668596429955 1.7313867175325623 48299
1668596443493 1.8148619365213012 48349
1668596468650 1.964820250128538 48399
1668596482152 1.6339452792404994 48449
1668596495667 1.7556682360934335 48499
1668596509189 1.649948430119431 48549
1668596522709 1.406314217687512 48599
1668596547827 1.9491844691792892 48649
1668596561330 1.2422612785274865 48699
1668596574844 1.6052386058658654 48749
1668596588361 1.611671132317982 48799
1668596613180 1.5030036311291575 48849
1668596626832 1.330704598288662 48899
1668596640367 1.8136277540553354 48949
1668596653908 1.5337877259110786 48999
1668596679311 1.7515117870666594 49049
1668596692814 1.9921291226666855 49099
1668596706322 1.9482525069673629 49149
1668596719830 1.4452254095713366 49199
1668596733352 1.8467559782612009 49249
1668596758575 1.5199641273103723 49299
1668596772086 1.6924880106603948 49349
1668596785595 1.3916087121230636 49399
1668596799105 1.5160075700327775 49449
1668596824200 1.7836999729670393 49499
1668596837743 1.956489309698668 49549
1668596851271 1.6123519071942152 49599
1668596864780 1.7939536383967052 49649
1668596889907 1.5328051427682479 49699
1668596903413 1.7440171746864093 49749
1668596916944 1.653879983725985 49799
1668596930458 1.5190858968750525 49849
1668596943980 1.2532691232872595 49899
1668596969267 1.5085523811859187 49949
1668596982783 1.64473289347253 49999
1668596996327 1.9550517724655823 50049
1668597009857 1.3870620186956308 50099
1668597035280 1.943544898520249 50149
1668597048799 1.832629842964396 50199
1668597062322 1.76015621105457 50249
1668597075835 1.46212849234115 50299
1668597100793 1.4608969641161451 50349
1668597114282 1.7743183589962597 50399
1668597127797 1.6527406655044934 50449
1668597141309 1.4994368143118162 50499
1668597154834 1.7256240669669947 50549
1668597180091 1.662135491571946 50599
1668597193593 1.6159578708974918 50649
1668597207084 1.8299335365094742 50699
1668597220591 1.623014896084329 50749
1668597245773 1.8056465480237578 50799
1668597259296 1.758607462873985 50849
1668597272827 1.6808752655999506 50899
1668597286335 1.9141260699585587 50949
1668597311539 1.7534947377855277 50999
1668597325036 1.9730681364897302 51049
1668597338572 1.6453744554365255 51099
1668597352118 1.4418539614763979 51149
1668597365653 1.4420426991924455 51199
1668597390796 1.487142883021125 51249
1668597404330 1.329515280545187 51299
1668597417868 1.541133539478094 51349
1668597431420 1.6366830434560296 51399
1668597456613 1.3424008001034862 51449
1668597470121 1.633040229494199 51499
1668597483662 1.6133594488013085 51549
1668597497201 1.8061035377265693 51599
1668597522346 1.9516010817084162 51649
1668597535849 1.6332063622163768 51699
1668597549373 1.851946662332148 51749
1668597562886 1.63143948163997 51799
1668597576378 1.347492557687943 51849
1668597601528 1.7737434752041394 51899
1668597615063 1.4835677926911308 51949
1668597628586 1.9044668726403668 51999
1668597642095 1.830194179118859 52049
1668597667333 1.8568713234832728 52099
1668597680851 1.5741308138042944 52149
1668597694366 1.908141399892771 52199
1668597707878 1.6664499100544174 52249
1668597733232 1.2653102749784315 52299
1668597746739 1.168497653919612 52349
1668597760243 1.7901895437611355 52399
1668597773765 1.8204414733331897 52449
1668597787299 1.6603128267574008 52499
1668597812394 1.9366179423525662 52549
1668597825906 1.664253511288712 52599
1668597839419 1.83032019312281 52649
1668597852936 1.5651500602509507 52699
1668597877815 1.367887095063415 52749
1668597891328 1.823610311317537 52799
1668597904844 1.8058740644922335 52849
1668597918353 1.5497284873791424 52899
1668597943517 1.514269120180464 52949
1668597956998 1.357345019640693 52999
1668597970508 1.8132670375291342 53049
1668597984023 1.2422564562565477 53099
1668597997532 1.6771463555890778 53149
1668598022706 1.8070150751541774 53199
1668598036226 1.6495079701742246 53249
1668598049748 1.4547165994163858 53299
1668598063268 1.739306493297939 53349
1668598088399 1.6747642800268383 53399
1668598101918 1.639504441388545 53449
1668598115423 1.6268248171278685 53499
1668598128924 1.640163637250388 53549
1668598154131 1.6363178156296714 53599
1668598167658 1.9626084091841727 53649
1668598181181 1.9665180386573242 53699
1668598194699 1.494688600964825 53749
1668598208231 1.6981067466443318 53799
1668598233420 1.95762482592409 53849
1668598246943 1.7527072044672352 53899
1668598260457 1.823572648209816 53949
1668598273974 1.757539875342352 53999
1668598299233 1.6844959626031801 54049
1668598312734 1.7814697113857305 54099
1668598326254 1.4313417989011692 54149
1668598339760 1.784963316411099 54199
1668598353102 1.911917505961986 54249
1668598378428 1.2187567863379556 54299
1668598391945 1.753358429991226 54349
1668598405453 1.561643316877451 54399
1668598418962 1.807602704888986 54449
1668598444079 1.5136371247074405 54499
1668598457579 1.3170064231011807 54549
1668598471085 1.6135786181160698 54599
1668598484581 1.719983964122636 54649
1668598510064 1.5234330601660226 54699
1668598523579 1.996606154103739 54749
1668598537089 1.8017551833744228 54799
1668598550617 1.80116867597908 54849
1668598564130 1.9556919649751296 54899
1668598589369 1.772325542609344 54949
1668598602907 1.6241840887276875 54999
1668598616445 1.9461780482501199 55049
1668598629996 1.631536507612897 55099
1668598655088 1.743276060708855 55149
1668598668607 1.8137285677264932 55199
1668598682128 1.773575453613709 55249
1668598695652 1.3896568581828488 55299
1668598720747 1.613296280454323 55349
1668598734276 1.7778783347869704 55399
1668598747807 1.9266084469562093 55449
1668598761324 1.4470444081262122 55499
1668598774831 1.914807060177119 55549
1668598799965 1.5950964940057932 55599
1668598813487 1.4737920087083536 55649
1668598826984 1.9375069854435436 55699
1668598840488 1.9407027975424405 55749
1668598865803 1.9720984175578122 55799
1668598879340 1.7680092942895183 55849
1668598892860 1.4103890257796132 55899
1668598906383 1.2651436924909858 55949
1668598931236 1.6895821609625914 55999
1668598944727 1.6410817848869468 56049
1668598958230 1.8316663938323896 56099
1668598971741 1.984008158162173 56149
1668598985270 1.6088014766540535 56199
1668599010485 1.570732807216533 56249
1668599024009 1.7829791774925505 56299
1668599037542 1.4063638696843892 56349
1668599051079 1.9399150695408802 56399
1668599076275 1.8246310377259687 56449
1668599089793 1.927776790757687 56499
1668599103309 1.706227345420662 56549
1668599116834 1.9398760928134633 56599
1668599141981 1.9403908539466646 56649
1668599155494 1.800453420888056 56699
1668599169004 1.6011469585543265 56749
1668599182522 1.813736579915709 56799
1668599196033 1.9293291670833568 56849
1668599221230 1.6268116149794511 56899
1668599234734 1.6156298392727027 56949
1668599248248 1.9402646445891603 56999
1668599261751 1.4025093196493534 57049
1668599286734 1.6426228516900692 57099
1668599300241 1.6527577589355364 57149
1668599313756 1.6674066426061416 57199
1668599327277 1.4295932430217024 57249
1668599352577 1.5207406157989287 57299
1668599366074 1.3728215067831535 57349
1668599379577 1.6599819640557778 57399
1668599393084 1.9276780422649913 57449
1668599406589 1.5457937854161135 57499
1668599431722 1.8664436179383257 57549
1668599445237 1.6204252625477804 57599
1668599458770 1.9652374419117462 57649
1668599472277 1.7593338310083482 57699
1668599497374 1.6758347676206795 57749
1668599510882 1.6708452306855692 57799
1668599524390 1.937632924478503 57849
1668599537892 1.9374667233233793 57899
1668599563168 1.6912492248043076 57949
1668599576705 1.4874049044202908 57999
1668599590235 1.4399927122812435 58049
1668599603754 1.9570624043377154 58099
1668599617277 1.5035558333688193 58149
1668599642428 1.7965890304522485 58199
1668599655959 1.9285588569049583 58249
1668599669487 1.9240969454653283 58299
1668599683014 1.8732383355171949 58349
1668599708193 1.6554652450835827 58399
1668599721705 1.702863894196605 58449
1668599735213 1.6322412303526277 58499
1668599748722 1.7964666050273146 58549
1668599773745 1.7106366562997524 58599
1668599787272 1.5469042288863375 58649
1668599800812 1.640417368056247 58699
1668599814325 1.6214008602135104 58749
1668599827843 1.6839302089823396 58799
1668599853067 1.7728364340297553 58849
1668599866581 1.4956960578656955 58899
1668599880091 1.684036602978098 58949
1668599893607 1.729543318135533 58999
1668599918747 1.9515484889505335 59049
1668599932260 1.753829403287697 59099
1668599945779 1.6737943522077443 59149
1668599959300 1.6746522842829108 59199
1668599984481 1.759633781074267 59249
1668599997978 1.952926895003042 59299
1668600011494 1.8030500387060266 59349
1668600025003 1.2169608823459974 59399
1668600038513 1.5148561262900453 59449
1668600063407 1.653329839987708 59499
1668600076919 1.9179478746030925 59549
1668600090427 1.5806427645082022 59599
1668600103932 1.9392682690656633 59649
1668600129097 1.458125827373245 59699
1668600142625 1.5795694802682747 59749
1668600156155 1.6097008986232546 59799
1668600169691 1.5970403892756457 59849
1668600194831 1.922555077795045 59899
1668600208332 1.9729421604198012 59949
1668600221849 1.8722400926621452 59999
1668600235377 1.488275240786968 60049
1668600248884 1.5062733410187366 60099
1668600274036 1.5785553482069794 60149
1668600287559 1.394614263856297 60199
1668600301082 1.544459446658301 60249
1668600314608 1.3766781287193282 60299
1668600339968 1.9384817629839977 60349
1668600353488 1.3206408765315385 60399
1668600367027 1.640970395714188 60449
1668600380550 1.9535897223443883 60499
1668600406082 1.8100997295120096 60549
1668600419607 1.5211122958980148 60599
1668600433141 1.6655661744817265 60649
1668600446683 1.6804200366601245 60699
1668600460208 1.787155591930762 60749
1668600485692 1.568661738606421 60799
1668600499203 1.8122288965922382 60849
1668600512719 1.69069392275884 60899
1668600526230 1.4691445822313658 60949
1668600551462 1.802807193787187 60999
1668600564999 1.9455800338007845 61049
1668600578506 1.818568549871407 61099
1668600592020 1.6268081894964275 61149
1668600617271 1.5955640435391008 61199
1668600630765 1.4547082248819492 61249
1668600644291 1.6592903474186784 61299
1668600657807 1.7111272752652293 61349
1668600671322 1.6238554795629785 61399
1668600696674 1.4692632525434224 61449
1668600710191 1.7586586980257901 61499
1668600723723 1.1972870210898856 61549
1668600737249 1.4939530851454288 61599
1668600762288 1.9540137179849433 61649
1668600775804 1.556996255624069 61699
1668600789329 1.339386113649951 61749
1668600802843 1.5437093806800886 61799
1668600828119 1.8200338986485083 61849
1668600841624 1.761757472604861 61899
1668600855140 1.674498596917633 61949
1668600868672 1.7415985774964438 61999
1668600882188 1.6197852232291072 62049
1668600907091 1.7168064517138286 62099
1668600920595 1.636272971753629 62149
1668600934110 1.4401543920721198 62199
1668600947636 1.8301842337891014 62249
1668600972788 1.937383068303125 62299
1668600986284 1.3861683102319393 62349
1668600999785 1.617630238470463 62399
1668601013276 1.53066096187148 62449
1668601038208 1.6434346792234757 62499
1668601051705 1.9249056500115633 62549
1668601065230 1.3967498683325943 62599
1668601078739 1.5738027507236658 62649
1668601092253 1.3881201461721782 62699
1668601117608 1.7485627432749438 62749
1668601131114 1.9597761857309743 62799
1668601144619 1.9196581591616524 62849
1668601158124 1.1443342595336552 62899
1668601183294 1.679940293923438 62949
1668601196833 1.814734255698853 62999
1668601210367 1.4155628489472631 63049
1668601223881 1.6151633658215978 63099
1668601249186 1.561770357896184 63149
1668601262669 1.800569004837888 63199
1668601276179 1.598941546398835 63249
1668601289693 1.6241757058405863 63299
1668601303208 1.6958329179769254 63349
1668601328518 1.609455171005159 63399
1668601342013 1.7468800040438626 63449
1668601355508 1.4617634421496544 63499
1668601369016 1.3313421549150788 63549
1668601394239 1.7647225544552367 63599
1668601407766 1.651217187681001 63649
1668601421285 1.8116001676339426 63699
1668601434820 1.818164016688449 63749
1668601460127 1.7625851866401911 63799
1668601473641 1.6737092480847182 63849
1668601487155 1.7380636926598068 63899
1668601500675 1.7763118258246977 63949
1668601514201 1.9295874049147264 63999
1668601539264 1.622860829170067 64049
1668601552790 1.7037994771111518 64099
1668601566385 1.8290876339140834 64149
1668601579939 1.9513893633549322 64199
1668601605507 1.62610462720567 64249
1668601619029 1.914447325911981 64299
1668601632532 1.9324610036140641 64349
1668601646051 1.7455566798165825 64399
1668601671078 1.4361457157849176 64449
1668601684608 1.7823633112940525 64499
1668601698134 1.3137582878557295 64549
1668601711652 1.8359170209928566 64599
1668601725174 1.3459760776685803 64649
1668601750227 1.7301059979438511 64699
1668601763737 1.8236948327318403 64749
1668601777239 1.7479697297654764 64799
1668601790745 1.9360603136334853 64849
1668601815868 1.7556945378467455 64899
1668601829398 1.666793645853729 64949
1668601842898 1.5606747204403908 64999
1668601856417 1.675056603904837 65049
1668601869757 1.9076041942108855 65099
