1668406913199 0 49
1668406926585 0 99
1668406940062 0 149
1668406953551 0 199
1668406966681 0 216
1668406972701 0 216
1668406984021 1 249
1668406997424 1 299
1668407010931 1 349
1668407024446 1 399
1668407042257 1 433
1668407048664 1 433
1668407055040 2 449
1668407068765 2 499
1668407082523 2 549
1668407096260 2 599
1668407109930 2 649
1668407118487 2 650
1668407124864 2 650
1668407140400 3 699
1668407153910 3 749
1668407167483 3 799
1668407181058 3 849
1668407195615 3 867
1668407201998 3 867
1668407213013 4 899
1668407226457 4 949
1668407240018 4 999
1668407253589 4 1049
1668407271630 4 1084
1668407278037 4 1084
1668407284231 5 1099
1668407297990 5 1149
1668407311713 5 1199
1668407325450 5 1249
1668407339159 5 1299
1668407347970 5 1301
1668407354279 5 1301
1668407369558 6 1349
1668407383079 6 1399
1668407396658 6 1449
1668407410257 6 1499
1668407424063 6 1518
1668407430326 6 1518
1668407441003 7 1549
1668407454443 7 1599
1668407468046 7 1649
1668407481654 7 1699
1668407499566 7 1735
1668407505863 7 1735
1668407511760 8 1749
1668407525550 8 1799
1668407539129 8 1849
1668407552737 8 1899
1668407566329 8 1949
1668407575711 8 1952
1668407582173 8 1952
1668407597174 9 1999
1668407610687 9 2049
1668407624288 9 2099
1668407637883 9 2149
1668407651981 9 2169
1668407658251 9 2169
1668407668633 10 2199
1668407682130 10 2249
1668407695746 10 2299
1668407709380 10 2349
1668407728043 10 2386
1668407734421 10 2386
1668407740004 11 2399
1668407753794 11 2449
1668407767403 11 2499
1668407781045 11 2549
1668407794655 11 2599
1668407804108 11 2603
1668407810516 11 2603
1668407825261 12 2649
1668407838788 12 2699
1668407852385 12 2749
1668407865976 12 2799
1668407879951 12 2820
1668407886355 12 2820
1668407896643 13 2849
1668407910120 13 2899
1668407923748 13 2949
1668407937357 13 2999
1668407956096 13 3037
1668407962377 13 3037
1668407967709 14 3049
1668407981505 14 3099
1668407995073 14 3149
1668408008733 14 3199
1668408022335 14 3249
1668408031886 14 3254
1668408038332 14 3254
1668408052781 15 3299
1668408066446 15 3349
1668408080069 15 3399
1668408093660 15 3449
1668408108246 15 3471
1668408114669 15 3471
1668408124539 16 3499
1668408138030 16 3549
1668408151627 16 3599
1668408165220 16 3649
1668408184494 16 3688
1668408190840 16 3688
1668408195931 17 3699
1668408209721 17 3749
1668408223284 17 3799
1668408236920 17 3849
1668408250503 17 3899
1668408260633 17 3905
1668408266962 17 3905
1668408281210 18 3949
1668408294735 18 3999
1668408308353 18 4049
1668408321966 18 4099
1668408337062 18 4122
1668408343480 18 4122
1668408353044 19 4149
1668408366559 19 4199
1668408380163 19 4249
1668408393765 19 4299
1668408413072 19 4339
1668408419399 19 4339
1668408424190 20 4349
1668408437948 20 4399
1668408451520 20 4449
1668408465124 20 4499
1668408478746 20 4549
1668408489154 20 4556
1668408495592 20 4556
1668408509485 21 4599
1668408523010 21 4649
1668408536620 21 4699
1668408550235 21 4749
1668408565155 21 4773
1668408571569 21 4773
1668408580989 22 4799
1668408594478 22 4849
1668408608077 22 4899
1668408621697 22 4949
1668408641476 22 4990
1668408647819 22 4990
1668408652352 23 4999
1668408666149 23 5049
1668408679734 23 5099
1668408693344 23 5149
1668408706952 23 5199
1668408717657 23 5207
1668408724022 23 5207
1668408737658 24 5249
1668408751156 24 5299
1668408764747 24 5349
1668408778341 24 5399
1668408793362 24 5424
1668408799676 24 5424
1668408808739 25 5449
1668408822249 25 5499
1668408835851 25 5549
1668408849462 25 5599
1668408869447 25 5641
1668408875883 25 5641
1668408880120 26 5649
1668408893921 26 5699
1668408907499 26 5749
1668408921161 26 5799
1668408934746 26 5849
1668408945885 26 5858
1668408952211 26 5858
1668408965632 27 5899
1668408979139 27 5949
1668408992741 27 5999
1668409006353 27 6049
1668409021860 27 6075
1668409028317 27 6075
1668409037240 28 6099
1668409050786 28 6149
1668409064372 28 6199
1668409078009 28 6249
1668409098562 28 6292
1668409104964 28 6292
1668409108916 29 6299
1668409122688 29 6349
1668409136233 29 6399
1668409149878 29 6449
1668409163451 29 6499
1668409174434 29 6509
1668409180790 29 6509
1668409193909 30 6549
1668409207403 30 6599
1668409221010 30 6649
1668409234621 30 6699
1668409250472 30 6726
1668409256804 30 6726
1668409265263 31 6749
1668409278851 31 6799
1668409292430 31 6849
1668409306034 31 6899
1668409326260 31 6943
1668409332688 31 6943
1668409336389 32 6949
1668409350330 32 6999
1668409363882 32 7049
1668409377484 32 7099
1668409391092 32 7149
1668409402655 32 7160
1668409409041 32 7160
1668409422011 33 7199
1668409435522 33 7249
1668409449133 33 7299
1668409462743 33 7349
1668409478853 33 7377
1668409485144 33 7377
1668409493295 34 7399
1668409506929 34 7449
1668409520531 34 7499
1668409534149 34 7549
1668409554772 34 7594
1668409560850 34 7594
1668409564292 35 7599
1668409578079 35 7649
1668409591648 35 7699
1668409605259 35 7749
1668409618891 35 7799
1668409630762 35 7811
1668409637103 35 7811
1668409649739 36 7849
1668409663242 36 7899
1668409676838 36 7949
1668409690465 36 7999
1668409706655 36 8028
1668409712963 36 8028
1668409720894 37 8049
1668409734477 37 8099
1668409748094 37 8149
1668409761715 37 8199
1668409783020 37 8245
1668409789150 37 8245
1668409792302 38 8249
1668409806098 38 8299
1668409819662 38 8349
1668409833280 38 8399
1668409846894 38 8449
1668409858668 38 8462
1668409865050 38 8462
1668409877385 39 8499
1668409890874 39 8549
1668409904475 39 8599
1668409918104 39 8649
1668409934667 39 8679
1668409941034 39 8679
1668409948560 40 8699
1668409962245 40 8749
1668409975926 40 8799
1668409989598 40 8849
1668410010610 40 8896
1668410016929 40 8896
1668410019874 41 8899
1668410033633 41 8949
1668410047193 41 8999
1668410060800 41 9049
1668410074405 41 9099
1668410086506 41 9113
1668410092873 41 9113
1668410105092 42 9149
1668410118571 42 9199
1668410132161 42 9249
1668410145772 42 9299
1668410162702 42 9330
1668410169095 42 9330
1668410176325 43 9349
1668410189996 43 9399
1668410203608 43 9449
1668410217230 43 9499
1668410238636 43 9547
1668410244882 43 9547
1668410247520 44 9549
1668410261256 44 9599
1668410274795 44 9649
1668410288428 44 9699
1668410302048 44 9749
1668410314395 44 9764
1668410320827 44 9764
1668410332678 45 9799
1668410346157 45 9849
1668410359745 45 9899
1668410373338 45 9949
1668410390655 45 9981
1668410397010 45 9981
1668410404024 46 9999
1668410417713 46 10049
1668410431306 46 10099
1668410444919 46 10149
1668410466706 46 10198
1668410472997 46 10198
1668410475365 47 10199
1668410489063 47 10249
1668410502603 47 10299
1668410516205 47 10349
1668410529815 47 10399
1668410542528 47 10415
1668410548947 47 10415
1668410560499 48 10449
1668410574037 48 10499
1668410587650 48 10549
1668410601279 48 10599
1668410618538 48 10632
1668410624825 48 10632
1668410631490 49 10649
1668410645297 49 10699
1668410658910 49 10749
1668410672516 49 10799
1668410685978 49 10849
1668410694621 49 10849
1668410700932 49 10849
1668410716809 50 10899
1668410730360 50 10949
1668410743967 50 10999
1668410757582 50 11049
1668410771081 50 11066
1668410777392 50 11066
1668410788725 51 11099
1668410802197 51 11149
1668410815782 51 11199
1668410829416 51 11249
1668410847240 51 11283
1668410853586 51 11283
1668410859983 52 11299
1668410873725 52 11349
1668410887353 52 11399
1668410900988 52 11449
1668410914613 52 11499
1668410923199 52 11500
1668410929605 52 11500
1668410945443 53 11549
1668410958991 53 11599
1668410972584 53 11649
1668410986192 53 11699
1668410999866 53 11717
1668411006245 53 11717
1668411017243 54 11749
1668411030700 54 11799
1668411044277 54 11849
1668411057880 54 11899
1668411075984 54 11934
1668411082219 54 11934
1668411088481 55 11949
1668411102121 55 11999
1668411115716 55 12049
1668411129337 55 12099
1668411142943 55 12149
1668411152145 55 12151
1668411158412 55 12151
1668411173872 56 12199
1668411187428 56 12249
1668411201057 56 12299
1668411214684 56 12349
1668411228113 56 12368
1668411234491 56 12368
1668411245225 57 12399
1668411258714 57 12449
1668411272334 57 12499
1668411285953 57 12549
1668411304591 57 12585
1668411310986 57 12585
1668411316803 58 12599
1668411330565 58 12649
1668411344161 58 12699
1668411357786 58 12749
1668411371424 58 12799
1668411380781 58 12802
1668411387117 58 12802
1668411402156 59 12849
1668411415713 59 12899
1668411429346 59 12949
1668411442979 59 12999
1668411457011 59 13019
1668411463248 59 13019
1668411473696 60 13049
1668411487168 60 13099
1668411500769 60 13149
1668411514389 60 13199
1668411532831 60 13236
1668411539273 60 13236
1668411544885 61 13249
1668411558674 61 13299
1668411572263 61 13349
1668411585887 61 13399
1668411599502 61 13449
1668411609527 61 13453
1668411615952 61 13453
1668411630748 62 13499
1668411644268 62 13549
1668411657883 62 13599
1668411671519 62 13649
1668411685890 62 13670
1668411692280 62 13670
1668411702470 63 13699
1668411715982 63 13749
1668411729598 63 13799
1668411743238 63 13849
1668411762181 63 13887
1668411768562 63 13887
1668411773922 64 13899
1668411787753 64 13949
1668411801350 64 13999
1668411814975 64 14049
1668411828604 64 14099
1668411838889 64 14104
1668411845165 64 14104
1668411859604 65 14149
1668411873147 65 14199
1668411886766 65 14249
1668411900421 65 14299
1668411915153 65 14321
1668411921454 65 14321
1668411931415 66 14349
1668411944907 66 14399
1668411958531 66 14449
1668411972179 66 14499
1668411991327 66 14538
1668411997727 66 14538
1668412002758 67 14549
1668412016528 67 14599
1668412030117 67 14649
1668412043740 67 14699
1668412057354 67 14749
1668412067579 67 14755
1668412073906 67 14755
1668412088153 68 14799
1668412101684 68 14849
1668412115290 68 14899
1668412128922 68 14949
1668412143617 68 14972
1668412150074 68 14972
1668412159643 69 14999
1668412173146 69 15049
1668412186743 69 15099
1668412200352 69 15149
1668412219612 69 15189
1668412225949 69 15189
1668412230885 70 15199
1668412244569 70 15249
1668412258159 70 15299
1668412271797 70 15349
1668412285426 70 15399
1668412295604 70 15406
1668412301929 70 15406
1668412315956 71 15449
1668412329476 71 15499
1668412343090 71 15549
1668412356707 71 15599
1668412371928 71 15623
1668412378242 71 15623
1668412387584 72 15649
1668412401095 72 15699
1668412414699 72 15749
1668412428316 72 15799
1668412448219 72 15840
1668412454560 72 15840
1668412459067 73 15849
1668412472801 73 15899
1668412486374 73 15949
1668412500001 73 15999
1668412513622 73 16049
1668412524518 73 16057
1668412530827 73 16057
1668412544544 74 16099
1668412558066 74 16149
1668412571727 74 16199
1668412585367 74 16249
1668412600746 74 16274
1668412607031 74 16274
1668412616072 75 16299
1668412629619 75 16349
1668412643239 75 16399
1668412656870 75 16449
1668412677157 75 16491
1668412683483 75 16491
1668412687692 76 16499
1668412701493 76 16549
1668412715079 76 16599
1668412728710 76 16649
1668412742339 76 16699
1668412753126 76 16708
1668412759523 76 16708
1668412772953 77 16749
1668412786458 77 16799
1668412800066 77 16849
1668412813703 77 16899
1668412829304 77 16925
1668412835690 77 16925
1668412844317 78 16949
1668412857980 78 16999
1668412871601 78 17049
1668412885230 78 17099
1668412905261 78 17142
1668412911629 78 17142
1668412915629 79 17149
1668412929421 79 17199
1668412942993 79 17249
1668412956620 79 17299
1668412970252 79 17349
1668412981850 79 17359
1668412988184 79 17359
1668413001315 80 17399
1668413014807 80 17449
1668413028410 80 17499
1668413042040 80 17549
1668413058091 80 17576
1668413064352 80 17576
1668413072781 81 17599
1668413086558 81 17649
1668413100182 81 17699
1668413113821 81 17749
1668413134117 81 17793
1668413140457 81 17793
1668413144149 82 17799
1668413157859 82 17849
1668413171436 82 17899
1668413185070 82 17949
1668413198699 82 17999
1668413210166 82 18010
1668413216482 82 18010
1668413229390 83 18049
1668413242890 83 18099
1668413256509 83 18149
1668413270140 83 18199
1668413286391 83 18227
1668413292788 83 18227
1668413301188 84 18249
1668413314757 84 18299
1668413328381 84 18349
1668413342053 84 18399
1668413362715 84 18444
1668413369177 84 18444
1668413372590 85 18449
1668413386282 85 18499
1668413399846 85 18549
1668413413481 85 18599
1668413427105 85 18649
1668413438544 85 18661
1668413444904 85 18661
1668413457595 86 18699
1668413471108 86 18749
1668413484735 86 18799
1668413498348 86 18849
1668413514684 86 18878
1668413520901 86 18878
1668413528855 87 18899
1668413542441 87 18949
1668413556058 87 18999
1668413569700 87 19049
1668413590395 87 19095
1668413596789 87 19095
1668413599924 88 19099
1668413613687 88 19149
1668413627253 88 19199
1668413640880 88 19249
1668413654504 88 19299
1668413666679 88 19312
1668413673015 88 19312
1668413685370 89 19349
1668413698874 89 19399
1668413712501 89 19449
1668413726143 89 19499
1668413742704 89 19529
1668413749065 89 19529
1668413756612 90 19549
1668413770262 90 19599
1668413783854 90 19649
1668413797492 90 19699
1668413818537 90 19746
1668413824892 90 19746
1668413827736 91 19749
1668413841570 91 19799
1668413855158 91 19849
1668413868806 91 19899
1668413882463 91 19949
1668413894880 91 19963
1668413901214 91 19963
1668413913421 92 19999
1668413926907 92 20049
1668413940524 92 20099
1668413954156 92 20149
1668413970803 92 20180
1668413977279 92 20180
1668413984579 93 20199
1668413998149 93 20249
1668414011781 93 20299
1668414025423 93 20349
1668414047260 93 20397
1668414053550 93 20397
1668414056146 94 20399
1668414069963 94 20449
1668414083511 94 20499
1668414097150 94 20549
1668414110778 94 20599
1668414123418 94 20614
1668414129783 94 20614
1668414141751 95 20649
1668414155251 95 20699
1668414168866 95 20749
1668414182503 95 20799
1668414199665 95 20831
1668414206000 95 20831
1668414213082 96 20849
1668414226736 96 20899
1668414240355 96 20949
1668414253994 96 20999
1668414276004 96 21048
1668414282431 96 21048
1668414284805 97 21049
1668414298657 97 21099
1668414312279 97 21149
1668414325897 97 21199
1668414339523 97 21249
1668414352471 97 21265
1668414358866 97 21265
1668414370636 98 21299
1668414384123 98 21349
1668414397761 98 21399
1668414411388 98 21449
1668414429066 98 21482
1668414435391 98 21482
1668414442089 99 21499
1668414455800 99 21549
1668414469414 99 21599
1668414483051 99 21649
1668414496531 99 21699
1668414505651 99 21699
1668414512063 99 21699
1668414527899 100 21749
1668414541477 100 21799
1668414555096 100 21849
1668414568709 100 21899
1668414581839 100 21916
1668414588162 100 21916
1668414599463 101 21949
1668414612968 101 21999
1668414626591 101 22049
1668414640241 101 22099
1668414657960 101 22133
1668414664317 101 22133
1668414670772 102 22149
1668414684508 102 22199
1668414698120 102 22249
1668414711749 102 22299
1668414725381 102 22349
1668414734298 102 22350
1668414740293 102 22350
1668414755927 103 22399
1668414769460 103 22449
1668414783093 103 22499
1668414796720 103 22549
1668414810370 103 22567
1668414816752 103 22567
1668414827781 104 22599
1668414841270 104 22649
1668414854918 104 22699
1668414868544 104 22749
1668414887027 104 22784
1668414893349 104 22784
1668414899476 105 22799
1668414913253 105 22849
1668414926875 105 22899
1668414940510 105 22949
1668414954127 105 22999
1668414963181 105 23001
1668414969534 105 23001
1668414984813 106 23049
1668414998372 106 23099
1668415011992 106 23149
1668415025629 106 23199
1668415039088 106 23218
1668415045523 106 23218
1668415056222 107 23249
1668415069729 107 23299
1668415083370 107 23349
1668415097004 107 23399
1668415115573 107 23435
1668415121911 107 23435
1668415127780 108 23449
1668415141535 108 23499
1668415155144 108 23549
1668415168775 108 23599
1668415182411 108 23649
1668415191931 108 23652
1668415198220 108 23652
1668415213252 109 23699
1668415226810 109 23749
1668415240448 109 23799
1668415254090 109 23849
1668415268281 109 23869
1668415274615 109 23869
1668415285080 110 23899
1668415298580 110 23949
1668415312208 110 23999
1668415325862 110 24049
1668415344504 110 24086
1668415350897 110 24086
1668415356523 111 24099
1668415370411 111 24149
1668415384035 111 24199
1668415397664 111 24249
1668415411282 111 24299
1668415421129 111 24303
1668415427496 111 24303
1668415442261 112 24349
1668415455813 112 24399
1668415469421 112 24449
1668415483048 112 24499
1668415497359 112 24520
1668415503665 112 24520
1668415514061 113 24549
1668415527578 113 24599
1668415541176 113 24649
1668415554816 113 24699
1668415574202 113 24737
1668415580568 113 24737
1668415585859 114 24749
1668415599545 114 24799
1668415613160 114 24849
1668415626793 114 24899
1668415640421 114 24949
1668415650441 114 24954
1668415656766 114 24954
1668415671270 115 24999
1668415684818 115 25049
1668415698440 115 25099
1668415712065 115 25149
1668415726990 115 25171
1668415733335 115 25171
1668415743625 116 25199
1668415757123 116 25249
1668415770742 116 25299
1668415784383 116 25349
1668415803834 116 25388
1668415810263 116 25388
1668415815348 117 25399
1668415829097 117 25449
1668415842693 117 25499
1668415856334 117 25549
1668415869962 117 25599
1668415880473 117 25605
1668415886767 117 25605
1668415900996 118 25649
1668415914533 118 25699
1668415928158 118 25749
1668415941780 118 25799
1668415956797 118 25822
1668415963224 118 25822
1668415972815 119 25849
1668415986359 119 25899
1668415999984 119 25949
1668416013604 119 25999
1668416033151 119 26039
1668416039464 119 26039
1668416044217 120 26049
1668416057970 120 26099
1668416071564 120 26149
1668416085186 120 26199
1668416098823 120 26249
1668416109263 120 26256
1668416115689 120 26256
1668416129764 121 26299
1668416143301 121 26349
1668416156958 121 26399
1668416170596 121 26449
1668416186148 121 26473
1668416192502 121 26473
1668416201793 122 26499
1668416215299 122 26549
1668416228927 122 26599
1668416242552 122 26649
1668416262119 122 26690
1668416268443 122 26690
1668416272945 123 26699
1668416286658 123 26749
1668416300250 123 26799
1668416313878 123 26849
1668416327489 123 26899
1668416338496 123 26907
1668416344810 123 26907
1668416358548 124 26949
1668416372073 124 26999
1668416385712 124 27049
1668416399371 124 27099
1668416414664 124 27124
1668416421025 124 27124
1668416430024 125 27149
1668416443543 125 27199
1668416457158 125 27249
1668416470796 125 27299
1668416491098 125 27341
1668416497284 125 27341
1668416501559 126 27349
1668416515380 126 27399
1668416529000 126 27449
1668416542657 126 27499
1668416556320 126 27549
1668416567256 126 27558
1668416573536 126 27558
1668416587002 127 27599
1668416600546 127 27649
1668416614164 127 27699
1668416627782 127 27749
1668416643535 127 27775
1668416649854 127 27775
1668416658652 128 27799
1668416672349 128 27849
1668416685977 128 27899
1668416699625 128 27949
1668416719756 128 27992
1668416726108 128 27992
1668416730107 129 27999
1668416743808 129 28049
1668416757409 129 28099
1668416771059 129 28149
1668416784689 129 28199
1668416796404 129 28209
1668416802656 129 28209
1668416815881 130 28249
1668416829424 130 28299
1668416843058 130 28349
1668416856697 130 28399
1668416872492 130 28426
1668416878813 130 28426
1668416887284 131 28449
1668416900925 131 28499
1668416914537 131 28549
1668416928177 131 28599
1668416949164 131 28643
1668416955548 131 28643
1668416959237 132 28649
1668416973048 132 28699
1668416986636 132 28749
1668417000276 132 28799
1668417013921 132 28849
1668417025746 132 28860
1668417032190 132 28860
1668417045145 133 28899
1668417058661 133 28949
1668417072288 133 28999
1668417085919 133 29049
1668417102050 133 29077
1668417108238 133 29077
1668417116427 134 29099
1668417130090 134 29149
1668417143697 134 29199
1668417157338 134 29249
1668417178562 134 29294
1668417184942 134 29294
1668417188365 135 29299
1668417202130 135 29349
1668417215742 135 29399
1668417229380 135 29449
1668417243009 135 29499
1668417254992 135 29511
1668417261231 135 29511
1668417273785 136 29549
1668417287303 136 29599
1668417300923 136 29649
1668417314564 136 29699
1668417331036 136 29728
1668417337282 136 29728
1668417345282 137 29749
1668417358956 137 29799
1668417372586 137 29849
1668417386212 137 29899
1668417407424 137 29945
1668417413675 137 29945
1668417416850 138 29949
1668417430669 138 29999
1668417444260 138 30049
1668417457915 138 30099
1668417471565 138 30149
1668417483460 138 30162
1668417489668 138 30162
1668417502125 139 30199
1668417515636 139 30249
1668417529264 139 30299
1668417542908 139 30349
1668417559697 139 30379
1668417566061 139 30379
1668417573652 140 30399
1668417587344 140 30449
1668417600962 140 30499
1668417614618 140 30549
1668417635854 140 30596
1668417642167 140 30596
1668417645085 141 30599
1668417658900 141 30649
1668417672498 141 30699
1668417686160 141 30749
1668417699783 141 30799
1668417712149 141 30813
1668417718385 141 30813
1668417730640 142 30849
1668417744216 142 30899
1668417757856 142 30949
1668417771492 142 30999
1668417788602 142 31030
1668417794857 142 31030
1668417802118 143 31049
1668417815893 143 31099
1668417829534 143 31149
1668417843181 143 31199
1668417864801 143 31247
1668417871043 143 31247
1668417873693 144 31249
1668417887493 144 31299
1668417901090 144 31349
1668417914752 144 31399
1668417928380 144 31449
1668417941180 144 31464
1668417947575 144 31464
1668417959432 145 31499
1668417972936 145 31549
1668417986563 145 31599
1668418000191 145 31649
1668418017678 145 31681
1668418024036 145 31681
1668418031195 146 31699
1668418044828 146 31749
1668418058440 146 31799
1668418072064 146 31849
1668418094037 146 31898
1668418100454 146 31898
1668418102821 147 31899
1668418116669 147 31949
1668418130262 147 31999
1668418143923 147 32049
1668418157558 147 32099
1668418170604 147 32115
1668418177045 147 32115
1668418188644 148 32149
1668418202144 148 32199
1668418215794 148 32249
1668418229419 148 32299
1668418247260 148 32332
1668418253611 148 32332
1668418260286 149 32349
1668418274016 149 32399
1668418287635 149 32449
1668418301278 149 32499
1668418314747 149 32549
1668418323450 149 32549
1668418329813 149 32549
1668418345736 150 32599
1668418359294 150 32649
1668418372932 150 32699
1668418386557 150 32749
1668418399598 150 32766
1668418406012 150 32766
1668418417383 151 32799
1668418430895 151 32849
1668418444524 151 32899
1668418458172 151 32949
1668418476101 151 32983
1668418482536 151 32983
1668418488960 152 32999
1668418502747 152 33049
1668418516360 152 33099
1668418530014 152 33149
1668418543637 152 33199
1668418552260 152 33200
1668418558605 152 33200
1668418574168 153 33249
1668418587732 153 33299
1668418601371 153 33349
1668418614996 153 33399
1668418628449 153 33417
1668418634477 153 33417
1668418645553 154 33449
1668418659041 154 33499
1668418672668 154 33549
1668418686296 154 33599
1668418704523 154 33634
1668418710820 154 33634
1668418716985 155 33649
1668418730744 155 33699
1668418744375 155 33749
1668418758032 155 33799
1668418771690 155 33849
1668418780871 155 33851
1668418787258 155 33851
1668418802553 156 33899
1668418816118 156 33949
1668418829730 156 33999
1668418843355 156 34049
1668418856835 156 34068
1668418863271 156 34068
1668418874071 157 34099
1668418887575 157 34149
1668418901278 157 34199
1668418914899 157 34249
1668418932966 157 34285
1668418939302 157 34285
1668418945173 158 34299
1668418959030 158 34349
1668418972656 158 34399
1668418986298 158 34449
1668418999937 158 34499
1668419009156 158 34502
1668419015545 158 34502
1668419030656 159 34549
1668419044223 159 34599
1668419057853 159 34649
1668419071491 159 34699
1668419085828 159 34719
1668419092291 159 34719
1668419102758 160 34749
1668419116285 160 34799
1668419129915 160 34849
1668419143555 160 34899
1668419162810 160 34936
1668419169265 160 34936
1668419174923 161 34949
1668419188650 161 34999
1668419202269 161 35049
1668419215899 161 35099
1668419229542 161 35149
1668419239157 161 35153
1668419245499 161 35153
1668419260375 162 35199
1668419273939 162 35249
1668419287581 162 35299
1668419301209 162 35349
1668419315246 162 35370
1668419321628 162 35370
1668419332021 163 35399
1668419345536 163 35449
1668419359158 163 35499
1668419372787 163 35549
1668419391788 163 35587
1668419398044 163 35587
1668419403443 164 35599
1668419417213 164 35649
1668419430841 164 35699
1668419444499 164 35749
1668419458144 164 35799
1668419467746 164 35804
1668419474104 164 35804
1668419488574 165 35849
1668419502120 165 35899
1668419515759 165 35949
1668419529394 165 35999
1668419543969 165 36021
1668419550385 165 36021
1668419560224 166 36049
1668419573740 166 36099
1668419587376 166 36149
1668419601008 166 36199
1668419620262 166 36238
1668419626671 166 36238
1668419631752 167 36249
1668419645492 167 36299
1668419659093 167 36349
1668419672734 167 36399
1668419686371 167 36449
1668419696620 167 36455
1668419702948 167 36455
1668419717282 168 36499
1668419730836 168 36549
1668419744463 168 36599
1668419758089 168 36649
1668419772803 168 36672
1668419779039 168 36672
1668419788727 169 36699
1668419802254 169 36749
1668419815865 169 36799
1668419829487 169 36849
1668419849315 169 36889
1668419855602 169 36889
1668419860442 170 36899
1668419874390 170 36949
1668419887995 170 36999
1668419901641 170 37049
1668419915271 170 37099
1668419925719 170 37106
1668419932030 170 37106
1668419946050 171 37149
1668419959587 171 37199
1668419973220 171 37249
1668419986838 171 37299
1668420001805 171 37323
1668420008237 171 37323
1668420017544 172 37349
1668420031144 172 37399
1668420044773 172 37449
1668420058402 172 37499
1668420077958 172 37540
1668420084228 172 37540
1668420088770 173 37549
1668420102524 173 37599
1668420116115 173 37649
1668420129735 173 37699
1668420143360 173 37749
1668420153772 173 37757
1668420160217 173 37757
1668420173992 174 37799
1668420187524 174 37849
1668420201157 174 37899
1668420214775 174 37949
1668420229793 174 37974
1668420236131 174 37974
1668420245265 175 37999
1668420258790 175 38049
1668420272424 175 38099
1668420286067 175 38149
1668420305725 175 38191
1668420312041 175 38191
1668420316280 176 38199
1668420330013 176 38249
1668420343715 176 38299
1668420357333 176 38349
1668420370947 176 38399
1668420381813 176 38408
1668420388171 176 38408
1668420401627 177 38449
1668420415145 177 38499
1668420428772 177 38549
1668420442410 177 38599
1668420458199 177 38625
1668420464540 177 38625
1668420473316 178 38649
1668420486984 178 38699
1668420500601 178 38749
1668420514234 178 38799
1668420534624 178 38842
1668420540993 178 38842
1668420545026 179 38849
1668420558826 179 38899
1668420572413 179 38949
1668420586046 179 38999
1668420599663 179 39049
1668420611079 179 39059
1668420617518 179 39059
1668420630648 180 39099
1668420644186 180 39149
1668420657820 180 39199
1668420671449 180 39249
1668420687051 180 39276
1668420693402 180 39276
1668420701849 181 39299
1668420715509 181 39349
1668420729147 181 39399
1668420742791 181 39449
1668420763544 181 39493
1668420769895 181 39493
1668420773597 182 39499
1668420787398 182 39549
1668420800975 182 39599
1668420814599 182 39649
1668420828221 182 39699
1668420839803 182 39710
1668420846098 182 39710
1668420859069 183 39749
1668420872585 183 39799
1668420886201 183 39849
1668420899822 183 39899
1668420916142 183 39927
1668420922477 183 39927
1668420930727 184 39949
1668420944330 184 39999
1668420957944 184 40049
1668420971564 184 40099
1668420992563 184 40144
1668420998978 184 40144
1668421002431 185 40149
1668421016151 185 40199
1668421029728 185 40249
1668421043367 185 40299
1668421057013 185 40349
1668421068683 185 40361
1668421074976 185 40361
1668421087543 186 40399
1668421101045 186 40449
1668421114661 186 40499
1668421128278 186 40549
1668421144913 186 40578
1668421151252 186 40578
1668421159128 187 40599
1668421172737 187 40649
1668421186343 187 40699
1668421199962 187 40749
1668421221163 187 40795
1668421227491 187 40795
1668421230636 188 40799
1668421244472 188 40849
1668421258063 188 40899
1668421271692 188 40949
1668421285330 188 40999
1668421297119 188 41012
1668421303504 188 41012
1668421315846 189 41049
1668421329351 189 41099
1668421342977 189 41149
1668421356603 189 41199
1668421373253 189 41229
1668421379700 189 41229
1668421387232 190 41249
1668421400951 190 41299
1668421414580 190 41349
1668421428197 190 41399
1668421449637 190 41446
1668421455981 190 41446
1668421458835 191 41449
1668421472591 191 41499
1668421486169 191 41549
1668421499797 191 41599
1668421513420 191 41649
1668421525948 191 41663
1668421532419 191 41663
1668421544521 192 41699
1668421558012 192 41749
1668421571628 192 41799
1668421585245 192 41849
1668421602056 192 41880
1668421608369 192 41880
1668421615615 193 41899
1668421629263 193 41949
1668421642885 193 41999
1668421656523 193 42049
1668421678362 193 42097
1668421684711 193 42097
1668421687395 194 42099
1668421701248 194 42149
1668421714819 194 42199
1668421728440 194 42249
1668421742059 194 42299
1668421754787 194 42314
1668421761176 194 42314
1668421772975 195 42349
1668421786479 195 42399
1668421800098 195 42449
1668421813758 195 42499
1668421831007 195 42531
1668421837300 195 42531
1668421844367 196 42549
1668421858095 196 42599
1668421871693 196 42649
1668421885325 196 42699
1668421907114 196 42748
1668421913350 196 42748
1668421915728 197 42749
1668421929515 197 42799
1668421943073 197 42849
1668421956693 197 42899
1668421970311 197 42949
1668421983251 197 42965
1668421989666 197 42965
1668422001233 198 42999
1668422014740 198 43049
1668422028350 198 43099
1668422041980 198 43149
1668422059670 198 43182
1668422066059 198 43182
1668422072746 199 43199
1668422086423 199 43249
1668422100042 199 43299
1668422113674 199 43349
1668422127144 199 43399
1668422135901 199 43399
1668422142292 199 43399
1668422158055 200 43449
1668422171610 200 43499
1668422185238 200 43549
1668422198864 200 43599
1668422212076 200 43616
1668422218361 200 43616
1668422229653 201 43649
1668422243139 201 43699
1668422256752 201 43749
1668422270384 201 43799
1668422288426 201 43833
1668422294688 201 43833
1668422301195 202 43849
1668422314909 202 43899
1668422328512 202 43949
1668422342142 202 43999
1668422355803 202 44049
1668422364496 202 44050
1668422370837 202 44050
1668422386454 203 44099
1668422400006 203 44149
1668422413649 203 44199
1668422427264 203 44249
1668422440770 203 44267
1668422447164 203 44267
1668422458175 204 44299
1668422471674 204 44349
1668422485296 204 44399
1668422498944 204 44449
1668422517115 204 44484
1668422523501 204 44484
1668422529655 205 44499
1668422544193 205 44549
1668422557815 205 44599
1668422571421 205 44649
1668422585053 205 44699
1668422593557 205 44701
1668422599559 205 44701
1668422614861 206 44749
1668422628412 206 44799
1668422642035 206 44849
1668422655677 206 44899
1668422669418 206 44918
1668422675744 206 44918
1668422686439 207 44949
1668422699927 207 44999
1668422713541 207 45049
1668422727165 207 45099
1668422745647 207 45135
1668422751960 207 45135
1668422757809 208 45149
1668422771585 208 45199
1668422785179 208 45249
1668422798794 208 45299
1668422812419 208 45349
1668422821705 208 45352
1668422828140 208 45352
1668422843137 209 45399
1668422856673 209 45449
1668422870285 209 45499
1668422883917 209 45549
1668422897876 209 45569
1668422904123 209 45569
1668422914551 210 45599
1668422928057 210 45649
1668422941680 210 45699
1668422955314 210 45749
1668422973666 210 45786
1668422980011 210 45786
1668422985643 211 45799
1668422999537 211 45849
1668423013169 211 45899
1668423026833 211 45949
1668423040465 211 45999
1668423050379 211 46003
1668423056674 211 46003
1668423071353 212 46049
1668423084883 212 46099
1668423098488 212 46149
1668423112116 212 46199
1668423126281 212 46220
1668423132675 212 46220
1668423142832 213 46249
1668423156325 213 46299
1668423169916 213 46349
1668423183529 213 46399
1668423202743 213 46437
1668423209018 213 46437
1668423214293 214 46449
1668423228053 214 46499
1668423241643 214 46549
1668423255266 214 46599
1668423268894 214 46649
1668423278824 214 46654
1668423285201 214 46654
1668423299680 215 46699
1668423313218 215 46749
1668423326843 215 46799
1668423340479 215 46849
1668423355067 215 46871
1668423361520 215 46871
1668423371481 216 46899
1668423384964 216 46949
1668423398585 216 46999
1668423412212 216 47049
1668423431214 216 47088
1668423437549 216 47088
1668423442610 217 47099
1668423456368 217 47149
1668423469958 217 47199
1668423483584 217 47249
1668423497222 217 47299
1668423507135 217 47305
1668423513476 217 47305
1668423527705 218 47349
1668423541239 218 47399
1668423554875 218 47449
1668423568518 218 47499
1668423583313 218 47522
1668423589683 218 47522
1668423599328 219 47549
1668423612815 219 47599
1668423626423 219 47649
1668423640037 219 47699
1668423659363 219 47739
1668423665695 219 47739
1668423670513 220 47749
1668423684401 220 47799
1668423698002 220 47849
1668423711636 220 47899
1668423725284 220 47949
1668423735833 220 47956
1668423742174 220 47956
1668423756275 221 47999
1668423769774 221 48049
1668423783386 221 48099
1668423797001 221 48149
1668423812370 221 48173
1668423818716 221 48173
1668423828048 222 48199
1668423841610 222 48249
1668423855219 222 48299
1668423868842 222 48349
1668423888705 222 48390
1668423895184 222 48390
1668423899727 223 48399
1668423913507 223 48449
1668423927111 223 48499
1668423940768 223 48549
1668423954400 223 48599
1668423965462 223 48607
1668423971756 223 48607
1668423985601 224 48649
1668423999145 224 48699
1668424012755 224 48749
1668424026373 224 48799
1668424041442 224 48824
1668424047793 224 48824
1668424056840 225 48849
1668424070382 225 48899
1668424083999 225 48949
1668424097635 225 48999
1668424117550 225 49041
1668424123807 225 49041
1668424128027 226 49049
1668424141812 226 49099
1668424155420 226 49149
1668424169076 226 49199
1668424182742 226 49249
1668424193537 226 49258
1668424199891 226 49258
1668424213352 227 49299
1668424226879 227 49349
1668424240497 227 49399
1668424254115 227 49449
1668424269443 227 49475
1668424275809 227 49475
1668424284476 228 49499
1668424298194 228 49549
1668424311787 228 49599
1668424325426 228 49649
1668424345345 228 49692
1668424351662 228 49692
1668424355648 229 49699
1668424369448 229 49749
1668424383015 229 49799
1668424396647 229 49849
1668424410275 229 49899
1668424421796 229 49909
1668424428096 229 49909
1668424441253 230 49949
1668424454754 230 49999
1668424468365 230 50049
1668424481991 230 50099
1668424497805 230 50126
1668424504033 230 50126
1668424512466 231 50149
1668424526173 231 50199
1668424539778 231 50249
1668424553416 231 50299
1668424573947 231 50343
1668424580193 231 50343
1668424583900 232 50349
1668424597694 232 50399
1668424611276 232 50449
1668424624902 232 50499
1668424638552 232 50549
1668424650334 232 50560
1668424656609 232 50560
1668424669543 233 50599
1668424683043 233 50649
1668424696672 233 50699
1668424710301 233 50749
1668424726556 233 50777
1668424732910 233 50777
1668424741115 234 50799
1668424754758 234 50849
1668424768358 234 50899
1668424781989 234 50949
1668424802547 234 50994
1668424808857 234 50994
1668424812360 235 50999
1668424826166 235 51049
1668424839716 235 51099
1668424853352 235 51149
1668424866980 235 51199
1668424879078 235 51211
1668424885354 235 51211
1668424898029 236 51249
1668424911534 236 51299
1668424925163 236 51349
1668424938809 236 51399
1668424955514 236 51428
1668424962009 236 51428
1668424969896 237 51449
1668424983546 237 51499
1668424997156 237 51549
1668425010784 237 51599
1668425032073 237 51645
1668425038307 237 51645
1668425041440 238 51649
1668425055204 238 51699
1668425068768 238 51749
1668425082392 238 51799
1668425096043 238 51849
1668425108011 238 51862
1668425114317 238 51862
1668425126679 239 51899
1668425140197 239 51949
1668425153821 239 51999
1668425167466 239 52049
1668425184391 239 52079
1668425190779 239 52079
1668425198385 240 52099
1668425212045 240 52149
1668425225671 240 52199
1668425239307 240 52249
1668425260563 240 52296
1668425266889 240 52296
1668425269813 241 52299
1668425283582 241 52349
1668425297149 241 52399
1668425310781 241 52449
1668425324414 241 52499
1668425336701 241 52513
1668425343083 241 52513
1668425355128 242 52549
1668425368743 242 52599
1668425382362 242 52649
1668425395986 242 52699
1668425413291 242 52730
1668425419599 242 52730
1668425426801 243 52749
1668425440548 243 52799
1668425454164 243 52849
1668425467791 243 52899
1668425489538 243 52947
1668425495863 243 52947
1668425498457 244 52949
1668425512229 244 52999
1668425525792 244 53049
1668425539421 244 53099
1668425553041 244 53149
1668425565317 244 53164
1668425571827 244 53164
1668425583592 245 53199
1668425597087 245 53249
1668425610705 245 53299
1668425624334 245 53349
1668425641855 245 53381
1668425648128 245 53381
1668425655159 246 53399
1668425668850 246 53449
1668425682462 246 53499
1668425696104 246 53549
1668425718210 246 53598
1668425724566 246 53598
1668425726895 247 53599
1668425740700 247 53649
1668425754249 247 53699
1668425767877 247 53749
1668425781491 247 53799
1668425794809 247 53815
1668425801144 247 53815
1668425812808 248 53849
1668425826288 248 53899
1668425839907 248 53949
1668425853534 248 53999
1668425871262 248 54032
1668425877573 248 54032
1668425884209 249 54049
1668425897903 249 54099
1668425911513 249 54149
1668425925140 249 54199
1668425938621 249 54249
1668425947391 249 54249
1668425953732 249 54249
1668425969628 250 54299
1668425983174 250 54349
1668425996797 250 54399
1668426010417 250 54449
1668426023731 250 54466
1668426030051 250 54466
1668426041327 251 54499
1668426054798 251 54549
1668426068405 251 54599
1668426082032 251 54649
1668426100024 251 54683
1668426106380 251 54683
1668426112819 252 54699
1668426126480 252 54749
1668426140107 252 54799
1668426153762 252 54849
1668426167405 252 54899
1668426176356 252 54900
1668426182698 252 54900
1668426198271 253 54949
1668426211832 253 54999
1668426225471 253 55049
1668426239119 253 55099
1668426252492 253 55117
1668426258756 253 55117
1668426269920 254 55149
1668426283389 254 55199
1668426297007 254 55249
1668426310636 254 55299
1668426328528 254 55334
1668426334803 254 55334
1668426340960 255 55349
1668426354675 255 55399
1668426368300 255 55449
1668426381930 255 55499
1668426395553 255 55549
1668426404544 255 55551
1668426410855 255 55551
1668426426309 256 55599
1668426439868 256 55649
1668426453489 256 55699
1668426467110 256 55749
1668426480608 256 55768
1668426486726 256 55768
1668426497370 257 55799
1668426510915 257 55849
1668426524526 257 55899
1668426538138 257 55949
1668426556795 257 55985
1668426563224 257 55985
1668426569094 258 55999
1668426582826 258 56049
1668426596430 258 56099
1668426610072 258 56149
1668426623694 258 56199
1668426633228 258 56202
1668426639537 258 56202
1668426654636 259 56249
1668426668175 259 56299
1668426681805 259 56349
1668426695438 259 56399
1668426709911 259 56419
1668426716363 259 56419
1668426726805 260 56449
1668426740370 260 56499
1668426754013 260 56549
1668426767656 260 56599
1668426786450 260 56636
1668426792837 260 56636
1668426798446 261 56649
1668426812143 261 56699
1668426825754 261 56749
1668426839383 261 56799
1668426853013 261 56849
1668426862721 261 56853
1668426869141 261 56853
1668426883969 262 56899
1668426897503 262 56949
1668426911133 262 56999
1668426924763 262 57049
1668426939061 262 57070
1668426945356 262 57070
1668426955579 263 57099
1668426969087 263 57149
1668426982709 263 57199
1668426996322 263 57249
1668427015315 263 57287
1668427021650 263 57287
1668427026987 264 57299
1668427040692 264 57349
1668427054303 264 57399
1668427067941 264 57449
1668427081581 264 57499
1668427091215 264 57504
1668427097557 264 57504
1668427112018 265 57549
1668427125553 265 57599
1668427139194 265 57649
1668427152841 265 57699
1668427167507 265 57721
1668427173994 265 57721
1668427183976 266 57749
1668427197466 266 57799
1668427211091 266 57849
1668427224717 266 57899
1668427243789 266 57938
1668427250097 266 57938
1668427255142 267 57949
1668427268826 267 57999
1668427282443 267 58049
1668427296072 267 58099
1668427309706 267 58149
1668427319863 267 58155
1668427326250 267 58155
1668427340442 268 58199
1668427354004 268 58249
1668427367640 268 58299
1668427381277 268 58349
1668427396418 268 58372
1668427402731 268 58372
1668427412340 269 58399
1668427425895 269 58449
1668427439518 269 58499
1668427453131 269 58549
1668427472343 269 58589
1668427478612 269 58589
1668427483375 270 58599
1668427497213 270 58649
1668427510823 270 58699
1668427524472 270 58749
1668427538119 270 58799
1668427548627 270 58806
1668427554950 270 58806
1668427569027 271 58849
1668427582555 271 58899
1668427596176 271 58949
1668427609813 271 58999
1668427624994 271 59023
1668427631269 271 59023
1668427640838 272 59049
1668427654406 272 59099
1668427668021 272 59149
1668427681660 272 59199
1668427701139 272 59240
1668427707499 272 59240
1668427711974 273 59249
1668427725723 273 59299
1668427739312 273 59349
1668427752931 273 59399
1668427766549 273 59449
1668427777547 273 59457
1668427783889 273 59457
1668427797514 274 59499
1668427811053 274 59549
1668427824682 274 59599
1668427838300 274 59649
1668427853888 274 59674
1668427860171 274 59674
1668427869233 275 59699
1668427882765 275 59749
1668427896395 275 59799
1668427910037 275 59849
1668427930141 275 59891
1668427936516 275 59891
1668427940739 276 59899
1668427954497 276 59949
1668427968086 276 59999
1668427981743 276 60049
1668427995397 276 60099
1668428006613 276 60108
1668428012909 276 60108
1668428026318 277 60149
1668428039850 277 60199
1668428053463 277 60249
1668428067098 277 60299
1668428082836 277 60325
1668428089160 277 60325
1668428097866 278 60349
1668428111540 278 60399
1668428125140 278 60449
1668428138761 278 60499
1668428158956 278 60542
1668428165329 278 60542
1668428169276 279 60549
1668428183073 279 60599
1668428196667 279 60649
1668428210299 279 60699
1668428223927 279 60749
1668428235414 279 60759
1668428241700 279 60759
1668428255141 280 60799
1668428268661 280 60849
1668428282274 280 60899
1668428295892 280 60949
1668428312072 280 60976
1668428318304 280 60976
1668428326810 281 60999
1668428340479 281 61049
1668428354114 281 61099
1668428367766 281 61149
1668428388584 281 61193
1668428394908 281 61193
1668428398612 282 61199
1668428412407 282 61249
1668428425993 282 61299
1668428439609 282 61349
1668428453259 282 61399
1668428464871 282 61410
1668428471256 282 61410
1668428484152 283 61449
1668428497665 283 61499
1668428511270 283 61549
1668428524903 283 61599
1668428541043 283 61627
1668428547411 283 61627
1668428555509 284 61649
1668428569152 284 61699
1668428582789 284 61749
1668428596418 284 61799
1668428617516 284 61844
1668428623869 284 61844
1668428627281 285 61849
1668428641079 285 61899
1668428654666 285 61949
1668428668304 285 61999
1668428681931 285 62049
1668428693980 285 62061
1668428700386 285 62061
1668428713153 286 62099
1668428726692 286 62149
1668428740352 286 62199
1668428753996 286 62249
1668428770788 286 62278
1668428777141 286 62278
1668428785042 287 62299
1668428798706 287 62349
1668428812325 287 62399
1668428825962 287 62449
1668428847151 287 62495
1668428853445 287 62495
1668428856558 288 62499
1668428870311 288 62549
1668428883879 288 62599
1668428897520 288 62649
1668428911146 288 62699
1668428923699 288 62712
1668428930000 288 62712
1668428942342 289 62749
1668428955855 289 62799
1668428969473 289 62849
1668428983115 289 62899
1668428999879 289 62929
1668429006181 289 62929
1668429013804 290 62949
1668429027486 290 62999
1668429041104 290 63049
1668429054726 290 63099
1668429076257 290 63146
1668429082635 290 63146
1668429085525 291 63149
1668429099267 291 63199
1668429112829 291 63249
1668429126467 291 63299
1668429140090 291 63349
1668429152363 291 63363
1668429158705 291 63363
1668429170770 292 63399
1668429184295 292 63449
1668429197914 292 63499
1668429211528 292 63549
1668429228425 292 63580
1668429234739 292 63580
1668429242131 293 63599
1668429255761 293 63649
1668429269387 293 63699
1668429283028 293 63749
1668429304712 293 63797
1668429311170 293 63797
1668429313779 294 63799
1668429327588 294 63849
1668429341192 294 63899
1668429354825 294 63949
1668429368463 294 63999
1668429381612 294 64014
1668429387887 294 64014
1668429399647 295 64049
1668429413157 295 64099
1668429426791 295 64149
1668429440434 295 64199
1668429457624 295 64231
1668429463871 295 64231
1668429471033 296 64249
1668429484668 296 64299
1668429498284 296 64349
1668429511929 296 64399
1668429533558 296 64448
1668429539952 296 64448
1668429542305 297 64449
1668429556095 297 64499
1668429569668 297 64549
1668429583317 297 64599
1668429596927 297 64649
1668429610101 297 64665
1668429616454 297 64665
1668429628083 298 64699
1668429641595 298 64749
1668429655236 298 64799
1668429668869 298 64849
1668429686412 298 64882
1668429692647 298 64882
1668429699427 299 64899
1668429713112 299 64949
1668429726750 299 64999
1668429740401 299 65049
1668429753900 299 65099
1668429762874 299 65099
1668429768684 299 65099
