1669019405599 0.411849707365036 216
1669019477824 0.41965317726135254 433
1669019550001 0.42095375061035156 650
1669019622138 0.4195086658000946 867
1669019694307 0.43063583970069885 1084
1669019766563 0.4498554766178131 1301
1669019839102 0.46416184306144714 1518
1669019911413 0.46950867772102356 1735
1669019983748 0.4804913401603699 1952
1669020056387 0.4887283146381378 2169
1669020128659 0.502601146697998 2386
1669020200780 0.5205202102661133 2603
1669020272941 0.5332369804382324 2820
1669020345103 0.5430635809898376 3037
1669020417064 0.5505780577659607 3254
1669020489333 0.5609826445579529 3471
1669020561601 0.5758670568466187 3688
1669020633871 0.5916184782981873 3905
1669020706018 0.5942196249961853 4122
1669020778320 0.6080924868583679 4339
1669020850604 0.6073699593544006 4556
1669020922620 0.61690753698349 4773
1669020994670 0.6208092570304871 4990
1669021067108 0.6315028667449951 5207
1669021139400 0.6372832655906677 5424
1669021212099 0.6436415910720825 5641
1669021284215 0.6456647515296936 5858
1669021356260 0.6531791687011719 6075
1669021428283 0.6518785953521729 6292
1669021500436 0.6598265767097473 6509
1669021573040 0.6664739847183228 6726
1669021645188 0.6625722646713257 6943
1669021717201 0.6641618609428406 7160
1669021789269 0.6699422001838684 7377
1669021861390 0.6754335165023804 7594
1669021934043 0.6771676540374756 7811
1669022006227 0.6736994385719299 8028
1669022078596 0.6741329431533813 8245
1669022150959 0.6747109889984131 8462
1669022223228 0.675000011920929 8679
1669022295520 0.677601158618927 8896
1669022367723 0.6804913282394409 9113
1669022440060 0.6784682273864746 9330
1669022512548 0.6841040253639221 9547
1669022584988 0.6823699474334717 9764
1669022657261 0.6810693740844727 9981
1669022729337 0.6823699474334717 10198
1669022801637 0.6835260391235352 10415
1669022873549 0.6806358098983765 10632
1669022945853 0.686994194984436 10849
1669023018173 0.6852601170539856 11066
1669023090147 0.6828034520149231 11283
1669023162579 0.6861271858215332 11500
1669023238135 0.6807803511619568 11717
1669023310536 0.6877167820930481 11934
1669023383020 0.6826589703559875 12151
1669023455612 0.6832370162010193 12368
1669023527856 0.6867052316665649 12585
1669023600170 0.6823699474334717 12802
1669023672266 0.6877167820930481 13019
1669023744463 0.6897398829460144 13236
1669023816420 0.6874277591705322 13453
1669023888780 0.6888728141784668 13670
1669023960976 0.6864162087440491 13887
1669024033262 0.6829479932785034 14104
1669024105586 0.6881502866744995 14321
1669024177976 0.6894508600234985 14538
1669024250348 0.685693621635437 14755
1669024322327 0.6895954012870789 14972
1669024394700 0.6861271858215332 15189
1669024467109 0.6872832179069519 15406
1669024539514 0.6882947683334351 15623
1669024611527 0.6887283325195312 15840
1669024683802 0.686994194984436 16057
1669024756299 0.6854045987129211 16274
1669024828767 0.6884393095970154 16491
1669024901302 0.6875722408294678 16708
1669024973430 0.6849710941314697 16925
1669025045743 0.6888728141784668 17142
1669025117742 0.688005805015564 17359
1669025189777 0.6862716674804688 17576
1669025261831 0.6926300525665283 17793
1669025333894 0.6887283325195312 18010
1669025406236 0.6887283325195312 18227
1669025478486 0.6852601170539856 18444
1669025550648 0.684393048286438 18661
1669025622886 0.6822254061698914 18878
1669025695309 0.6921965479850769 19095
1669025767958 0.6848266124725342 19312
1669025840193 0.6846820712089539 19529
1669025912815 0.6875722408294678 19746
1669025984861 0.689306378364563 19963
1669026057478 0.6874277591705322 20180
1669026129901 0.6839595437049866 20397
1669026202181 0.6861271858215332 20614
1669026274668 0.68511563539505 20831
1669026346829 0.6885837912559509 21048
1669026419192 0.6911849975585938 21265
1669026491486 0.690606951713562 21482
1669026563803 0.6888728141784668 21699
1669026635787 0.6916185021400452 21916
1669026708106 0.6903179287910461 22133
1669026780374 0.6887283325195312 22350
1669026852613 0.6882947683334351 22567
1669026924821 0.6874277591705322 22784
1669026997190 0.6888728141784668 23001
1669027069797 0.6882947683334351 23218
1669027141447 0.6884393095970154 23435
1669027214026 0.690606951713562 23652
1669027286683 0.6989884376525879 23869
1669027358918 0.6907514333724976 24086
1669027431459 0.6921965479850769 24303
1669027503347 0.688005805015564 24520
1669027575537 0.690606951713562 24737
1669027647900 0.6903179287910461 24954
1669027720083 0.6908959746360779 25171
1669027792359 0.6878612637519836 25388
1669027864534 0.6900289058685303 25605
1669027936830 0.6959537863731384 25822
1669028009116 0.6958092451095581 26039
1669028081197 0.691907525062561 26256
1669028153566 0.6913294792175293 26473
1669028225828 0.6929190754890442 26690
1669028298043 0.6911849975585938 26907
1669028370328 0.6874277591705322 27124
1669028442498 0.6884393095970154 27341
1669028514608 0.691907525062561 27558
1669028586815 0.6926300525665283 27775
1669028659291 0.6923410296440125 27992
1669028731735 0.6907514333724976 28209
1669028803869 0.6894508600234985 28426
1669028875838 0.6921965479850769 28643
1669028948236 0.6888728141784668 28860
1669029020599 0.6904624104499817 29077
1669029092800 0.6871387362480164 29294
1669029165359 0.6953757405281067 29511
1669029237497 0.6910404562950134 29728
1669029309687 0.6924855709075928 29945
1669029381994 0.6882947683334351 30162
1669029454228 0.6895954012870789 30379
1669029526614 0.6874277591705322 30596
1669029598622 0.689306378364563 30813
1669029670651 0.6934971213340759 31030
1669029742884 0.6945086717605591 31247
1669029815105 0.6921965479850769 31464
1669029887218 0.6926300525665283 31681
1669029959537 0.6917629837989807 31898
1669030031662 0.6887283325195312 32115
1669030103700 0.6950867176055908 32332
1669030175919 0.6916185021400452 32549
1669030248204 0.690606951713562 32766
1669030320359 0.6923410296440125 32983
1669030392639 0.6959537863731384 33200
1669030464841 0.6920520067214966 33417
1669030537216 0.6908959746360779 33634
1669030609633 0.6930635571479797 33851
1669030681836 0.6890173554420471 34068
1669030753851 0.6891618371009827 34285
1669030826334 0.6930635571479797 34502
1669030898362 0.6914739608764648 34719
1669030970607 0.6887283325195312 34936
1669031042616 0.6881502866744995 35153
1669031114950 0.6924855709075928 35370
1669031186844 0.6897398829460144 35587
1669031259031 0.6923410296440125 35804
1669031331107 0.6908959746360779 36021
1669031403029 0.6903179287910461 36238
1669031475541 0.6942196488380432 36455
1669031547291 0.6940751671791077 36672
1669031619423 0.6929190754890442 36889
1669031691547 0.6895954012870789 37106
1669031763750 0.6920520067214966 37323
1669031835724 0.6890173554420471 37540
1669031907763 0.6932080984115601 37757
1669031979586 0.6937861442565918 37974
1669032051656 0.691907525062561 38191
1669032123940 0.6877167820930481 38408
1669032195920 0.6910404562950134 38625
1669032268079 0.6891618371009827 38842
1669032340184 0.6917629837989807 39059
1669032412488 0.6849710941314697 39276
1669032484889 0.6932080984115601 39493
1669032556991 0.6904624104499817 39710
1669032629024 0.6934971213340759 39927
1669032701286 0.6921965479850769 40144
1669032773532 0.6910404562950134 40361
1669032845828 0.6877167820930481 40578
1669032917785 0.6939306259155273 40795
1669032990195 0.6927745938301086 41012
1669033062430 0.6901733875274658 41229
1669033134805 0.6903179287910461 41446
1669033206940 0.6894508600234985 41663
1669033279298 0.6924855709075928 41880
1669033351434 0.6916185021400452 42097
1669033423535 0.6936416029930115 42314
1669033495544 0.6923410296440125 42531
1669033567750 0.6952311992645264 42748
1669033640310 0.6953757405281067 42965
1669033712446 0.6904624104499817 43182
1669033784398 0.6916185021400452 43399
1669033856390 0.6895954012870789 43616
1669033928495 0.694797694683075 43833
1669034000451 0.6845375895500183 44050
1669034072462 0.6907514333724976 44267
1669034144635 0.6908959746360779 44484
1669034216826 0.6933525800704956 44701
1669034288937 0.6911849975585938 44918
1669034361271 0.6937861442565918 45135
1669034433455 0.690606951713562 45352
1669034505526 0.6934971213340759 45569
1669034577718 0.6929190754890442 45786
1669034649991 0.6901733875274658 46003
1669034722066 0.6916185021400452 46220
1669034794138 0.6897398829460144 46437
1669034866555 0.6874277591705322 46654
1669034938674 0.6972543597221375 46871
1669035011093 0.6921965479850769 47088
1669035083003 0.6952311992645264 47305
1669035154860 0.6929190754890442 47522
1669035226669 0.694797694683075 47739
1669035299083 0.6924855709075928 47956
1669035371387 0.6901733875274658 48173
1669035443920 0.6924855709075928 48390
1669035516122 0.6910404562950134 48607
1669035588479 0.6901733875274658 48824
1669035660618 0.691907525062561 49041
1669035732732 0.6943641901016235 49258
1669035804626 0.6924855709075928 49475
1669035877124 0.6940751671791077 49692
1669035949167 0.6926300525665283 49909
1669036021200 0.6891618371009827 50126
1669036093093 0.6917629837989807 50343
1669036165221 0.6897398829460144 50560
1669036237512 0.6940751671791077 50777
1669036309676 0.6926300525665283 50994
1669036381878 0.691907525062561 51211
1669036453867 0.6911849975585938 51428
1669036526050 0.6965317726135254 51645
1669036598166 0.6943641901016235 51862
1669036670495 0.6901733875274658 52079
1669036742720 0.6901733875274658 52296
1669036814995 0.6910404562950134 52513
1669036887059 0.6927745938301086 52730
1669036959164 0.690606951713562 52947
1669037031336 0.6930635571479797 53164
1669037103380 0.6959537863731384 53381
1669037175681 0.6927745938301086 53598
1669037247822 0.6924855709075928 53815
1669037319905 0.6933525800704956 54032
1669037391718 0.6924855709075928 54249
1669037463795 0.6927745938301086 54466
1669037535835 0.6943641901016235 54683
1669037607912 0.6907514333724976 54900
1669037680233 0.6890173554420471 55117
1669037752254 0.691907525062561 55334
1669037824567 0.691907525062561 55551
1669037896821 0.6914739608764648 55768
1669037968736 0.6926300525665283 55985
1669038040967 0.6959537863731384 56202
1669038113093 0.6923410296440125 56419
1669038185161 0.6901733875274658 56636
1669038257158 0.6934971213340759 56853
1669038329327 0.6963872909545898 57070
1669038401371 0.6937861442565918 57287
1669038473655 0.6978323459625244 57504
1669038545938 0.6939306259155273 57721
1669038618108 0.6927745938301086 57938
1669038690405 0.6956647634506226 58155
1669038762407 0.6920520067214966 58372
1669038834426 0.6934971213340759 58589
1669038906763 0.6933525800704956 58806
1669038978774 0.6907514333724976 59023
1669039050818 0.6921965479850769 59240
1669039123136 0.6911849975585938 59457
1669039195483 0.6914739608764648 59674
1669039267676 0.6934971213340759 59891
1669039339988 0.6929190754890442 60108
1669039412259 0.6968207955360413 60325
1669039484278 0.6952311992645264 60542
1669039556454 0.6921965479850769 60759
1669039628686 0.694797694683075 60976
1669039700842 0.6945086717605591 61193
1669039773452 0.6955202221870422 61410
1669039845254 0.6911849975585938 61627
1669039917278 0.6910404562950134 61844
1669039989580 0.6950867176055908 62061
1669040061775 0.6923410296440125 62278
1669040133812 0.691907525062561 62495
1669040206392 0.6955202221870422 62712
1669040278582 0.6958092451095581 62929
1669040350620 0.6939306259155273 63146
1669040423112 0.6877167820930481 63363
1669040495283 0.6916185021400452 63580
1669040567628 0.6940751671791077 63797
1669040639857 0.6908959746360779 64014
1669040711923 0.6888728141784668 64231
1669040784168 0.6945086717605591 64448
1669040856099 0.6921965479850769 64665
1669040928321 0.6933525800704956 64882
1669041000224 0.6888728141784668 65099
