1669608890682 147.5 216
1669608965619 126.0 433
1669609041356 171.75 650
1669609116600 141.25 867
1669609192378 168.75 1084
1669609267863 144.0 1301
1669609343634 141.0 1518
1669609419134 51.5 1735
1669609495017 128.75 1952
1669609570563 7.25 2169
1669609646787 110.75 2386
1669609722505 110.0 2603
1669609798475 114.5 2820
1669609874251 151.25 3037
1669609950317 138.75 3254
1669610026048 145.75 3471
1669610101964 150.5 3688
1669610177659 143.75 3905
1669610253597 168.5 4122
1669610329185 164.75 4339
1669610404810 154.75 4556
1669610480629 175.5 4773
1669610556326 167.5 4990
1669610632245 187.25 5207
1669610708023 165.75 5424
1669610783922 185.75 5641
1669610859853 185.25 5858
1669610935769 191.0 6075
1669611011636 182.75 6292
1669611087781 185.25 6509
1669611163542 192.75 6726
1669611239902 188.25 6943
1669611315963 196.5 7160
1669611391726 179.25 7377
1669611467795 184.5 7594
1669611543367 190.5 7811
1669611619439 198.25 8028
1669611695212 198.25 8245
1669611770943 185.5 8462
1669611846686 203.25 8679
1669611922888 203.75 8896
1669611998826 206.0 9113
1669612074813 204.0 9330
1669612151119 206.0 9547
1669612227474 204.75 9764
1669612303378 205.0 9981
1669612379416 201.5 10198
1669612455617 200.0 10415
1669612531578 204.5 10632
1669612607357 198.25 10849
1669612683407 202.0 11066
1669612759477 202.25 11283
1669612834821 202.75 11500
1669612910924 205.0 11717
1669612986653 203.5 11934
1669613062764 206.25 12151
1669613138782 207.0 12368
1669613214796 200.75 12585
1669613290455 205.25 12802
1669613366705 198.0 13019
1669613442391 204.5 13236
1669613518575 199.0 13453
1669613594395 201.5 13670
1669613670564 200.25 13887
1669613746265 195.0 14104
1669613822265 204.75 14321
1669613898493 206.0 14538
1669613974917 204.0 14755
1669614050787 194.25 14972
1669614126969 203.25 15189
1669614202970 200.75 15406
1669614279077 197.25 15623
1669614354978 202.25 15840
1669614431088 192.0 16057
1669614507043 200.5 16274
1669614583271 202.25 16491
1669614659264 199.25 16708
1669614735267 199.25 16925
1669614811319 199.25 17142
1669614886924 208.0 17359
1669614963247 200.25 17576
1669615039189 200.0 17793
1669615115234 208.75 18010
1669615191224 203.5 18227
1669615267367 209.5 18444
1669615343290 205.5 18661
1669615419765 205.5 18878
1669615495739 204.25 19095
1669615571825 216.25 19312
1669615647892 192.75 19529
1669615723791 202.75 19746
1669615799774 200.25 19963
1669615875817 202.5 20180
1669615951725 203.0 20397
1669616027642 207.75 20614
1669616103622 205.75 20831
1669616179638 207.0 21048
1669616255618 205.75 21265
1669616331548 205.25 21482
1669616407348 205.75 21699
1669616483385 204.25 21916
1669616559198 207.5 22133
1669616635128 207.25 22350
1669616711426 206.5 22567
1669616787296 205.0 22784
1669616863387 208.75 23001
1669616939425 205.25 23218
1669617015954 209.25 23435
1669617091869 206.0 23652
1669617168218 207.75 23869
1669617244079 208.0 24086
1669617320414 207.0 24303
1669617396072 209.25 24520
1669617472185 207.75 24737
1669617548281 206.5 24954
1669617624148 206.0 25171
1669617700034 204.5 25388
1669617776094 207.0 25605
1669617852121 199.0 25822
1669617928142 195.25 26039
1669618004173 203.25 26256
1669618080354 205.75 26473
1669618156598 203.75 26690
1669618232609 207.25 26907
1669618308567 206.75 27124
1669618384601 206.5 27341
1669618460727 208.0 27558
1669618536724 206.75 27775
1669618612674 208.5 27992
1669618688941 207.5 28209
1669618765123 208.0 28426
1669618841043 204.0 28643
1669618917009 17.0 28860
1669618993272 201.5 29077
1669619069486 201.0 29294
1669619145473 203.5 29511
1669619221539 202.75 29728
1669619297896 188.75 29945
1669619373847 204.25 30162
1669619450306 201.0 30379
1669619526036 199.0 30596
1669619602846 197.5 30813
1669619678773 206.25 31030
1669619755192 198.5 31247
1669619830999 204.5 31464
1669619907584 203.5 31681
1669619983207 206.25 31898
1669620059245 204.75 32115
1669620135340 196.5 32332
1669620211526 195.75 32549
1669620287529 201.75 32766
1669620363943 202.75 32983
1669620440015 206.0 33200
1669620516000 199.5 33417
1669620592048 202.25 33634
1669620668160 206.75 33851
1669620744232 205.75 34068
1669620820115 196.25 34285
1669620895970 198.5 34502
1669620971794 199.5 34719
1669621047888 197.0 34936
1669621123833 205.75 35153
1669621199906 198.5 35370
1669621275823 196.25 35587
1669621351896 199.25 35804
1669621427834 201.25 36021
1669621503686 196.75 36238
1669621580084 205.25 36455
1669621655758 192.25 36672
1669621732174 200.0 36889
1669621808142 205.25 37106
1669621884192 205.75 37323
1669621959638 203.25 37540
1669622035908 204.5 37757
1669622111987 204.25 37974
1669622187866 189.25 38191
1669622263771 196.75 38408
1669622339672 192.75 38625
1669622415845 196.75 38842
1669622492219 204.5 39059
1669622568309 207.25 39276
1669622644350 190.25 39493
1669622720381 190.25 39710
1669622796559 202.25 39927
1669622872254 204.0 40144
1669622948210 202.25 40361
1669623024199 203.0 40578
1669623100432 205.5 40795
1669623176442 203.25 41012
1669623252342 202.0 41229
1669623328564 201.5 41446
1669623404329 201.5 41663
1669623480222 203.25 41880
1669623556233 193.0 42097
1669623632440 199.0 42314
1669623708534 206.5 42531
1669623784523 202.0 42748
1669623860880 199.25 42965
1669623937022 201.25 43182
1669624012843 205.0 43399
1669624088757 203.25 43616
1669624165122 202.5 43833
1669624241298 205.0 44050
1669624317236 204.5 44267
1669624393202 200.5 44484
1669624468999 205.75 44701
1669624544858 201.0 44918
1669624621077 202.75 45135
1669624696872 201.0 45352
1669624773359 204.5 45569
1669624849199 203.5 45786
1669624925229 203.25 46003
1669625001071 203.5 46220
1669625077052 205.25 46437
1669625152825 204.0 46654
1669625228722 200.0 46871
1669625304991 204.0 47088
1669625380569 207.0 47305
1669625456566 205.75 47522
1669625532420 205.5 47739
1669625608560 205.25 47956
1669625684463 204.75 48173
1669625760949 205.25 48390
1669625837065 204.25 48607
1669625913132 206.25 48824
1669625989358 205.25 49041
1669626065748 203.0 49258
1669626141795 201.5 49475
1669626217985 201.75 49692
1669626294139 200.5 49909
1669626370418 199.75 50126
1669626446662 203.75 50343
1669626523056 200.75 50560
1669626598975 201.5 50777
1669626675494 204.25 50994
1669626751872 206.25 51211
1669626828414 199.75 51428
1669626904479 198.0 51645
1669626981010 201.0 51862
1669627056893 201.25 52079
1669627133430 205.0 52296
1669627209173 202.75 52513
1669627285135 203.5 52730
1669627361514 202.25 52947
1669627437306 206.0 53164
1669627513399 202.0 53381
1669627589129 202.0 53598
1669627665022 196.5 53815
1669627740932 201.5 54032
1669627817019 206.25 54249
1669627893215 203.25 54466
1669627969212 204.0 54683
1669628045207 201.25 54900
1669628121454 204.25 55117
1669628197061 202.0 55334
1669628273203 198.0 55551
1669628349430 200.75 55768
1669628425552 199.0 55985
1669628501949 199.75 56202
1669628578926 200.0 56419
1669628654656 202.25 56636
1669628731526 204.0 56853
1669628807569 204.0 57070
1669628883403 203.5 57287
1669628959730 200.75 57504
1669629035732 205.75 57721
1669629111766 201.75 57938
1669629187710 203.75 58155
1669629264195 197.75 58372
1669629340119 198.0 58589
1669629416120 199.5 58806
1669629492103 199.0 59023
1669629568064 198.5 59240
1669629644028 194.25 59457
1669629719857 194.25 59674
1669629795781 197.0 59891
1669629871688 200.0 60108
1669629947355 199.75 60325
1669630023286 194.5 60542
1669630099211 196.0 60759
1669630174976 201.5 60976
1669630251063 200.0 61193
1669630326841 203.75 61410
1669630403351 203.0 61627
1669630479423 200.25 61844
1669630555521 199.0 62061
1669630631472 200.5 62278
1669630707590 204.75 62495
1669630783772 201.5 62712
1669630859485 203.0 62929
1669630935536 202.25 63146
1669631011470 203.0 63363
1669631087608 201.0 63580
1669631163329 200.25 63797
1669631239953 202.75 64014
1669631315599 196.25 64231
1669631391783 202.0 64448
1669631467751 199.75 64665
1669631543976 199.0 64882
1669631619937 201.75 65099
