1669608834824 0.25 49
1669608849361 0.6666666865348816 99
1669608864154 0.9090909361839294 149
1669608878762 0.4000000059604645 199
1669608905424 0.888888955116272 249
1669608919900 0.2857142984867096 299
1669608934366 0.444444477558136 349
1669608948842 0.800000011920929 399
1669608975587 0.2857142984867096 449
1669608990227 0.6666666865348816 499
1669609004912 0.444444477558136 549
1669609019568 0.4000000059604645 599
1669609034098 0.0 649
1669609060999 0.5 699
1669609075533 0.3333333432674408 749
1669609090068 0.25 799
1669609104591 0.0 849
1669609131279 0.8333333134651184 899
1669609145918 0.0 949
1669609160547 0.2857142984867096 999
1669609175180 0.5 1049
1669609202042 0.5714285373687744 1099
1669609216751 0.444444477558136 1149
1669609231302 0.3333333432674408 1199
1669609245853 0.222222238779068 1249
1669609260381 0.3333333134651184 1299
1669609287414 0.6666666865348816 1349
1669609301928 0.2857142984867096 1399
1669609316559 0.7272727489471436 1449
1669609331199 0.4000000059604645 1499
1669609357944 0.800000011920929 1549
1669609372523 0.3333333432674408 1599
1669609387028 0.2857142686843872 1649
1669609401615 0.2857142984867096 1699
1669609428634 0.25 1749
1669609443124 0.4000000059604645 1799
1669609457729 0.0 1849
1669609472476 0.2857142984867096 1899
1669609487230 0.2857142686843872 1949
1669609513986 0.0 1999
1669609528570 0.6666666865348816 2049
1669609543095 0.5714285373687744 2099
1669609557612 0.4000000059604645 2149
1669609585189 0.4000000059604645 2199
1669609599755 0.5714285969734192 2249
1669609614320 0.3333333432674408 2299
1669609629016 0.25 2349
1669609656151 0.0 2399
1669609670701 0.6666666865348816 2449
1669609685237 0.8000000715255737 2499
1669609699755 0.75 2549
1669609714261 0.0 2599
1669609741343 0.0 2649
1669609756071 0.4000000059604645 2699
1669609770781 0.4000000059604645 2749
1669609785355 0.4000000059604645 2799
1669609812315 0.4000000059604645 2849
1669609826860 0.5714285373687744 2899
1669609841416 0.0 2949
1669609856118 0.6666666865348816 2999
1669609883298 0.6666666865348816 3049
1669609897976 0.25 3099
1669609912529 0.4000000059604645 3149
1669609927103 0.4000000059604645 3199
1669609941827 0.3333333432674408 3249
1669609968724 0.0 3299
1669609983419 0.7272727489471436 3349
1669609997998 0.0 3399
1669610012639 0.0 3449
1669610039604 0.3333333432674408 3499
1669610054196 0.3333333432674408 3549
1669610068940 0.5714285373687744 3599
1669610083631 0.888888955116272 3649
1669610110537 0.5714285969734192 3699
1669610125030 0.444444477558136 3749
1669610139724 0.5714285373687744 3799
1669610154263 0.6666666865348816 3849
1669610168945 0.888888955116272 3899
1669610195731 0.6666666865348816 3949
1669610210499 0.0 3999
1669610225076 0.5 4049
1669610239838 0.8000000715255737 4099
1669610266782 0.8571428656578064 4149
1669610281227 0.5 4199
1669610295865 0.5714285373687744 4249
1669610310466 0.3333333432674408 4299
1669610337481 0.0 4349
1669610352099 0.3333333432674408 4399
1669610366665 0.800000011920929 4449
1669610381192 0.8571428656578064 4499
1669610395718 0.6666666865348816 4549
1669610422560 0.888888955116272 4599
1669610437194 1.0 4649
1669610452068 0.4000000059604645 4699
1669610466628 0.0 4749
1669610493474 0.4000000059604645 4799
1669610508030 0.5 4849
1669610522722 0.800000011920929 4899
1669610537266 0.4000000059604645 4949
1669610564347 0.6000000238418579 4999
1669610579023 0.3333333432674408 5049
1669610593576 0.4000000059604645 5099
1669610608296 0.4000000059604645 5149
1669610622807 0.75 5199
1669610649762 0.5 5249
1669610664285 0.800000011920929 5299
1669610679103 0.5714285373687744 5349
1669610693832 0.2857142984867096 5399
1669610720682 0.75 5449
1669610735288 0.5714285373687744 5499
1669610749835 0.75 5549
1669610764530 0.888888955116272 5599
1669610791511 0.0 5649
1669610806076 0.5 5699
1669610821037 0.888888955116272 5749
1669610835563 0.0 5799
1669610850141 0.0 5849
1669610877135 0.5714285969734192 5899
1669610891905 0.800000011920929 5949
1669610906569 0.0 5999
1669610921139 0.0 6049
1669610948214 0.6666666865348816 6099
1669610962918 0.4000000059604645 6149
1669610977517 0.5 6199
1669610992089 0.6666666865348816 6249
1669611019057 0.5714285969734192 6299
1669611033722 0.0 6349
1669611048275 0.6666666865348816 6399
1669611063045 0.800000011920929 6449
1669611077719 0.6666666865348816 6499
1669611104860 0.8571428656578064 6549
1669611119415 0.0 6599
1669611134006 0.3333333134651184 6649
1669611148582 0.6666666865348816 6699
1669611175709 0.4000000059604645 6749
1669611190563 0.0 6799
1669611205131 0.8571428656578064 6849
1669611219969 0.5714285373687744 6899
1669611247055 0.6666666865348816 6949
1669611261616 1.0 6999
1669611276404 0.3333333432674408 7049
1669611290946 1.0 7099
1669611305543 0.5714285969734192 7149
1669611332671 0.5714285373687744 7199
1669611347158 0.5714285969734192 7249
1669611361843 0.3333333432674408 7299
1669611376414 0.75 7349
1669611403474 0.4000000059604645 7399
1669611418266 0.2857142686843872 7449
1669611432978 0.0 7499
1669611447495 0.5714285969734192 7549
1669611474639 0.8571428656578064 7599
1669611489322 1.0 7649
1669611503857 0.888888955116272 7699
1669611518368 0.800000011920929 7749
1669611533016 0.5 7799
1669611559831 0.0 7849
1669611574638 0.5 7899
1669611589398 0.888888955116272 7949
1669611603955 0.888888955116272 7999
1669611630826 0.800000011920929 8049
1669611645383 1.0 8099
1669611659929 0.75 8149
1669611674590 0.3333333432674408 8199
1669611701695 0.0 8249
1669611716196 0.4000000059604645 8299
1669611730743 0.3333333432674408 8349
1669611745420 0.0 8399
1669611759944 0.6666666865348816 8449
1669611786950 0.3333333432674408 8499
1669611801647 0.800000011920929 8549
1669611816400 0.4000000059604645 8599
1669611830946 0.5 8649
1669611857958 0.0 8699
1669611872679 0.4000000059604645 8749
1669611887269 0.0 8799
1669611901978 0.6666666865348816 8849
1669611929003 0.800000011920929 8899
1669611943617 0.6000000238418579 8949
1669611958153 0.6666666865348816 8999
1669611972670 0.0 9049
1669611987248 0.3333333432674408 9099
1669612014744 0.5 9149
1669612029324 0.6666666865348816 9199
1669612043966 0.6666666865348816 9249
1669612058559 0.888888955116272 9299
1669612085871 1.0 9349
1669612100597 0.0 9399
1669612115122 0.5 9449
1669612129683 0.6666666865348816 9499
1669612157191 0.8571428656578064 9549
1669612171747 0.0 9599
1669612186428 0.3333333432674408 9649
1669612200985 0.800000011920929 9699
1669612215764 0.75 9749
1669612243037 0.8571428656578064 9799
1669612257733 0.0 9849
1669612272291 0.4000000059604645 9899
1669612286912 0.8000000715255737 9949
1669612313979 0.6666666865348816 9999
1669612328664 0.6666666865348816 10049
1669612343541 0.888888955116272 10099
1669612358105 0.4000000059604645 10149
1669612385101 0.0 10199
1669612399844 0.6666666865348816 10249
1669612414529 0.6666666865348816 10299
1669612429237 1.0 10349
1669612443867 0.5714285373687744 10399
1669612471136 0.5 10449
1669612485739 0.888888955116272 10499
1669612500305 1.0 10549
1669612514880 0.5 10599
1669612541781 0.9090909361839294 10649
1669612556457 1.0 10699
1669612571060 0.6666666865348816 10749
1669612585599 0.6666666865348816 10799
1669612600245 0.0 10849
1669612627456 1.0 10899
1669612642050 0.800000011920929 10949
1669612656630 0.888888955116272 10999
1669612671154 0.6666666865348816 11049
1669612698352 0.0 11099
1669612713059 0.5714285373687744 11149
1669612727633 0.0 11199
1669612742334 0.4000000059604645 11249
1669612769591 0.9090909361839294 11299
1669612784076 0.8571428656578064 11349
1669612798546 0.800000011920929 11399
1669612813023 0.6666666865348816 11449
1669612827626 0.5 11499
1669612854546 0.888888955116272 11549
1669612869118 0.800000011920929 11599
1669612883818 0.75 11649
1669612898669 0.4000000059604645 11699
1669612925665 0.800000011920929 11749
1669612940188 0.5714285373687744 11799
1669612954694 0.5 11849
1669612969254 0.5 11899
1669612996554 0.0 11949
1669613011222 0.0 11999
1669613025915 0.4000000059604645 12049
1669613040422 0.4000000059604645 12099
1669613055073 0.5 12149
1669613082100 0.6666666865348816 12199
1669613096734 0.6666666865348816 12249
1669613111400 1.0 12299
1669613126005 0.8571428656578064 12349
1669613153359 0.6666666865348816 12399
1669613168101 0.8571428656578064 12449
1669613182833 1.0 12499
1669613197334 0.800000011920929 12549
1669613224268 0.0 12599
1669613238816 0.5 12649
1669613253359 0.5714285969734192 12699
1669613267892 0.3333333134651184 12749
1669613282402 0.8571428656578064 12799
1669613309792 0.800000011920929 12849
1669613324588 0.800000011920929 12899
1669613339121 0.75 12949
1669613353669 0.888888955116272 12999
1669613380767 0.4000000059604645 13049
1669613395327 0.6666666865348816 13099
1669613409871 0.5714285373687744 13149
1669613424511 0.6666666865348816 13199
1669613451528 0.6666666865348816 13249
1669613466391 0.8571428656578064 13299
1669613481119 0.6666666865348816 13349
1669613495708 0.75 13399
1669613510254 0.8571428656578064 13449
1669613537364 0.6666666865348816 13499
1669613551933 0.6666666865348816 13549
1669613566480 0.800000011920929 13599
1669613581024 0.2857142686843872 13649
1669613608294 0.75 13699
1669613623143 0.5 13749
1669613637705 0.5 13799
1669613652313 0.0 13849
1669613679339 0.4000000059604645 13899
1669613693866 0.8571428656578064 13949
1669613708481 0.0 13999
1669613723101 0.8571428656578064 14049
1669613737677 0.5714285373687744 14099
1669613764686 0.6666666865348816 14149
1669613779235 0.800000011920929 14199
1669613794145 1.0 14249
1669613808720 0.800000011920929 14299
1669613835804 0.75 14349
1669613850407 0.800000011920929 14399
1669613865013 0.6666666865348816 14449
1669613879733 0.8571428656578064 14499
1669613907294 0.800000011920929 14549
1669613921865 0.5714285969734192 14599
1669613936567 1.0 14649
1669613951351 0.5714285969734192 14699
1669613965922 0.5 14749
1669613993059 0.0 14799
1669614007687 0.5 14849
1669614022381 0.800000011920929 14899
1669614036959 0.75 14949
1669614064273 1.0 14999
1669614078879 0.5 15049
1669614093468 0.4000000059604645 15099
1669614108064 0.2857142686843872 15149
1669614135344 0.4000000059604645 15199
1669614149894 0.5 15249
1669614164578 0.800000011920929 15299
1669614179154 0.75 15349
1669614193853 0.6666666865348816 15399
1669614220863 0.800000011920929 15449
1669614235455 0.4000000059604645 15499
1669614250204 0.75 15549
1669614264959 0.4000000059604645 15599
1669614291996 0.5 15649
1669614306503 0.75 15699
1669614321208 0.5714285373687744 15749
1669614335737 0.5714285373687744 15799
1669614363081 0.5714285969734192 15849
1669614377656 0.5714285373687744 15899
1669614392207 0.75 15949
1669614406889 0.4000000059604645 15999
1669614421635 0.5714285373687744 16049
1669614448775 0.6666666865348816 16099
1669614463324 0.800000011920929 16149
1669614478003 0.0 16199
1669614492546 0.5 16249
1669614519719 0.5 16299
1669614534472 1.0 16349
1669614549194 1.0 16399
1669614563865 0.5 16449
1669614591052 0.4000000059604645 16499
1669614605587 0.6666666865348816 16549
1669614620147 0.75 16599
1669614635097 0.5 16649
1669614649627 0.6666666865348816 16699
1669614676824 0.444444477558136 16749
1669614691447 0.0 16799
1669614706054 0.5714285969734192 16849
1669614720648 0.444444477558136 16899
1669614747634 0.5714285969734192 16949
1669614762364 0.6666666865348816 16999
1669614776895 0.6666666865348816 17049
1669614791771 0.8571428656578064 17099
1669614818720 0.6666666865348816 17149
1669614833243 0.75 17199
1669614847761 0.800000011920929 17249
1669614862279 0.8571428656578064 17299
1669614876937 0.4000000059604645 17349
1669614903981 0.6666666865348816 17399
1669614918789 0.75 17449
1669614933350 0.0 17499
1669614948156 0.5 17549
1669614975351 0.6666666865348816 17599
1669614989913 1.0 17649
1669615004645 0.888888955116272 17699
1669615019234 0.9090909361839294 17749
1669615046389 0.4000000059604645 17799
1669615061042 0.0 17849
1669615075584 0.3333333432674408 17899
1669615090308 0.6666666865348816 17949
1669615105048 0.5714285373687744 17999
1669615132000 0.5714285373687744 18049
1669615146735 0.0 18099
1669615161302 0.0 18149
1669615175906 0.8571428656578064 18199
1669615203093 0.8571428656578064 18249
1669615217808 1.0 18299
1669615232517 0.5714285969734192 18349
1669615247135 0.6666666865348816 18399
1669615274288 0.6666666865348816 18449
1669615288962 0.0 18499
1669615303489 0.6666666865348816 18549
1669615318021 0.5 18599
1669615332569 0.5 18649
1669615359788 0.0 18699
1669615374555 1.0 18749
1669615389469 1.0 18799
1669615404048 0.6666666865348816 18849
1669615431251 0.5 18899
1669615445827 0.5714285373687744 18949
1669615460409 0.0 18999
1669615474992 0.6666666865348816 19049
1669615502428 0.800000011920929 19099
1669615517131 0.5714285373687744 19149
1669615531748 0.5 19199
1669615546324 0.5 19249
1669615560930 0.75 19299
1669615588145 0.4000000059604645 19349
1669615602697 0.5714285969734192 19399
1669615617367 0.0 19449
1669615631913 0.8571428656578064 19499
1669615659086 0.6666666865348816 19549
1669615673792 0.0 19599
1669615688347 0.8571428656578064 19649
1669615702878 0.75 19699
1669615730072 0.4000000059604645 19749
1669615744615 0.6666666865348816 19799
1669615759331 0.5714285373687744 19849
1669615773834 0.0 19899
1669615788475 0.4000000059604645 19949
1669615815864 1.0 19999
1669615830444 1.0 20049
1669615845031 0.8000000715255737 20099
1669615859720 0.6666666865348816 20149
1669615886803 0.75 20199
1669615901349 0.8571428656578064 20249
1669615915904 0.0 20299
1669615930644 0.6666666865348816 20349
1669615957642 0.3333333432674408 20399
1669615972603 0.800000011920929 20449
1669615987108 0.5 20499
1669616001652 0.6666666865348816 20549
1669616016163 0.8571428656578064 20599
1669616043179 0.6666666865348816 20649
1669616057888 0.5714285373687744 20699
1669616072574 0.6666666865348816 20749
1669616087111 0.4000000059604645 20799
1669616114225 0.6666666865348816 20849
1669616128956 0.6666666865348816 20899
1669616143551 0.0 20949
1669616158158 0.6666666865348816 20999
1669616185339 0.75 21049
1669616199881 1.0 21099
1669616214438 0.800000011920929 21149
1669616229131 0.75 21199
1669616243866 0.3333333432674408 21249
1669616270987 0.5714285969734192 21299
1669616285701 0.5714285373687744 21349
1669616300235 0.0 21399
1669616314766 0.0 21449
1669616341870 0.800000011920929 21499
1669616356422 0.4000000059604645 21549
1669616371072 0.8000000715255737 21599
1669616385594 0.75 21649
1669616400047 0.0 21699
1669616427643 0.6666666865348816 21749
1669616442196 1.0 21799
1669616456749 0.800000011920929 21849
1669616471333 0.5 21899
1669616498551 0.75 21949
1669616513063 0.9230769276618958 21999
1669616527580 0.6666666865348816 22049
1669616542159 0.4000000059604645 22099
1669616569394 0.5 22149
1669616583958 0.0 22199
1669616598538 0.0 22249
1669616613004 0.0 22299
1669616627625 0.7272727489471436 22349
1669616654825 0.5 22399
1669616669497 0.5714285969734192 22449
1669616684244 0.8571428656578064 22499
1669616699015 0.75 22549
1669616726319 0.8571428656578064 22599
1669616740812 0.0 22649
1669616755505 0.0 22699
1669616770050 0.5 22749
1669616797082 0.5714285969734192 22799
1669616811662 0.0 22849
1669616826356 0.4000000059604645 22899
1669616841084 0.888888955116272 22949
1669616855696 0.75 22999
1669616882976 0.0 23049
1669616897758 0.6666666865348816 23099
1669616912348 0.75 23149
1669616926916 0.0 23199
1669616954017 0.800000011920929 23249
1669616968647 0.0 23299
1669616983218 0.6000000238418579 23349
1669616998262 0.6666666865348816 23399
1669617025432 0.5 23449
1669617040143 0.3333333432674408 23499
1669617054745 0.0 23549
1669617069377 0.5 23599
1669617083937 0.6666666865348816 23649
1669617110976 0.6666666865348816 23699
1669617125714 0.8571428656578064 23749
1669617140436 0.0 23799
1669617154991 1.0 23849
1669617182658 0.0 23899
1669617197178 0.0 23949
1669617211694 0.6666666865348816 23999
1669617226241 0.0 24049
1669617253226 0.800000011920929 24099
1669617267784 0.0 24149
1669617282662 0.5 24199
1669617297242 0.6666666865348816 24249
1669617311945 0.5 24299
1669617339193 0.75 24349
1669617353804 0.8571428656578064 24399
1669617368405 0.3333333432674408 24449
1669617382993 0.75 24499
1669617409985 0.5 24549
1669617424659 1.0 24599
1669617439201 0.0 24649
1669617453937 0.8571428656578064 24699
1669617481097 0.0 24749
1669617495817 0.4000000059604645 24799
1669617510389 0.6666666865348816 24849
1669617525069 0.5 24899
1669617539640 0.0 24949
1669617567006 0.6666666865348816 24999
1669617581656 0.6666666865348816 25049
1669617596177 0.75 25099
1669617610704 0.6666666865348816 25149
1669617637645 0.0 25199
1669617652195 0.800000011920929 25249
1669617666885 0.800000011920929 25299
1669617681479 0.8571428656578064 25349
1669617708618 0.0 25399
1669617723139 1.0 25449
1669617737745 0.5 25499
1669617752606 1.0 25549
1669617767201 0.6666666865348816 25599
1669617794202 0.2857142984867096 25649
1669617808802 0.6666666865348816 25699
1669617823536 0.5 25749
1669617838195 0.5 25799
1669617865478 0.8571428656578064 25849
1669617880201 0.5 25899
1669617894763 0.5714285373687744 25949
1669617909336 0.0 25999
1669617936487 0.800000011920929 26049
1669617951028 0.6666666865348816 26099
1669617965787 0.5 26149
1669617980574 0.25 26199
1669617995096 1.0 26249
1669618022184 0.0 26299
1669618036884 0.4000000059604645 26349
1669618051583 0.8571428656578064 26399
1669618066188 0.8571428656578064 26449
1669618093308 0.6666666865348816 26499
1669618107868 1.0 26549
1669618122496 0.6666666865348816 26599
1669618137387 0.4000000059604645 26649
1669618164716 0.75 26699
1669618179269 0.800000011920929 26749
1669618193991 1.0 26799
1669618208580 0.800000011920929 26849
1669618223139 1.0 26899
1669618250219 0.6666666865348816 26949
1669618264756 0.2857142686843872 26999
1669618279314 0.0 27049
1669618294126 0.0 27099
1669618321558 0.4000000059604645 27149
1669618336129 0.4000000059604645 27199
1669618350705 0.4000000059604645 27249
1669618365252 0.4000000059604645 27299
1669618392298 0.6666666865348816 27349
1669618406885 0.6666666865348816 27399
1669618421617 0.6666666865348816 27449
1669618436403 0.0 27499
1669618450992 0.75 27549
1669618478141 0.0 27599
1669618492811 0.6666666865348816 27649
1669618507330 0.75 27699
1669618521873 0.0 27749
1669618549153 0.8571428656578064 27799
1669618563732 0.0 27849
1669618578271 1.0 27899
1669618593129 0.3333333432674408 27949
1669618620082 0.800000011920929 27999
1669618634617 1.0 28049
1669618649463 0.8571428656578064 28099
1669618664116 0.75 28149
1669618678846 0.4000000059604645 28199
1669618705940 0.8571428656578064 28249
1669618720563 0.5 28299
1669618735314 0.6666666865348816 28349
1669618750210 0.8571428656578064 28399
1669618777234 0.8571428656578064 28449
1669618791809 1.0 28499
1669618806517 0.0 28549
1669618821040 0.5 28599
1669618848294 0.0 28649
1669618862826 0.2857142984867096 28699
1669618877619 0.75 28749
1669618892189 0.5714285969734192 28799
1669618906764 0.7272727489471436 28849
1669618933832 0.5 28899
1669618948565 0.6666666865348816 28949
1669618963143 0.6666666865348816 28999
1669618977692 0.6666666865348816 29049
1669619005041 1.0 29099
1669619019891 1.0 29149
1669619034552 1.0 29199
1669619049120 0.3333333134651184 29249
1669619076316 0.800000011920929 29299
1669619090888 0.7272727489471436 29349
1669619105449 0.0 29399
1669619120157 1.0 29449
1669619134849 0.800000011920929 29499
1669619162074 0.6666666865348816 29549
1669619176688 0.5714285373687744 29599
1669619191390 0.0 29649
1669619205972 0.6666666865348816 29699
1669619233139 0.5 29749
1669619247697 0.4000000059604645 29799
1669619262450 0.75 29849
1669619277192 1.0 29899
1669619304533 0.800000011920929 29949
1669619319097 0.888888955116272 29999
1669619333816 0.800000011920929 30049
1669619348377 0.6666666865348816 30099
1669619362936 0.6666666865348816 30149
1669619390035 0.6666666865348816 30199
1669619404776 0.5714285373687744 30249
1669619419614 0.6666666865348816 30299
1669619434185 0.5714285969734192 30349
1669619461447 0.0 30399
1669619475998 0.6000000238418579 30449
1669619490599 0.3333333432674408 30499
1669619505116 0.5 30549
1669619532447 0.6666666865348816 30599
1669619547005 0.75 30649
1669619561777 0.5714285373687744 30699
1669619576571 1.0 30749
1669619591308 0.6666666865348816 30799
1669619618831 0.8571428656578064 30849
1669619633407 0.8571428656578064 30899
1669619648088 0.800000011920929 30949
1669619662633 0.800000011920929 30999
1669619689687 0.0 31049
1669619704550 0.800000011920929 31099
1669619719120 0.6666666865348816 31149
1669619733657 0.5714285969734192 31199
1669619761113 0.8571428656578064 31249
1669619775731 1.0 31299
1669619790314 0.6666666865348816 31349
1669619804870 0.6666666865348816 31399
1669619819433 0.5 31449
1669619846575 1.0 31499
1669619861717 0.75 31549
1669619876279 0.75 31599
1669619891171 0.8571428656578064 31649
1669619918151 1.0 31699
1669619932696 1.0 31749
1669619947241 0.0 31799
1669619961811 0.5 31849
1669619988914 1.0 31899
1669620003586 0.3333333432674408 31949
1669620018330 0.75 31999
1669620032869 0.6666666865348816 32049
1669620047566 0.75 32099
1669620074829 0.800000011920929 32149
1669620089460 0.6666666865348816 32199
1669620104117 1.0 32249
1669620118744 0.4000000059604645 32299
1669620145681 0.5 32349
1669620160266 0.8571428656578064 32399
1669620174888 0.6666666865348816 32449
1669620189890 0.0 32499
1669620204257 0.0 32549
1669620231497 0.6666666865348816 32599
1669620246114 1.0 32649
1669620260653 0.800000011920929 32699
1669620275483 0.8571428656578064 32749
1669620302520 0.4000000059604645 32799
1669620317532 0.3333333432674408 32849
1669620332115 0.75 32899
1669620346803 0.5714285373687744 32949
1669620374086 0.75 32999
1669620388628 0.5 33049
1669620403285 0.800000011920929 33099
1669620417824 0.3333333432674408 33149
1669620432459 1.0 33199
1669620459713 0.800000011920929 33249
1669620474264 0.800000011920929 33299
1669620488917 0.8571428656578064 33349
1669620503533 0.0 33399
1669620530845 1.0 33449
1669620545443 0.800000011920929 33499
1669620560012 0.4000000059604645 33549
1669620574729 0.4000000059604645 33599
1669620601941 0.0 33649
1669620616492 0.5714285373687744 33699
1669620631138 1.0 33749
1669620645755 0.800000011920929 33799
1669620660424 0.8571428656578064 33849
1669620687630 1.0 33899
1669620702278 0.800000011920929 33949
1669620716991 1.0 33999
1669620731571 0.6666666865348816 34049
1669620758698 0.6666666865348816 34099
1669620773395 0.5 34149
1669620788066 0.5 34199
1669620802604 1.0 34249
1669620829548 0.6666666865348816 34299
1669620844382 0.4000000059604645 34349
1669620858892 0.5 34399
1669620873400 0.4000000059604645 34449
1669620887927 0.5 34499
1669620915112 0.0 34549
1669620929931 1.0 34599
1669620944473 0.888888955116272 34649
1669620959025 0.3333333432674408 34699
1669620985977 1.0 34749
1669621000746 0.5 34799
1669621015256 0.800000011920929 34849
1669621029814 0.800000011920929 34899
1669621057097 0.6666666865348816 34949
1669621071744 0.0 34999
1669621086308 0.6666666865348816 35049
1669621100990 0.800000011920929 35099
1669621115546 1.0 35149
1669621142920 0.5 35199
1669621157474 0.5714285969734192 35249
1669621172050 0.0 35299
1669621186622 0.6666666865348816 35349
1669621213878 0.5714285969734192 35399
1669621228427 0.0 35449
1669621242996 0.75 35499
1669621257549 0.5 35549
1669621284673 0.888888955116272 35599
1669621299206 0.6666666865348816 35649
1669621313894 0.6666666865348816 35699
1669621328613 0.3333333432674408 35749
1669621343186 0.0 35799
1669621370382 0.8571428656578064 35849
1669621384971 1.0 35899
1669621399640 0.800000011920929 35949
1669621414348 0.3333333432674408 35999
1669621441595 0.3333333432674408 36049
1669621456104 1.0 36099
1669621470674 0.3333333432674408 36149
1669621485265 0.5 36199
1669621512413 0.0 36249
1669621526985 0.5 36299
1669621541683 0.8571428656578064 36349
1669621556493 0.0 36399
1669621571189 0.3333333432674408 36449
1669621598277 1.0 36499
1669621612793 0.8571428656578064 36549
1669621627351 0.6666666865348816 36599
1669621641977 0.6666666865348816 36649
1669621668896 0.5 36699
1669621683658 0.6666666865348816 36749
1669621698531 0.4000000059604645 36799
1669621713120 0.5714285373687744 36849
1669621740355 0.5714285373687744 36899
1669621754962 0.800000011920929 36949
1669621769550 0.800000011920929 36999
1669621784160 0.6666666865348816 37049
1669621798759 0.8571428656578064 37099
1669621826143 0.888888955116272 37149
1669621840754 0.75 37199
1669621855274 0.2857142686843872 37249
1669621869981 0.0 37299
1669621897037 0.6666666865348816 37349
1669621911581 0.6666666865348816 37399
1669621926070 0.8571428656578064 37449
1669621940590 0.5 37499
1669621967678 0.5714285373687744 37549
1669621982168 0.6666666865348816 37599
1669621996789 0.0 37649
1669622011433 0.5714285373687744 37699
1669622026070 0.0 37749
1669622053483 0.888888955116272 37799
1669622068162 0.0 37849
1669622082784 0.6666666865348816 37899
1669622097394 1.0 37949
1669622124687 0.9090909361839294 37999
1669622139205 0.6666666865348816 38049
1669622153865 0.75 38099
1669622168425 0.800000011920929 38149
1669622195587 1.0 38199
1669622210107 0.4000000059604645 38249
1669622224646 0.5 38299
1669622239265 1.0 38349
1669622253849 0.4000000059604645 38399
1669622281064 0.800000011920929 38449
1669622295786 0.800000011920929 38499
1669622310335 0.6666666865348816 38549
1669622325029 0.6666666865348816 38599
1669622352204 0.6666666865348816 38649
1669622367004 0.3333333432674408 38699
1669622381586 0.6666666865348816 38749
1669622396295 0.8333333730697632 38799
1669622423234 0.0 38849
1669622437931 0.8571428656578064 38899
1669622452690 0.5 38949
1669622467373 0.8571428656578064 38999
1669622482125 0.0 39049
1669622509295 0.5 39099
1669622523868 0.6666666865348816 39149
1669622538636 0.6666666865348816 39199
1669622553346 0.6666666865348816 39249
1669622580380 0.0 39299
1669622594916 0.6666666865348816 39349
1669622609624 1.0 39399
1669622624226 0.6666666865348816 39449
1669622651429 0.6666666865348816 39499
1669622666281 0.6000000238418579 39549
1669622680838 0.75 39599
1669622695522 0.0 39649
1669622710089 0.0 39699
1669622737145 0.5 39749
1669622751704 0.6666666865348816 39799
1669622766363 0.0 39849
1669622780878 0.888888955116272 39899
1669622808275 0.75 39949
1669622822827 0.5 39999
1669622837616 0.8000000715255737 40049
1669622852105 1.0 40099
1669622878976 0.4000000059604645 40149
1669622893502 1.0 40199
1669622908116 0.6666666865348816 40249
1669622922878 0.6666666865348816 40299
1669622937612 0.5 40349
1669622964886 0.800000011920929 40399
1669622979471 0.6666666865348816 40449
1669622994129 0.6666666865348816 40499
1669623008639 0.5 40549
1669623035791 0.0 40599
1669623050682 0.5714285373687744 40649
1669623065279 0.6000000238418579 40699
1669623079851 0.5714285969734192 40749
1669623107064 0.5 40799
1669623121743 0.8571428656578064 40849
1669623136311 0.0 40899
1669623150948 1.0 40949
1669623165474 0.888888955116272 40999
1669623192616 0.5714285373687744 41049
1669623207201 0.6666666865348816 41099
1669623222017 0.0 41149
1669623236571 0.6666666865348816 41199
1669623263708 0.5 41249
1669623278377 0.5 41299
1669623292997 0.6666666865348816 41349
1669623307553 0.5 41399
1669623334830 0.6666666865348816 41449
1669623349455 0.75 41499
1669623364082 0.5714285969734192 41549
1669623378604 0.5714285373687744 41599
1669623393135 0.800000011920929 41649
1669623420156 0.0 41699
1669623434740 0.6666666865348816 41749
1669623449477 0.5 41799
1669623464154 0.800000011920929 41849
1669623491235 0.75 41899
1669623505775 0.0 41949
1669623520461 0.6666666865348816 41999
1669623535127 0.888888955116272 42049
1669623562243 0.5 42099
1669623576814 0.5 42149
1669623591522 0.0 42199
1669623606081 0.4000000059604645 42249
1669623620678 0.6666666865348816 42299
1669623647970 0.5714285373687744 42349
1669623662570 0.6666666865348816 42399
1669623677167 0.800000011920929 42449
1669623692017 0.5 42499
1669623719129 0.5 42549
1669623733872 1.0 42599
1669623748387 0.6666666865348816 42649
1669623762964 1.0 42699
1669623790301 0.6666666865348816 42749
1669623804962 0.8571428656578064 42799
1669623819596 0.6666666865348816 42849
1669623834298 0.5 42899
1669623849054 0.800000011920929 42949
1669623876275 0.0 42999
1669623891065 0.8571428656578064 43049
1669623905578 0.3333333134651184 43099
1669623920300 0.0 43149
1669623947301 0.8571428656578064 43199
1669623961955 0.3333333432674408 43249
1669623976514 0.6666666865348816 43299
1669623991214 0.6666666865348816 43349
1669624005559 0.0 43399
1669624032948 0.6666666865348816 43449
1669624047472 0.5 43499
1669624062106 0.8571428656578064 43549
1669624076650 0.0 43599
1669624104100 0.800000011920929 43649
1669624118767 0.5 43699
1669624133582 0.6666666865348816 43749
1669624148215 0.75 43799
1669624175216 0.8333333134651184 43849
1669624189949 0.0 43899
1669624204505 0.8571428656578064 43949
1669624219196 0.8571428656578064 43999
1669624233921 0.5 44049
1669624261055 0.8571428656578064 44099
1669624275623 0.75 44149
1669624290183 0.6666666865348816 44199
1669624304723 0.5 44249
1669624331928 0.6666666865348816 44299
1669624346525 0.6666666865348816 44349
1669624361270 0.6666666865348816 44399
1669624375970 0.6666666865348816 44449
1669624402950 0.3333333432674408 44499
1669624417669 0.8571428656578064 44549
1669624432238 1.0 44599
1669624446795 0.888888955116272 44649
1669624461481 0.6000000238418579 44699
1669624488502 0.800000011920929 44749
1669624503008 0.3333333432674408 44799
1669624517537 0.8571428656578064 44849
1669624532222 0.0 44899
1669624559300 0.3333333134651184 44949
1669624573861 0.6666666865348816 44999
1669624588549 0.0 45049
1669624603244 0.6666666865348816 45099
1669624630531 0.5 45149
1669624645083 0.75 45199
1669624659634 0.6666666865348816 45249
1669624674180 0.6666666865348816 45299
1669624688799 0.6666666865348816 45349
1669624716116 0.800000011920929 45399
1669624730762 0.0 45449
1669624745703 0.6666666865348816 45499
1669624760426 0.5999999642372131 45549
1669624787473 0.4000000059604645 45599
1669624802055 0.5 45649
1669624816615 0.6666666865348816 45699
1669624831195 0.6666666865348816 45749
1669624858357 0.75 45799
1669624873252 0.0 45849
1669624887956 0.5714285969734192 45899
1669624902509 0.800000011920929 45949
1669624917031 0.444444477558136 45999
1669624944018 0.8333333730697632 46049
1669624958578 1.0 46099
1669624973261 1.0 46149
1669624987805 0.75 46199
1669625015097 0.888888955116272 46249
1669625029746 0.8000000715255737 46299
1669625044307 0.0 46349
1669625058837 1.0 46399
1669625085870 0.0 46449
1669625100393 0.2857142686843872 46499
1669625115035 0.7272727489471436 46549
1669625129687 1.0 46599
1669625144170 0.4000000059604645 46649
1669625171383 0.800000011920929 46699
1669625186080 0.6666666865348816 46749
1669625200630 0.8571428656578064 46799
1669625215197 0.800000011920929 46849
1669625242457 0.75 46899
1669625256964 0.5714285373687744 46949
1669625271539 0.800000011920929 46999
1669625286370 0.0 47049
1669625313533 0.5714285373687744 47099
1669625328091 0.4000000059604645 47149
1669625342616 0.6666666865348816 47199
1669625357141 0.0 47249
1669625371681 0.800000011920929 47299
1669625398765 0.5 47349
1669625413489 0.9090909361839294 47399
1669625428046 0.4000000059604645 47449
1669625442621 0.800000011920929 47499
1669625469768 0.6666666865348816 47549
1669625484461 0.800000011920929 47599
1669625499034 0.0 47649
1669625513639 0.800000011920929 47699
1669625540917 0.5 47749
1669625555455 0.75 47799
1669625570016 0.888888955116272 47849
1669625584720 0.6666666865348816 47899
1669625599448 0.5 47949
1669625626540 0.6666666865348816 47999
1669625641097 0.6666666865348816 48049
1669625655773 0.75 48099
1669625670343 0.888888955116272 48149
1669625697408 0.8571428656578064 48199
1669625711988 0.3333333432674408 48249
1669625726705 0.0 48299
1669625741365 0.800000011920929 48349
1669625769027 1.0 48399
1669625783713 0.0 48449
1669625798385 0.8571428656578064 48499
1669625812937 0.6666666865348816 48549
1669625827492 0.3333333432674408 48599
1669625854656 1.0 48649
1669625869288 0.5454545021057129 48699
1669625883853 0.6666666865348816 48749
1669625898707 0.0 48799
1669625925947 0.5714285373687744 48849
1669625940693 0.0 48899
1669625955318 0.6666666865348816 48949
1669625969942 0.4000000059604645 48999
1669625997145 0.75 49049
1669626011713 1.0 49099
1669626026473 1.0 49149
1669626041276 0.4000000059604645 49199
1669626055896 0.888888955116272 49249
1669626083082 0.5 49299
1669626097626 0.4000000059604645 49349
1669626112264 0.5714285969734192 49399
1669626126968 0.7272727489471436 49449
1669626154267 0.0 49499
1669626168818 1.0 49549
1669626183650 0.5 49599
1669626198202 0.800000011920929 49649
1669626225637 0.0 49699
1669626240213 0.6666666865348816 49749
1669626254821 0.75 49799
1669626269505 0.0 49849
1669626284090 0.2857142686843872 49899
1669626311152 0.0 49949
1669626325857 0.6666666865348816 49999
1669626340597 0.8571428656578064 50049
1669626355529 0.4000000059604645 50099
1669626382653 1.0 50149
1669626397242 1.0 50199
1669626411859 0.888888955116272 50249
1669626426449 0.5714285969734192 50299
1669626453783 0.5 50349
1669626468565 0.6666666865348816 50399
1669626483158 0.7692307233810425 50449
1669626497792 0.5714285373687744 50499
1669626512614 0.800000011920929 50549
1669626539765 0.5 50599
1669626554360 0.0 50649
1669626569026 0.6666666865348816 50699
1669626583725 0.6666666865348816 50749
1669626610764 1.0 50799
1669626625490 0.6666666865348816 50849
1669626640321 0.6666666865348816 50899
1669626655200 0.6666666865348816 50949
1669626682447 0.5 50999
1669626697211 1.0 51049
1669626711841 0.0 51099
1669626726587 0.3333333432674408 51149
1669626741235 0.0 51199
1669626768580 0.5714285373687744 51249
1669626783464 0.2857142984867096 51299
1669626798242 0.5 51349
1669626812840 0.5 51399
1669626839905 0.3333333432674408 51449
1669626854493 0.0 51499
1669626869110 0.444444477558136 51549
1669626883752 0.888888955116272 51599
1669626911121 1.0 51649
1669626925812 0.4000000059604645 51699
1669626940670 0.75 51749
1669626955304 0.6666666865348816 51799
1669626969932 0.2857142984867096 51849
1669626997333 0.6666666865348816 51899
1669627011880 0.6666666865348816 51949
1669627026480 0.0 51999
1669627041030 0.6666666865348816 52049
1669627068263 1.0 52099
1669627083146 0.800000011920929 52149
1669627097784 0.0 52199
1669627112572 0.800000011920929 52249
1669627139640 0.2857142686843872 52299
1669627154234 0.2857142984867096 52349
1669627168815 1.0 52399
1669627183376 0.8333333134651184 52449
1669627197920 0.5 52499
1669627224986 0.800000011920929 52549
1669627239795 0.5 52599
1669627254376 0.4000000059604645 52649
1669627268945 0.5714285373687744 52699
1669627296129 0.3333333432674408 52749
1669627310729 0.6666666865348816 52799
1669627325283 0.6666666865348816 52849
1669627340188 0.5 52899
1669627367512 0.5714285969734192 52949
1669627382094 0.0 52999
1669627396672 0.6666666865348816 53049
1669627411189 0.2857142686843872 53099
1669627425870 0.5 53149
1669627453076 0.800000011920929 53199
1669627467636 0.5714285969734192 53249
1669627482309 0.4000000059604645 53299
1669627496984 0.888888955116272 53349
1669627523935 0.75 53399
1669627538492 0.5 53449
1669627553061 0.0 53499
1669627567788 0.4000000059604645 53549
1669627594826 0.6666666865348816 53599
1669627609347 1.0 53649
1669627624007 1.0 53699
1669627638584 0.4000000059604645 53749
1669627653265 0.6666666865348816 53799
1669627680294 1.0 53849
1669627694985 0.0 53899
1669627709666 1.0 53949
1669627724233 0.0 53999
1669627751332 0.5714285373687744 54049
1669627765841 0.6666666865348816 54099
1669627780575 0.5714285969734192 54149
1669627795225 0.800000011920929 54199
1669627809769 1.0 54249
1669627836978 0.444444477558136 54299
1669627851749 0.8000000715255737 54349
1669627866581 0.4000000059604645 54399
1669627881115 0.800000011920929 54449
1669627908358 0.4000000059604645 54499
1669627923064 0.0 54549
1669627937617 0.75 54599
1669627952139 0.800000011920929 54649
1669627979447 0.5 54699
1669627993986 0.9090909361839294 54749
1669628008560 0.888888955116272 54799
1669628023092 0.5 54849
1669628037752 1.0 54899
1669628065011 0.5 54949
1669628079548 0.4000000059604645 54999
1669628094384 0.0 55049
1669628108979 0.6666666865348816 55099
1669628136087 0.0 55149
1669628150628 0.8571428656578064 55199
1669628165293 0.0 55249
1669628179813 0.3333333432674408 55299
1669628206858 0.0 55349
1669628221558 0.6666666865348816 55399
1669628236085 1.0 55449
1669628250624 0.4000000059604645 55499
1669628265384 0.0 55549
1669628292736 0.0 55599
1669628307372 0.5714285969734192 55649
1669628322061 1.0 55699
1669628336702 1.0 55749
1669628363872 1.0 55799
1669628378407 0.6666666865348816 55849
1669628393085 0.4000000059604645 55899
1669628407945 0.3333333134651184 55949
1669628435626 0.800000011920929 55999
1669628450157 0.0 56049
1669628464719 0.8571428656578064 56099
1669628479313 1.0 56149
1669628493916 0.6666666865348816 56199
1669628521379 0.6666666865348816 56249
1669628536046 0.8571428656578064 56299
1669628550990 0.2857142686843872 56349
1669628565945 1.0 56399
1669628593084 0.0 56449
1669628607624 1.0 56499
1669628622200 0.6666666865348816 56549
1669628636769 0.0 56599
1669628663976 1.0 56649
1669628679459 0.9090909361839294 56699
1669628694014 0.4000000059604645 56749
1669628708583 0.6666666865348816 56799
1669628723242 0.8571428656578064 56849
1669628750424 0.7272727489471436 56899
1669628765030 0.75 56949
1669628779561 1.0 56999
1669628794251 0.3333333134651184 57049
1669628821446 0.75 57099
1669628835985 0.75 57149
1669628850661 0.8333333730697632 57199
1669628865209 0.4000000059604645 57249
1669628892368 0.4000000059604645 57299
1669628906920 0.6666666865348816 57349
1669628921600 0.4000000059604645 57399
1669628936140 1.0 57449
1669628950861 0.75 57499
1669628978265 0.8571428656578064 57549
1669628992943 0.75 57599
1669629007494 0.8571428656578064 57649
1669629022078 0.6666666865348816 57699
1669629049313 0.6666666865348816 57749
1669629063847 0.8571428656578064 57799
1669629078413 1.0 57849
1669629093222 1.0 57899
1669629120410 0.800000011920929 57949
1669629135178 0.75 57999
1669629149771 0.0 58049
1669629164354 1.0 58099
1669629178933 0.6666666865348816 58149
1669629206110 0.888888955116272 58199
1669629220862 1.0 58249
1669629235483 1.0 58299
1669629250309 0.888888955116272 58349
1669629277565 0.75 58399
1669629292086 0.6666666865348816 58449
1669629306658 0.800000011920929 58499
1669629321238 0.5 58549
1669629348391 0.5 58599
1669629362929 0.4000000059604645 58649
1669629377437 0.800000011920929 58699
1669629392273 0.6666666865348816 58749
1669629406806 0.0 58799
1669629434027 0.5 58849
1669629448642 0.6666666865348816 58899
1669629463227 0.4000000059604645 58949
1669629477878 0.6666666865348816 58999
1669629505117 1.0 59049
1669629519731 0.8571428656578064 59099
1669629534294 0.75 59149
1669629548790 0.6666666865348816 59199
1669629576226 0.8571428656578064 59249
1669629590756 1.0 59299
1669629605327 0.6666666865348816 59349
1669629619899 0.4000000059604645 59399
1669629634552 0.6666666865348816 59449
1669629661586 0.4000000059604645 59499
1669629676145 0.0 59549
1669629690815 0.0 59599
1669629705377 1.0 59649
1669629732481 0.6666666865348816 59699
1669629747155 0.5 59749
1669629761727 0.6666666865348816 59799
1669629776287 0.0 59849
1669629803650 0.0 59899
1669629818161 0.800000011920929 59949
1669629832734 0.6666666865348816 59999
1669629847258 0.3333333432674408 60049
1669629861873 0.6666666865348816 60099
1669629888939 0.75 60149
1669629903529 0.4000000059604645 60199
1669629918076 0.75 60249
1669629932745 0.5 60299
1669629959813 1.0 60349
1669629974423 0.444444477558136 60399
1669629989133 0.75 60449
1669630003759 0.5 60499
1669630030917 0.6666666865348816 60549
1669630045583 0.5 60599
1669630060100 0.75 60649
1669630074600 0.4000000059604645 60699
1669630089273 1.0 60749
1669630116347 0.0 60799
1669630131008 0.8571428656578064 60849
1669630145534 0.6666666865348816 60899
1669630160075 0.5714285969734192 60949
1669630187074 0.6666666865348816 60999
1669630201630 1.0 61049
1669630216241 1.0 61099
1669630231063 0.0 61149
1669630258171 0.0 61199
1669630272752 0.6000000238418579 61249
1669630287360 0.6666666865348816 61299
1669630301928 0.6666666865348816 61349
1669630316549 0.0 61399
1669630343948 0.5 61449
1669630358676 0.800000011920929 61499
1669630373381 0.0 61549
1669630388083 0.4000000059604645 61599
1669630415135 1.0 61649
1669630429765 0.3333333432674408 61699
1669630444369 0.3333333432674408 61749
1669630459010 0.4000000059604645 61799
1669630486234 0.800000011920929 61849
1669630501058 0.4000000059604645 61899
1669630515569 0.6666666865348816 61949
1669630530308 0.8571428656578064 61999
1669630544889 0.6666666865348816 62049
1669630571910 0.6666666865348816 62099
1669630586499 0.5 62149
1669630601150 0.3333333432674408 62199
1669630615805 0.8571428656578064 62249
1669630642978 0.8571428656578064 62299
1669630657804 0.5999999642372131 62349
1669630672502 0.5714285969734192 62399
1669630687066 0.3333333432674408 62449
1669630714154 0.5 62499
1669630728688 1.0 62549
1669630743255 0.5714285969734192 62599
1669630757959 0.6666666865348816 62649
1669630772673 0.5 62699
1669630799886 0.9230769276618958 62749
1669630814465 0.800000011920929 62799
1669630829034 1.0 62849
1669630843727 0.0 62899
1669630870672 0.9090909361839294 62949
1669630885401 0.800000011920929 62999
1669630900088 0.0 63049
1669630914771 0.75 63099
1669630941743 0.800000011920929 63149
1669630956482 0.0 63199
1669630971068 0.6666666865348816 63249
1669630985797 0.6666666865348816 63299
1669631000320 0.6666666865348816 63349
1669631027423 0.6666666865348816 63399
1669631042252 0.800000011920929 63449
1669631056771 0.4000000059604645 63499
1669631071292 0.3333333134651184 63549
1669631098488 0.6666666865348816 63599
1669631113070 0.4000000059604645 63649
1669631127657 0.8000000715255737 63699
1669631142258 0.5 63749
1669631169435 0.800000011920929 63799
1669631184137 0.5 63849
1669631198782 0.800000011920929 63899
1669631213624 0.6666666865348816 63949
1669631228197 1.0 63999
1669631255518 0.75 64049
1669631270122 0.75 64099
1669631284618 0.8571428656578064 64149
1669631299185 0.6666666865348816 64199
1669631326358 0.0 64249
1669631341159 1.0 64299
1669631355790 0.0 64349
1669631370361 0.8571428656578064 64399
1669631397443 0.3333333432674408 64449
1669631411977 0.8571428656578064 64499
1669631426561 0.2857142984867096 64549
1669631441171 0.6666666865348816 64599
1669631455945 0.3333333432674408 64649
1669631483359 0.5 64699
1669631498088 0.8571428656578064 64749
1669631512737 0.5 64799
1669631527324 1.0 64849
1669631554279 0.800000011920929 64899
1669631568939 0.5 64949
1669631583453 0.5 64999
1669631597987 0.800000011920929 65049
1669631612440 0.0 65099
