1669608895037 0.4264450967311859 216
1669608970313 0.448699414730072 433
1669609045957 0.448699414730072 650
1669609121345 0.4586705267429352 867
1669609197035 0.4599711000919342 1084
1669609272527 0.47268787026405334 1301
1669609348317 0.48569363355636597 1518
1669609423840 0.4932080805301666 1735
1669609499703 0.5052022933959961 1952
1669609575507 0.5119942426681519 2169
1669609651554 0.5313583612442017 2386
1669609727147 0.5385838150978088 2603
1669609803264 0.5599710941314697 2820
1669609878975 0.5752890110015869 3037
1669609954986 0.5777456760406494 3254
1669610030873 0.5869942307472229 3471
1669610106633 0.6024566292762756 3688
1669610182309 0.6079480051994324 3905
1669610258331 0.6208092570304871 4122
1669610333868 0.6336705088615417 4339
1669610409471 0.643497109413147 4556
1669610485316 0.6517341136932373 4773
1669610561060 0.6517341136932373 4990
1669610636964 0.6624277234077454 5207
1669610712768 0.6696531772613525 5424
1669610788570 0.6819364428520203 5641
1669610864577 0.6881502866744995 5858
1669610940442 0.6884393095970154 6075
1669611016409 0.6979768872261047 6292
1669611092509 0.7070809006690979 6509
1669611168254 0.7112717032432556 6726
1669611244651 0.7070809006690979 6943
1669611320640 0.7118496894836426 7160
1669611396446 0.7179190516471863 7377
1669611472503 0.7176300287246704 7594
1669611548074 0.7219653129577637 7811
1669611624128 0.722687840461731 8028
1669611699868 0.7265896201133728 8245
1669611775592 0.7254335284233093 8462
1669611851539 0.7290462255477905 8679
1669611927503 0.7320809364318848 8896
1669612003582 0.730202317237854 9113
1669612079585 0.7339595556259155 9330
1669612155852 0.7349711060523987 9547
1669612232248 0.7333815097808838 9764
1669612308040 0.738294780254364 9981
1669612384172 0.7374277710914612 10198
1669612460299 0.7375722527503967 10415
1669612536240 0.7355491518974304 10632
1669612612093 0.7381502985954285 10849
1669612688136 0.7388728260993958 11066
1669612764341 0.7427745461463928 11283
1669612839574 0.7381502985954285 11500
1669612915757 0.7377167344093323 11717
1669612991389 0.7411849498748779 11934
1669613067529 0.738294780254364 12151
1669613143677 0.7354046106338501 12368
1669613219600 0.7427745461463928 12585
1669613295151 0.7365607023239136 12802
1669613371441 0.7434971332550049 13019
1669613447110 0.7407514452934265 13236
1669613523330 0.7413294911384583 13453
1669613599126 0.7458092570304871 13670
1669613675255 0.74190753698349 13887
1669613750936 0.7434971332550049 14104
1669613827027 0.7456647157669067 14321
1669613903277 0.7456647157669067 14538
1669613979639 0.7443641424179077 14755
1669614055599 0.7426300644874573 14972
1669614131856 0.7414739727973938 15189
1669614207655 0.7421965599060059 15406
1669614283800 0.7421965599060059 15623
1669614359778 0.7440751194953918 15840
1669614435881 0.7430635690689087 16057
1669614511780 0.7416185140609741 16274
1669614588093 0.742485523223877 16491
1669614664126 0.7439306378364563 16708
1669614739987 0.7414739727973938 16925
1669614816002 0.7408959269523621 17142
1669614891732 0.7452312111854553 17359
1669614968019 0.7421965599060059 17576
1669615043922 0.7426300644874573 17793
1669615119949 0.7437861561775208 18010
1669615195917 0.7417629957199097 18227
1669615272141 0.7388728260993958 18444
1669615348029 0.743208110332489 18661
1669615424518 0.7407514452934265 18878
1669615500615 0.7408959269523621 19095
1669615576667 0.743208110332489 19312
1669615652695 0.7439306378364563 19529
1669615728523 0.7447977066040039 19746
1669615804550 0.744508683681488 19963
1669615880638 0.7443641424179077 20180
1669615956425 0.7462427616119385 20397
1669616032368 0.7453756928443909 20614
1669616108343 0.7475433349609375 20831
1669616184365 0.7447977066040039 21048
1669616260298 0.7436416149139404 21265
1669616336341 0.744508683681488 21482
1669616412145 0.7426300644874573 21699
1669616488144 0.7468208074569702 21916
1669616563973 0.7442196607589722 22133
1669616639867 0.7437861561775208 22350
1669616716298 0.7495664954185486 22567
1669616792079 0.7465317845344543 22784
1669616868123 0.743208110332489 23001
1669616944355 0.7455202341079712 23218
1669617020662 0.7469652891159058 23435
1669617096613 0.7471098303794861 23652
1669617173259 0.7481213808059692 23869
1669617248765 0.7420520186424255 24086
1669617325137 0.7421965599060059 24303
1669617400837 0.7420520186424255 24520
1669617476942 0.7468208074569702 24737
1669617552972 0.7452312111854553 24954
1669617628879 0.7468208074569702 25171
1669617704764 0.742485523223877 25388
1669617780785 0.7447977066040039 25605
1669617856996 0.7469652891159058 25822
1669617932978 0.7463873028755188 26039
1669618009021 0.7465317845344543 26256
1669618085161 0.744508683681488 26473
1669618161337 0.7459537386894226 26690
1669618237310 0.7429190874099731 26907
1669618313527 0.7453756928443909 27124
1669618389278 0.7455202341079712 27341
1669618465497 0.7475433349609375 27558
1669618541544 0.7471098303794861 27775
1669618617403 0.7468208074569702 27992
1669618693675 0.7443641424179077 28209
1669618769869 0.7458092570304871 28426
1669618845787 0.7466763257980347 28643
1669618921758 0.7478323578834534 28860
1669618998012 0.7426300644874573 29077
1669619074235 0.7495664954185486 29294
1669619150251 0.7472543120384216 29511
1669619226365 0.7455202341079712 29728
1669619302724 0.7453756928443909 29945
1669619378602 0.7453756928443909 30162
1669619455018 0.7449421882629395 30379
1669619530830 0.7460982799530029 30596
1669619607727 0.7469652891159058 30813
1669619683511 0.7452312111854553 31030
1669619759927 0.7492774724960327 31247
1669619835758 0.7498555183410645 31464
1669619912297 0.7462427616119385 31681
1669619987982 0.7481213808059692 31898
1669620064118 0.7471098303794861 32115
1669620140118 0.7472543120384216 32332
1669620216265 0.7429190874099731 32549
1669620292298 0.7484104037284851 32766
1669620368751 0.7449421882629395 32983
1669620444705 0.7446531653404236 33200
1669620520749 0.7458092570304871 33417
1669620596787 0.7466763257980347 33634
1669620672889 0.7460982799530029 33851
1669620749028 0.7433525919914246 34068
1669620824847 0.7465317845344543 34285
1669620900788 0.7459537386894226 34502
1669620976590 0.7479768991470337 34719
1669621052664 0.7468208074569702 34936
1669621128620 0.7449421882629395 35153
1669621204802 0.7463873028755188 35370
1669621280586 0.7465317845344543 35587
1669621356639 0.7458092570304871 35804
1669621432604 0.7476878762245178 36021
1669621508548 0.7475433349609375 36238
1669621584892 0.7456647157669067 36455
1669621660397 0.7468208074569702 36672
1669621736821 0.7465317845344543 36889
1669621812860 0.747398853302002 37106
1669621888884 0.748699426651001 37323
1669621964445 0.7423410415649414 37540
1669622040668 0.7468208074569702 37757
1669622116782 0.7471098303794861 37974
1669622192620 0.7433525919914246 38191
1669622268440 0.7498555183410645 38408
1669622344459 0.7469652891159058 38625
1669622420580 0.7456647157669067 38842
1669622496898 0.7476878762245178 39059
1669622573030 0.7458092570304871 39276
1669622649075 0.7453756928443909 39493
1669622725161 0.7481213808059692 39710
1669622801319 0.7478323578834534 39927
1669622876916 0.7494219541549683 40144
1669622953037 0.7472543120384216 40361
1669623028985 0.7468208074569702 40578
1669623105208 0.7456647157669067 40795
1669623181185 0.7482659220695496 41012
1669623257169 0.744508683681488 41229
1669623333342 0.7449421882629395 41446
1669623409044 0.7460982799530029 41663
1669623485073 0.7465317845344543 41880
1669623560992 0.7501444816589355 42097
1669623637175 0.7468208074569702 42314
1669623713260 0.7463873028755188 42531
1669623789317 0.7460982799530029 42748
1669623865654 0.7481213808059692 42965
1669623941722 0.7455202341079712 43182
1669624017604 0.7495664954185486 43399
1669624093622 0.7514451146125793 43616
1669624169953 0.7440751194953918 43833
1669624246023 0.7478323578834534 44050
1669624321964 0.7449421882629395 44267
1669624397927 0.747398853302002 44484
1669624473766 0.7511560916900635 44701
1669624549649 0.7452312111854553 44918
1669624625793 0.7466763257980347 45135
1669624701594 0.7484104037284851 45352
1669624778096 0.7459537386894226 45569
1669624853920 0.7466763257980347 45786
1669624929944 0.7433525919914246 46003
1669625005757 0.7482659220695496 46220
1669625081737 0.748699426651001 46437
1669625157625 0.7458092570304871 46654
1669625233568 0.7479768991470337 46871
1669625309681 0.7439306378364563 47088
1669625385378 0.75 47305
1669625461263 0.7492774724960327 47522
1669625537204 0.7458092570304871 47739
1669625613324 0.747398853302002 47956
1669625689192 0.7484104037284851 48173
1669625765778 0.7478323578834534 48390
1669625841850 0.7476878762245178 48607
1669625917830 0.7437861561775208 48824
1669625994127 0.747398853302002 49041
1669626070491 0.7494219541549683 49258
1669626146600 0.7446531653404236 49475
1669626222791 0.7479768991470337 49692
1669626298908 0.744508683681488 49909
1669626375235 0.7466763257980347 50126
1669626451404 0.7497109770774841 50343
1669626527737 0.7471098303794861 50560
1669626603736 0.7482659220695496 50777
1669626680324 0.7446531653404236 50994
1669626756727 0.7463873028755188 51211
1669626833111 0.748699426651001 51428
1669626909274 0.7482659220695496 51645
1669626985840 0.7492774724960327 51862
1669627061670 0.7479768991470337 52079
1669627138126 0.7469652891159058 52296
1669627213896 0.7489884495735168 52513
1669627289940 0.7463873028755188 52730
1669627366293 0.7479768991470337 52947
1669627442159 0.7484104037284851 53164
1669627518113 0.7468208074569702 53381
1669627593903 0.7463873028755188 53598
1669627669766 0.7469652891159058 53815
1669627745726 0.743208110332489 54032
1669627821764 0.7492774724960327 54249
1669627898127 0.748699426651001 54466
1669627973971 0.7523121237754822 54683
1669628050094 0.7482659220695496 54900
1669628126140 0.7489884495735168 55117
1669628201858 0.7463873028755188 55334
1669628277948 0.7460982799530029 55551
1669628354231 0.7491329312324524 55768
1669628430744 0.7439306378364563 55985
1669628507124 0.7434971332550049 56202
1669628583723 0.7478323578834534 56419
1669628659428 0.7462427616119385 56636
1669628736247 0.7472543120384216 56853
1669628812279 0.7481213808059692 57070
1669628888152 0.7491329312324524 57287
1669628964443 0.747398853302002 57504
1669629040500 0.7460982799530029 57721
1669629116548 0.7427745461463928 57938
1669629192362 0.7485548853874207 58155
1669629268954 0.75 58372
1669629344867 0.7488439083099365 58589
1669629420834 0.7446531653404236 58806
1669629496951 0.7504335045814514 59023
1669629572832 0.7476878762245178 59240
1669629648722 0.7460982799530029 59457
1669629724611 0.7476878762245178 59674
1669629800529 0.7450867295265198 59891
1669629876412 0.7465317845344543 60108
1669629952077 0.7488439083099365 60325
1669630028293 0.7450867295265198 60542
1669630103929 0.7502890229225159 60759
1669630179787 0.7492774724960327 60976
1669630255764 0.7462427616119385 61193
1669630331786 0.7443641424179077 61410
1669630408080 0.7489884495735168 61627
1669630484117 0.7504335045814514 61844
1669630560240 0.7484104037284851 62061
1669630636199 0.7475433349609375 62278
1669630712299 0.7484104037284851 62495
1669630788479 0.7465317845344543 62712
1669630864290 0.7439306378364563 62929
1669630940193 0.7485548853874207 63146
1669631016164 0.7492774724960327 63363
1669631092370 0.7478323578834534 63580
1669631168096 0.7471098303794861 63797
1669631244751 0.7494219541549683 64014
1669631320385 0.7455202341079712 64231
1669631396504 0.7469652891159058 64448
1669631472586 0.7462427616119385 64665
1669631548757 0.7501444816589355 64882
1669631624525 0.7498555183410645 65099
