1669608895037 1.3473724142341876 216
1669608970313 1.336101865915481 433
1669609045957 1.3024122424618536 650
1669609121345 1.2884563259738357 867
1669609197035 1.2713297472401963 1084
1669609272527 1.2601769182094804 1301
1669609348317 1.2489455655093442 1518
1669609423840 1.2423895234633118 1735
1669609499703 1.232632566268587 1952
1669609575507 1.2267634166801933 2169
1669609651554 1.216562569336047 2386
1669609727147 1.2124881876990519 2603
1669609803264 1.2034195260088036 2820
1669609878975 1.1961153846872683 3037
1669609954986 1.1953104493335136 3254
1669610030873 1.190037437479911 3471
1669610106633 1.1855187874340183 3688
1669610182309 1.1822937617898175 3905
1669610258331 1.177728304261396 4122
1669610333868 1.1721391841576898 4339
1669610409471 1.1685901169595874 4556
1669610485316 1.1663613468329923 4773
1669610561060 1.1635118115569834 4990
1669610636964 1.1583677468042397 5207
1669610712768 1.1535945818155577 5424
1669610788570 1.1552847988685044 5641
1669610864577 1.1505605403677264 5858
1669610940442 1.1481422530117071 6075
1669611016409 1.147338165744456 6292
1669611092509 1.1423013965634996 6509
1669611168254 1.1422036240694604 6726
1669611244651 1.1454794563911297 6943
1669611320640 1.1431315624397116 7160
1669611396446 1.140453914785818 7377
1669611472503 1.1429463957183634 7594
1669611548074 1.1401246800911247 7811
1669611624128 1.1387555180526912 8028
1669611699868 1.135937154176482 8245
1669611775592 1.138015703608817 8462
1669611851539 1.1351477111903172 8679
1669611927503 1.137145636326572 8896
1669612003582 1.1358715382903046 9113
1669612079585 1.1343996109039773 9330
1669612155852 1.133343137253336 9547
1669612232248 1.134530220065449 9764
1669612308040 1.1350476094210857 9981
1669612384172 1.1357174830736643 10198
1669612460299 1.1315604996041726 10415
1669612536240 1.1322882080198537 10632
1669612612093 1.133321436852039 10849
1669612688136 1.1344886285690838 11066
1669612764341 1.1339386109034177 11283
1669612839574 1.1303689653760254 11500
1669612915757 1.1316906410700698 11717
1669612991389 1.1297226689677249 11934
1669613067529 1.1324714671777838 12151
1669613143677 1.135540671115906 12368
1669613219600 1.1287809749247586 12585
1669613295151 1.1344222413980884 12802
1669613371441 1.1303724545962517 13019
1669613447110 1.1330812870494897 13236
1669613523330 1.1347909722106229 13453
1669613599126 1.1284056310472754 13670
1669613675255 1.1321126316785193 13887
1669613750936 1.132358445632166 14104
1669613827027 1.1322895585580302 14321
1669613903277 1.1294764320119115 14538
1669613979639 1.128197953775028 14755
1669614055599 1.1308095197539851 14972
1669614131856 1.1326043537793642 15189
1669614207655 1.1303307952209083 15406
1669614283800 1.1303123905056747 15623
1669614359778 1.1276739586005724 15840
1669614435881 1.1312957520999691 16057
1669614511780 1.1293739409299863 16274
1669614588093 1.1270123694982053 16491
1669614664126 1.1279555215773607 16708
1669614739987 1.1254074275912467 16925
1669614816002 1.1250892508117671 17142
1669614891732 1.1300863524849067 17359
1669614968019 1.1294745356402283 17576
1669615043922 1.1286971555589476 17793
1669615119949 1.1263762716098928 18010
1669615195917 1.1267528474603403 18227
1669615272141 1.1289242577901262 18444
1669615348029 1.1281830090183456 18661
1669615424518 1.125289978153558 18878
1669615500615 1.126870402152692 19095
1669615576667 1.1256051633214688 19312
1669615652695 1.1278417686047013 19529
1669615728523 1.1275280413338205 19746
1669615804550 1.1274458375664926 19963
1669615880638 1.1268447154417223 20180
1669615956425 1.125754413022201 20397
1669616032368 1.1255452605008627 20614
1669616108343 1.1256553965133473 20831
1669616184365 1.1231558397080321 21048
1669616260298 1.1239370963905035 21265
1669616336341 1.1230791793075265 21482
1669616412145 1.1255136769956668 21699
1669616488144 1.1247285322744547 21916
1669616563973 1.1226853370588172 22133
1669616639867 1.126749773827562 22350
1669616716298 1.1229003839809044 22567
1669616792079 1.1239956872399863 22784
1669616868123 1.1243487118062412 23001
1669616944355 1.1244864306964577 23218
1669617020662 1.1253731422937627 23435
1669617096613 1.1220389576383323 23652
1669617173259 1.121673478864927 23869
1669617248765 1.1225257266308812 24086
1669617325137 1.1239740676001913 24303
1669617400837 1.1219655655163985 24520
1669617476942 1.1220601675791226 24737
1669617552972 1.1209015179810435 24954
1669617628879 1.1229991179482446 25171
1669617704764 1.1271343665232139 25388
1669617780785 1.125244053048864 25605
1669617856996 1.1219421806466325 25822
1669617932978 1.1222674242710449 26039
1669618009021 1.1234648643089231 26256
1669618085161 1.1240495926168401 26473
1669618161337 1.1197078518155987 26690
1669618237310 1.1230674435389014 26907
1669618313527 1.121382976709444 27124
1669618389278 1.1192368106418775 27341
1669618465497 1.120060992875411 27558
1669618541544 1.1208549585088525 27775
1669618617403 1.122354363440088 27992
1669618693675 1.1203763803596962 28209
1669618769869 1.1206062324539618 28426
1669618845787 1.1205287829992838 28643
1669618921758 1.120207002334507 28860
1669618998012 1.1203771693435225 29077
1669619074235 1.1181752492969366 29294
1669619150251 1.1230487708198336 29511
1669619226365 1.12216512695681 29728
1669619302724 1.1203904561333764 29945
1669619378602 1.1202469882951203 30162
1669619455018 1.1182665973278745 30379
1669619530830 1.1224353412146348 30596
1669619607727 1.1206385614620413 30813
1669619683511 1.1194851066429812 31030
1669619759927 1.1204437652313972 31247
1669619835758 1.1168788338717603 31464
1669619912297 1.1211927378706157 31681
1669619987982 1.117103008586951 31898
1669620064118 1.1224044754737357 32115
1669620140118 1.120206681602342 32332
1669620216265 1.1208451262101597 32549
1669620292298 1.1206165212375165 32766
1669620368751 1.1203658917746797 32983
1669620444705 1.1210717746800734 33200
1669620520749 1.1192639497924401 33417
1669620596787 1.118496488307695 33634
1669620672889 1.1187547264231839 33851
1669620749028 1.1178914332995302 34068
1669620824847 1.1196603468199589 34285
1669620900788 1.1167078495552978 34502
1669620976590 1.119909460427676 34719
1669621052664 1.1179970643166182 34936
1669621128620 1.1178658068532472 35153
1669621204802 1.1169425304889595 35370
1669621280586 1.1172667461376735 35587
1669621356639 1.118151907827886 35804
1669621432604 1.1162004948934796 36021
1669621508548 1.1181886067077826 36238
1669621584892 1.1208588093771892 36455
1669621660397 1.1169480244889982 36672
1669621736821 1.1188323335435149 36889
1669621812860 1.1201772599844886 37106
1669621888884 1.11574619903983 37323
1669621964445 1.1193698524609366 37540
1669622040668 1.1176167969978286 37757
1669622116782 1.1190415856287586 37974
1669622192620 1.1189577142040237 38191
1669622268440 1.1181765737551268 38408
1669622344459 1.1177744455297498 38625
1669622420580 1.1193090667350274 38842
1669622496898 1.1151340442018427 39059
1669622573030 1.1182261369028828 39276
1669622649075 1.1195467725714365 39493
1669622725161 1.1136334008228337 39710
1669622801319 1.11678945084889 39927
1669622876916 1.1197011274740745 40144
1669622953037 1.11757567769458 40361
1669623028985 1.1180657834508676 40578
1669623105208 1.1163518299989732 40795
1669623181185 1.114750331609853 41012
1669623257169 1.11857638253395 41229
1669623333342 1.1184097534432855 41446
1669623409044 1.1170380412797523 41663
1669623485073 1.1171576762715019 41880
1669623560992 1.1142401270604159 42097
1669623637175 1.1165502636186408 42314
1669623713260 1.1159034415899656 42531
1669623789317 1.115187379752974 42748
1669623865654 1.1158278494694263 42965
1669623941722 1.1160614439008594 43182
1669624017604 1.1144379483593942 43399
1669624093622 1.1102409368481112 43616
1669624169953 1.1174722108422837 43833
1669624246023 1.112013857257964 44050
1669624321964 1.1152794777542916 44267
1669624397927 1.114096648315237 44484
1669624473766 1.1136348784775223 44701
1669624549649 1.1161267139240445 44918
1669624625793 1.1166229859937977 45135
1669624701594 1.114272384564332 45352
1669624778096 1.1137670554283312 45569
1669624853920 1.1134196430752852 45786
1669624929944 1.1158348987776756 46003
1669625005757 1.1145711561764124 46220
1669625081737 1.1141075164062897 46437
1669625157625 1.1170090969356241 46654
1669625233568 1.1126458867195201 46871
1669625309681 1.1145693056914447 47088
1669625385378 1.1146049486495175 47305
1669625461263 1.1124071503199828 47522
1669625537204 1.113330176908232 47739
1669625613324 1.1151504119410036 47956
1669625689192 1.1117208569055668 48173
1669625765778 1.1134783432038065 48390
1669625841850 1.1133830809683554 48607
1669625917830 1.1157577562880059 48824
1669625994127 1.112647616903899 49041
1669626070491 1.1141050422106815 49258
1669626146600 1.115696530531602 49475
1669626222791 1.1146213345560547 49692
1669626298908 1.117435068495114 49909
1669626375235 1.1129796095638413 50126
1669626451404 1.114179475782135 50343
1669626527737 1.115004832657545 50560
1669626603736 1.1132175297612759 50777
1669626680324 1.1144351640916026 50994
1669626756727 1.1138488532269575 51211
1669626833111 1.111290338573099 51428
1669626909274 1.112854637488192 51645
1669626985840 1.1111151639857761 51862
1669627061670 1.109904637087939 52079
1669627138126 1.1120269782509042 52296
1669627213896 1.1165352062720835 52513
1669627289940 1.1133368815158422 52730
1669627366293 1.1132522270943086 52947
1669627442159 1.11047949802497 53164
1669627518113 1.111833593546567 53381
1669627593903 1.1085924983225548 53598
1669627669766 1.1110671765486324 53815
1669627745726 1.111855016604302 54032
1669627821764 1.1128064080355746 54249
1669627898127 1.1111084766606312 54466
1669627973971 1.1092609821154618 54683
1669628050094 1.1128437294163274 54900
1669628126140 1.109312930482289 55117
1669628201858 1.1155822308447005 55334
1669628277948 1.1124929501940606 55551
1669628354231 1.1133055446182396 55768
1669628430744 1.1124547576998587 55985
1669628507124 1.1132795681884464 56202
1669628583723 1.1086584091675702 56419
1669628659428 1.1133317389084532 56636
1669628736247 1.114803973017142 56853
1669628812279 1.111709906942758 57070
1669628888152 1.1100554542227679 57287
1669628964443 1.1111041623742395 57504
1669629040500 1.1126552576694977 57721
1669629116548 1.1107674750304464 57938
1669629192362 1.1122544600072852 58155
1669629268954 1.1122320649322046 58372
1669629344867 1.111141010412738 58589
1669629420834 1.112338073431957 58806
1669629496951 1.1099401492778644 59023
1669629572832 1.1095153731486405 59240
1669629648722 1.1132146707810506 59457
1669629724611 1.112046691611317 59674
1669629800529 1.1123074399682462 59891
1669629876412 1.1111054424087166 60108
1669629952077 1.1106342030528167 60325
1669630028293 1.1115630535029493 60542
1669630103929 1.1111198758242125 60759
1669630179787 1.1090206638730071 60976
1669630255764 1.1119980696250873 61193
1669630331786 1.1118321519447285 61410
1669630408080 1.1084257401229411 61627
1669630484117 1.110214802428365 61844
1669630560240 1.1098663219957496 62061
1669630636199 1.109193992568805 62278
1669630712299 1.1099466624018708 62495
1669630788479 1.1082130033728979 62712
1669630864290 1.1123098230009552 62929
1669630940193 1.11107361607622 63146
1669631016164 1.107595678327826 63363
1669631092370 1.1077887391146222 63580
1669631168096 1.1104970050058203 63797
1669631244751 1.1092172710033255 64014
1669631320385 1.1114611988327117 64231
1669631396504 1.111035039761795 64448
1669631472586 1.1110102934966197 64665
1669631548757 1.111882952496992 64882
1669631624525 1.1085892872645409 65099
