1668429751096 0.0 49
1668429764784 0.6000000238418579 99
1668429778814 0.800000011920929 149
1668429792650 0.25 199
1668429822647 0.75 249
1668429836180 0.5 299
1668429849848 0.5 349
1668429863545 0.5 399
1668429893558 0.1666666716337204 449
1668429907353 0.5 499
1668429921091 0.75 549
1668429934791 0.25 599
1668429948460 1.0 649
1668429978859 0.4000000059604645 699
1668429992571 0.6000000238418579 749
1668430006287 0.4000000059604645 799
1668430019934 0.0 849
1668430050373 1.0 899
1668430063946 0.0 949
1668430077773 0.0 999
1668430091446 0.6666666865348816 1049
1668430121620 0.75 1099
1668430135619 0.6666666865348816 1149
1668430149516 0.0 1199
1668430163269 0.6666666865348816 1249
1668430176983 1.0 1299
1668430207163 0.0 1349
1668430220894 1.0 1399
1668430234708 1.0 1449
1668430248475 1.0 1499
1668430278999 1.0 1549
1668430292641 1.0 1599
1668430306432 1.0 1649
1668430320194 0.5 1699
1668430350171 0.6666666865348816 1749
1668430363961 1.0 1799
1668430377720 0.0 1849
1668430391486 0.0 1899
1668430405212 0.3333333432674408 1949
1668430435068 0.3333333432674408 1999
1668430448704 1.0 2049
1668430462383 1.0 2099
1668430476142 0.0 2149
1668430506385 0.0 2199
1668430519957 1.0 2249
1668430533879 0.5 2299
1668430547638 0.5 2349
1668430577531 0.6666666865348816 2399
1668430591439 0.25 2449
1668430605282 1.0 2499
1668430618985 1.0 2549
1668430632777 0.0 2599
1668430662824 0.5 2649
1668430676457 0.0 2699
1668430690335 0.5 2749
1668430704027 0.5 2799
1668430734339 0.5 2849
1668430747996 1.0 2899
1668430761786 0.6666666865348816 2949
1668430775504 0.0 2999
1668430805550 0.5 3049
1668430819625 1.0 3099
1668430833416 0.5 3149
1668430847172 0.5 3199
1668430860938 1.0 3249
1668430891411 0.25 3299
1668430905207 0.75 3349
1668430919156 0.0 3399
1668430932919 1.0 3449
1668430963321 1.0 3499
1668430976954 0.6666666865348816 3549
1668430990702 1.0 3599
1668431004524 1.0 3649
1668431034878 0.3333333432674408 3699
1668431048787 0.3333333432674408 3749
1668431062592 0.6666666865348816 3799
1668431076356 1.0 3849
1668431090139 1.0 3899
1668431120096 0.5 3949
1668431134047 1.0 3999
1668431147780 0.5 4049
1668431161573 1.0 4099
1668431191856 1.0 4149
1668431205542 0.0 4199
1668431219552 1.0 4249
1668431233335 0.3333333432674408 4299
1668431263341 0.0 4349
1668431277216 0.0 4399
1668431290929 1.0 4449
1668431304947 1.0 4499
1668431318722 1.0 4549
1668431349426 1.0 4599
1668431363055 1.0 4649
1668431376890 1.0 4699
1668431390634 0.0 4749
1668431420898 0.3333333432674408 4799
1668431434600 0.0 4849
1668431448453 1.0 4899
1668431462187 0.0 4949
1668431492406 0.800000011920929 4999
1668431506373 1.0 5049
1668431520234 1.0 5099
1668431534011 0.0 5149
1668431547812 0.0 5199
1668431578049 0.0 5249
1668431591753 0.5 5299
1668431605856 1.0 5349
1668431619604 0.6666666865348816 5399
1668431650134 0.0 5449
1668431663799 0.6666666865348816 5499
1668431677571 0.0 5549
1668431691289 0.5 5599
1668431721033 0.0 5649
1668431734883 0.0 5699
1668431748648 1.0 5749
1668431762540 0.0 5799
1668431776316 0.0 5849
1668431806607 0.6666666865348816 5899
1668431820371 1.0 5949
1668431834533 0.0 5999
1668431848305 0.0 6049
1668431878965 1.0 6099
1668431892770 0.3333333432674408 6149
1668431907123 0.3333333432674408 6199
1668431920824 1.0 6249
1668431951002 0.5 6299
1668431964949 0.0 6349
1668431978636 1.0 6399
1668431992351 0.0 6449
1668432006036 1.0 6499
1668432036062 1.0 6549
1668432049657 0.5 6599
1668432063387 0.0 6649
1668432077113 0.0 6699
1668432107019 0.0 6749
1668432120823 0.5 6799
1668432134644 0.0 6849
1668432148398 0.5 6899
1668432178772 1.0 6949
1668432192791 0.0 6999
1668432206474 0.0 7049
1668432220383 1.0 7099
1668432234143 0.5 7149
1668432264419 0.5 7199
1668432278051 0.6666666865348816 7249
1668432291757 0.6666666865348816 7299
1668432305611 0.3333333432674408 7349
1668432336090 0.6666666865348816 7399
1668432349832 0.3333333432674408 7449
1668432363555 0.0 7499
1668432377278 1.0 7549
1668432407911 1.0 7599
1668432421839 0.0 7649
1668432435704 1.0 7699
1668432449551 1.0 7749
1668432463300 0.0 7799
1668432493488 0.0 7849
1668432507088 0.5 7899
1668432520840 1.0 7949
1668432534515 1.0 7999
1668432564970 1.0 8049
1668432578848 1.0 8099
1668432592621 1.0 8149
1668432606541 0.0 8199
1668432636229 1.0 8249
1668432650134 1.0 8299
1668432663827 0.6666666865348816 8349
1668432677554 0.0 8399
1668432691255 1.0 8449
1668432721609 0.5 8499
1668432735184 1.0 8549
1668432748954 1.0 8599
1668432762742 1.0 8649
1668432793002 0.0 8699
1668432806723 0.0 8749
1668432820424 1.0 8799
1668432834198 0.0 8849
1668432864365 1.0 8899
1668432878279 1.0 8949
1668432892010 1.0 8999
1668432905777 0.0 9049
1668432919525 0.0 9099
1668432949736 1.0 9149
1668432963324 0.0 9199
1668432977028 1.0 9249
1668432990723 0.5 9299
1668433020889 1.0 9349
1668433034694 0.0 9399
1668433048447 0.0 9449
1668433062221 0.0 9499
1668433092460 1.0 9549
1668433106395 0.0 9599
1668433120062 0.0 9649
1668433133827 0.6666666865348816 9699
1668433147517 0.0 9749
1668433178265 1.0 9799
1668433191862 0.0 9849
1668433205685 0.6666666865348816 9899
1668433219461 1.0 9949
1668433249805 1.0 9999
1668433263655 0.6666666865348816 10049
1668433277382 1.0 10099
1668433291228 0.3333333432674408 10149
1668433320968 0.0 10199
1668433334913 0.0 10249
1668433348667 0.0 10299
1668433362423 1.0 10349
1668433376140 0.5 10399
1668433406605 1.0 10449
1668433420321 1.0 10499
1668433434059 1.0 10549
1668433447784 0.0 10599
1668433477966 1.0 10649
1668433491749 1.0 10699
1668433505518 0.3333333432674408 10749
1668433519249 0.0 10799
1668433532801 0.0 10849
1668433563433 1.0 10899
1668433577091 1.0 10949
1668433590839 0.75 10999
1668433604607 0.0 11049
1668433635172 1.0 11099
1668433648748 0.6000000238418579 11149
1668433662511 0.0 11199
1668433676242 0.5 11249
1668433706251 1.0 11299
1668433720037 1.0 11349
1668433734095 1.0 11399
1668433748051 0.0 11449
1668433761783 1.0 11499
1668433791410 1.0 11549
1668433805134 1.0 11599
1668433818979 0.0 11649
1668433832704 0.0 11699
1668433863122 0.0 11749
1668433876762 0.0 11799
1668433890592 1.0 11849
1668433904302 0.5 11899
1668433934573 0.0 11949
1668433948446 0.0 11999
1668433962253 0.3333333432674408 12049
1668433975949 0.0 12099
1668433989663 0.0 12149
1668434020155 1.0 12199
1668434033781 0.3333333432674408 12249
1668434047684 1.0 12299
1668434061403 1.0 12349
1668434091869 0.0 12399
1668434105455 1.0 12449
1668434119196 1.0 12499
1668434132913 0.5 12549
1668434163054 0.25 12599
1668434176980 0.0 12649
1668434190859 0.3333333432674408 12699
1668434204557 0.0 12749
1668434218258 1.0 12799
1668434248501 0.0 12849
1668434262658 1.0 12899
1668434276411 0.0 12949
1668434290121 0.6666666865348816 12999
1668434320373 1.0 13049
1668434334067 0.0 13099
1668434347778 0.5 13149
1668434361470 1.0 13199
1668434391643 0.5 13249
1668434405460 1.0 13299
1668434419207 0.6666666865348816 13349
1668434433105 0.5 13399
1668434446862 1.0 13449
1668434477635 0.3333333432674408 13499
1668434491518 0.6666666865348816 13549
1668434505466 0.5 13599
1668434519162 1.0 13649
1668434549723 0.75 13699
1668434563305 0.0 13749
1668434577004 1.0 13799
1668434590838 0.0 13849
1668434620808 0.0 13899
1668434634742 1.0 13949
1668434648486 1.0 13999
1668434662338 0.0 14049
1668434676064 0.5 14099
1668434706612 0.5 14149
1668434720264 1.0 14199
1668434733995 0.6666666865348816 14249
1668434747686 0.0 14299
1668434778348 0.0 14349
1668434792105 0.0 14399
1668434805889 1.0 14449
1668434819614 1.0 14499
1668434849464 1.0 14549
1668434863398 1.0 14599
1668434877142 0.0 14649
1668434890885 0.5 14699
1668434904620 0.0 14749
1668434934613 0.0 14799
1668434948249 0.5 14849
1668434961972 0.0 14899
1668434975682 0.0 14949
1668435006242 1.0 14999
1668435019923 0.0 15049
1668435033653 1.0 15099
1668435047430 0.6666666865348816 15149
1668435077772 0.0 15199
1668435091627 1.0 15249
1668435105352 1.0 15299
1668435119193 0.6666666865348816 15349
1668435132909 1.0 15399
1668435163212 1.0 15449
1668435176965 1.0 15499
1668435190729 1.0 15549
1668435204642 0.0 15599
1668435235317 0.0 15649
1668435248944 0.6000000238418579 15699
1668435262666 1.0 15749
1668435276378 1.0 15799
1668435306543 0.0 15849
1668435320456 0.0 15899
1668435334163 1.0 15949
1668435348216 0.6666666865348816 15999
1668435362073 0.0 16049
1668435392483 1.0 16099
1668435406093 1.0 16149
1668435419821 0.3333333432674408 16199
1668435433516 0.0 16249
1668435463861 0.0 16299
1668435477481 1.0 16349
1668435491191 1.0 16399
1668435505129 0.0 16449
1668435535316 1.0 16499
1668435549197 0.5 16549
1668435562869 1.0 16599
1668435576779 1.0 16649
1668435590566 1.0 16699
1668435621480 0.5 16749
1668435635092 0.0 16799
1668435648937 0.25 16849
1668435662766 0.5 16899
1668435693078 0.3333333432674408 16949
1668435706747 1.0 16999
1668435720466 0.0 17049
1668435734267 1.0 17099
1668435764722 0.6666666865348816 17149
1668435778625 1.0 17199
1668435792325 0.0 17249
1668435806106 1.0 17299
1668435819818 0.5 17349
1668435850644 1.0 17399
1668435864307 1.0 17449
1668435878126 0.0 17499
1668435891988 1.0 17549
1668435922284 0.0 17599
1668435936036 0.0 17649
1668435949797 0.75 17699
1668435963521 1.0 17749
1668435993636 1.0 17799
1668436007593 0.0 17849
1668436021259 0.0 17899
1668436035007 1.0 17949
1668436048711 0.5 17999
1668436079124 0.5 18049
1668436092734 0.5 18099
1668436106451 0.0 18149
1668436120159 0.5 18199
1668436150224 0.6666666865348816 18249
1668436163874 1.0 18299
1668436177572 1.0 18349
1668436191335 0.5 18399
1668436221327 1.0 18449
1668436235478 0.0 18499
1668436249169 0.0 18549
1668436263042 0.5 18599
1668436276876 0.5 18649
1668436307215 1.0 18699
1668436320813 1.0 18749
1668436334532 1.0 18799
1668436348253 0.5 18849
1668436378436 0.0 18899
1668436392130 0.5 18949
1668436405838 0.0 18999
1668436419591 0.0 19049
1668436450250 1.0 19099
1668436464230 0.5 19149
1668436477924 0.0 19199
1668436491743 0.5 19249
1668436505456 1.0 19299
1668436536058 0.3333333432674408 19349
1668436549661 0.25 19399
1668436563379 1.0 19449
1668436577073 1.0 19499
1668436607559 0.4000000059604645 19549
1668436621423 0.0 19599
1668436635119 1.0 19649
1668436648872 1.0 19699
1668436679090 0.0 19749
1668436692967 0.5 19799
1668436706656 0.0 19849
1668436720382 0.0 19899
1668436734077 1.0 19949
1668436764683 1.0 19999
1668436778365 1.0 20049
1668436792156 0.800000011920929 20099
1668436806070 0.0 20149
1668436836604 0.5 20199
1668436850452 1.0 20249
1668436864232 0.0 20299
1668436878015 1.0 20349
1668436908357 0.25 20399
1668436922266 1.0 20449
1668436935927 0.0 20499
1668436949672 0.0 20549
1668436963386 1.0 20599
1668436993904 0.5 20649
1668437007552 1.0 20699
1668437021283 1.0 20749
1668437035007 0.5 20799
1668437065041 0.75 20849
1668437078891 0.0 20899
1668437092603 0.0 20949
1668437106363 1.0 20999
1668437136921 1.0 21049
1668437150826 1.0 21099
1668437164492 0.0 21149
1668437178234 1.0 21199
1668437191984 1.0 21249
1668437222794 1.0 21299
1668437236451 0.5 21349
1668437250178 0.0 21399
1668437263912 0.0 21449
1668437294331 1.0 21499
1668437308101 0.0 21549
1668437321820 0.75 21599
1668437335560 1.0 21649
1668437349121 0.0 21699
1668437379612 0.0 21749
1668437393277 1.0 21799
1668437407049 0.0 21849
1668437420835 1.0 21899
1668437451423 0.0 21949
1668437465056 1.0 21999
1668437478767 1.0 22049
1668437492572 0.5 22099
1668437522945 0.5 22149
1668437536722 0.0 22199
1668437550436 1.0 22249
1668437564157 0.0 22299
1668437577855 0.800000011920929 22349
1668437608955 1.0 22399
1668437622654 0.5 22449
1668437636423 1.0 22499
1668437650132 1.0 22549
1668437681444 1.0 22599
1668437695036 0.0 22649
1668437708897 0.0 22699
1668437722611 0.5 22749
1668437752475 0.4000000059604645 22799
1668437766318 0.0 22849
1668437780007 1.0 22899
1668437793737 0.5 22949
1668437807471 0.0 22999
1668437837938 1.0 23049
1668437851602 0.25 23099
1668437865349 0.5 23149
1668437879115 0.0 23199
1668437909458 0.0 23249
1668437923079 0.0 23299
1668437936844 0.5 23349
1668437950696 0.3333333432674408 23399
1668437981037 0.0 23449
1668437994966 0.3333333432674408 23499
1668438008769 0.0 23549
1668438022515 0.0 23599
1668438036253 0.0 23649
1668438066615 1.0 23699
1668438080273 1.0 23749
1668438094012 0.5 23799
1668438107727 1.0 23849
1668438138623 0.0 23899
1668438152208 0.6666666865348816 23949
1668438166007 0.5 23999
1668438179813 0.0 24049
1668438210212 1.0 24099
1668438224039 0.0 24149
1668438237754 0.5 24199
1668438251504 0.0 24249
1668438265232 1.0 24299
1668438295687 0.6666666865348816 24349
1668438309354 0.6666666865348816 24399
1668438323177 0.0 24449
1668438336973 1.0 24499
1668438367273 1.0 24549
1668438380891 1.0 24599
1668438394607 0.0 24649
1668438408429 1.0 24699
1668438438457 0.5 24749
1668438452398 0.3333333432674408 24799
1668438466097 1.0 24849
1668438479846 0.0 24899
1668438493651 0.0 24949
1668438524155 0.0 24999
1668438537812 0.0 25049
1668438551532 0.75 25099
1668438565246 0.5 25149
1668438595595 0.0 25199
1668438609201 1.0 25249
1668438622903 1.0 25299
1668438636635 0.6666666865348816 25349
1668438666873 0.0 25399
1668438680735 1.0 25449
1668438694449 0.0 25499
1668438708181 1.0 25549
1668438721983 0.3333333432674408 25599
1668438752717 0.3333333432674408 25649
1668438766429 1.0 25699
1668438780238 1.0 25749
1668438793964 0.6666666865348816 25799
1668438824538 1.0 25849
1668438838206 1.0 25899
1668438852043 0.0 25949
1668438865857 0.0 25999
1668438896108 1.0 26049
1668438909981 0.5 26099
1668438923677 0.5 26149
1668438937386 0.0 26199
1668438951162 1.0 26249
1668438981567 0.0 26299
1668438995197 0.75 26349
1668439009019 1.0 26399
1668439022726 0.3333333432674408 26449
1668439053103 1.0 26499
1668439066728 1.0 26549
1668439080468 1.0 26599
1668439094247 0.0 26649
1668439124315 1.0 26699
1668439138228 1.0 26749
1668439151889 1.0 26799
1668439165602 1.0 26849
1668439179399 1.0 26899
1668439209811 0.5 26949
1668439223439 0.20000000298023224 26999
1668439237194 0.5 27049
1668439250975 0.0 27099
1668439281757 0.5 27149
1668439295411 1.0 27199
1668439309104 0.5 27249
1668439322865 1.0 27299
1668439352838 0.5 27349
1668439366745 0.0 27399
1668439380429 0.5 27449
1668439394224 0.0 27499
1668439408028 1.0 27549
1668439438558 0.0 27599
1668439452300 1.0 27649
1668439466005 1.0 27699
1668439479798 0.5 27749
1668439510570 1.0 27799
1668439524276 0.0 27849
1668439537994 1.0 27899
1668439551915 0.0 27949
1668439582095 0.6666666865348816 27999
1668439595966 0.0 28049
1668439609717 0.6000000238418579 28099
1668439623562 1.0 28149
1668439637357 0.3333333432674408 28199
1668439667680 1.0 28249
1668439681341 1.0 28299
1668439695066 1.0 28349
1668439708841 1.0 28399
1668439739320 0.3333333432674408 28449
1668439753115 0.5 28499
1668439766853 0.0 28549
1668439780601 0.5 28599
1668439810835 0.0 28649
1668439824856 0.0 28699
1668439838547 0.75 28749
1668439852273 0.0 28799
1668439866010 0.6666666865348816 28849
1668439896278 0.5 28899
1668439909970 0.5 28949
1668439923760 0.5 28999
1668439937474 0.0 29049
1668439967827 1.0 29099
1668439981656 0.0 29149
1668439995362 0.5 29199
1668440009104 0.20000000298023224 29249
1668440039550 1.0 29299
1668440053520 1.0 29349
1668440067252 0.0 29399
1668440080968 1.0 29449
1668440094715 1.0 29499
1668440124795 1.0 29549
1668440138376 0.5 29599
1668440152115 0.0 29649
1668440165879 0.0 29699
1668440196191 0.0 29749
1668440210005 0.5 29799
1668440223807 0.0 29849
1668440237541 0.5 29899
1668440267717 0.5 29949
1668440281596 0.5 29999
1668440295279 0.5 30049
1668440309041 0.0 30099
1668440322774 0.5 30149
1668440353338 1.0 30199
1668440366943 1.0 30249
1668440380657 0.5 30299
1668440394380 0.5 30349
1668440425135 0.0 30399
1668440438926 1.0 30449
1668440452705 0.3333333432674408 30499
1668440466452 0.5 30549
1668440496559 1.0 30599
1668440510507 1.0 30649
1668440524218 0.5 30699
1668440537967 1.0 30749
1668440551934 0.75 30799
1668440582206 1.0 30849
1668440595823 1.0 30899
1668440609568 1.0 30949
1668440623383 1.0 30999
1668440653603 0.0 31049
1668440667377 0.5 31099
1668440681111 1.0 31149
1668440694854 1.0 31199
1668440725294 1.0 31249
1668440739257 0.0 31299
1668440752925 1.0 31349
1668440766648 0.0 31399
1668440780420 0.5 31449
1668440810902 1.0 31499
1668440824504 0.6000000238418579 31549
1668440838305 0.0 31599
1668440852085 1.0 31649
1668440882448 1.0 31699
1668440896275 0.0 31749
1668440909990 0.0 31799
1668440923813 0.6000000238418579 31849
1668440954218 1.0 31899
1668440968227 0.0 31949
1668440981872 1.0 31999
1668440995603 0.5 32049
1668441009364 0.6666666865348816 32099
1668441039956 1.0 32149
1668441053544 0.75 32199
1668441067269 1.0 32249
1668441081004 0.5 32299
1668441111438 0.0 32349
1668441125245 1.0 32399
1668441139036 0.75 32449
1668441152772 0.5 32499
1668441166352 0.0 32549
1668441196778 0.0 32599
1668441210416 1.0 32649
1668441224138 0.0 32699
1668441237845 1.0 32749
1668441268182 0.0 32799
1668441281776 0.25 32849
1668441295595 1.0 32899
1668441309330 0.0 32949
1668441339715 1.0 32999
1668441353449 0.0 33049
1668441367163 0.5 33099
1668441380906 0.5 33149
1668441394612 1.0 33199
1668441425242 1.0 33249
1668441438911 0.0 33299
1668441452610 1.0 33349
1668441466351 1.0 33399
1668441496848 1.0 33449
1668441510458 1.0 33499
1668441524174 0.0 33549
1668441537919 0.0 33599
1668441567890 0.0 33649
1668441581749 0.3333333432674408 33699
1668441595509 0.0 33749
1668441609204 0.6666666865348816 33799
1668441622958 0.0 33849
1668441653019 1.0 33899
1668441666716 0.6666666865348816 33949
1668441680408 1.0 33999
1668441694110 1.0 34049
1668441724513 0.0 34099
1668441738099 0.0 34149
1668441751807 0.3333333432674408 34199
1668441765522 1.0 34249
1668441795847 0.5 34299
1668441809771 0.0 34349
1668441823500 0.3333333432674408 34399
1668441837209 0.0 34449
1668441850938 1.0 34499
1668441881155 0.5 34549
1668441894820 1.0 34599
1668441908539 1.0 34649
1668441922237 0.3333333432674408 34699
1668441952741 0.0 34749
1668441966390 0.0 34799
1668441980134 0.5 34849
1668441993853 0.0 34899
1668442024397 0.5 34949
1668442038150 0.0 34999
1668442051842 0.5 35049
1668442065613 1.0 35099
1668442079431 0.0 35149
1668442109735 0.0 35199
1668442123368 0.3333333432674408 35249
1668442137079 1.0 35299
1668442150886 1.0 35349
1668442181650 0.3333333432674408 35399
1668442195371 0.0 35449
1668442209183 1.0 35499
1668442222935 1.0 35549
1668442252893 1.0 35599
1668442266777 0.6666666865348816 35649
1668442280497 0.5 35699
1668442294244 0.5 35749
1668442308055 0.0 35799
1668442338782 0.6666666865348816 35849
1668442352420 0.0 35899
1668442366602 1.0 35949
1668442380352 0.4000000059604645 35999
1668442410722 0.6666666865348816 36049
1668442424304 1.0 36099
1668442438001 0.0 36149
1668442451704 1.0 36199
1668442481751 0.0 36249
1668442495590 0.0 36299
1668442509306 0.6666666865348816 36349
1668442523068 0.0 36399
1668442536809 0.5 36449
1668442567546 1.0 36499
1668442581175 1.0 36549
1668442594944 0.5 36599
1668442608721 0.0 36649
1668442639113 1.0 36699
1668442652774 0.5 36749
1668442666460 0.0 36799
1668442680148 0.6666666865348816 36849
1668442710434 1.0 36899
1668442724428 0.0 36949
1668442738113 1.0 36999
1668442751824 0.6666666865348816 37049
1668442765549 0.5 37099
1668442795839 1.0 37149
1668442809515 1.0 37199
1668442823285 0.25 37249
1668442836983 0.0 37299
1668442867808 1.0 37349
1668442881530 0.5 37399
1668442895235 1.0 37449
1668442908960 0.5 37499
1668442939139 0.6666666865348816 37549
1668442953030 0.6666666865348816 37599
1668442966742 0.0 37649
1668442980455 0.75 37699
1668442994165 0.0 37749
1668443024511 1.0 37799
1668443038177 1.0 37849
1668443051886 0.5 37899
1668443065705 0.5 37949
1668443096128 1.0 37999
1668443110038 0.0 38049
1668443123771 0.5 38099
1668443137483 0.5 38149
1668443168102 1.0 38199
1668443182043 0.5 38249
1668443195771 1.0 38299
1668443209485 1.0 38349
1668443223245 0.0 38399
1668443253559 0.6666666865348816 38449
1668443267194 0.0 38499
1668443280962 1.0 38549
1668443294647 0.0 38599
1668443324826 0.5 38649
1668443338568 0.3333333432674408 38699
1668443352501 0.3333333432674408 38749
1668443366299 0.75 38799
1668443396536 1.0 38849
1668443410401 0.0 38899
1668443424122 1.0 38949
1668443437856 1.0 38999
1668443451552 1.0 39049
1668443482010 0.5 39099
1668443495690 0.0 39149
1668443509372 0.6666666865348816 39199
1668443523130 0.5 39249
1668443553119 0.25 39299
1668443567078 0.3333333432674408 39349
1668443580831 1.0 39399
1668443594520 0.6666666865348816 39449
1668443624700 1.0 39499
1668443638625 1.0 39549
1668443652306 1.0 39599
1668443666111 0.75 39649
1668443679897 0.0 39699
1668443710276 0.0 39749
1668443723851 0.6666666865348816 39799
1668443737587 1.0 39849
1668443751327 1.0 39899
1668443781693 1.0 39949
1668443795564 1.0 39999
1668443809321 1.0 40049
1668443823094 1.0 40099
1668443852989 1.0 40149
1668443866991 1.0 40199
1668443880720 0.0 40249
1668443894551 0.6666666865348816 40299
1668443908310 0.0 40349
1668443938799 0.3333333432674408 40399
1668443952403 1.0 40449
1668443966089 0.5 40499
1668443979934 0.0 40549
1668444010473 0.4000000059604645 40599
1668444024335 1.0 40649
1668444038106 1.0 40699
1668444051867 0.0 40749
1668444082204 0.0 40799
1668444096160 1.0 40849
1668444109825 0.0 40899
1668444123529 1.0 40949
1668444137356 1.0 40999
1668444167594 0.5 41049
1668444181189 1.0 41099
1668444194866 0.0 41149
1668444208553 1.0 41199
1668444238619 0.0 41249
1668444252544 0.5 41299
1668444266247 0.5 41349
1668444279959 0.0 41399
1668444310371 0.0 41449
1668444324235 0.6666666865348816 41499
1668444337879 0.3333333432674408 41549
1668444351584 0.5 41599
1668444365329 1.0 41649
1668444395996 0.0 41699
1668444409615 0.6000000238418579 41749
1668444423406 1.0 41799
1668444437180 0.3333333432674408 41849
1668444468059 0.0 41899
1668444481923 0.0 41949
1668444495633 0.6666666865348816 41999
1668444509324 1.0 42049
1668444539715 0.5 42099
1668444553631 0.75 42149
1668444567329 0.0 42199
1668444581123 0.3333333432674408 42249
1668444594837 0.6666666865348816 42299
1668444625490 0.75 42349
1668444639121 0.0 42399
1668444652922 0.75 42449
1668444666755 1.0 42499
1668444697217 0.0 42549
1668444711069 1.0 42599
1668444724771 1.0 42649
1668444738522 1.0 42699
1668444768652 1.0 42749
1668444782516 0.6666666865348816 42799
1668444796168 1.0 42849
1668444809895 0.5 42899
1668444823645 0.3333333432674408 42949
1668444854136 0.0 42999
1668444867724 0.5 43049
1668444881421 0.3333333432674408 43099
1668444895125 0.0 43149
1668444925577 1.0 43199
1668444939476 0.6666666865348816 43249
1668444953235 0.5 43299
1668444967002 0.0 43349
1668444980629 0.0 43399
1668445011494 0.6666666865348816 43449
1668445025192 0.3333333432674408 43499
1668445038977 1.0 43549
1668445052707 0.6666666865348816 43599
1668445083403 1.0 43649
1668445097089 0.0 43699
1668445110891 1.0 43749
1668445124614 0.0 43799
1668445155141 1.0 43849
1668445169027 0.0 43899
1668445182760 1.0 43949
1668445196549 0.0 43999
1668445210337 1.0 44049
1668445241092 1.0 44099
1668445254740 0.75 44149
1668445268449 0.6666666865348816 44199
1668445282141 1.0 44249
1668445312568 0.5 44299
1668445326201 0.5 44349
1668445339910 1.0 44399
1668445353610 0.5 44449
1668445384096 0.25 44499
1668445397952 0.5 44549
1668445411703 1.0 44599
1668445425494 1.0 44649
1668445439245 0.5 44699
1668445470067 1.0 44749
1668445483888 1.0 44799
1668445497629 0.0 44849
1668445511334 0.0 44899
1668445542046 0.5 44949
1668445555690 0.5 44999
1668445569396 0.0 45049
1668445583086 1.0 45099
1668445613303 0.3333333432674408 45149
1668445627168 0.6666666865348816 45199
1668445640902 0.0 45249
1668445654770 0.5 45299
1668445668558 0.3333333432674408 45349
1668445699005 1.0 45399
1668445712694 0.5 45449
1668445726412 0.5 45499
1668445740122 0.3333333432674408 45549
1668445770655 0.0 45599
1668445784269 0.0 45649
1668445797980 0.0 45699
1668445811783 1.0 45749
1668445841874 1.0 45799
1668445855804 0.0 45849
1668445869581 0.25 45899
1668445883313 1.0 45949
1668445896998 0.5 45999
1668445927950 0.75 46049
1668445941649 1.0 46099
1668445955351 1.0 46149
1668445969030 1.0 46199
1668445999383 1.0 46249
1668446012981 0.6000000238418579 46299
1668446026785 0.0 46349
1668446040553 1.0 46399
1668446070635 0.0 46449
1668446084608 0.25 46499
1668446098316 1.0 46549
1668446112016 1.0 46599
1668446125768 0.0 46649
1668446156150 1.0 46699
1668446169845 1.0 46749
1668446183612 1.0 46799
1668446197307 0.5 46849
1668446227849 1.0 46899
1668446241486 0.6666666865348816 46949
1668446255230 0.5 46999
1668446268925 0.3333333432674408 47049
1668446299264 0.5 47099
1668446313175 1.0 47149
1668446326886 0.5 47199
1668446340637 0.0 47249
1668446354354 1.0 47299
1668446384753 0.5 47349
1668446398442 1.0 47399
1668446412148 0.5 47449
1668446425914 1.0 47499
1668446456469 0.0 47549
1668446470222 1.0 47599
1668446483973 0.0 47649
1668446497713 1.0 47699
1668446527850 0.5 47749
1668446541725 0.0 47799
1668446555432 0.0 47849
1668446569308 0.6666666865348816 47899
1668446583008 0.0 47949
1668446613898 0.0 47999
1668446627551 0.5 48049
1668446641312 0.5 48099
1668446655037 1.0 48149
1668446685229 1.0 48199
1668446698915 0.0 48249
1668446712637 0.5 48299
1668446726484 0.0 48349
1668446756816 1.0 48399
1668446770744 1.0 48449
1668446784464 0.5 48499
1668446798318 0.0 48549
1668446812095 0.5 48599
1668446842951 1.0 48649
1668446856575 0.5 48699
1668446870317 0.6666666865348816 48749
1668446884054 0.0 48799
1668446913984 1.0 48849
1668446927744 0.0 48899
1668446941471 1.0 48949
1668446955303 0.0 48999
1668446985860 1.0 49049
1668446999759 1.0 49099
1668447013474 1.0 49149
1668447027235 0.3333333432674408 49199
1668447040995 1.0 49249
1668447071391 0.75 49299
1668447085028 1.0 49349
1668447098740 0.20000000298023224 49399
1668447112487 0.0 49449
1668447142947 0.0 49499
1668447156838 1.0 49549
1668447170570 0.5 49599
1668447184264 0.0 49649
1668447214363 0.0 49699
1668447228346 1.0 49749
1668447242087 1.0 49799
1668447255887 0.0 49849
1668447269703 0.5 49899
1668447300438 0.3333333432674408 49949
1668447314250 0.5 49999
1668447327943 1.0 50049
1668447341695 0.5 50099
1668447372148 1.0 50149
1668447385979 1.0 50199
1668447399721 1.0 50249
1668447413471 0.5 50299
1668447443635 0.75 50349
1668447457614 0.0 50399
1668447471280 0.6666666865348816 50449
1668447485018 0.0 50499
1668447498687 0.5 50549
1668447529192 0.0 50599
1668447542831 0.0 50649
1668447556628 1.0 50699
1668447570526 0.0 50749
1668447600533 1.0 50799
1668447614294 0.6666666865348816 50849
1668447628031 1.0 50899
1668447642478 0.0 50949
1668447673276 0.6666666865348816 50999
1668447687361 1.0 51049
1668447701032 0.0 51099
1668447714861 0.0 51149
1668447728665 0.0 51199
1668447759473 0.6666666865348816 51249
1668447773092 0.0 51299
1668447786797 0.0 51349
1668447800568 0.0 51399
1668447831154 0.3333333432674408 51449
1668447845120 0.0 51499
1668447858893 1.0 51549
1668447872717 1.0 51599
1668447902866 1.0 51649
1668447916791 0.5 51699
1668447930486 1.0 51749
1668447944204 0.6666666865348816 51799
1668447957916 0.6666666865348816 51849
1668447988557 0.75 51899
1668448002154 0.0 51949
1668448015904 0.0 51999
1668448029728 1.0 52049
1668448060096 0.6666666865348816 52099
1668448073915 0.6000000238418579 52149
1668448087646 0.0 52199
1668448101403 0.75 52249
1668448132041 0.0 52299
1668448145963 0.0 52349
1668448159651 1.0 52399
1668448173360 0.800000011920929 52449
1668448187187 0.3333333432674408 52499
1668448217769 1.0 52549
1668448231357 0.0 52599
1668448245104 1.0 52649
1668448258935 0.5 52699
1668448289649 0.0 52749
1668448303343 0.0 52799
1668448317056 1.0 52849
1668448330791 0.0 52899
1668448361113 0.0 52949
1668448375346 0.0 52999
1668448389069 0.0 53049
1668448402809 1.0 53099
1668448416548 1.0 53149
1668448447464 0.5 53199
1668448461127 0.5 53249
1668448474887 0.3333333432674408 53299
1668448488602 0.5 53349
1668448519021 1.0 53399
1668448532870 0.5 53449
1668448546614 0.0 53499
1668448560346 0.5 53549
1668448590881 0.6666666865348816 53599
1668448604854 1.0 53649
1668448618692 1.0 53699
1668448632405 0.0 53749
1668448646105 1.0 53799
1668448676638 1.0 53849
1668448690267 0.0 53899
1668448703990 1.0 53949
1668448717703 0.0 53999
1668448747806 0.75 54049
1668448761655 1.0 54099
1668448775373 0.25 54149
1668448789087 0.0 54199
1668448802618 0.0 54249
1668448833210 0.3333333432674408 54299
1668448846923 0.800000011920929 54349
1668448860662 0.5 54399
1668448874366 1.0 54449
1668448904926 0.0 54499
1668448918628 0.0 54549
1668448932419 0.0 54599
1668448946214 0.0 54649
1668448976604 0.0 54699
1668448990454 1.0 54749
1668449004169 1.0 54799
1668449017923 0.5 54849
1668449031634 1.0 54899
1668449062266 0.5 54949
1668449075904 0.5 54999
1668449089679 1.0 55049
1668449103436 0.0 55099
1668449133967 0.0 55149
1668449147630 0.0 55199
1668449161326 0.0 55249
1668449175036 0.0 55299
1668449205147 0.0 55349
1668449218975 0.0 55399
1668449232719 1.0 55449
1668449246441 0.25 55499
1668449260154 0.0 55549
1668449290964 0.0 55599
1668449304796 0.0 55649
1668449318516 1.0 55699
1668449332240 0.5 55749
1668449363015 1.0 55799
1668449376611 1.0 55849
1668449390408 0.3333333432674408 55899
1668449404107 0.0 55949
1668449434207 1.0 55999
1668449447998 0.0 56049
1668449461718 1.0 56099
1668449475460 0.5 56149
1668449489168 0.0 56199
1668449519903 0.5 56249
1668449533559 0.6666666865348816 56299
1668449547298 0.6666666865348816 56349
1668449561021 1.0 56399
1668449591528 0.0 56449
1668449605149 0.0 56499
1668449618887 0.0 56549
1668449632614 0.0 56599
1668449662983 1.0 56649
1668449676868 1.0 56699
1668449690588 0.0 56749
1668449704298 1.0 56799
1668449718006 1.0 56849
1668449748353 0.8333333134651184 56899
1668449762012 0.6666666865348816 56949
1668449775774 1.0 56999
1668449789481 1.0 57049
1668449820135 0.5 57099
1668449833737 1.0 57149
1668449847478 1.0 57199
1668449861238 0.0 57249
1668449891637 1.0 57299
1668449905593 0.0 57349
1668449919305 0.0 57399
1668449933060 1.0 57449
1668449946847 1.0 57499
1668449977309 1.0 57549
1668449991001 0.5 57599
1668450004822 0.6666666865348816 57649
1668450018525 1.0 57699
1668450048643 1.0 57749
1668450062336 1.0 57799
1668450076061 1.0 57849
1668450089780 1.0 57899
1668450120189 1.0 57949
1668450134087 0.0 57999
1668450147795 0.0 58049
1668450161492 1.0 58099
1668450175511 0.6666666865348816 58149
1668450206211 0.6666666865348816 58199
1668450219865 0.5 58249
1668450233595 0.0 58299
1668450247335 1.0 58349
1668450277994 0.6666666865348816 58399
1668450291719 1.0 58449
1668450305423 0.5 58499
1668450319144 0.800000011920929 58549
1668450349165 0.0 58599
1668450363165 1.0 58649
1668450376881 1.0 58699
1668450390595 0.6666666865348816 58749
1668450404279 0.0 58799
1668450434492 0.5 58849
1668450448131 0.3333333432674408 58899
1668450461854 1.0 58949
1668450475636 1.0 58999
1668450505933 1.0 59049
1668450519689 0.6666666865348816 59099
1668450533437 1.0 59149
1668450547135 1.0 59199
1668450577698 0.75 59249
1668450591612 1.0 59299
1668450605329 0.6666666865348816 59349
1668450619061 0.5 59399
1668450632747 0.6666666865348816 59449
1668450663192 0.0 59499
1668450676903 0.0 59549
1668450690659 0.0 59599
1668450704402 1.0 59649
1668450734860 0.0 59699
1668450748572 0.0 59749
1668450762308 0.5 59799
1668450775999 0.0 59849
1668450806469 0.0 59899
1668450820469 1.0 59949
1668450834168 1.0 59999
1668450847921 0.5 60049
1668450861624 0.0 60099
1668450892193 0.5 60149
1668450905869 0.0 60199
1668450919568 0.5 60249
1668450933290 1.0 60299
1668450964135 0.5 60349
1668450977855 0.5 60399
1668450991596 0.0 60449
1668451005290 1.0 60499
1668451035911 0.0 60549
1668451049796 1.0 60599
1668451063627 0.75 60649
1668451077346 0.0 60699
1668451091158 1.0 60749
1668451121933 0.0 60799
1668451135551 1.0 60849
1668451149341 0.5 60899
1668451163041 0.6666666865348816 60949
1668451193702 1.0 60999
1668451207569 1.0 61049
1668451221328 1.0 61099
1668451235066 0.5 61149
1668451265781 0.0 61199
1668451279757 0.6666666865348816 61249
1668451293466 1.0 61299
1668451307311 1.0 61349
1668451321151 0.0 61399
1668451351708 0.5 61449
1668451365320 0.5 61499
1668451379063 0.0 61549
1668451392810 0.5 61599
1668451423554 0.5 61649
1668451437389 0.6666666865348816 61699
1668451451118 0.0 61749
1668451464845 0.0 61799
1668451495217 0.0 61849
1668451509328 0.75 61899
1668451523052 1.0 61949
1668451536884 0.5 61999
1668451550689 0.3333333432674408 62049
1668451581418 0.0 62099
1668451595084 0.5 62149
1668451608783 0.25 62199
1668451622462 1.0 62249
1668451652992 1.0 62299
1668451666784 0.5 62349
1668451680494 0.6666666865348816 62399
1668451694273 0.5 62449
1668451724765 0.0 62499
1668451738919 0.0 62549
1668451752746 0.4000000059604645 62599
1668451766482 1.0 62649
1668451780207 0.0 62699
1668451811166 0.6666666865348816 62749
1668451824783 1.0 62799
1668451838489 1.0 62849
1668451852219 0.0 62899
1668451882354 1.0 62949
1668451896183 1.0 62999
1668451909888 0.3333333432674408 63049
1668451923581 0.6666666865348816 63099
1668451953752 0.3333333432674408 63149
1668451967716 1.0 63199
1668451981355 0.3333333432674408 63249
1668451995097 0.5 63299
1668452008774 1.0 63349
1668452039777 0.5 63399
1668452053439 0.0 63449
1668452067156 0.0 63499
1668452080856 0.0 63549
1668452111171 0.6666666865348816 63599
1668452125050 1.0 63649
1668452138759 0.75 63699
1668452152483 0.0 63749
1668452183391 1.0 63799
1668452197314 0.0 63849
1668452211020 0.0 63899
1668452224746 0.0 63949
1668452238604 0.0 63999
1668452269492 0.6666666865348816 64049
1668452283615 1.0 64099
1668452297429 0.75 64149
1668452311191 1.0 64199
1668452341859 0.0 64249
1668452355733 0.0 64299
1668452369452 0.0 64349
1668452383264 0.25 64399
1668452413706 0.0 64449
1668452427581 1.0 64499
1668452441340 0.3333333432674408 64549
1668452455064 1.0 64599
1668452468789 0.0 64649
1668452499146 0.3333333432674408 64699
1668452512779 1.0 64749
1668452526500 0.25 64799
1668452540229 1.0 64849
1668452570961 0.5 64899
1668452584903 1.0 64949
1668452598666 0.3333333432674408 64999
1668452612404 0.6666666865348816 65049
1668452626101 0.0 65099
