1668580906267 0.7755780220031738 216
1668580976934 0.7836705446243286 433
1668581047259 0.7789017558097839 650
1668581117900 0.7702311873435974 867
1668581188523 0.768497109413147 1084
1668581258909 0.7716763019561768 1301
1668581329443 0.7736994028091431 1518
1668581400256 0.7722543478012085 1735
1668581470960 0.775288999080658 1952
1668581541783 0.7799133062362671 2169
1668581612697 0.7763005495071411 2386
1668581683396 0.7826589345932007 2603
1668581754074 0.7813583612442017 2820
1668581824894 0.7819364070892334 3037
1668581896029 0.7894508838653564 3254
1668581966909 0.7842485308647156 3471
1668582037560 0.7874277234077454 3688
1668582108648 0.7933526039123535 3905
1668582179422 0.8014450669288635 4122
1668582250184 0.8020231127738953 4339
1668582321162 0.802601158618927 4556
1668582391895 0.8034682273864746 4773
1668582462685 0.803901731967926 4990
1668582533745 0.8111271858215332 5207
1668582604713 0.8046242594718933 5424
1668582675398 0.8115606904029846 5641
1668582746502 0.8132947683334351 5858
1668582817271 0.8154624104499817 6075
1668582888145 0.8183525800704956 6292
1668582958822 0.815606951713562 6509
1668583029863 0.8199421763420105 6726
1668583100882 0.8205202221870422 6943
1668583171708 0.8213872909545898 7160
1668583242317 0.8208092451095581 7377
1668583312748 0.8257225155830383 7594
1668583383562 0.8206647634506226 7811
1668583454439 0.827890157699585 8028
1668583525048 0.8270231485366821 8245
1668583595776 0.8232659101486206 8462
1668583666888 0.8263005614280701 8679
