1668580850494 0.0 49
1668580864105 0.25 99
1668580877717 0.4000000059604645 149
1668580891318 1.0 199
1668580915811 0.6000000238418579 249
1668580929443 1.0 299
1668580943019 0.3333333432674408 349
1668580956641 1.0 399
1668580981794 0.0 449
1668580995431 0.25 499
1668581009016 0.0 549
1668581022629 0.0 599
1668581036232 0.3333333432674408 649
1668581061175 0.3333333432674408 699
1668581074837 0.6666666865348816 749
1668581088450 0.5 799
1668581102082 0.0 849
1668581127286 0.5 899
1668581140914 0.0 949
1668581154537 0.0 999
1668581168154 0.5 1049
1668581193145 0.6666666865348816 1099
1668581206782 0.25 1149
1668581220382 0.0 1199
1668581234010 0.6666666865348816 1249
1668581247615 1.0 1299
1668581272561 0.3333333432674408 1349
1668581286250 0.5 1399
1668581299876 0.6000000238418579 1449
1668581313488 0.0 1499
1668581338440 0.25 1549
1668581352054 0.3333333432674408 1599
1668581365661 0.6666666865348816 1649
1668581379421 0.5 1699
1668581404660 0.3333333432674408 1749
1668581418294 0.0 1799
1668581431910 0.0 1849
1668581445545 0.5 1899
1668581459310 1.0 1949
1668581484441 0.0 1999
1668581498047 0.3333333432674408 2049
1668581511803 0.5 2099
1668581525427 0.0 2149
1668581550563 0.0 2199
1668581564198 0.0 2249
1668581578003 1.0 2299
1668581591635 0.5 2349
1668581616787 1.0 2399
1668581630403 0.0 2449
1668581644147 0.4000000059604645 2499
1668581657818 0.800000011920929 2549
1668581671446 0.0 2599
1668581696541 0.5 2649
1668581710226 1.0 2699
1668581723879 1.0 2749
1668581737556 1.0 2799
1668581762570 1.0 2849
1668581776206 0.75 2899
1668581789854 0.3333333432674408 2949
1668581803528 1.0 2999
1668581828738 0.0 3049
1668581842548 0.0 3099
1668581856342 1.0 3149
1668581869986 0.5 3199
1668581883662 0.3333333432674408 3249
1668581908859 0.0 3299
1668581922497 0.5 3349
1668581936245 0.0 3399
1668581950012 0.5 3449
1668581975074 0.0 3499
1668581988731 1.0 3549
1668582002354 0.6666666865348816 3599
1668582016003 0.6000000238418579 3649
1668582041153 0.5 3699
1668582055002 1.0 3749
1668582068727 0.6666666865348816 3799
1668582082371 0.3333333432674408 3849
1668582096049 0.6000000238418579 3899
1668582121210 0.6666666865348816 3949
1668582134836 0.0 3999
1668582148525 0.25 4049
1668582162156 0.800000011920929 4099
1668582187367 0.3333333432674408 4149
1668582201166 0.3333333432674408 4199
1668582214893 0.5 4249
1668582228539 0.5 4299
1668582253609 0.0 4349
1668582267314 0.5 4399
1668582280972 0.6666666865348816 4449
1668582294639 0.5 4499
1668582308372 0.0 4549
1668582333384 0.4000000059604645 4599
1668582347013 1.0 4649
1668582360626 0.6666666865348816 4699
1668582374257 1.0 4749
1668582399554 1.0 4799
1668582413331 0.6666666865348816 4849
1668582427009 0.6666666865348816 4899
1668582440658 1.0 4949
1668582465709 1.0 4999
1668582479382 0.25 5049
1668582493047 0.3333333432674408 5099
1668582506749 1.0 5149
1668582520435 0.6666666865348816 5199
1668582545807 1.0 5249
1668582559530 1.0 5299
1668582573160 0.3333333432674408 5349
1668582586807 0.0 5399
1668582612106 0.5 5449
1668582625752 0.6666666865348816 5499
1668582639374 0.6000000238418579 5549
1668582653033 0.75 5599
1668582678165 1.0 5649
1668582691771 1.0 5699
1668582705508 0.800000011920929 5749
1668582719254 0.0 5799
1668582732916 0.0 5849
1668582758223 1.0 5899
1668582771938 0.6666666865348816 5949
1668582785760 0.0 5999
1668582799523 1.0 6049
1668582824382 0.6666666865348816 6099
1668582838191 1.0 6149
1668582851969 1.0 6199
1668582865615 1.0 6249
1668582890641 1.0 6299
1668582904261 0.0 6349
1668582917878 0.3333333432674408 6399
1668582931534 0.5 6449
1668582945201 1.0 6499
1668582970397 0.6666666865348816 6549
1668582984119 1.0 6599
1668582997776 1.0 6649
1668583011419 0.5 6699
1668583036910 1.0 6749
1668583050628 0.5 6799
1668583064414 0.5 6849
1668583078042 0.3333333432674408 6899
1668583103090 1.0 6949
1668583116713 1.0 6999
1668583130346 0.5 7049
1668583143994 0.6666666865348816 7099
1668583157629 1.0 7149
1668583182879 0.75 7199
1668583196533 0.5 7249
1668583210297 0.6666666865348816 7299
1668583224030 1.0 7349
1668583248884 1.0 7399
1668583262517 0.3333333432674408 7449
1668583276223 0.0 7499
1668583289984 1.0 7549
1668583314679 0.6666666865348816 7599
1668583328308 1.0 7649
1668583341943 0.800000011920929 7699
1668583355610 0.6666666865348816 7749
1668583369269 1.0 7799
1668583394472 0.0 7849
1668583408109 1.0 7899
1668583421762 1.0 7949
1668583435440 1.0 7999
1668583460740 1.0 8049
1668583474431 1.0 8099
1668583488083 0.6666666865348816 8149
1668583501764 0.3333333432674408 8199
1668583526713 0.0 8249
1668583540376 0.3333333432674408 8299
1668583554062 1.0 8349
1668583567714 0.0 8399
1668583581363 1.0 8449
1668583606494 0.6666666865348816 8499
1668583620327 0.5 8549
1668583634071 1.0 8599
1668583647710 1.0 8649
1668583672993 0.0 8699
1668583686635 0.5 8749
1668583700287 1.0 8799
1668583713906 0.6666666865348816 8849
1668583739006 1.0 8899
1668583752678 1.0 8949
1668583766409 1.0 8999
1668583780175 0.0 9049
1668583793839 0.5 9099
1668583819160 0.6666666865348816 9149
1668583832796 1.0 9199
1668583846495 0.5 9249
1668583860137 1.0 9299
1668583885914 1.0 9349
1668583899683 0.0 9399
1668583913453 1.0 9449
1668583927177 0.5 9499
1668583952578 1.0 9549
1668583966250 0.0 9599
1668583979882 0.5 9649
1668583993611 1.0 9699
1668584007280 1.0 9749
1668584032547 0.75 9799
1668584046178 0.0 9849
1668584059827 1.0 9899
1668584073588 1.0 9949
1668584099093 0.3333333432674408 9999
1668584112917 0.6666666865348816 10049
1668584126578 0.800000011920929 10099
1668584140241 1.0 10149
1668584165810 0.0 10199
1668584179514 1.0 10249
1668584193140 0.5 10299
1668584206905 1.0 10349
1668584220606 0.6666666865348816 10399
1668584245996 1.0 10449
1668584259657 1.0 10499
1668584273276 1.0 10549
1668584286905 0.5 10599
1668584312345 1.0 10649
1668584326012 1.0 10699
1668584339637 1.0 10749
1668584353258 0.5 10799
1668584366720 0.0 10849
1668584392587 1.0 10899
1668584406288 0.75 10949
1668584420004 1.0 10999
1668584433750 0.5 11049
1668584459200 1.0 11099
1668584472930 0.75 11149
1668584486552 0.0 11199
1668584500194 0.6666666865348816 11249
1668584525641 0.6666666865348816 11299
1668584539481 1.0 11349
1668584553314 0.75 11399
1668584566955 1.0 11449
1668584580594 1.0 11499
1668584605857 1.0 11549
1668584619502 1.0 11599
1668584633139 0.75 11649
1668584646778 0.5 11699
1668584672225 1.0 11749
1668584685852 0.6666666865348816 11799
1668584699470 1.0 11849
1668584713124 1.0 11899
1668584738896 0.0 11949
1668584752594 1.0 11999
1668584766251 1.0 12049
1668584779885 1.0 12099
1668584793502 1.0 12149
1668584818955 0.5 12199
1668584832659 1.0 12249
1668584846306 1.0 12299
1668584859950 1.0 12349
1668584885591 1.0 12399
1668584899378 0.6666666865348816 12449
1668584913168 1.0 12499
1668584926805 1.0 12549
1668584952342 0.5 12599
1668584965975 1.0 12649
1668584979688 1.0 12699
1668584993451 1.0 12749
1668585007067 0.5 12799
1668585032522 1.0 12849
1668585046163 1.0 12899
1668585059794 1.0 12949
1668585073465 1.0 12999
1668585099731 1.0 13049
1668585113451 1.0 13099
1668585127240 0.6666666865348816 13149
1668585140888 0.75 13199
1668585166367 1.0 13249
1668585180036 0.75 13299
1668585193676 0.6666666865348816 13349
1668585207354 1.0 13399
1668585221003 1.0 13449
1668585246465 1.0 13499
1668585260086 1.0 13549
1668585273708 1.0 13599
1668585287326 0.6666666865348816 13649
1668585312855 1.0 13699
1668585326490 1.0 13749
1668585340219 0.5 13799
1668585353903 0.0 13849
1668585379462 1.0 13899
1668585393093 0.6666666865348816 13949
1668585406741 0.0 13999
1668585420390 1.0 14049
1668585434031 0.6666666865348816 14099
1668585459460 1.0 14149
1668585473078 1.0 14199
1668585486715 0.6666666865348816 14249
1668585500342 1.0 14299
1668585526023 0.75 14349
1668585539656 0.6666666865348816 14399
1668585553402 0.3333333432674408 14449
1668585567098 1.0 14499
1668585592695 0.6666666865348816 14549
1668585606434 0.5 14599
1668585620146 1.0 14649
1668585633802 1.0 14699
1668585647451 0.0 14749
1668585673189 0.0 14799
1668585686933 1.0 14849
1668585700636 0.6666666865348816 14899
1668585714274 1.0 14949
1668585739947 1.0 14999
1668585753585 1.0 15049
1668585767263 0.5 15099
1668585780916 0.6666666865348816 15149
1668585806683 1.0 15199
1668585820308 0.0 15249
1668585833973 1.0 15299
1668585847638 1.0 15349
1668585861268 0.5 15399
1668585886591 1.0 15449
1668585900227 1.0 15499
1668585913966 0.6000000238418579 15549
1668585927631 1.0 15599
1668585953149 0.3333333432674408 15649
1668585966782 1.0 15699
1668585980497 0.6666666865348816 15749
1668585994127 0.75 15799
1668586019596 1.0 15849
1668586033275 0.3333333432674408 15899
1668586046908 1.0 15949
1668586060550 1.0 15999
1668586074181 0.3333333432674408 16049
1668586099612 0.5 16099
1668586113371 0.5 16149
1668586127108 0.3333333432674408 16199
1668586140736 1.0 16249
1668586166090 0.5 16299
1668586179694 1.0 16349
1668586193332 1.0 16399
1668586206957 0.5 16449
1668586232525 1.0 16499
1668586246259 1.0 16549
1668586259885 0.75 16599
1668586273534 1.0 16649
1668586287184 0.5 16699
1668586312752 0.6666666865348816 16749
1668586326378 1.0 16799
1668586340016 1.0 16849
1668586353666 0.75 16899
1668586379088 1.0 16949
1668586392723 1.0 16999
1668586406388 0.5 17049
1668586420014 0.75 17099
1668586445464 0.3333333432674408 17149
1668586459360 0.6000000238418579 17199
1668586473004 1.0 17249
1668586486676 1.0 17299
1668586500325 0.5 17349
1668586525677 0.75 17399
1668586539300 1.0 17449
1668586552937 0.0 17499
1668586566600 1.0 17549
1668586592406 1.0 17599
1668586606102 1.0 17649
1668586619735 0.75 17699
1668586633353 1.0 17749
1668586658959 0.25 17799
1668586672585 0.0 17849
1668586686220 0.5 17899
1668586699848 0.8333333134651184 17949
1668586713486 0.6666666865348816 17999
1668586738806 0.5 18049
1668586752446 1.0 18099
1668586766065 0.0 18149
1668586779705 1.0 18199
1668586805275 1.0 18249
1668586818949 1.0 18299
1668586832589 0.5 18349
1668586846238 0.6666666865348816 18399
1668586871793 0.75 18449
1668586885410 0.0 18499
1668586899066 1.0 18549
1668586912706 0.75 18599
1668586926395 0.6666666865348816 18649
1668586952058 0.3333333432674408 18699
1668586965769 0.800000011920929 18749
1668586979404 1.0 18799
1668586993068 0.75 18849
1668587018472 1.0 18899
1668587032151 0.6666666865348816 18949
1668587045787 0.0 18999
1668587059437 1.0 19049
1668587084984 0.3333333432674408 19099
1668587098623 0.6666666865348816 19149
1668587112301 0.5 19199
1668587125978 0.5 19249
1668587139601 0.75 19299
1668587164949 1.0 19349
1668587178630 1.0 19399
1668587192279 1.0 19449
1668587205925 0.5 19499
1668587231360 1.0 19549
1668587245096 0.0 19599
1668587258762 1.0 19649
1668587272424 1.0 19699
1668587297834 1.0 19749
1668587311483 1.0 19799
1668587325220 0.6666666865348816 19849
1668587338924 0.0 19899
1668587352566 0.3333333432674408 19949
1668587378121 1.0 19999
1668587391764 1.0 20049
1668587405418 1.0 20099
1668587419050 0.6666666865348816 20149
1668587444490 1.0 20199
1668587458156 0.75 20249
1668587471791 0.0 20299
1668587485422 0.5 20349
1668587510849 0.5 20399
1668587524751 1.0 20449
1668587538393 0.6666666865348816 20499
1668587552045 0.5 20549
1668587565714 1.0 20599
1668587591276 1.0 20649
1668587604909 0.6666666865348816 20699
1668587618539 0.0 20749
1668587632157 1.0 20799
1668587657663 1.0 20849
1668587671462 1.0 20899
1668587685162 0.0 20949
1668587698800 1.0 20999
1668587724252 0.75 21049
1668587737874 1.0 21099
1668587751529 1.0 21149
1668587765184 1.0 21199
1668587778832 0.3333333432674408 21249
1668587804393 0.6000000238418579 21299
1668587818067 0.6666666865348816 21349
1668587831714 0.0 21399
1668587845373 0.3333333432674408 21449
1668587870732 0.6666666865348816 21499
1668587884356 0.5 21549
1668587897982 0.6000000238418579 21599
1668587911632 0.4000000059604645 21649
1668587925080 0.0 21699
1668587950873 1.0 21749
1668587964569 1.0 21799
1668587978234 1.0 21849
1668587991904 1.0 21899
1668588017426 0.6000000238418579 21949
1668588031074 1.0 21999
1668588044720 0.6666666865348816 22049
1668588058353 0.5 22099
1668588083827 1.0 22149
1668588097524 0.0 22199
1668588111167 1.0 22249
1668588124824 0.0 22299
1668588138520 1.0 22349
1668588164174 1.0 22399
1668588177851 1.0 22449
1668588191498 1.0 22499
1668588205135 0.5 22549
1668588230598 1.0 22599
1668588244273 0.0 22649
1668588257935 0.0 22699
1668588271642 1.0 22749
1668588297171 0.5 22799
1668588310837 0.0 22849
1668588324501 0.5 22899
1668588338161 1.0 22949
1668588351785 1.0 22999
1668588377257 0.5 23049
1668588390896 1.0 23099
1668588404548 1.0 23149
1668588418195 0.0 23199
1668588443852 1.0 23249
1668588457643 0.0 23299
1668588471303 1.0 23349
1668588484951 1.0 23399
1668588510384 0.5 23449
1668588524026 1.0 23499
1668588537676 0.0 23549
1668588551359 0.5 23599
1668588565021 1.0 23649
1668588590613 0.0 23699
1668588604350 0.75 23749
1668588618021 1.0 23799
1668588631666 1.0 23849
1668588657248 0.0 23899
1668588670886 1.0 23949
1668588684635 1.0 23999
1668588698262 0.0 24049
1668588723844 0.6666666865348816 24099
1668588737535 0.0 24149
1668588751197 1.0 24199
1668588764834 0.6666666865348816 24249
1668588778539 0.0 24299
1668588803997 1.0 24349
1668588817618 1.0 24399
1668588831249 0.5 24449
1668588844881 1.0 24499
1668588870372 0.5 24549
1668588884050 1.0 24599
1668588897726 0.0 24649
1668588911397 0.3333333432674408 24699
1668588937108 1.0 24749
1668588950784 1.0 24799
1668588964431 1.0 24849
1668588978056 1.0 24899
1668588991695 0.0 24949
1668589017545 0.6666666865348816 24999
1668589031189 1.0 25049
1668589044828 0.6666666865348816 25099
1668589058504 0.6666666865348816 25149
1668589083959 0.0 25199
1668589097608 1.0 25249
1668589111329 1.0 25299
1668589125000 1.0 25349
1668589150373 0.0 25399
1668589164205 1.0 25449
1668589177858 1.0 25499
1668589191506 1.0 25549
1668589205236 1.0 25599
1668589230781 1.0 25649
1668589244488 1.0 25699
1668589258157 1.0 25749
1668589271835 0.800000011920929 25799
1668589297453 1.0 25849
1668589311179 0.800000011920929 25899
1668589324840 0.6666666865348816 25949
1668589338560 0.0 25999
1668589364004 0.6666666865348816 26049
1668589377623 1.0 26099
1668589391316 0.5 26149
1668589404971 0.3333333432674408 26199
1668589418652 1.0 26249
1668589444254 0.0 26299
1668589457898 1.0 26349
1668589471542 1.0 26399
1668589485203 1.0 26449
1668589510906 0.75 26499
1668589524645 1.0 26549
1668589538312 1.0 26599
1668589551963 1.0 26649
1668589577459 0.75 26699
1668589591157 1.0 26749
1668589604818 1.0 26799
1668589618459 0.3333333432674408 26849
1668589632135 1.0 26899
1668589657704 1.0 26949
1668589671340 0.3333333432674408 26999
1668589685003 1.0 27049
1668589698639 0.0 27099
1668589724069 1.0 27149
1668589737827 0.0 27199
1668589751488 1.0 27249
1668589765132 1.0 27299
1668589790602 1.0 27349
1668589804331 1.0 27399
1668589817967 1.0 27449
1668589831601 0.0 27499
1668589845347 1.0 27549
1668589870691 0.0 27599
1668589884337 0.5 27649
1668589897979 1.0 27699
1668589911651 0.3333333432674408 27749
1668589937092 1.0 27799
1668589950736 0.0 27849
1668589964402 1.0 27899
1668589978061 0.5 27949
1668590003580 1.0 27999
1668590017264 1.0 28049
1668590031025 1.0 28099
1668590044730 0.75 28149
1668590058368 1.0 28199
1668590084007 1.0 28249
1668590097761 1.0 28299
1668590111398 0.6666666865348816 28349
1668590125022 1.0 28399
1668590150548 1.0 28449
1668590164192 1.0 28499
1668590177844 0.0 28549
1668590191486 1.0 28599
1668590216980 0.0 28649
1668590230620 0.5 28699
1668590244284 1.0 28749
1668590257932 1.0 28799
1668590271565 0.800000011920929 28849
1668590297033 1.0 28899
1668590310666 1.0 28949
1668590324315 1.0 28999
1668590337974 0.6666666865348816 29049
1668590363689 1.0 29099
1668590377348 1.0 29149
1668590390991 1.0 29199
1668590404647 1.0 29249
1668590430158 1.0 29299
1668590443812 0.8333333134651184 29349
1668590457518 0.0 29399
1668590471154 1.0 29449
1668590484786 1.0 29499
1668590510496 1.0 29549
1668590524126 0.6666666865348816 29599
1668590537783 0.0 29649
1668590551419 1.0 29699
1668590576760 0.5 29749
1668590590403 0.5 29799
1668590604064 0.75 29849
1668590617782 1.0 29899
1668590643365 1.0 29949
1668590657010 1.0 29999
1668590670659 1.0 30049
1668590684313 0.6666666865348816 30099
1668590697956 1.0 30149
1668590723433 0.6666666865348816 30199
1668590737072 1.0 30249
1668590750725 1.0 30299
1668590764372 1.0 30349
1668590789688 0.0 30399
1668590803476 0.6000000238418579 30449
1668590817132 0.5 30499
1668590830799 0.5 30549
1668590856273 1.0 30599
1668590869923 1.0 30649
1668590883582 0.6666666865348816 30699
1668590897256 1.0 30749
1668590910923 1.0 30799
1668590936303 1.0 30849
1668590950021 1.0 30899
1668590963685 1.0 30949
1668590977325 0.6666666865348816 30999
1668591002836 0.0 31049
1668591016478 0.5 31099
1668591030148 1.0 31149
1668591043802 1.0 31199
1668591069144 1.0 31249
1668591082793 1.0 31299
1668591096464 0.5 31349
1668591110142 1.0 31399
1668591123804 0.75 31449
1668591149201 1.0 31499
1668591162857 1.0 31549
1668591176500 1.0 31599
1668591190179 1.0 31649
1668591215743 1.0 31699
1668591229390 1.0 31749
1668591243031 0.0 31799
1668591256704 0.75 31849
1668591282124 1.0 31899
1668591295750 0.6666666865348816 31949
1668591309408 1.0 31999
1668591323070 1.0 32049
1668591336748 1.0 32099
1668591362207 1.0 32149
1668591375958 1.0 32199
1668591389588 1.0 32249
1668591403225 1.0 32299
1668591428705 0.0 32349
1668591442342 1.0 32399
1668591455990 1.0 32449
1668591469620 1.0 32499
1668591483144 0.0 32549
1668591508802 1.0 32599
1668591522470 1.0 32649
1668591536109 1.0 32699
1668591549835 1.0 32749
1668591575421 1.0 32799
1668591589078 0.5 32849
1668591602722 0.6666666865348816 32899
1668591616418 0.75 32949
1668591641884 1.0 32999
1668591655514 1.0 33049
1668591669198 0.5 33099
1668591682840 0.5 33149
1668591696463 1.0 33199
1668591721842 1.0 33249
1668591735546 1.0 33299
1668591749193 0.5 33349
1668591762843 1.0 33399
1668591788360 0.5 33449
1668591802073 1.0 33499
1668591815726 0.5 33549
1668591829438 1.0 33599
1668591854941 0.0 33649
1668591868585 0.6666666865348816 33699
1668591882234 1.0 33749
1668591895904 0.75 33799
1668591909677 0.75 33849
1668591935501 1.0 33899
1668591949147 1.0 33949
1668591962793 1.0 33999
1668591976435 1.0 34049
1668592001984 0.5 34099
1668592015653 0.6000000238418579 34149
1668592029301 1.0 34199
1668592043130 1.0 34249
1668592068488 1.0 34299
1668592082133 0.5 34349
1668592095779 1.0 34399
1668592109469 1.0 34449
1668592123122 1.0 34499
1668592148707 0.5 34549
1668592162343 1.0 34599
1668592175983 0.6000000238418579 34649
1668592189735 1.0 34699
1668592215065 1.0 34749
1668592228716 1.0 34799
1668592242356 1.0 34849
1668592256128 1.0 34899
1668592281668 0.5 34949
1668592295327 0.0 34999
1668592308984 0.75 35049
1668592322653 0.5 35099
1668592336347 1.0 35149
1668592361774 1.0 35199
1668592375426 0.5 35249
1668592389103 1.0 35299
1668592402742 1.0 35349
1668592428351 1.0 35399
1668592442001 0.0 35449
1668592455634 0.75 35499
1668592469275 0.5 35549
1668592494714 1.0 35599
1668592508367 0.6000000238418579 35649
1668592522010 1.0 35699
1668592535665 0.6666666865348816 35749
1668592549396 0.0 35799
1668592574834 1.0 35849
1668592588470 1.0 35899
1668592602104 0.8333333134651184 35949
1668592615749 1.0 35999
1668592641221 0.6666666865348816 36049
1668592654859 1.0 36099
1668592668632 0.3333333432674408 36149
1668592682275 0.6666666865348816 36199
1668592707883 0.0 36249
1668592721507 1.0 36299
1668592735169 1.0 36349
1668592748851 0.0 36399
1668592762571 0.5 36449
1668592788076 1.0 36499
1668592801746 1.0 36549
1668592815432 1.0 36599
1668592829076 1.0 36649
1668592854530 1.0 36699
1668592868187 1.0 36749
1668592881836 1.0 36799
1668592895541 1.0 36849
1668592921192 0.6666666865348816 36899
1668592934831 1.0 36949
1668592948450 1.0 36999
1668592962073 1.0 37049
1668592975744 1.0 37099
1668593001151 0.800000011920929 37149
1668593014783 0.75 37199
1668593028443 0.6666666865348816 37249
1668593042088 0.0 37299
1668593067360 0.5 37349
1668593081029 0.6666666865348816 37399
1668593094674 1.0 37449
1668593108335 1.0 37499
1668593133746 0.6666666865348816 37549
1668593147438 0.6666666865348816 37599
1668593161070 0.0 37649
1668593174705 1.0 37699
1668593188406 0.0 37749
1668593213947 1.0 37799
1668593227597 1.0 37849
1668593241228 1.0 37899
1668593254913 1.0 37949
1668593280460 1.0 37999
1668593294126 1.0 38049
1668593307782 1.0 38099
1668593321419 1.0 38149
1668593346975 1.0 38199
1668593360628 1.0 38249
1668593374283 1.0 38299
1668593387920 1.0 38349
1668593401562 0.5 38399
1668593426960 1.0 38449
1668593440593 1.0 38499
1668593454219 1.0 38549
1668593467855 1.0 38599
1668593493524 1.0 38649
1668593507147 0.5 38699
1668593520791 0.6666666865348816 38749
1668593534425 1.0 38799
1668593559879 0.0 38849
1668593573536 1.0 38899
1668593587246 0.6666666865348816 38949
1668593600982 0.75 38999
1668593614668 1.0 39049
1668593640099 1.0 39099
1668593653749 0.5 39149
1668593667397 1.0 39199
1668593681081 1.0 39249
1668593706731 0.0 39299
1668593720372 1.0 39349
1668593734002 1.0 39399
1668593747624 1.0 39449
1668593773297 1.0 39499
1668593786915 0.75 39549
1668593800541 1.0 39599
1668593814157 0.5 39649
1668593827794 0.0 39699
1668593853601 1.0 39749
1668593867248 1.0 39799
1668593880919 1.0 39849
1668593894626 0.75 39899
1668593920060 0.4000000059604645 39949
1668593933787 0.5 39999
1668593947444 0.800000011920929 40049
1668593961090 1.0 40099
1668593986680 0.5 40149
1668594000307 1.0 40199
1668594013945 0.6666666865348816 40249
1668594027587 0.5 40299
1668594041225 1.0 40349
1668594066659 1.0 40399
1668594080349 1.0 40449
1668594093993 1.0 40499
1668594107642 1.0 40549
1668594133145 0.5 40599
1668594146792 0.75 40649
1668594160416 0.6000000238418579 40699
1668594174139 1.0 40749
1668594199774 1.0 40799
1668594213394 1.0 40849
1668594227052 0.0 40899
1668594240689 1.0 40949
1668594254336 0.6000000238418579 40999
1668594279707 0.6666666865348816 41049
1668594293381 0.6666666865348816 41099
1668594307070 0.0 41149
1668594320785 1.0 41199
1668594346316 0.5 41249
1668594359972 1.0 41299
1668594373627 1.0 41349
1668594387275 1.0 41399
1668594412733 1.0 41449
1668594426400 1.0 41499
1668594440075 1.0 41549
1668594453784 0.6666666865348816 41599
1668594467534 1.0 41649
1668594493159 0.0 41699
1668594506849 1.0 41749
1668594520575 1.0 41799
1668594534230 1.0 41849
1668594559798 1.0 41899
1668594573832 0.0 41949
1668594587486 1.0 41999
1668594601128 0.800000011920929 42049
1668594626586 1.0 42099
1668594640267 0.75 42149
1668594653905 0.0 42199
1668594667706 1.0 42249
1668594681396 1.0 42299
1668594706926 0.75 42349
1668594720617 1.0 42399
1668594734274 0.6666666865348816 42449
1668594747914 1.0 42499
1668594773319 0.5 42549
1668594786981 1.0 42599
1668594800604 0.75 42649
1668594814241 1.0 42699
1668594839829 0.6666666865348816 42749
1668594853486 1.0 42799
1668594867143 1.0 42849
1668594880785 1.0 42899
1668594894449 1.0 42949
1668594920084 0.0 42999
1668594933764 1.0 43049
1668594947426 1.0 43099
1668594961139 0.0 43149
1668594986553 0.75 43199
1668595000212 0.6666666865348816 43249
1668595013858 1.0 43299
1668595027621 1.0 43349
1668595041130 0.0 43399
1668595066962 1.0 43449
1668595080631 1.0 43499
1668595094292 0.75 43549
1668595108055 1.0 43599
1668595133568 1.0 43649
1668595147228 0.5 43699
1668595160925 0.75 43749
1668595174559 0.75 43799
1668595200227 0.8333333134651184 43849
1668595213864 0.0 43899
1668595227489 1.0 43949
1668595241116 1.0 43999
1668595254849 0.3333333432674408 44049
1668595280305 1.0 44099
1668595293991 0.6666666865348816 44149
1668595307646 1.0 44199
1668595321414 0.5 44249
1668595346789 1.0 44299
1668595360414 1.0 44349
1668595374043 1.0 44399
1668595387685 1.0 44449
1668595412969 0.5 44499
1668595426595 1.0 44549
1668595440212 0.75 44599
1668595453832 1.0 44649
1668595467527 0.6000000238418579 44699
1668595493022 0.3333333432674408 44749
1668595506693 0.5 44799
1668595520381 1.0 44849
1668595534080 0.0 44899
1668595559712 1.0 44949
1668595573343 0.75 44999
1668595587081 0.0 45049
1668595600703 1.0 45099
1668595626229 0.5 45149
1668595639904 0.5 45199
1668595653597 0.6666666865348816 45249
1668595667249 1.0 45299
1668595680899 1.0 45349
1668595706489 1.0 45399
1668595720145 0.0 45449
1668595733804 1.0 45499
1668595747451 1.0 45549
1668595772914 1.0 45599
1668595786582 0.5 45649
1668595800216 1.0 45699
1668595813845 0.5 45749
1668595839386 0.6000000238418579 45799
1668595853022 0.0 45849
1668595866679 1.0 45899
1668595880385 0.6666666865348816 45949
1668595894128 0.6666666865348816 45999
1668595919700 1.0 46049
1668595933322 1.0 46099
1668595946934 1.0 46149
1668595960574 0.75 46199
1668595986080 1.0 46249
1668595999704 1.0 46299
1668596013324 0.0 46349
1668596026973 1.0 46399
1668596052451 0.0 46449
1668596066073 1.0 46499
1668596079716 0.800000011920929 46549
1668596093356 1.0 46599
1668596106999 0.5 46649
1668596132652 1.0 46699
1668596146285 1.0 46749
1668596159918 1.0 46799
1668596173580 1.0 46849
1668596199049 1.0 46899
1668596212668 1.0 46949
1668596226394 1.0 46999
1668596240103 1.0 47049
1668596265779 1.0 47099
1668596279406 1.0 47149
1668596293063 1.0 47199
1668596306704 0.0 47249
1668596320339 0.6666666865348816 47299
1668596345730 0.75 47349
1668596359363 1.0 47399
1668596373016 1.0 47449
1668596386644 1.0 47499
1668596411923 1.0 47549
1668596425573 0.6666666865348816 47599
1668596439222 1.0 47649
1668596452863 1.0 47699
1668596478710 1.0 47749
1668596492320 0.75 47799
1668596506007 0.800000011920929 47849
1668596519753 0.6666666865348816 47899
1668596533453 1.0 47949
1668596558827 1.0 47999
1668596572508 0.6666666865348816 48049
1668596586143 0.75 48099
1668596599774 1.0 48149
1668596625045 0.5 48199
1668596638700 0.6666666865348816 48249
1668596652340 1.0 48299
1668596666049 0.6666666865348816 48349
1668596691756 1.0 48399
1668596705387 0.0 48449
1668596719034 0.6666666865348816 48499
1668596732664 1.0 48549
1668596746289 0.5 48599
1668596771826 1.0 48649
1668596785494 0.75 48699
1668596799181 1.0 48749
1668596812817 0.0 48799
1668596838547 0.6666666865348816 48849
1668596852216 0.0 48899
1668596865976 0.75 48949
1668596879686 0.3333333432674408 48999
1668596905295 0.75 49049
1668596918916 1.0 49099
1668596932562 1.0 49149
1668596946195 1.0 49199
1668596959822 1.0 49249
1668596985300 0.75 49299
1668596998967 1.0 49349
1668597012593 1.0 49399
1668597026220 0.6666666865348816 49449
1668597051728 0.0 49499
1668597065360 1.0 49549
1668597079069 1.0 49599
1668597092787 0.5 49649
1668597118400 0.0 49699
1668597132046 1.0 49749
1668597145708 1.0 49799
1668597159342 0.0 49849
1668597172993 0.3333333432674408 49899
1668597198719 0.3333333432674408 49949
1668597212373 0.6666666865348816 49999
1668597225989 1.0 50049
1668597239611 0.0 50099
1668597264953 1.0 50149
1668597278617 1.0 50199
1668597292318 1.0 50249
1668597305989 1.0 50299
1668597331631 0.75 50349
1668597345255 1.0 50399
1668597358873 0.8333333134651184 50449
1668597372495 0.6666666865348816 50499
1668597386105 1.0 50549
1668597411521 1.0 50599
1668597425157 0.0 50649
1668597438794 0.5 50699
1668597452422 1.0 50749
1668597477861 1.0 50799
1668597491499 1.0 50849
1668597505110 1.0 50899
1668597518869 1.0 50949
1668597544620 1.0 50999
1668597558282 1.0 51049
1668597571933 0.0 51099
1668597585552 0.5 51149
1668597599171 0.0 51199
1668597624609 0.6666666865348816 51249
1668597638233 1.0 51299
1668597651864 1.0 51349
1668597665483 1.0 51399
1668597690830 0.5 51449
1668597704460 0.0 51499
1668597718074 1.0 51549
1668597731702 1.0 51599
1668597757281 1.0 51649
1668597770911 1.0 51699
1668597784549 1.0 51749
1668597798219 1.0 51799
1668597811960 1.0 51849
1668597837441 1.0 51899
1668597851079 1.0 51949
1668597864752 0.0 51999
1668597878471 1.0 52049
1668597903798 0.75 52099
1668597917438 1.0 52149
1668597931210 0.0 52199
1668597944930 0.5 52249
1668597970538 0.3333333432674408 52299
1668597984176 1.0 52349
1668597997923 1.0 52399
1668598011715 0.8333333134651184 52449
1668598025395 0.5 52499
1668598051033 1.0 52549
1668598064712 0.5 52599
1668598078341 1.0 52649
1668598091974 1.0 52699
1668598117319 0.5 52749
1668598130989 0.5 52799
1668598144762 1.0 52849
1668598158389 1.0 52899
1668598183786 1.0 52949
1668598197453 0.0 52999
1668598211116 0.5 53049
1668598224743 0.3333333432674408 53099
1668598238374 0.3333333432674408 53149
1668598263866 0.6666666865348816 53199
1668598277607 0.5 53249
1668598291395 1.0 53299
1668598305177 1.0 53349
1668598330709 0.6000000238418579 53399
1668598344355 0.5 53449
1668598357996 0.0 53499
1668598371727 1.0 53549
1668598397389 1.0 53599
1668598411068 1.0 53649
1668598424710 1.0 53699
1668598438393 1.0 53749
1668598452196 1.0 53799
1668598477582 1.0 53849
1668598491220 0.0 53899
1668598504862 1.0 53949
1668598518635 1.0 53999
1668598544128 0.75 54049
1668598557755 1.0 54099
1668598571432 1.0 54149
1668598585062 1.0 54199
1668598598621 1.0 54249
1668598624325 1.0 54299
1668598637997 1.0 54349
1668598651760 1.0 54399
1668598665410 1.0 54449
1668598691085 0.5 54499
1668598704723 0.0 54549
1668598718434 1.0 54599
1668598732109 1.0 54649
1668598757639 0.75 54699
1668598771271 1.0 54749
1668598784893 0.800000011920929 54799
1668598798540 1.0 54849
1668598812162 1.0 54899
1668598837687 1.0 54949
1668598851371 0.5 54999
1668598865027 1.0 55049
1668598878713 0.6666666865348816 55099
1668598904131 0.0 55149
1668598917770 0.75 55199
1668598931437 0.0 55249
1668598945143 0.5 55299
1668598970740 0.0 55349
1668598984395 1.0 55399
1668598998130 1.0 55449
1668599011902 1.0 55499
1668599025641 0.0 55549
1668599051060 0.0 55599
1668599064714 1.0 55649
1668599078331 1.0 55699
1668599091939 1.0 55749
1668599117445 0.75 55799
1668599131078 0.5 55849
1668599144704 1.0 55899
1668599158334 1.0 55949
1668599183640 0.75 55999
1668599197254 0.0 56049
1668599210965 1.0 56099
1668599224644 1.0 56149
1668599238371 0.3333333432674408 56199
1668599263872 1.0 56249
1668599277500 1.0 56299
1668599291171 0.6666666865348816 56349
1668599304896 1.0 56399
1668599330482 0.0 56449
1668599344103 1.0 56499
1668599357721 0.6666666865348816 56549
1668599371364 0.0 56599
1668599396913 1.0 56649
1668599410544 1.0 56699
1668599424211 1.0 56749
1668599437879 1.0 56799
1668599451528 1.0 56849
1668599477167 1.0 56899
1668599490875 1.0 56949
1668599504541 1.0 56999
1668599518166 1.0 57049
1668599543521 1.0 57099
1668599557157 1.0 57149
1668599570779 1.0 57199
1668599584519 1.0 57249
1668599610074 0.5 57299
1668599623676 1.0 57349
1668599637287 0.6666666865348816 57399
1668599650907 1.0 57449
1668599664537 0.75 57499
1668599690093 0.5 57549
1668599703732 0.75 57599
1668599717399 0.6666666865348816 57649
1668599731097 1.0 57699
1668599756652 0.5 57749
1668599770291 0.6666666865348816 57799
1668599783919 1.0 57849
1668599797527 1.0 57899
1668599822902 0.6666666865348816 57949
1668599836546 0.6666666865348816 57999
1668599850164 0.0 58049
1668599863782 1.0 58099
1668599877436 0.75 58149
1668599903014 1.0 58199
1668599916752 1.0 58249
1668599930381 1.0 58299
1668599944020 0.800000011920929 58349
1668599969472 1.0 58399
1668599983116 0.6666666865348816 58449
1668599996744 0.5 58499
1668600010371 0.800000011920929 58549
1668600035688 0.5 58599
1668600049298 0.5 58649
1668600062930 0.75 58699
1668600076569 1.0 58749
1668600090231 0.5 58799
1668600115814 1.0 58849
1668600129481 0.75 58899
1668600143107 1.0 58949
1668600156738 0.3333333432674408 58999
1668600182329 1.0 59049
1668600195980 1.0 59099
1668600209623 1.0 59149
1668600223338 1.0 59199
1668600248787 1.0 59249
1668600262411 0.6666666865348816 59299
1668600276119 1.0 59349
1668600289753 0.75 59399
1668600303447 0.5 59449
1668600328910 0.5 59499
1668600342558 0.0 59549
1668600356192 0.0 59599
1668600369873 1.0 59649
1668600395425 1.0 59699
1668600409145 0.5 59749
1668600422891 1.0 59799
1668600436837 0.0 59849
1668600462467 0.0 59899
1668600476107 1.0 59949
1668600489761 0.6666666865348816 59999
1668600503421 1.0 60049
1668600517102 0.6000000238418579 60099
1668600542578 1.0 60149
1668600556208 1.0 60199
1668600569949 0.6666666865348816 60249
1668600583599 0.5 60299
1668600608957 1.0 60349
1668600622595 0.75 60399
1668600636222 0.75 60449
1668600649851 1.0 60499
1668600675730 0.5 60549
1668600689360 1.0 60599
1668600703063 1.0 60649
1668600716778 0.5 60699
1668600730487 1.0 60749
1668600756109 0.0 60799
1668600769784 1.0 60849
1668600783476 0.75 60899
1668600797117 1.0 60949
1668600822619 1.0 60999
1668600836257 1.0 61049
1668600849900 1.0 61099
1668600863575 1.0 61149
1668600889136 0.0 61199
1668600902775 1.0 61249
1668600916416 1.0 61299
1668600930056 0.6666666865348816 61349
1668600943731 0.0 61399
1668600969171 1.0 61449
1668600982915 1.0 61499
1668600996689 0.0 61549
1668601010339 0.3333333432674408 61599
1668601036211 1.0 61649
1668601049850 0.6666666865348816 61699
1668601063461 0.5 61749
1668601077134 0.5 61799
1668601102597 0.6666666865348816 61849
1668601116233 1.0 61899
1668601129874 1.0 61949
1668601143554 1.0 61999
1668601157185 1.0 62049
1668601182657 1.0 62099
1668601196334 0.5 62149
1668601209964 0.5 62199
1668601223589 1.0 62249
1668601249020 1.0 62299
1668601262647 1.0 62349
1668601276266 1.0 62399
1668601289890 1.0 62449
1668601315379 1.0 62499
1668601328993 1.0 62549
1668601342632 1.0 62599
1668601356385 0.5 62649
1668601370104 0.6666666865348816 62699
1668601395539 1.0 62749
1668601409213 1.0 62799
1668601422835 1.0 62849
1668601436482 0.0 62899
1668601462064 0.800000011920929 62949
1668601475755 1.0 62999
1668601489380 1.0 63049
1668601503018 1.0 63099
1668601528536 1.0 63149
1668601542123 1.0 63199
1668601555773 1.0 63249
1668601569388 1.0 63299
1668601582997 0.6666666865348816 63349
1668601608533 1.0 63399
1668601622174 1.0 63449
1668601635805 1.0 63499
1668601649529 1.0 63549
1668601675074 1.0 63599
1668601688714 0.6666666865348816 63649
1668601702537 0.800000011920929 63699
1668601716177 1.0 63749
1668601741653 1.0 63799
1668601755271 1.0 63849
1668601768881 1.0 63899
1668601782493 1.0 63949
1668601796105 1.0 63999
1668601821713 1.0 64049
1668601835338 1.0 64099
1668601848974 1.0 64149
1668601862731 1.0 64199
1668601888147 0.0 64249
1668601901836 1.0 64299
1668601915558 0.0 64349
1668601929325 1.0 64399
1668601955057 0.25 64449
1668601968687 1.0 64499
1668601982318 1.0 64549
1668601995968 0.75 64599
1668602009594 0.3333333432674408 64649
1668602035119 1.0 64699
1668602048731 0.75 64749
1668602062356 1.0 64799
1668602075988 1.0 64849
1668602101453 1.0 64899
1668602115094 1.0 64949
1668602128749 1.0 64999
1668602142444 0.75 65049
1668602155925 0.0 65099
