1668429944141 0.5731213688850403 216
1668430020903 0.5825144648551941 433
1668430097379 0.610693633556366 650
1668430174227 0.6404623985290527 867
1668430250931 0.6716762781143188 1084
1668430327103 0.6838150024414062 1301
1668430404059 0.7018786072731018 1518
1668430481022 0.7046242952346802 1735
1668430557971 0.7069364190101624 1952
1668430635014 0.717196524143219 2169
1668430711946 0.7174855470657349 2386
1668430788538 0.7196531891822815 2603
1668430865532 0.7281792163848877 2820
1668430942528 0.7228323817253113 3037
1668431019403 0.7339595556259155 3254
1668431096218 0.7323699593544006 3471
1668431173232 0.738294780254364 3688
1668431250039 0.7439306378364563 3905
1668431326768 0.7387283444404602 4122
1668431403728 0.7416185140609741 4339
1668431480878 0.7450867295265198 4556
1668431557873 0.7416185140609741 4773
1668431634665 0.7450867295265198 4990
1668431711859 0.7523121237754822 5207
1668431788747 0.7491329312324524 5424
1668431866185 0.7510115504264832 5641
1668431943577 0.7502890229225159 5858
1668432020258 0.7523121237754822 6075
1668432097222 0.7505780458450317 6292
1668432173946 0.751300573348999 6509
1668432250928 0.751300573348999 6726
1668432327827 0.7527456879615784 6943
1668432405164 0.75 7160
1668432481972 0.7552022933959961 7377
1668432558557 0.751300573348999 7594
1668432635873 0.7515895962715149 7811
1668432712973 0.7544797658920288 8028
1668432789734 0.756791889667511 8245
1668432867065 0.7562138438224792 8462
1668432943958 0.7560693621635437 8679
1668433020886 0.7562138438224792 8896
1668433098201 0.7553468346595764 9113
1668433175372 0.7557803392410278 9330
1668433252476 0.7518786191940308 9547
1668433329938 0.7563583850860596 9764
1668433406866 0.7539017200469971 9981
1668433483844 0.7543352842330933 10198
1668433560380 0.7563583850860596 10415
1668433637293 0.7570809125900269 10632
1668433714508 0.7570809125900269 10849
1668433790890 0.7566474080085754 11066
1668433868068 0.7552022933959961 11283
1668433945027 0.7591040730476379 11500
1668434022007 0.7553468346595764 11717
1668434099283 0.7547687888145447 11934
1668434175945 0.7562138438224792 12151
1668434252541 0.7569364309310913 12368
1668434328928 0.7566474080085754 12585
1668434406007 0.7556358575820923 12802
1668434483516 0.7565028667449951 13019
1668434560731 0.756791889667511 13236
1668434637781 0.7591040730476379 13453
1668434714981 0.7530347108840942 13670
1668434791619 0.7557803392410278 13887
1668434868918 0.7560693621635437 14104
1668434945639 0.7560693621635437 14321
1668435022609 0.7549132704734802 14538
1668435099416 0.7549132704734802 14755
1668435175822 0.7562138438224792 14972
1668435252498 0.7562138438224792 15189
1668435329275 0.7569364309310913 15406
1668435406174 0.7547687888145447 15623
1668435483082 0.7578034400939941 15840
1668435560353 0.7546243071556091 16057
1668435637548 0.75809246301651 16274
1668435714774 0.756791889667511 16491
1668435791647 0.7549132704734802 16708
1668435868380 0.7569364309310913 16925
1668435944995 0.7544797658920288 17142
1668436021648 0.7549132704734802 17359
1668436098118 0.7550578117370605 17576
1668436174904 0.7566474080085754 17793
1668436252116 0.7559248805046082 18010
1668436329556 0.7559248805046082 18227
1668436406696 0.756791889667511 18444
1668436483565 0.757514476776123 18661
1668436560454 0.7540462613105774 18878
1668436637417 0.7572254538536072 19095
1668436714486 0.7573699355125427 19312
1668436791062 0.755491316318512 19529
1668436867787 0.7552022933959961 19746
1668436944861 0.7556358575820923 19963
1668437021398 0.7570809125900269 20180
1668437097963 0.75809246301651 20397
1668437174712 0.756791889667511 20614
1668437251636 0.7572254538536072 20831
1668437328799 0.7563583850860596 21048
1668437405663 0.7556358575820923 21265
1668437482861 0.7546243071556091 21482
1668437559945 0.7528901696205139 21699
1668437637217 0.7547687888145447 21916
1668437713242 0.7553468346595764 22133
1668437790101 0.7566474080085754 22350
1668437867173 0.756791889667511 22567
1668437944039 0.7569364309310913 22784
1668438020772 0.7528901696205139 23001
1668438097738 0.7549132704734802 23218
1668438174608 0.756791889667511 23435
1668438251527 0.7566474080085754 23652
1668438328426 0.756791889667511 23869
1668438405504 0.7573699355125427 24086
1668438482722 0.7550578117370605 24303
1668438559738 0.7559248805046082 24520
1668438636662 0.7566474080085754 24737
1668438713529 0.7559248805046082 24954
1668438790412 0.755491316318512 25171
1668438867258 0.7560693621635437 25388
1668438944068 0.7559248805046082 25605
1668439020861 0.7533236742019653 25822
1668439097713 0.7560693621635437 26039
1668439174846 0.7556358575820923 26256
1668439252331 0.7546243071556091 26473
1668439329813 0.7550578117370605 26690
1668439406697 0.7569364309310913 26907
1668439483440 0.755491316318512 27124
1668439560480 0.7552022933959961 27341
1668439637718 0.7563583850860596 27558
1668439714847 0.7541907429695129 27775
1668439791633 0.755491316318512 27992
1668439868443 0.7570809125900269 28209
1668439945400 0.7573699355125427 28426
1668440022537 0.7546243071556091 28643
1668440099101 0.7557803392410278 28860
1668440176171 0.7573699355125427 29077
1668440253169 0.7570809125900269 29294
1668440330699 0.7562138438224792 29511
1668440407445 0.7559248805046082 29728
1668440484403 0.7547687888145447 29945
1668440561232 0.7549132704734802 30162
1668440637610 0.7563583850860596 30379
1668440714497 0.7562138438224792 30596
1668440790960 0.7541907429695129 30813
1668440868077 0.756791889667511 31030
1668440944881 0.7543352842330933 31247
1668441021728 0.7566474080085754 31464
1668441098707 0.7537572383880615 31681
1668441175699 0.7527456879615784 31898
1668441252842 0.7566474080085754 32115
1668441329831 0.757514476776123 32332
1668441406704 0.7560693621635437 32549
1668441483781 0.7559248805046082 32766
1668441560706 0.7553468346595764 32983
1668441637948 0.7550578117370605 33200
1668441714858 0.7569364309310913 33417
1668441791604 0.7576589584350586 33634
1668441868418 0.7576589584350586 33851
1668441945250 0.7570809125900269 34068
1668442022221 0.7531791925430298 34285
1668442099105 0.7550578117370605 34502
1668442175760 0.7573699355125427 34719
1668442252629 0.7531791925430298 34936
1668442329489 0.7556358575820923 35153
1668442407113 0.7550578117370605 35370
1668442483621 0.7546243071556091 35587
1668442560423 0.7552022933959961 35804
1668442637361 0.7566474080085754 36021
1668442714426 0.7543352842330933 36238
1668442791163 0.7556358575820923 36455
1668442868605 0.7565028667449951 36672
1668442945591 0.7559248805046082 36889
1668443022576 0.7560693621635437 37106
1668443099769 0.7559248805046082 37323
1668443176636 0.7553468346595764 37540
1668443253693 0.7560693621635437 37757
1668443330429 0.7566474080085754 37974
1668443407481 0.7566474080085754 38191
1668443484306 0.7560693621635437 38408
1668443561117 0.7582370042800903 38625
1668443637905 0.7562138438224792 38842
1668443715105 0.7562138438224792 39059
1668443791832 0.7549132704734802 39276
1668443868896 0.756791889667511 39493
1668443945952 0.7566474080085754 39710
1668444022875 0.756791889667511 39927
1668444100055 0.755491316318512 40144
1668444177008 0.7566474080085754 40361
1668444253825 0.7553468346595764 40578
1668444331039 0.7563583850860596 40795
1668444407728 0.7559248805046082 41012
1668444484804 0.7550578117370605 41229
1668444561611 0.7543352842330933 41446
1668444638498 0.7570809125900269 41663
1668444715647 0.755491316318512 41880
1668444792775 0.7559248805046082 42097
1668444869865 0.7528901696205139 42314
1668444946920 0.7563583850860596 42531
1668445024082 0.7549132704734802 42748
1668445100952 0.7557803392410278 42965
1668445177843 0.7560693621635437 43182
1668445254811 0.7550578117370605 43399
1668445331766 0.7562138438224792 43616
1668445408432 0.756791889667511 43833
1668445485685 0.7563583850860596 44050
1668445562143 0.7566474080085754 44267
1668445639022 0.7549132704734802 44484
1668445716087 0.7566474080085754 44701
1668445793433 0.7537572383880615 44918
1668445870241 0.7531791925430298 45135
1668445946903 0.7559248805046082 45352
1668446023338 0.755491316318512 45569
1668446100179 0.7531791925430298 45786
1668446177065 0.755491316318512 46003
1668446254209 0.7527456879615784 46220
1668446331141 0.7552022933959961 46437
1668446408226 0.7569364309310913 46654
1668446485302 0.7530347108840942 46871
1668446562215 0.7546243071556091 47088
1668446639322 0.7566474080085754 47305
1668446716253 0.7569364309310913 47522
1668446793218 0.7563583850860596 47739
1668446870237 0.7550578117370605 47956
1668446947244 0.7563583850860596 48173
1668447024455 0.7541907429695129 48390
1668447101616 0.7553468346595764 48607
1668447178719 0.7541907429695129 48824
1668447255585 0.7553468346595764 49041
1668447332734 0.7533236742019653 49258
1668447409647 0.755491316318512 49475
1668447486641 0.7572254538536072 49692
1668447563468 0.7544797658920288 49909
1668447640487 0.7541907429695129 50126
1668447717972 0.7562138438224792 50343
1668447794963 0.7552022933959961 50560
1668447872033 0.7552022933959961 50777
1668447949102 0.7544797658920288 50994
1668448025861 0.7547687888145447 51211
1668448103355 0.7536126971244812 51428
1668448180163 0.755491316318512 51645
1668448256741 0.7540462613105774 51862
1668448333633 0.7552022933959961 52079
1668448410711 0.7550578117370605 52296
1668448487473 0.7546243071556091 52513
1668448564382 0.7550578117370605 52730
1668448641259 0.755491316318512 52947
1668448718285 0.755491316318512 53164
1668448795280 0.7540462613105774 53381
1668448872056 0.7547687888145447 53598
1668448948721 0.7533236742019653 53815
1668449025596 0.7560693621635437 54032
1668449102347 0.7560693621635437 54249
1668449179098 0.7550578117370605 54466
1668449255817 0.7557803392410278 54683
1668449332872 0.7569364309310913 54900
1668449410237 0.7543352842330933 55117
1668449486699 0.755491316318512 55334
1668449563596 0.7533236742019653 55551
1668449640807 0.752601146697998 55768
1668449717723 0.7553468346595764 55985
1668449794756 0.7559248805046082 56202
1668449871913 0.7541907429695129 56419
1668449948813 0.7569364309310913 56636
1668450025775 0.7550578117370605 56853
1668450102728 0.7569364309310913 57070
1668450179645 0.7557803392410278 57287
1668450256677 0.7544797658920288 57504
1668450333500 0.7543352842330933 57721
1668450410781 0.755491316318512 57938
1668450487564 0.7533236742019653 58155
1668450564481 0.7547687888145447 58372
1668450641732 0.7563583850860596 58589
1668450718543 0.7566474080085754 58806
1668450795537 0.7539017200469971 59023
1668450872230 0.7569364309310913 59240
1668450949133 0.7563583850860596 59457
1668451026139 0.7534682154655457 59674
1668451103179 0.7540462613105774 59891
1668451179910 0.7573699355125427 60108
1668451256565 0.7570809125900269 60325
1668451333308 0.7550578117370605 60542
1668451410031 0.7541907429695129 60759
1668451486975 0.7556358575820923 60976
1668451564036 0.7550578117370605 61193
1668451640577 0.7531791925430298 61410
1668451717160 0.7573699355125427 61627
1668451793956 0.7544797658920288 61844
1668451870975 0.7559248805046082 62061
1668451947694 0.7560693621635437 62278
1668452024882 0.7559248805046082 62495
1668452101945 0.7570809125900269 62712
1668452178840 0.757514476776123 62929
1668452255663 0.7546243071556091 63146
1668452333530 0.7530347108840942 63363
1668452410597 0.7546243071556091 63580
1668452487756 0.7553468346595764 63797
1668452564839 0.7553468346595764 64014
1668452641815 0.7544797658920288 64231
1668452718920 0.7570809125900269 64448
1668452795690 0.7563583850860596 64665
1668452872214 0.7549132704734802 64882
1668452947904 0.755491316318512 65099
