1668478757364 90.5 172
1668478831082 83.0 345
1668478905315 144.25 518
1668478979233 125.75 691
1668479052847 119.75 864
1668479126635 131.5 1037
1668479200503 129.75 1210
1668479274617 119.5 1383
1668479348728 145.5 1556
1668479422545 112.25 1729
1668479496515 101.75 1902
1668479570249 120.0 2075
1668479644212 102.0 2248
1668479718266 111.75 2421
1668479792445 83.25 2594
1668479866418 70.25 2767
1668479940743 75.5 2940
1668480015184 72.75 3113
1668480089550 81.5 3286
1668480163581 87.0 3459
1668480237649 83.75 3632
1668480311777 73.25 3805
1668480385561 63.75 3978
1668480459518 69.0 4151
1668480533550 60.5 4324
1668480607946 63.25 4497
1668480681936 35.5 4670
1668480755949 31.75 4843
1668480830293 37.25 5016
1668480904367 33.25 5189
1668480978510 28.75 5362
1668481052973 32.75 5535
1668481126738 34.0 5708
1668481200736 28.75 5881
1668481274742 25.0 6054
1668481348916 29.25 6227
1668481422974 33.5 6400
1668481497066 25.25 6573
1668481571446 24.0 6746
1668481645347 24.0 6919
1668481719257 22.25 7092
1668481793379 21.5 7265
1668481867579 22.75 7438
1668481941622 21.5 7611
1668482015575 21.5 7784
1668482089387 21.25 7957
1668482163342 18.5 8130
1668482237380 21.25 8303
1668482311224 21.25 8476
1668482385720 20.75 8649
1668482459680 20.75 8822
1668482533702 20.75 8995
1668482607906 20.75 9168
1668482681823 20.25 9341
1668482755389 18.75 9514
1668482829272 20.75 9687
1668482903160 19.0 9860
1668482977120 20.75 10033
1668483050777 19.75 10206
1668483124556 18.5 10379
1668483198639 19.5 10552
1668483272834 19.0 10725
1668483346880 20.25 10898
1668483420479 20.25 11071
1668483494224 18.75 11244
1668483568158 20.5 11417
1668483642122 20.5 11590
1668483715962 19.0 11763
1668483789854 18.25 11936
1668483863751 19.0 12109
1668483938155 16.0 12282
1668484012117 10.75 12455
1668484085975 16.75 12628
1668484160001 20.5 12801
1668484234061 18.0 12974
1668484307677 18.75 13147
1668484382030 17.5 13320
1668484456178 18.5 13493
1668484530253 19.75 13666
1668484604382 10.75 13839
1668484678443 18.75 14012
1668484752551 10.75 14185
1668484826734 20.5 14358
1668484900732 20.0 14531
1668484974638 20.25 14704
1668485048431 20.0 14877
1668485122805 16.75 15050
1668485197571 19.75 15223
1668485271489 18.75 15396
1668485345652 19.75 15569
1668485419758 19.75 15742
1668485493986 17.5 15915
1668485568161 19.25 16088
1668485642154 18.0 16261
1668485715999 20.25 16434
1668485789988 18.0 16607
1668485863968 19.5 16780
1668485937694 20.5 16953
1668486011751 19.75 17126
1668486085621 19.75 17299
1668486159662 19.0 17472
1668486233896 20.25 17645
1668486307694 19.75 17818
1668486381695 19.25 17991
1668486455648 20.0 18164
1668486529944 20.5 18337
1668486603926 17.75 18510
1668486677701 19.75 18683
1668486751512 20.5 18856
1668486825654 20.25 19029
1668486899353 20.0 19202
1668486973627 20.0 19375
1668487047592 19.75 19548
1668487121607 19.75 19721
1668487195458 20.0 19894
1668487269395 14.25 20067
1668487343233 18.0 20240
1668487417075 20.0 20413
1668487491265 20.25 20586
1668487564976 19.5 20759
1668487638775 19.75 20932
1668487713014 10.5 21105
1668487787165 19.75 21278
1668487861316 15.5 21451
1668487935444 19.0 21624
1668488009377 19.75 21797
1668488083443 12.5 21970
1668488157328 21.0 22143
1668488231204 15.75 22316
1668488305384 18.25 22489
1668488379089 20.0 22662
1668488453239 18.25 22835
1668488527368 19.5 23008
1668488601632 18.75 23181
1668488675703 18.0 23354
1668488749754 18.5 23527
1668488824125 19.0 23700
1668488897999 19.0 23873
1668488971931 19.75 24046
1668489045935 19.75 24219
1668489119853 17.25 24392
1668489193546 16.25 24565
1668489268410 15.75 24738
1668489342451 20.25 24911
1668489416388 19.75 25084
1668489490123 13.75 25257
1668489563979 20.0 25430
1668489638154 20.0 25603
1668489712141 20.0 25776
1668489786002 15.25 25949
1668489860346 20.25 26122
1668489934470 20.25 26295
1668490008497 20.75 26468
1668490082661 18.25 26641
1668490156992 20.25 26814
1668490231261 12.0 26987
1668490305461 10.25 27160
1668490379349 18.5 27333
1668490453447 20.25 27506
1668490527334 20.25 27679
1668490601605 20.25 27852
1668490675784 14.75 28025
1668490749698 18.5 28198
1668490823870 20.25 28371
1668490898326 20.25 28544
1668490972471 20.25 28717
1668491045991 20.25 28890
1668491119658 14.0 29063
1668491193440 9.75 29236
1668491267143 11.0 29409
1668491341126 19.75 29582
1668491415188 19.5 29755
1668491489217 13.0 29928
1668491562993 21.75 30101
1668491637485 20.25 30274
1668491711678 16.25 30447
1668491785663 13.75 30620
1668491859617 14.0 30793
1668491933722 20.75 30966
1668492007821 20.25 31139
1668492081929 9.75 31312
1668492155976 20.25 31485
1668492229992 21.25 31658
1668492304201 8.25 31831
1668492378510 14.5 32004
1668492452767 19.0 32177
1668492527116 12.25 32350
1668492601081 19.75 32523
1668492675014 20.0 32696
1668492748827 15.5 32869
1668492822957 19.0 33042
1668492897018 18.5 33215
1668492971309 12.0 33388
1668493045827 15.0 33561
1668493120154 16.75 33734
1668493194009 18.0 33907
1668493268012 10.5 34080
1668493342221 19.5 34253
1668493416070 20.5 34426
1668493490162 15.5 34599
1668493564353 20.25 34772
1668493638401 20.0 34945
1668493713083 13.5 35118
1668493787085 19.5 35291
1668493861550 17.0 35464
1668493935503 18.75 35637
1668494010440 20.0 35810
1668494084821 20.75 35983
1668494159033 21.25 36156
1668494233267 15.75 36329
1668494307141 18.75 36502
1668494381400 19.25 36675
1668494454737 21.25 36848
1668494529026 22.25 37021
1668494603147 20.75 37194
1668494677312 20.5 37367
1668494751403 17.25 37540
1668494825671 20.5 37713
1668494899771 17.5 37886
1668494974010 20.0 38059
1668495047975 13.5 38232
1668495121780 20.25 38405
1668495196038 16.25 38578
1668495269901 20.25 38751
1668495344195 12.0 38924
1668495418079 17.0 39097
1668495492040 19.5 39270
1668495566055 17.5 39443
1668495640283 20.25 39616
1668495714490 20.5 39789
1668495788634 16.75 39962
1668495863095 19.0 40135
1668495937423 18.5 40308
1668496011673 20.0 40481
1668496085833 20.25 40654
1668496159907 20.25 40827
1668496234069 17.0 41000
1668496308486 13.75 41173
1668496382570 20.25 41346
1668496456681 13.5 41519
1668496530348 19.0 41692
1668496604687 19.5 41865
1668496678693 20.0 42038
1668496752432 11.5 42211
1668496826284 20.25 42384
1668496900240 17.25 42557
1668496974294 14.5 42730
1668497048399 16.5 42903
1668497122504 11.25 43076
1668497196230 19.5 43249
1668497270484 20.25 43422
1668497344644 20.25 43595
1668497418493 13.25 43768
1668497492029 19.0 43941
1668497565846 19.75 44114
1668497639765 20.25 44287
1668497713700 9.25 44460
1668497787695 20.25 44633
1668497861703 20.5 44806
1668497935776 20.25 44979
1668498010118 12.0 45152
1668498084026 16.25 45325
1668498157972 21.25 45498
1668498232588 20.0 45671
1668498306221 19.75 45844
1668498380263 18.75 46017
1668498454310 9.75 46190
1668498528241 14.5 46363
1668498602242 18.75 46536
1668498675898 15.5 46709
1668498749535 19.0 46882
1668498823362 12.25 47055
1668498897351 18.5 47228
1668498971643 9.5 47401
1668499046110 11.25 47574
1668499120222 11.0 47747
1668499194500 18.75 47920
1668499268482 17.75 48093
1668499342858 20.0 48266
1668499416519 17.0 48439
1668499490808 17.25 48612
1668499564838 13.0 48785
1668499638799 20.75 48958
1668499712964 20.25 49131
1668499786806 21.0 49304
1668499860934 16.25 49477
1668499935309 16.5 49650
1668500009789 20.0 49823
1668500083655 20.25 49996
1668500157727 13.0 50169
1668500232029 20.0 50342
1668500306405 17.0 50515
1668500380443 6.25 50688
1668500454530 19.75 50861
1668500528608 20.25 51034
1668500603139 21.0 51207
1668500677158 19.0 51380
1668500751186 20.25 51553
1668500825229 19.75 51726
1668500898938 12.0 51899
