1668478763394 1.1987337120637553 172
1668478837514 1.1925829615521077 345
1668478911589 1.135040295780111 518
1668478985508 1.109461944107518 691
1668479059016 1.083802681289124 864
1668479132830 1.0664952182108167 1037
1668479206822 1.0586768782721165 1210
1668479281005 1.0444870042619763 1383
1668479354991 1.038006178158972 1556
1668479428803 1.0245379423257113 1729
1668479502773 1.0114921984299787 1902
1668479576529 1.0070474471117294 2075
1668479650412 0.9913229758237849 2248
1668479724624 0.9854702549007335 2421
1668479798814 0.9773729423114474 2594
1668479872808 0.9633435695488524 2767
1668479947239 0.9563827389769944 2940
1668480021639 0.9440803607955919 3113
1668480095942 0.9379884563461214 3286
1668480169962 0.9233966091063195 3459
1668480244122 0.9179394801301585 3632
1668480318086 0.9096520454285341 3805
1668480391812 0.8997958988932014 3978
1668480465871 0.8912713900407055 4151
1668480539882 0.8777451225142856 4324
1668480614286 0.8759037539933754 4497
1668480688180 0.864311048597904 4670
1668480762303 0.8509341547231203 4843
1668480836599 0.8477705987550999 5016
1668480910664 0.8445422218757653 5189
1668480984992 0.8293703484284612 5362
1668481059133 0.8219691196979475 5535
1668481132919 0.8156015246335633 5708
1668481206934 0.8083669846383085 5881
1668481281148 0.7998311828313397 6054
1668481355166 0.7926309669752926 6227
1668481429229 0.7866555327019749 6400
1668481503527 0.7818122603189065 6573
1668481577718 0.7728685839582639 6746
1668481651734 0.7617154155674007 6919
1668481725605 0.7637322795156118 7092
1668481799728 0.7590302907600258 7265
1668481873851 0.7505027545226886 7438
1668481947963 0.75064351429412 7611
1668482021727 0.7419036057783703 7784
1668482095644 0.737771896989736 7957
1668482169498 0.7361034101591544 8130
1668482243631 0.7287624765422687 8303
1668482317678 0.7295621967819281 8476
1668482392046 0.7215268734460509 8649
1668482465962 0.7161380195435127 8822
1668482540019 0.7149819759190373 8995
1668482614155 0.7143288384714556 9168
1668482688235 0.7092390572285842 9341
1668482761638 0.7142606258221228 9514
1668482835574 0.7003699632074533 9687
1668482909403 0.7043900481235859 9860
1668482983327 0.6987426710488814 10033
1668483057143 0.7002835448172263 10206
1668483130881 0.7018656468624875 10379
1668483204888 0.6972042692705835 10552
1668483279144 0.6909393190694701 10725
1668483353142 0.6913842577454444 10898
1668483426745 0.6970041962547935 11071
1668483500488 0.6973756638954952 11244
1668483574487 0.6917765847175823 11417
1668483648349 0.6890464602704953 11590
1668483722206 0.6916094961904177 11763
1668483796093 0.6933779956258099 11936
1668483870078 0.689708303274829 12109
1668483944438 0.6881682322131539 12282
1668484018314 0.6862112431118954 12455
1668484092240 0.6853473356293399 12628
1668484166287 0.6912428255698859 12801
1668484240332 0.6854371117712869 12974
1668484314028 0.6857551971872854 13147
1668484388438 0.6868717988201801 13320
1668484462490 0.6891384095826689 13493
1668484536492 0.6848449310293971 13666
1668484610617 0.691235068126715 13839
1668484684796 0.6893695258303595 14012
1668484758859 0.6874868879097621 14185
1668484832916 0.6848834079235221 14358
1668484907010 0.6867747204452858 14531
1668484980875 0.6898791466708861 14704
1668485054759 0.6847047612730975 14877
1668485129081 0.6834320648689047 15050
1668485203911 0.688485285764404 15223
1668485277807 0.6838144940831621 15396
1668485351922 0.6873617156352825 15569
1668485426015 0.6848302679671515 15742
1668485500337 0.6867915510050475 15915
1668485574456 0.6896788237452688 16088
1668485648401 0.6818848619679495 16261
1668485722309 0.6826868149678369 16434
1668485796278 0.6846394396333024 16607
1668485870207 0.6793229972016775 16780
1668485944055 0.681107763022078 16953
1668486018001 0.6822074631983687 17126
1668486091878 0.6850335480180717 17299
1668486166079 0.6841476715631256 17472
1668486240249 0.6813653588301688 17645
1668486314007 0.6784536492494814 17818
1668486387931 0.6813467688009466 17991
1668486462012 0.6854958723903586 18164
1668486535979 0.6815435668257861 18337
1668486610183 0.6823214671678034 18510
1668486683957 0.6808761439141716 18683
1668486757865 0.6807433147618921 18856
1668486831866 0.6785450405908029 19029
1668486905653 0.6818676065341068 19202
1668486979911 0.6790732661613422 19375
1668487053822 0.6806584772022887 19548
1668487127905 0.6818155702833746 19721
1668487201722 0.6854065150561462 19894
1668487275601 0.6794936337312909 20067
1668487349569 0.6803000822472941 20240
1668487423339 0.6784350661466337 20413
1668487497526 0.679586212240308 20586
1668487571257 0.684444799379679 20759
1668487645065 0.6788990585117357 20932
1668487719313 0.6861429541857823 21105
1668487793459 0.6771548529059039 21278
1668487867639 0.679625163048667 21451
1668487941752 0.6792190647935273 21624
1668488015705 0.6792763360411368 21797
1668488089752 0.6845079760284518 21970
1668488163619 0.6784475528558157 22143
1668488237513 0.6749284924970697 22316
1668488311707 0.679170834388877 22489
1668488385315 0.6822928762564169 22662
1668488459534 0.6825598655851173 22835
1668488533771 0.6777581619718382 23008
1668488607957 0.6788059845770232 23181
1668488681939 0.6734737065421053 23354
1668488756060 0.6816780815193222 23527
1668488830439 0.6771924410506615 23700
1668488904203 0.677131183711974 23873
1668488978185 0.6819478741692167 24046
1668489052236 0.6732725946404576 24219
1668489126191 0.6782796626563958 24392
1668489199822 0.6797146601642142 24565
1668489274675 0.6790614571172385 24738
1668489348773 0.6789621260032486 24911
1668489422637 0.6747744392304419 25084
1668489496505 0.6738388878899451 25257
1668489570356 0.677881701766536 25430
1668489644476 0.6726118289692002 25603
1668489718360 0.6777076888551028 25776
1668489792283 0.6763580264297234 25949
1668489866554 0.6724475770552276 26122
1668489940734 0.6781862329549818 26295
1668490014889 0.6719828339607659 26468
1668490088928 0.6774266646988426 26641
1668490163436 0.6750435461966424 26814
1668490237617 0.6763882861399965 26987
1668490311800 0.6801651076428472 27160
1668490385780 0.6702425547756089 27333
1668490459765 0.6765602770356873 27506
1668490533604 0.673537643506692 27679
1668490607888 0.6768763966012821 27852
1668490682055 0.6739323254905227 28025
1668490756043 0.6729452264851503 28198
1668490830161 0.6704937549410798 28371
1668490904777 0.6755489776761724 28544
1668490978712 0.6759672478478905 28717
1668491052218 0.6734613812258549 28890
1668491125900 0.6690730151848356 29063
1668491199707 0.6725321451595105 29236
1668491273380 0.6739016503365746 29409
1668491347390 0.671810717359331 29582
1668491421449 0.669523633100307 29755
1668491495525 0.6779986458609577 29928
1668491569223 0.6722014321894759 30101
1668491643707 0.6755539522435076 30274
1668491718024 0.673339208529133 30447
1668491791960 0.676093739023435 30620
1668491865937 0.6757736466809932 30793
1668491940049 0.6720824823077524 30966
1668492014119 0.6690158321158378 31139
1668492088231 0.6712240556949316 31312
1668492162313 0.6739973956377904 31485
1668492236356 0.6681577771524119 31658
1668492310671 0.6711909517106484 31831
1668492384953 0.6695760252515132 32004
1668492459118 0.6698514219921853 32177
1668492533465 0.6679015171558974 32350
1668492607482 0.6762634811059745 32523
1668492681278 0.667926768064112 32696
1668492755171 0.670573471662151 32869
1668492829165 0.6683071624602406 33042
1668492903367 0.6759874507436691 33215
1668492977716 0.6712304730335403 33388
1668493052196 0.6737989707293522 33561
1668493126455 0.668584490612008 33734
1668493200219 0.6737217298387808 33907
1668493274400 0.6687331287838436 34080
1668493348510 0.6722102334293014 34253
1668493422393 0.6648419638132732 34426
1668493496554 0.6693171265098962 34599
1668493570774 0.6654034627639631 34772
1668493644927 0.6699650592966111 34945
1668493719637 0.6731039509479706 35118
1668493793500 0.6641154864552143 35291
1668493867881 0.672908075179252 35464
1668493941993 0.6701816523898616 35637
1668494016917 0.6685277805898914 35810
1668494091319 0.6635780004664137 35983
1668494165314 0.6677474233700317 36156
1668494239680 0.6652891937798945 36329
1668494313128 0.6681166908480256 36502
1668494387247 0.6663166631575408 36675
1668494460981 0.669417108810227 36848
1668494535348 0.6617735793274916 37021
1668494609533 0.6670775760451351 37194
1668494683470 0.666450539309174 37367
1668494757753 0.6670469143445704 37540
1668494831931 0.6632749282442169 37713
1668494906061 0.6704584183306376 37886
1668494980233 0.6653996628564955 38059
1668495054317 0.6632433366745061 38232
1668495128167 0.6671149275293679 38405
1668495202311 0.6737702274465134 38578
1668495276229 0.6658184006138385 38751
1668495350420 0.6646845808962828 38924
1668495424363 0.6702989137594482 39097
1668495498318 0.6685004482084912 39270
1668495572323 0.6685374079103121 39443
1668495646613 0.6696365720131244 39616
1668495720707 0.6648436665395847 39789
1668495794866 0.6674382933815398 39962
1668495869383 0.6650427937559087 40135
1668495943767 0.6655249940670896 40308
1668496017969 0.6650456324192637 40481
1668496092156 0.6608335646269696 40654
1668496166130 0.6680489451212707 40827
1668496240364 0.6652886055064146 41000
1668496314841 0.6684282698765899 41173
1668496388797 0.6590173021286334 41346
1668496462994 0.6608981397990926 41519
1668496536623 0.6617510059590499 41692
1668496610983 0.6704313362949298 41865
1668496685038 0.6667244485978563 42038
1668496758715 0.6641534929056688 42211
1668496832660 0.6590254734677083 42384
1668496906489 0.6649533609937199 42557
1668496980590 0.6658492606262817 42730
1668497054668 0.6639616326664659 42903
1668497128784 0.6642310189244102 43076
1668497202572 0.6641779355478614 43249
1668497276705 0.6625943143117177 43422
1668497351018 0.663108783928519 43595
1668497424755 0.6640811468093327 43768
1668497498333 0.6611941621852897 43941
1668497572113 0.6537922727205562 44114
1668497646142 0.6606395661473194 44287
1668497719994 0.6608566990043019 44460
1668497793997 0.66104794402122 44633
1668497868068 0.6610665089057249 44806
1668497942179 0.6554642303284711 44979
1668498016380 0.6603369167745718 45152
1668498090324 0.6628861069444892 45325
1668498164341 0.6609087129103571 45498
1668498238549 0.664654791572205 45671
1668498312447 0.6601215505863617 45844
1668498386547 0.6626801186504795 46017
1668498460662 0.6598818728174048 46190
1668498534469 0.6604040881672385 46363
1668498608501 0.6576258608565215 46536
1668498682181 0.6619792046867268 46709
1668498755794 0.660194463912062 46882
1668498829626 0.6636340833505409 47055
1668498903717 0.6619386471538763 47228
1668498977984 0.6638372980398983 47401
1668499052324 0.6577888082401411 47574
1668499126471 0.6566291962276231 47747
1668499200732 0.6598930598854312 47920
1668499274789 0.6555416097000949 48093
1668499349088 0.6606752985621067 48266
1668499422897 0.6560786118599984 48439
1668499497102 0.6616286030523199 48612
1668499571105 0.6591148011656177 48785
1668499645025 0.6609152444519966 48958
1668499719341 0.6547880361874543 49131
1668499793061 0.6524754615647607 49304
1668499867325 0.653933933200448 49477
1668499941749 0.6604626516356644 49650
1668500016010 0.6573019270329532 49823
1668500089914 0.658723837450712 49996
1668500164019 0.660201401639961 50169
1668500238369 0.6569520285393016 50342
1668500312703 0.6586830149897975 50515
1668500386683 0.6575693158926813 50688
1668500460734 0.6594010210028248 50861
1668500534894 0.6526712616450938 51034
1668500609506 0.6560128938068243 51207
1668500683383 0.6554589474470188 51380
1668500757409 0.6594959011129877 51553
1668500831485 0.6603255701704297 51726
1668500904694 0.6601417594557505 51899
