1668478763394 0.476828008890152 172
1668478837514 0.4982593059539795 345
1668478911589 0.49163830280303955 518
1668478985508 0.4636276364326477 691
1668479059016 0.4439582824707031 864
1668479132830 0.45391321182250977 1037
1668479206822 0.4557269811630249 1210
1668479281005 0.47307831048965454 1383
1668479354991 0.4536997973918915 1556
1668479428803 0.4726523756980896 1729
1668479502773 0.48973432183265686 1902
1668479576529 0.48868903517723083 2075
1668479650412 0.5034687519073486 2248
1668479724624 0.5277406573295593 2421
1668479798814 0.5348860621452332 2594
1668479872808 0.5430422425270081 2767
1668479947239 0.5451498627662659 2940
1668480021639 0.548616349697113 3113
1668480095942 0.5584468841552734 3286
1668480169962 0.5789504051208496 3459
1668480244122 0.5749819278717041 3632
1668480318086 0.5994274020195007 3805
1668480391812 0.6142980456352234 3978
1668480465871 0.624274492263794 4151
1668480539882 0.635508120059967 4324
1668480614286 0.625943124294281 4497
1668480688180 0.6441296935081482 4670
1668480762303 0.6504462361335754 4843
1668480836599 0.6588366627693176 5016
1668480910664 0.6524607539176941 5189
1668480984992 0.6656783223152161 5362
1668481059133 0.6740169525146484 5535
1668481132919 0.6838497519493103 5708
1668481206934 0.6852291822433472 5881
1668481281148 0.6824917197227478 6054
1668481355166 0.6993696093559265 6227
1668481429229 0.6977677345275879 6400
1668481503527 0.703928530216217 6573
1668481577718 0.7031443119049072 6746
1668481651734 0.7011479139328003 6919
1668481725605 0.6981834769248962 7092
1668481799728 0.7119644284248352 7265
1668481873851 0.7161945700645447 7438
1668481947963 0.7105188369750977 7611
1668482021727 0.7030765414237976 7784
1668482095644 0.7138710618019104 7957
1668482169498 0.7110320329666138 8130
1668482243631 0.7144933342933655 8303
1668482317678 0.7085186839103699 8476
1668482392046 0.709279477596283 8649
1668482465962 0.7113604545593262 8822
1668482540019 0.7121262550354004 8995
1668482614155 0.719984769821167 9168
1668482688235 0.7051944136619568 9341
1668482761638 0.7148268818855286 9514
1668482835574 0.7233697772026062 9687
1668482909403 0.7076810002326965 9860
1668482983327 0.7174909114837646 10033
1668483057143 0.7148947715759277 10206
1668483130881 0.7058159708976746 10379
1668483204888 0.7135974168777466 10552
1668483279144 0.7211060523986816 10725
1668483353142 0.7058260440826416 10898
1668483426745 0.7096181511878967 11071
1668483500488 0.7099133133888245 11244
1668483574487 0.7057808637619019 11417
1668483648349 0.7136211395263672 11590
1668483722206 0.7040054798126221 11763
1668483796093 0.7043824791908264 11936
1668483870078 0.7056339979171753 12109
1668483944438 0.709770143032074 12282
1668484018314 0.7089663743972778 12455
1668484092240 0.7104285955429077 12628
1668484166287 0.7057391405105591 12801
1668484240332 0.7153556942939758 12974
1668484314028 0.7011721730232239 13147
1668484388438 0.7017991542816162 13320
1668484462490 0.7056660652160645 13493
1668484536492 0.7106475234031677 13666
1668484610617 0.7085274457931519 13839
1668484684796 0.709669828414917 14012
1668484758859 0.702118456363678 14185
1668484832916 0.7056622505187988 14358
1668484907010 0.7090134620666504 14531
1668484980875 0.7136451601982117 14704
1668485054759 0.7091678977012634 14877
1668485129081 0.7128581404685974 15050
1668485203911 0.6945236921310425 15223
1668485277807 0.7047484517097473 15396
1668485351922 0.7069536447525024 15569
1668485426015 0.7048550844192505 15742
1668485500337 0.7084474563598633 15915
1668485574456 0.7047368288040161 16088
1668485648401 0.7046191692352295 16261
1668485722309 0.7097017168998718 16434
1668485796278 0.7030037045478821 16607
1668485870207 0.715253472328186 16780
1668485944055 0.7094046473503113 16953
1668486018001 0.7062961459159851 17126
1668486091878 0.7057833075523376 17299
1668486166079 0.7114080190658569 17472
1668486240249 0.7044878005981445 17645
1668486314007 0.7025115489959717 17818
1668486387931 0.7024051547050476 17991
1668486462012 0.7015420794487 18164
1668486535979 0.7036476731300354 18337
1668486610183 0.709210216999054 18510
1668486683957 0.7103632688522339 18683
1668486757865 0.7094602584838867 18856
1668486831866 0.7010998129844666 19029
1668486905653 0.7040675282478333 19202
1668486979911 0.7099602222442627 19375
1668487053822 0.7129458785057068 19548
1668487127905 0.7113523483276367 19721
1668487201722 0.71245938539505 19894
1668487275601 0.7089636921882629 20067
1668487349569 0.7005869150161743 20240
1668487423339 0.7064672708511353 20413
1668487497526 0.7062464952468872 20586
1668487571257 0.703524649143219 20759
1668487645065 0.6999581456184387 20932
1668487719313 0.7110983729362488 21105
1668487793459 0.702518880367279 21278
1668487867639 0.7109678387641907 21451
1668487941752 0.7112922668457031 21624
1668488015705 0.7029967904090881 21797
1668488089752 0.7005254030227661 21970
1668488163619 0.6998062133789062 22143
1668488237513 0.7074044942855835 22316
1668488311707 0.7157714366912842 22489
1668488385315 0.70037442445755 22662
1668488459534 0.704981803894043 22835
1668488533771 0.7059754729270935 23008
1668488607957 0.7101358771324158 23181
1668488681939 0.7051184773445129 23354
1668488756060 0.7089951038360596 23527
1668488830439 0.7046558856964111 23700
1668488904203 0.7059674263000488 23873
1668488978185 0.7061956524848938 24046
1668489052236 0.6995304226875305 24219
1668489126191 0.7099456787109375 24392
1668489199822 0.7118389010429382 24565
1668489274675 0.7010063529014587 24738
1668489348773 0.6950879693031311 24911
1668489422637 0.7104419469833374 25084
1668489496505 0.7085535526275635 25257
1668489570356 0.7064492702484131 25430
1668489644476 0.7090736627578735 25603
1668489718360 0.7095019817352295 25776
1668489792283 0.7098308205604553 25949
1668489866554 0.7040941119194031 26122
1668489940734 0.7092158794403076 26295
1668490014889 0.7167002558708191 26468
1668490088928 0.702876091003418 26641
1668490163436 0.6983383893966675 26814
1668490237617 0.7107901573181152 26987
1668490311800 0.6992632150650024 27160
1668490385780 0.7066758275032043 27333
1668490459765 0.7120951414108276 27506
1668490533604 0.7196067571640015 27679
1668490607888 0.7014275789260864 27852
1668490682055 0.6990966200828552 28025
1668490756043 0.697198748588562 28198
1668490830161 0.702736496925354 28371
1668490904777 0.7018281817436218 28544
1668490978712 0.7050281763076782 28717
1668491052218 0.7118889689445496 28890
1668491125900 0.7078023552894592 29063
1668491199707 0.7088615894317627 29236
1668491273380 0.7117513418197632 29409
1668491347390 0.7048952579498291 29582
1668491421449 0.7130372524261475 29755
1668491495525 0.7084565758705139 29928
1668491569223 0.7021525502204895 30101
1668491643707 0.7029299736022949 30274
1668491718024 0.7080650329589844 30447
1668491791960 0.7093545198440552 30620
1668491865937 0.702653169631958 30793
1668491940049 0.7045996785163879 30966
1668492014119 0.7062507271766663 31139
1668492088231 0.7106153964996338 31312
1668492162313 0.7124033570289612 31485
1668492236356 0.7086296677589417 31658
1668492310671 0.7023022770881653 31831
1668492384953 0.7050618529319763 32004
1668492459118 0.7055238485336304 32177
1668492533465 0.7086687088012695 32350
1668492607482 0.7025214433670044 32523
1668492681278 0.7164456248283386 32696
1668492755171 0.6975553631782532 32869
1668492829165 0.7077745199203491 33042
1668492903367 0.7130889296531677 33215
1668492977716 0.7116196751594543 33388
1668493052196 0.6990444660186768 33561
1668493126455 0.7215169668197632 33734
1668493200219 0.7105032801628113 33907
1668493274400 0.704690158367157 34080
1668493348510 0.714008092880249 34253
1668493422393 0.7148367166519165 34426
1668493496554 0.7095769643783569 34599
1668493570774 0.7057633399963379 34772
1668493644927 0.701801061630249 34945
1668493719637 0.7095452547073364 35118
1668493793500 0.7047169804573059 35291
1668493867881 0.7029404640197754 35464
1668493941993 0.6984050869941711 35637
1668494016917 0.7136490941047668 35810
1668494091319 0.7028647661209106 35983
1668494165314 0.7056616544723511 36156
1668494239680 0.7098211050033569 36329
1668494313128 0.7094023823738098 36502
1668494387247 0.7094874978065491 36675
1668494460981 0.7109615802764893 36848
1668494535348 0.7110936045646667 37021
1668494609533 0.7042385935783386 37194
1668494683470 0.7042989134788513 37367
1668494757753 0.7182570695877075 37540
1668494831931 0.7052035331726074 37713
1668494906061 0.7102779150009155 37886
1668494980233 0.7078219652175903 38059
1668495054317 0.7033998966217041 38232
1668495128167 0.7080690860748291 38405
1668495202311 0.7080098390579224 38578
1668495276229 0.7147944569587708 38751
1668495350420 0.7116226553916931 38924
1668495424363 0.7129977345466614 39097
1668495498318 0.7138893008232117 39270
1668495572323 0.7033819556236267 39443
1668495646613 0.7010220289230347 39616
1668495720707 0.7047674655914307 39789
1668495794866 0.7133433222770691 39962
1668495869383 0.7142989039421082 40135
1668495943767 0.7038648724555969 40308
1668496017969 0.6997554302215576 40481
1668496092156 0.7076792120933533 40654
1668496166130 0.713643491268158 40827
1668496240364 0.7143882513046265 41000
1668496314841 0.7094857692718506 41173
1668496388797 0.7084804773330688 41346
1668496462994 0.7186983227729797 41519
1668496536623 0.7134199738502502 41692
1668496610983 0.7055031657218933 41865
1668496685038 0.7144570350646973 42038
1668496758715 0.7086488008499146 42211
1668496832660 0.7138834595680237 42384
1668496906489 0.7178074717521667 42557
1668496980590 0.7115626931190491 42730
1668497054668 0.7136455774307251 42903
1668497128784 0.708835780620575 43076
1668497202572 0.7099078893661499 43249
1668497276705 0.711911678314209 43422
1668497351018 0.7130237817764282 43595
1668497424755 0.70924311876297 43768
1668497498333 0.7107284069061279 43941
1668497572113 0.7081109881401062 44114
1668497646142 0.7064269185066223 44287
1668497719994 0.7116429805755615 44460
1668497793997 0.7090331315994263 44633
1668497868068 0.7107193470001221 44806
1668497942179 0.7103002667427063 44979
1668498016380 0.7105605006217957 45152
1668498090324 0.7098931074142456 45325
1668498164341 0.7145183086395264 45498
1668498238549 0.707695484161377 45671
1668498312447 0.7062714695930481 45844
1668498386547 0.7148430943489075 46017
1668498460662 0.7155846357345581 46190
1668498534469 0.7084712386131287 46363
1668498608501 0.713250458240509 46536
1668498682181 0.7159109115600586 46709
1668498755794 0.7153612375259399 46882
1668498829626 0.705832839012146 47055
1668498903717 0.7071375846862793 47228
1668498977984 0.7079533934593201 47401
1668499052324 0.7181231379508972 47574
1668499126471 0.7075200080871582 47747
1668499200732 0.7124534249305725 47920
1668499274789 0.7171880006790161 48093
1668499349088 0.7162145972251892 48266
1668499422897 0.7153638005256653 48439
1668499497102 0.7040185928344727 48612
1668499571105 0.7016918659210205 48785
1668499645025 0.7067275047302246 48958
1668499719341 0.7119105458259583 49131
1668499793061 0.7275586128234863 49304
1668499867325 0.7121286392211914 49477
1668499941749 0.7116847634315491 49650
1668500016010 0.7065339088439941 49823
1668500089914 0.7075363993644714 49996
1668500164019 0.7122403383255005 50169
1668500238369 0.7110623717308044 50342
1668500312703 0.7140881419181824 50515
1668500386683 0.7151208519935608 50688
1668500460734 0.7205560207366943 50861
1668500534894 0.7117383480072021 51034
1668500609506 0.715893566608429 51207
1668500683383 0.7060508728027344 51380
1668500757409 0.7101516127586365 51553
1668500831485 0.7068710923194885 51726
1668500904694 0.723087728023529 51899
