1668478763394 0.642413318157196 172
1668478837514 0.6602842211723328 345
1668478911589 0.6679672598838806 518
1668478985508 0.6385838389396667 691
1668479059016 0.6252167820930481 864
1668479132830 0.643497109413147 1037
1668479206822 0.6417630314826965 1210
1668479281005 0.6556358337402344 1383
1668479354991 0.6341763734817505 1556
1668479428803 0.6368566155433655 1729
1668479502773 0.6593208312988281 1902
1668479576529 0.6433491706848145 2075
1668479650412 0.6575385928153992 2248
1668479724624 0.6672928929328918 2421
1668479798814 0.6790702939033508 2594
1668479872808 0.680732250213623 2767
1668479947239 0.667805552482605 2940
1668480021639 0.6663295030593872 3113
1668480095942 0.6681392788887024 3286
1668480169962 0.6877236366271973 3459
1668480244122 0.6646401286125183 3632
1668480318086 0.6887283325195312 3805
1668480391812 0.6909613609313965 3978
1668480465871 0.6910765767097473 4151
1668480539882 0.6952432990074158 4324
1668480614286 0.6870492696762085 4497
1668480688180 0.6862888932228088 4670
1668480762303 0.6896814107894897 4843
1668480836599 0.6898086667060852 5016
1668480910664 0.6815820336341858 5189
1668480984992 0.6864883899688721 5362
1668481059133 0.6913846135139465 5535
1668481132919 0.6939392685890198 5708
1668481206934 0.6889158487319946 5881
1668481281148 0.6843019127845764 6054
1668481355166 0.6968294382095337 6227
1668481429229 0.6869391798973083 6400
1668481503527 0.6908953785896301 6573
1668481577718 0.6861925721168518 6746
1668481651734 0.682941198348999 6919
1668481725605 0.683715283870697 7092
1668481799728 0.6962135434150696 7265
1668481873851 0.6937982439994812 7438
1668481947963 0.6904332041740417 7611
1668482021727 0.6808164715766907 7784
1668482095644 0.690438449382782 7957
1668482169498 0.6793972253799438 8130
1668482243631 0.6828190088272095 8303
1668482317678 0.6784321069717407 8476
1668482392046 0.6789240837097168 8649
1668482465962 0.678808867931366 8822
1668482540019 0.6855370402336121 8995
1668482614155 0.6867533326148987 9168
1668482688235 0.6731535792350769 9341
1668482761638 0.6810952425003052 9514
1668482835574 0.6883791089057922 9687
1668482909403 0.6705460548400879 9860
1668482983327 0.6802608966827393 10033
1668483057143 0.6819863319396973 10206
1668483130881 0.6672171354293823 10379
1668483204888 0.6789602041244507 10552
1668483279144 0.6881881952285767 10725
1668483353142 0.6651957631111145 10898
1668483426745 0.6719686985015869 11071
1668483500488 0.6788604855537415 11244
1668483574487 0.6631491780281067 11417
1668483648349 0.6730372309684753 11590
1668483722206 0.6663346290588379 11763
1668483796093 0.6681151390075684 11936
1668483870078 0.6653792858123779 12109
1668483944438 0.6677441596984863 12282
1668484018314 0.6718431711196899 12455
1668484092240 0.6731191277503967 12628
1668484166287 0.6661093235015869 12801
1668484240332 0.6789923906326294 12974
1668484314028 0.6599677205085754 13147
1668484388438 0.6651750802993774 13320
1668484462490 0.6633481979370117 13493
1668484536492 0.6713460087776184 13666
1668484610617 0.6686233282089233 13839
1668484684796 0.6673858761787415 14012
1668484758859 0.662438690662384 14185
1668484832916 0.6658695936203003 14358
1668484907010 0.6707782745361328 14531
1668484980875 0.6764853000640869 14704
1668485054759 0.668582022190094 14877
1668485129081 0.6743996739387512 15050
1668485203911 0.6563051342964172 15223
1668485277807 0.6626411080360413 15396
1668485351922 0.6649618744850159 15569
1668485426015 0.6700901389122009 15742
1668485500337 0.6621696949005127 15915
1668485574456 0.6668025851249695 16088
1668485648401 0.6636296510696411 16261
1668485722309 0.6707215309143066 16434
1668485796278 0.6645127534866333 16607
1668485870207 0.6762919425964355 16780
1668485944055 0.6749140024185181 16953
1668486018001 0.664918839931488 17126
1668486091878 0.6650564074516296 17299
1668486166079 0.6754043102264404 17472
1668486240249 0.6704462766647339 17645
1668486314007 0.666432797908783 17818
1668486387931 0.663341224193573 17991
1668486462012 0.6592210531234741 18164
1668486535979 0.6647112369537354 18337
1668486610183 0.6688686609268188 18510
1668486683957 0.6680189371109009 18683
1668486757865 0.6667510271072388 18856
1668486831866 0.658125102519989 19029
1668486905653 0.6629455089569092 19202
1668486979911 0.6709136366844177 19375
1668487053822 0.670303463935852 19548
1668487127905 0.6720628142356873 19721
1668487201722 0.6716246604919434 19894
1668487275601 0.6704256534576416 20067
1668487349569 0.6641685962677002 20240
1668487423339 0.6679157018661499 20413
1668487497526 0.6620302796363831 20586
1668487571257 0.6630539894104004 20759
1668487645065 0.6660835146903992 20932
1668487719313 0.672441840171814 21105
1668487793459 0.6629834175109863 21278
1668487867639 0.6711688041687012 21451
1668487941752 0.6729769706726074 21624
1668488015705 0.664524257183075 21797
1668488089752 0.6563029289245605 21970
1668488163619 0.6578825116157532 22143
1668488237513 0.6731833219528198 22316
1668488311707 0.6740790605545044 22489
1668488385315 0.6659165620803833 22662
1668488459534 0.6643527746200562 22835
1668488533771 0.6651045680046082 23008
1668488607957 0.669983446598053 23181
1668488681939 0.6648826003074646 23354
1668488756060 0.664227306842804 23527
1668488830439 0.6626961827278137 23700
1668488904203 0.6656011939048767 23873
1668488978185 0.6684059500694275 24046
1668489052236 0.6567145586013794 24219
1668489126191 0.6703498959541321 24392
1668489199822 0.6699829697608948 24565
1668489274675 0.6618376970291138 24738
1668489348773 0.6528993248939514 24911
1668489422637 0.6669900417327881 25084
1668489496505 0.6675668954849243 25257
1668489570356 0.6701979637145996 25430
1668489644476 0.6673857569694519 25603
1668489718360 0.6689306497573853 25776
1668489792283 0.6687706708908081 25949
1668489866554 0.6676971316337585 26122
1668489940734 0.6706303358078003 26295
1668490014889 0.6758050918579102 26468
1668490088928 0.6665606498718262 26641
1668490163436 0.6612699627876282 26814
1668490237617 0.6721837520599365 26987
1668490311800 0.6575489640235901 27160
1668490385780 0.6677126884460449 27333
1668490459765 0.6718930602073669 27506
1668490533604 0.6776544451713562 27679
1668490607888 0.6673754453659058 27852
1668490682055 0.6652026176452637 28025
1668490756043 0.6548651456832886 28198
1668490830161 0.6604201197624207 28371
1668490904777 0.6601695418357849 28544
1668490978712 0.6626479029655457 28717
1668491052218 0.6710724830627441 28890
1668491125900 0.6709670424461365 29063
1668491199707 0.6692025065422058 29236
1668491273380 0.6740503311157227 29409
1668491347390 0.663312554359436 29582
1668491421449 0.6729309558868408 29755
1668491495525 0.6685540080070496 29928
1668491569223 0.6640580296516418 30101
1668491643707 0.6667562127113342 30274
1668491718024 0.6680293083190918 30447
1668491791960 0.6693843007087708 30620
1668491865937 0.6606667637825012 30793
1668491940049 0.6675870418548584 30966
1668492014119 0.6670039296150208 31139
1668492088231 0.6755247712135315 31312
1668492162313 0.6723473072052002 31485
1668492236356 0.670585572719574 31658
1668492310671 0.6670658588409424 31831
1668492384953 0.6671156883239746 32004
1668492459118 0.6657623052597046 32177
1668492533465 0.6716728210449219 32350
1668492607482 0.6613611578941345 32523
1668492681278 0.6794797778129578 32696
1668492755171 0.6645907759666443 32869
1668492829165 0.6655341982841492 33042
1668492903367 0.6751049757003784 33215
1668492977716 0.6765293478965759 33388
1668493052196 0.6570327281951904 33561
1668493126455 0.6793851256370544 33734
1668493200219 0.6714938879013062 33907
1668493274400 0.6637247800827026 34080
1668493348510 0.6794402003288269 34253
1668493422393 0.6709715127944946 34426
1668493496554 0.6733673810958862 34599
1668493570774 0.6656396985054016 34772
1668493644927 0.6625080704689026 34945
1668493719637 0.670538604259491 35118
1668493793500 0.6673409938812256 35291
1668493867881 0.6635494232177734 35464
1668493941993 0.6597732305526733 35637
1668494016917 0.6718563437461853 35810
1668494091319 0.6655731201171875 35983
1668494165314 0.6695225238800049 36156
1668494239680 0.6711876392364502 36329
1668494313128 0.6714537739753723 36502
1668494387247 0.6705821752548218 36675
1668494460981 0.6708144545555115 36848
1668494535348 0.6710931658744812 37021
1668494609533 0.6637272238731384 37194
1668494683470 0.6652817726135254 37367
1668494757753 0.6820820569992065 37540
1668494831931 0.6748915910720825 37713
1668494906061 0.66948401927948 37886
1668494980233 0.6657291054725647 38059
1668495054317 0.6709021925926208 38232
1668495128167 0.6709790229797363 38405
1668495202311 0.6652278900146484 38578
1668495276229 0.6786196231842041 38751
1668495350420 0.6725422143936157 38924
1668495424363 0.6750878691673279 39097
1668495498318 0.6758911609649658 39270
1668495572323 0.6618519425392151 39443
1668495646613 0.6653065085411072 39616
1668495720707 0.6698750853538513 39789
1668495794866 0.6745045185089111 39962
1668495869383 0.6766240000724792 40135
1668495943767 0.6645610332489014 40308
1668496017969 0.6625853776931763 40481
1668496092156 0.6738284826278687 40654
1668496166130 0.6732950806617737 40827
1668496240364 0.6737372279167175 41000
1668496314841 0.6722829937934875 41173
1668496388797 0.6744219660758972 41346
1668496462994 0.6821073293685913 41519
1668496536623 0.6725003123283386 41692
1668496610983 0.6696032881736755 41865
1668496685038 0.6743927597999573 42038
1668496758715 0.6704308390617371 42211
1668496832660 0.6745303273200989 42384
1668496906489 0.6801873445510864 42557
1668496980590 0.6711033582687378 42730
1668497054668 0.6766790747642517 42903
1668497128784 0.6725088953971863 43076
1668497202572 0.6726873517036438 43249
1668497276705 0.6737951636314392 43422
1668497351018 0.6783386468887329 43595
1668497424755 0.6730754375457764 43768
1668497498333 0.6713871955871582 43941
1668497572113 0.6715524792671204 44114
1668497646142 0.6720961332321167 44287
1668497719994 0.6746558547019958 44460
1668497793997 0.6730595827102661 44633
1668497868068 0.6781052350997925 44806
1668497942179 0.6705592274665833 44979
1668498016380 0.6737080812454224 45152
1668498090324 0.6741622090339661 45325
1668498164341 0.6768614053726196 45498
1668498238549 0.6710982918739319 45671
1668498312447 0.6716935634613037 45844
1668498386547 0.6746903657913208 46017
1668498460662 0.6788071990013123 46190
1668498534469 0.6660834550857544 46363
1668498608501 0.6759118437767029 46536
1668498682181 0.6864660978317261 46709
1668498755794 0.6806421875953674 46882
1668498829626 0.6704680323600769 47055
1668498903717 0.670762836933136 47228
1668498977984 0.6694478392601013 47401
1668499052324 0.684468686580658 47574
1668499126471 0.6761922240257263 47747
1668499200732 0.6752527952194214 47920
1668499274789 0.6830224990844727 48093
1668499349088 0.6797826290130615 48266
1668499422897 0.6812395453453064 48439
1668499497102 0.6695379614830017 48612
1668499571105 0.6677745580673218 48785
1668499645025 0.663119375705719 48958
1668499719341 0.6716057658195496 49131
1668499793061 0.6941301226615906 49304
1668499867325 0.6667354702949524 49477
1668499941749 0.6723104119300842 49650
1668500016010 0.666804313659668 49823
1668500089914 0.6699537038803101 49996
1668500164019 0.6759117841720581 50169
1668500238369 0.6753544211387634 50342
1668500312703 0.6817730069160461 50515
1668500386683 0.6740710139274597 50688
1668500460734 0.6824938058853149 50861
1668500534894 0.6730904579162598 51034
1668500609506 0.6791781187057495 51207
1668500683383 0.671960175037384 51380
1668500757409 0.6717004179954529 51553
1668500831485 0.6743336319923401 51726
1668500904694 0.688750684261322 51899
