1668478708517 1.0 49
1668478724949 1.0 99
1668478741467 1.0 149
1668478774364 0.75 199
1668478790809 1.0 249
1668478807350 1.0 299
1668478840595 1.0 349
1668478857311 1.0 399
1668478873976 1.0 449
1668478890675 1.0 499
1668478923897 0.0 549
1668478940346 1.0 599
1668478956924 0.6666666865348816 649
1668478989936 0.5 699
1668479006729 0.5 749
1668479023314 1.0 799
1668479039875 1.0 849
1668479072583 0.0 899
1668479089189 1.0 949
1668479105740 1.0 999
1668479138603 1.0 1049
1668479155313 0.75 1099
1668479171916 1.0 1149
1668479188534 1.0 1199
1668479221819 1.0 1249
1668479238376 1.0 1299
1668479254977 0.5 1349
1668479288139 0.0 1399
1668479304901 0.5 1449
1668479321487 0.5 1499
1668479338085 0.75 1549
1668479371273 0.0 1599
1668479387823 0.75 1649
1668479404390 0.0 1699
1668479437335 0.0 1749
1668479454000 1.0 1799
1668479470606 0.0 1849
1668479487182 1.0 1899
1668479520321 0.3333333432674408 1949
1668479536928 1.0 1999
1668479553496 1.0 2049
1668479586436 1.0 2099
1668479603009 1.0 2149
1668479619603 1.0 2199
1668479652521 0.6666666865348816 2249
1668479669410 1.0 2299
1668479685965 1.0 2349
1668479702571 1.0 2399
1668479735951 1.0 2449
1668479752413 0.0 2499
1668479769005 0.3333333432674408 2549
1668479802259 1.0 2599
1668479819009 0.0 2649
1668479835573 1.0 2699
1668479852140 0.6666666865348816 2749
1668479885559 0.0 2799
1668479902189 1.0 2849
1668479918794 1.0 2899
1668479952017 0.5 2949
1668479968808 1.0 2999
1668479985380 0.3333333432674408 3049
1668480001944 0.3333333432674408 3099
1668480035655 1.0 3149
1668480052140 0.0 3199
1668480068754 1.0 3249
1668480102087 0.0 3299
1668480118870 0.5 3349
1668480135511 1.0 3399
1668480152088 1.0 3449
1668480185293 0.75 3499
1668480201797 0.0 3549
1668480218390 0.0 3599
1668480251690 0.5 3649
1668480268297 0.6666666865348816 3699
1668480284898 0.0 3749
1668480301478 0.75 3799
1668480334614 1.0 3849
1668480351210 0.0 3899
1668480367756 1.0 3949
1668480400572 1.0 3999
1668480417273 0.6666666865348816 4049
1668480433905 1.0 4099
1668480450467 1.0 4149
1668480483773 1.0 4199
1668480500321 0.5 4249
1668480516937 0.800000011920929 4299
1668480550204 0.6666666865348816 4349
1668480566857 0.6666666865348816 4399
1668480583466 1.0 4449
1668480616808 0.0 4499
1668480633512 0.6666666865348816 4549
1668480650110 1.0 4599
1668480666707 0.0 4649
1668480699855 1.0 4699
1668480716470 0.0 4749
1668480733104 0.75 4799
1668480766133 0.6666666865348816 4849
1668480783004 1.0 4899
1668480799629 0.6666666865348816 4949
1668480816258 0.6666666865348816 4999
1668480849551 0.800000011920929 5049
1668480866124 1.0 5099
1668480882748 0.5 5149
1668480915790 1.0 5199
1668480932644 0.6000000238418579 5249
1668480949245 0.6666666865348816 5299
1668480965880 1.0 5349
1668480999353 0.6666666865348816 5399
1668481015946 0.6666666865348816 5449
1668481032551 0.5 5499
1668481065575 0.75 5549
1668481082440 0.6666666865348816 5599
1668481099042 0.75 5649
1668481115627 1.0 5699
1668481148542 0.6000000238418579 5749
1668481165068 0.6666666865348816 5799
1668481181661 0.6666666865348816 5849
1668481214717 0.3333333432674408 5899
1668481231482 0.5 5949
1668481248085 0.75 5999
1668481264674 0.0 6049
1668481298058 0.5 6099
1668481314594 0.6000000238418579 6149
1668481331186 1.0 6199
1668481364300 0.75 6249
1668481380999 0.0 6299
1668481397595 0.5 6349
1668481414190 0.3333333432674408 6399
1668481447513 0.6666666865348816 6449
1668481464101 0.800000011920929 6499
1668481480707 0.800000011920929 6549
1668481514276 0.75 6599
1668481530791 1.0 6649
1668481547423 1.0 6699
1668481580477 0.3333333432674408 6749
1668481597272 0.75 6799
1668481613854 0.6666666865348816 6849
1668481630425 0.6000000238418579 6899
1668481663686 0.6666666865348816 6949
1668481680224 1.0 6999
1668481696824 0.5 7049
1668481729675 1.0 7099
1668481746449 0.3333333432674408 7149
1668481763030 1.0 7199
1668481779637 1.0 7249
1668481813125 1.0 7299
1668481829608 0.5 7349
1668481846179 0.5 7399
1668481879287 0.8571428656578064 7449
1668481896074 1.0 7499
1668481912680 0.5 7549
1668481929296 1.0 7599
1668481962598 0.6666666865348816 7649
1668481979080 1.0 7699
1668481995685 0.75 7749
1668482028514 0.6000000238418579 7799
1668482045252 1.0 7849
1668482061865 1.0 7899
1668482078448 1.0 7949
1668482111644 1.0 7999
1668482128170 0.75 8049
1668482144778 0.800000011920929 8099
1668482177690 1.0 8149
1668482194354 0.5 8199
1668482210964 1.0 8249
1668482227568 1.0 8299
1668482260875 1.0 8349
1668482277429 0.5 8399
1668482294011 0.6666666865348816 8449
1668482327278 0.6666666865348816 8499
1668482343922 0.5 8549
1668482360514 0.6666666865348816 8599
1668482377113 0.75 8649
1668482410657 1.0 8699
1668482427263 0.0 8749
1668482443866 0.75 8799
1668482477016 0.6000000238418579 8849
1668482493543 1.0 8899
1668482510156 0.75 8949
1668482543098 0.6666666865348816 8999
1668482560028 0.800000011920929 9049
1668482576618 1.0 9099
1668482593204 0.75 9149
1668482626387 1.0 9199
1668482642885 0.75 9249
1668482659483 1.0 9299
1668482692679 0.6666666865348816 9349
1668482709351 0.6666666865348816 9399
1668482725916 0.6666666865348816 9449
1668482742511 0.6000000238418579 9499
1668482775370 0.6666666865348816 9549
1668482791844 1.0 9599
1668482808415 0.7142857313156128 9649
1668482841301 0.4000000059604645 9699
1668482858017 0.6000000238418579 9749
1668482874618 1.0 9799
1668482891216 0.25 9849
1668482924403 1.0 9899
1668482940903 0.6000000238418579 9949
1668482957504 0.75 9999
1668482990467 0.6000000238418579 10049
1668483007166 1.0 10099
1668483023755 0.0 10149
1668483040348 1.0 10199
1668483073360 1.0 10249
1668483089865 0.6000000238418579 10299
1668483106465 0.5 10349
1668483139321 1.0 10399
1668483156063 0.75 10449
1668483172671 1.0 10499
1668483189262 0.6666666865348816 10549
1668483222481 0.25 10599
1668483239024 1.0 10649
1668483255615 0.25 10699
1668483289034 0.6000000238418579 10749
1668483305634 0.5 10799
1668483322227 0.75 10849
1668483355301 0.8333333134651184 10899
1668483372093 0.6000000238418579 10949
1668483388642 0.6000000238418579 10999
1668483405224 0.6666666865348816 11049
1668483437962 0.0 11099
1668483454555 1.0 11149
1668483471144 0.6666666865348816 11199
1668483503903 0.8571428656578064 11249
1668483520674 0.6666666865348816 11299
1668483537246 1.0 11349
1668483553869 0.6666666865348816 11399
1668483587219 0.6666666865348816 11449
1668483603718 0.5 11499
1668483620321 0.5714285969734192 11549
1668483653135 0.75 11599
1668483669874 0.8333333134651184 11649
1668483686464 0.8333333134651184 11699
1668483703038 0.6666666865348816 11749
1668483736196 1.0 11799
1668483752710 0.6666666865348816 11849
1668483769320 0.6666666865348816 11899
1668483802196 1.0 11949
1668483818979 0.75 11999
1668483835594 0.0 12049
1668483852209 0.0 12099
1668483885353 1.0 12149
1668483901865 0.6666666865348816 12199
1668483918437 1.0 12249
1668483951884 0.5 12299
1668483968626 0.4285714328289032 12349
1668483985232 0.5 12399
1668484001808 0.6666666865348816 12449
1668484034838 0.75 12499
1668484051374 0.6666666865348816 12549
1668484067970 0.6666666865348816 12599
1668484101067 0.800000011920929 12649
1668484117703 0.4000000059604645 12699
1668484134312 1.0 12749
1668484150900 1.0 12799
1668484184215 0.3333333432674408 12849
1668484200782 0.5 12899
1668484217387 0.4000000059604645 12949
1668484250635 1.0 12999
1668484267206 0.3333333432674408 13049
1668484283777 1.0 13099
1668484316486 0.75 13149
1668484333334 0.5714285969734192 13199
1668484349911 0.5 13249
1668484366525 0.8571428656578064 13299
1668484400149 1.0 13349
1668484416620 0.5 13399
1668484433225 0.5 13449
1668484466322 0.75 13499
1668484483114 0.5 13549
1668484499696 1.0 13599
1668484516289 0.3333333432674408 13649
1668484549618 0.6666666865348816 13699
1668484566078 0.5 13749
1668484582669 0.6666666865348816 13799
1668484615693 1.0 13849
1668484632486 0.6666666865348816 13899
1668484649110 1.0 13949
1668484665711 1.0 13999
1668484699073 1.0 14049
1668484715565 0.5 14099
1668484732160 0.5 14149
1668484765310 0.6666666865348816 14199
1668484782077 0.6000000238418579 14249
1668484798713 1.0 14299
1668484815309 1.0 14349
1668484848486 0.5714285969734192 14399
1668484865000 1.0 14449
1668484881603 0.3333333432674408 14499
1668484914868 1.0 14549
1668484931582 0.3333333432674408 14599
1668484948184 0.6000000238418579 14649
1668484964756 0.800000011920929 14699
1668484997792 1.0 14749
1668485014302 0.6000000238418579 14799
1668485030894 0.75 14849
1668485063947 0.800000011920929 14899
1668485080553 0.5 14949
1668485097147 0.5 14999
1668485113749 0.5 15049
1668485147320 0.800000011920929 15099
1668485163836 0.5 15149
1668485180430 0.6000000238418579 15199
1668485214591 0.6000000238418579 15249
1668485231104 0.800000011920929 15299
1668485247728 0.800000011920929 15349
1668485280582 1.0 15399
1668485297470 0.3333333432674408 15449
1668485314039 0.5 15499
1668485330633 0.5 15549
1668485363870 0.5 15599
1668485380434 1.0 15649
1668485397053 0.6666666865348816 15699
1668485430170 0.6666666865348816 15749
1668485446910 0.6666666865348816 15799
1668485463473 0.0 15849
1668485480035 1.0 15899
1668485513698 0.5 15949
1668485530169 0.8333333134651184 15999
1668485546742 0.4285714328289032 16049
1668485579883 0.25 16099
1668485596626 0.5 16149
1668485613195 0.3333333432674408 16199
1668485629806 0.800000011920929 16249
1668485662920 0.6666666865348816 16299
1668485679457 0.5 16349
1668485696075 0.75 16399
1668485729075 0.6666666865348816 16449
1668485745861 1.0 16499
1668485762465 0.75 16549
1668485779053 0.75 16599
1668485812214 0.75 16649
1668485828744 1.0 16699
1668485845326 0.6666666865348816 16749
1668485878320 0.800000011920929 16799
1668485895027 0.5 16849
1668485911608 0.75 16899
1668485928221 0.5 16949
1668485961279 0.75 16999
1668485977801 0.0 17049
1668485994418 0.8571428656578064 17099
1668486027550 0.5 17149
1668486044176 1.0 17199
1668486060765 0.5 17249
1668486077378 0.5 17299
1668486110491 0.5 17349
1668486127059 1.0 17399
1668486143660 1.0 17449
1668486177153 0.6000000238418579 17499
1668486193647 0.800000011920929 17549
1668486210268 0.6000000238418579 17599
1668486243350 0.5 17649
1668486260095 0.5 17699
1668486276658 0.0 17749
1668486293261 0.3333333432674408 17799
1668486326301 0.3333333432674408 17849
1668486342766 1.0 17899
1668486359378 1.0 17949
1668486392342 0.4285714328289032 17999
1668486409146 1.0 18049
1668486425750 0.5 18099
1668486442340 0.8333333134651184 18149
1668486476003 0.6666666865348816 18199
1668486492594 0.3333333432674408 18249
1668486509167 0.4000000059604645 18299
1668486541711 0.5714285969734192 18349
1668486558479 1.0 18399
1668486575038 1.0 18449
1668486591630 0.7142857313156128 18499
1668486625062 0.25 18549
1668486641525 0.5 18599
1668486658108 0.6666666865348816 18649
1668486691014 0.8333333134651184 18699
1668486707748 0.6000000238418579 18749
1668486724326 1.0 18799
1668486740933 0.5 18849
1668486774150 1.0 18899
1668486790662 0.6000000238418579 18949
1668486807276 0.800000011920929 18999
1668486840475 0.0 19049
1668486857100 0.8333333134651184 19099
1668486873684 0.5 19149
1668486890296 0.5 19199
1668486923231 0.800000011920929 19249
1668486939778 0.75 19299
1668486956360 1.0 19349
1668486989716 0.5 19399
1668487006364 0.6666666865348816 19449
1668487022968 1.0 19499
1668487055896 1.0 19549
1668487072765 1.0 19599
1668487089302 1.0 19649
1668487105892 1.0 19699
1668487139133 0.25 19749
1668487155621 1.0 19799
1668487172223 0.6666666865348816 19849
1668487205137 0.5 19899
1668487221950 1.0 19949
1668487238521 0.5 19999
1668487255115 0.8571428656578064 20049
1668487288201 0.6666666865348816 20099
1668487304683 0.75 20149
1668487321292 0.3333333432674408 20199
1668487354352 0.0 20249
1668487371082 0.0 20299
1668487387776 0.6000000238418579 20349
1668487404367 0.75 20399
1668487437405 0.1428571492433548 20449
1668487453895 0.6000000238418579 20499
1668487470496 0.6000000238418579 20549
1668487503658 0.8333333134651184 20599
1668487520373 1.0 20649
1668487536969 0.7142857313156128 20699
1668487553550 1.0 20749
1668487586547 0.5 20799
1668487603044 0.75 20849
1668487619609 0.8333333134651184 20899
1668487652516 0.5 20949
1668487669226 0.6666666865348816 20999
1668487685815 0.375 21049
1668487702415 0.6666666865348816 21099
1668487735933 1.0 21149
1668487752421 0.75 21199
1668487769043 1.0 21249
1668487802257 0.0 21299
1668487818972 1.0 21349
1668487835591 0.5 21399
1668487852200 0.6000000238418579 21449
1668487885480 0.8333333134651184 21499
1668487902021 1.0 21549
1668487918607 0.6000000238418579 21599
1668487951963 0.75 21649
1668487968553 1.0 21699
1668487985149 0.5 21749
1668488018151 0.3333333432674408 21799
1668488034928 0.6666666865348816 21849
1668488051474 0.5 21899
1668488068081 1.0 21949
1668488101270 0.75 21999
1668488117787 0.6000000238418579 22049
1668488134372 0.4000000059604645 22099
1668488167379 0.6666666865348816 22149
1668488184149 0.6666666865348816 22199
1668488200685 0.4000000059604645 22249
1668488217279 0.0 22299
1668488250534 0.3333333432674408 22349
1668488267016 0.75 22399
1668488283623 0.6000000238418579 22449
1668488316825 0.4000000059604645 22499
1668488333551 0.75 22549
1668488350131 0.6000000238418579 22599
1668488366734 0.5 22649
1668488399722 0.5 22699
1668488416200 0.6666666865348816 22749
1668488432779 1.0 22799
1668488465983 0.6000000238418579 22849
1668488482740 0.0 22899
1668488499338 0.5 22949
1668488515939 0.800000011920929 22999
1668488549397 0.3333333432674408 23049
1668488565919 0.8333333134651184 23099
1668488582535 0.6666666865348816 23149
1668488615771 1.0 23199
1668488632422 0.75 23249
1668488648997 1.0 23299
1668488665581 0.5 23349
1668488699009 0.6000000238418579 23399
1668488715515 0.5 23449
1668488732084 1.0 23499
1668488765382 0.6666666865348816 23549
1668488781944 0.3333333432674408 23599
1668488798577 1.0 23649
1668488815181 0.6666666865348816 23699
1668488848683 0.3333333432674408 23749
1668488865225 0.6000000238418579 23799
1668488881844 0.800000011920929 23849
1668488914798 0.75 23899
1668488931362 0.4000000059604645 23949
1668488947963 1.0 23999
1668488980977 0.0 24049
1668488997681 0.6000000238418579 24099
1668489014227 0.6666666865348816 24149
1668489030833 0.6000000238418579 24199
1668489064315 1.0 24249
1668489080776 0.5 24299
1668489097341 0.20000000298023224 24349
1668489130271 1.0 24399
1668489147064 0.5 24449
1668489163620 1.0 24499
1668489180210 0.75 24549
1668489213723 0.0 24599
1668489230206 0.800000011920929 24649
1668489246816 0.8333333134651184 24699
1668489280061 0.800000011920929 24749
1668489296800 0.6000000238418579 24799
1668489313378 0.5 24849
1668489329987 0.6666666865348816 24899
1668489363348 0.8333333134651184 24949
1668489379854 1.0 24999
1668489396446 1.0 25049
1668489429403 0.5 25099
1668489446093 0.75 25149
1668489462708 0.20000000298023224 25199
1668489479305 0.0 25249
1668489512461 0.6000000238418579 25299
1668489528968 0.5 25349
1668489545514 0.25 25399
1668489578434 0.800000011920929 25449
1668489595126 1.0 25499
1668489611689 0.75 25549
1668489628297 1.0 25599
1668489661702 0.5 25649
1668489678204 1.0 25699
1668489694805 1.0 25749
1668489727800 0.5 25799
1668489744435 1.0 25849
1668489761009 0.6000000238418579 25899
1668489777615 0.6000000238418579 25949
1668489810924 0.75 25999
1668489827479 0.6000000238418579 26049
1668489844115 0.25 26099
1668489877562 0.4000000059604645 26149
1668489894050 0.75 26199
1668489910659 0.800000011920929 26249
1668489943855 0.6000000238418579 26299
1668489960658 0.75 26349
1668489977213 0.75 26399
1668489993813 0.5 26449
1668490027244 0.4000000059604645 26499
1668490043727 0.800000011920929 26549
1668490060312 0.5 26599
1668490093360 0.4000000059604645 26649
1668490110174 0.75 26699
1668490126737 0.6666666865348816 26749
1668490143338 0.6000000238418579 26799
1668490177107 0.5 26849
1668490193580 0.6666666865348816 26899
1668490210174 1.0 26949
1668490243422 1.0 26999
1668490260177 0.25 27049
1668490276751 0.800000011920929 27099
1668490293357 1.0 27149
1668490326827 1.0 27199
1668490343341 0.6666666865348816 27249
1668490359959 1.0 27299
1668490392928 1.0 27349
1668490409729 0.6666666865348816 27399
1668490426346 0.75 27449
1668490442946 1.0 27499
1668490476085 0.6000000238418579 27549
1668490492618 0.5 27599
1668490509217 0.6000000238418579 27649
1668490542076 0.3333333432674408 27699
1668490558762 0.800000011920929 27749
1668490575361 0.0 27799
1668490591961 0.3333333432674408 27849
1668490625506 0.75 27899
1668490642029 1.0 27949
1668490658615 0.25 27999
1668490691967 0.5 28049
1668490708551 0.5 28099
1668490725123 0.75 28149
1668490758149 0.5 28199
1668490774958 0.0 28249
1668490791498 0.75 28299
1668490808087 0.8333333134651184 28349
1668490841552 0.3333333432674408 28399
1668490858022 0.75 28449
1668490874615 0.3333333432674408 28499
1668490908207 0.4000000059604645 28549
1668490925022 1.0 28599
1668490941577 0.0 28649
1668490958130 0.5 28699
1668490991400 0.5 28749
1668491007880 0.5 28799
1668491024448 0.6666666865348816 28849
1668491056963 0.0 28899
1668491073822 1.0 28949
1668491090397 0.75 28999
1668491106962 1.0 29049
1668491139883 1.0 29099
1668491156346 1.0 29149
1668491172967 1.0 29199
1668491205769 0.5 29249
1668491222554 1.0 29299
1668491239173 1.0 29349
1668491255791 0.3333333432674408 29399
1668491288722 0.0 29449
1668491305233 0.8571428656578064 29499
1668491321832 1.0 29549
1668491354817 1.0 29599
1668491371644 0.6666666865348816 29649
1668491388210 0.6666666865348816 29699
1668491404816 0.5 29749
1668491438147 0.75 29799
1668491454651 1.0 29849
1668491471243 0.75 29899
1668491504459 0.5 29949
1668491521027 1.0 29999
1668491537617 0.75 30049
1668491554197 1.0 30099
1668491587334 0.6666666865348816 30149
1668491603881 0.5 30199
1668491620471 0.6666666865348816 30249
1668491653957 0.75 30299
1668491670602 0.5 30349
1668491687229 0.4000000059604645 30399
1668491720456 1.0 30449
1668491737226 1.0 30499
1668491753797 0.5 30549
1668491770357 0.6666666865348816 30599
1668491803618 0.6666666865348816 30649
1668491820104 1.0 30699
1668491836688 0.0 30749
1668491869720 1.0 30799
1668491886501 0.6666666865348816 30849
1668491903066 0.3333333432674408 30899
1668491919673 0.800000011920929 30949
1668491953090 1.0 30999
1668491969558 0.3333333432674408 31049
1668491986128 1.0 31099
1668492019254 0.0 31149
1668492036023 0.20000000298023224 31199
1668492052584 0.6666666865348816 31249
1668492069185 1.0 31299
1668492102618 0.8333333134651184 31349
1668492119106 0.6666666865348816 31399
1668492135708 1.0 31449
1668492168852 0.3333333432674408 31499
1668492185608 0.5 31549
1668492202222 1.0 31599
1668492218808 1.0 31649
1668492252120 0.3333333432674408 31699
1668492268629 0.6666666865348816 31749
1668492285219 0.6666666865348816 31799
1668492318471 1.0 31849
1668492335129 0.0 31899
1668492351751 0.6666666865348816 31949
1668492368346 0.75 31999
1668492401967 0.800000011920929 32049
1668492418497 0.75 32099
1668492435055 0.5 32149
1668492468301 0.6666666865348816 32199
1668492485046 0.6666666865348816 32249
1668492501642 0.5 32299
1668492518200 0.800000011920929 32349
1668492551784 0.3333333432674408 32399
1668492568339 1.0 32449
1668492584923 1.0 32499
1668492618140 0.75 32549
1668492634695 0.25 32599
1668492651286 0.5 32649
1668492684037 0.6666666865348816 32699
1668492701003 1.0 32749
1668492717578 0.3333333432674408 32799
1668492734190 0.5 32849
1668492767197 0.6666666865348816 32899
1668492783725 0.6666666865348816 32949
1668492800327 0.6000000238418579 32999
1668492833266 1.0 33049
1668492850030 0.0 33099
1668492866630 0.5 33149
1668492883225 0.8571428656578064 33199
1668492916704 1.0 33249
1668492933180 1.0 33299
1668492949788 0.6000000238418579 33349
1668492983152 0.5 33399
1668492999904 0.5 33449
1668493016502 0.6666666865348816 33499
1668493033098 0.6666666865348816 33549
1668493066891 0.5 33599
1668493083452 0.6666666865348816 33649
1668493100038 0.6666666865348816 33699
1668493133226 0.25 33749
1668493149955 0.5 33799
1668493166574 0.800000011920929 33849
1668493183176 0.5714285969734192 33899
1668493216121 1.0 33949
1668493232623 1.0 33999
1668493249245 0.5 34049
1668493282476 1.0 34099
1668493299194 0.6666666865348816 34149
1668493315801 1.0 34199
1668493332405 0.6666666865348816 34249
1668493365776 0.800000011920929 34299
1668493382309 0.0 34349
1668493398901 0.5 34399
1668493432059 0.800000011920929 34449
1668493448698 0.6666666865348816 34499
1668493465300 0.5 34549
1668493481850 0.5 34599
1668493515062 0.6666666865348816 34649
1668493531605 1.0 34699
1668493548198 0.3333333432674408 34749
1668493581842 0.75 34799
1668493598329 1.0 34849
1668493614931 0.800000011920929 34899
1668493648034 1.0 34949
1668493664772 1.0 34999
1668493681350 1.0 35049
1668493697926 0.5 35099
1668493732003 1.0 35149
1668493748450 0.75 35199
1668493765033 0.4000000059604645 35249
1668493797998 0.6000000238418579 35299
1668493814813 1.0 35349
1668493831403 1.0 35399
1668493848011 0.5 35449
1668493881609 0.75 35499
1668493898108 1.0 35549
1668493914704 0.800000011920929 35599
1668493947889 0.4000000059604645 35649
1668493964632 1.0 35699
1668493981372 1.0 35749
1668493997988 0.5 35799
1668494031954 0.25 35849
1668494048570 1.0 35899
1668494065168 1.0 35949
1668494098484 0.8333333134651184 35999
1668494115303 0.0 36049
1668494131922 0.75 36099
1668494148524 0.8333333134651184 36149
1668494181602 0.6666666865348816 36199
1668494198220 0.25 36249
1668494214780 1.0 36299
1668494248206 0.6666666865348816 36349
1668494265027 0.6666666865348816 36399
1668494281640 0.75 36449
1668494298257 0.25 36499
1668494330797 1.0 36549
1668494347368 1.0 36599
1668494363975 0.6666666865348816 36649
1668494397164 1.0 36699
1668494413856 1.0 36749
1668494430500 0.5 36799
1668494463154 0.75 36849
1668494480022 0.5 36899
1668494496586 1.0 36949
1668494513207 0.25 36999
1668494546679 1.0 37049
1668494563170 0.4285714328289032 37099
1668494579782 0.5 37149
1668494613011 0.7142857313156128 37199
1668494629830 0.5 37249
1668494646445 1.0 37299
1668494663065 1.0 37349
1668494696196 0.0 37399
1668494712696 0.75 37449
1668494729283 1.0 37499
1668494762530 0.5 37549
1668494779283 0.6666666865348816 37599
1668494795866 0.25 37649
1668494812455 0.800000011920929 37699
1668494845869 0.75 37749
1668494862371 0.6666666865348816 37799
1668494878963 0.6666666865348816 37849
1668494912167 0.0 37899
1668494928849 0.6666666865348816 37949
1668494945473 0.800000011920929 37999
1668494962043 1.0 38049
1668494995477 1.0 38099
1668495011999 0.75 38149
1668495028604 1.0 38199
1668495061758 0.5 38249
1668495078529 1.0 38299
1668495095133 0.5 38349
1668495111729 0.6000000238418579 38399
1668495144843 0.75 38449
1668495161371 1.0 38499
1668495177970 1.0 38549
1668495211115 0.4000000059604645 38599
1668495227754 0.75 38649
1668495244337 0.75 38699
1668495260940 0.5 38749
1668495294141 0.5 38799
1668495310691 0.6666666865348816 38849
1668495327299 1.0 38899
1668495360691 1.0 38949
1668495377241 0.5 38999
1668495393820 1.0 39049
1668495426829 0.3333333432674408 39099
1668495443679 0.5 39149
1668495460238 0.8333333134651184 39199
1668495476847 0.8333333134651184 39249
1668495509994 0.6666666865348816 39299
1668495526501 1.0 39349
1668495543104 1.0 39399
1668495576156 0.25 39449
1668495592921 0.75 39499
1668495609489 1.0 39549
1668495626100 0.5 39599
1668495659772 1.0 39649
1668495676245 0.7142857313156128 39699
1668495692808 0.4000000059604645 39749
1668495725873 0.75 39799
1668495742688 0.75 39849
1668495759286 0.5 39899
1668495775873 0.75 39949
1668495809227 0.75 39999
1668495825738 0.75 40049
1668495842366 0.6000000238418579 40099
1668495875834 0.25 40149
1668495892658 0.6666666865348816 40199
1668495909278 0.75 40249
1668495925884 1.0 40299
1668495959500 1.0 40349
1668495976051 0.3333333432674408 40399
1668495992671 0.3333333432674408 40449
1668496025756 0.5 40499
1668496042459 0.6000000238418579 40549
1668496059086 1.0 40599
1668496075684 0.5 40649
1668496109122 1.0 40699
1668496125679 0.75 40749
1668496142266 0.5 40799
1668496175329 0.8571428656578064 40849
1668496191999 1.0 40899
1668496208620 1.0 40949
1668496225243 0.75 40999
1668496258568 0.6666666865348816 41049
1668496275145 1.0 41099
1668496291738 0.800000011920929 41149
1668496325474 1.0 41199
1668496342005 0.800000011920929 41249
1668496358606 0.4000000059604645 41299
1668496391546 0.5 41349
1668496408325 1.0 41399
1668496424881 0.75 41449
1668496441462 0.75 41499
1668496474956 0.5 41549
1668496491434 1.0 41599
1668496508041 0.75 41649
1668496540764 0.5 41699
1668496557731 0.6000000238418579 41749
1668496574338 1.0 41799
1668496590926 1.0 41849
1668496624367 1.0 41899
1668496640849 0.5 41949
1668496657435 0.5 41999
1668496690498 0.4000000059604645 42049
1668496707236 0.5 42099
1668496723853 0.6666666865348816 42149
1668496740469 0.75 42199
1668496773282 0.6666666865348816 42249
1668496789775 0.5 42299
1668496806398 1.0 42349
1668496839387 1.0 42399
1668496856104 0.75 42449
1668496872726 0.75 42499
1668496889321 0.0 42549
1668496922479 0.3333333432674408 42599
1668496939015 0.6666666865348816 42649
1668496955605 1.0 42699
1668496988702 0.6666666865348816 42749
1668497005411 0.0 42799
1668497022001 0.25 42849
1668497038601 0.5 42899
1668497071952 0.20000000298023224 42949
1668497088468 0.0 42999
1668497105064 1.0 43049
1668497138278 0.6666666865348816 43099
1668497154980 0.75 43149
1668497171588 1.0 43199
1668497188181 0.75 43249
1668497221272 1.0 43299
1668497237838 0.75 43349
1668497254451 0.6666666865348816 43399
1668497287636 0.5 43449
1668497304213 0.5 43499
1668497320844 0.3333333432674408 43549
1668497354146 0.75 43599
1668497370923 0.8333333134651184 43649
1668497387481 0.6666666865348816 43699
1668497404079 0.1666666716337204 43749
1668497437018 0.5 43799
1668497453500 0.6666666865348816 43849
1668497470102 0.3333333432674408 43899
1668497502819 1.0 43949
1668497519565 0.3333333432674408 43999
1668497536140 1.0 44049
1668497552739 1.0 44099
1668497585737 0.5 44149
1668497602231 0.5 44199
1668497618811 0.5 44249
1668497651849 1.0 44299
1668497668622 0.6000000238418579 44349
1668497685239 0.3333333432674408 44399
1668497701815 1.0 44449
1668497734950 0.75 44499
1668497751459 0.800000011920929 44549
1668497768060 1.0 44599
1668497801183 0.800000011920929 44649
1668497817900 0.0 44699
1668497834521 1.0 44749
1668497851128 0.5 44799
1668497884370 0.7142857313156128 44849
1668497900924 0.5 44899
1668497917511 0.6666666865348816 44949
1668497950778 1.0 44999
1668497967385 0.7142857313156128 45049
1668497984130 0.75 45099
1668498000734 0.5714285969734192 45149
1668498033879 0.6666666865348816 45199
1668498050434 0.375 45249
1668498067029 0.75 45299
1668498100222 1.0 45349
1668498116849 0.5 45399
1668498133462 0.75 45449
1668498166395 0.5 45499
1668498183193 0.5 45549
1668498199767 1.0 45599
1668498217120 1.0 45649
1668498249926 0.0 45699
1668498266393 0.6666666865348816 45749
1668498282979 0.5 45799
1668498315896 0.6666666865348816 45849
1668498332664 0.0 45899
1668498349233 0.75 45949
1668498365817 1.0 45999
1668498399121 0.3333333432674408 46049
1668498415576 0.75 46099
1668498432209 0.5 46149
1668498465429 0.6666666865348816 46199
1668498482194 1.0 46249
1668498498795 0.800000011920929 46299
1668498515400 0.6666666865348816 46349
1668498548449 1.0 46399
1668498564955 1.0 46449
1668498581556 0.6000000238418579 46499
1668498614550 1.0 46549
1668498631284 1.0 46599
1668498647897 0.5 46649
1668498664488 1.0 46699
1668498697396 0.6666666865348816 46749
1668498713925 0.0 46799
1668498730497 0.0 46849
1668498763228 1.0 46899
1668498779930 0.800000011920929 46949
1668498796551 1.0 46999
1668498813156 0.5 47049
1668498846123 0.75 47099
1668498862646 0.5 47149
1668498879238 0.5 47199
1668498912643 0.5 47249
1668498929307 1.0 47299
1668498945898 1.0 47349
1668498962477 0.6000000238418579 47399
1668498995912 0.800000011920929 47449
1668499012472 0.6666666865348816 47499
1668499029070 0.5 47549
1668499062650 0.6666666865348816 47599
1668499079134 1.0 47649
1668499095756 1.0 47699
1668499128987 1.0 47749
1668499145854 0.5 47799
1668499162432 0.75 47849
1668499179041 0.6666666865348816 47899
1668499212371 1.0 47949
1668499228890 0.6666666865348816 47999
1668499245477 0.6666666865348816 48049
1668499278684 0.5 48099
1668499295395 0.0 48149
1668499311974 0.5 48199
1668499328581 0.3333333432674408 48249
1668499362076 0.6666666865348816 48299
1668499378574 1.0 48349
1668499395197 0.4285714328289032 48399
1668499428029 1.0 48449
1668499444687 0.4000000059604645 48499
1668499461287 0.5 48549
1668499477907 1.0 48599
1668499511442 1.0 48649
1668499527925 1.0 48699
1668499544519 0.6000000238418579 48749
1668499577507 0.5 48799
1668499594209 0.75 48849
1668499610782 0.25 48899
1668499627385 0.3333333432674408 48949
1668499660639 1.0 48999
1668499677132 1.0 49049
1668499693746 0.0 49099
1668499727294 1.0 49149
1668499743890 0.5 49199
1668499760499 1.0 49249
1668499777109 1.0 49299
1668499810046 0.75 49349
1668499826620 1.0 49399
1668499843236 0.0 49449
1668499876493 0.5 49499
1668499893070 0.0 49549
1668499909697 0.3333333432674408 49599
1668499926321 0.75 49649
1668499959965 0.6666666865348816 49699
1668499976510 0.75 49749
1668499993074 1.0 49799
1668500026653 1.0 49849
1668500043144 1.0 49899
1668500059753 0.6666666865348816 49949
1668500092662 0.800000011920929 49999
1668500109516 1.0 50049
1668500126079 1.0 50099
1668500142689 0.6000000238418579 50149
1668500176013 1.0 50199
1668500192470 0.75 50249
1668500209069 0.0 50299
1668500242470 0.75 50349
1668500259291 0.5 50399
1668500275908 0.5 50449
1668500292533 0.5 50499
1668500326060 0.6666666865348816 50549
1668500342513 0.75 50599
1668500359102 0.0 50649
1668500392094 0.3333333432674408 50699
1668500408832 1.0 50749
1668500425428 1.0 50799
1668500442003 0.800000011920929 50849
1668500475435 0.75 50899
1668500491933 0.5 50949
1668500508541 0.3333333432674408 50999
1668500541722 0.800000011920929 51049
1668500558326 0.5 51099
1668500574940 0.5 51149
1668500591558 0.6666666865348816 51199
1668500625414 0.75 51249
1668500641933 0.5 51299
1668500658529 0.800000011920929 51349
1668500691525 0.6666666865348816 51399
1668500708213 0.5 51449
1668500724842 0.6666666865348816 51499
1668500741468 0.5 51549
1668500774636 1.0 51599
1668500791163 0.25 51649
1668500807769 0.0 51699
1668500841042 1.0 51749
1668500857697 0.5 51799
1668500874295 0.0 51849
1668500890899 1.0 51899
