1668478708517 0.6666666865348816 49
1668478724949 0.4000000059604645 99
1668478741467 0.4000000059604645 149
1668478774364 0.6000000238418579 199
1668478790809 0.800000011920929 249
1668478807350 1.0 299
1668478840595 0.6666666865348816 349
1668478857311 0.6666666865348816 399
1668478873976 0.800000011920929 449
1668478890675 0.888888955116272 499
1668478923897 0.0 549
1668478940346 0.3333333134651184 599
1668478956924 0.5714285373687744 649
1668478989936 0.5 699
1668479006729 0.5 749
1668479023314 0.8571428656578064 799
1668479039875 0.3333333134651184 849
1668479072583 0.0 899
1668479089189 1.0 949
1668479105740 0.5 999
1668479138603 0.5714285969734192 1049
1668479155313 0.8571428656578064 1099
1668479171916 1.0 1149
1668479188534 0.5 1199
1668479221819 0.6666666865348816 1249
1668479238376 0.3333333134651184 1299
1668479254977 0.5 1349
1668479288139 0.0 1399
1668479304901 0.5 1449
1668479321487 0.5 1499
1668479338085 0.8571428656578064 1549
1668479371273 0.0 1599
1668479387823 0.8571428656578064 1649
1668479404390 0.0 1699
1668479437335 0.0 1749
1668479454000 0.5 1799
1668479470606 0.0 1849
1668479487182 0.800000011920929 1899
1668479520321 0.5 1949
1668479536928 0.5 1999
1668479553496 0.888888955116272 2049
1668479586436 0.75 2099
1668479603009 0.8571428656578064 2149
1668479619603 0.5 2199
1668479652521 0.5714285373687744 2249
1668479669410 0.3333333134651184 2299
1668479685965 0.5 2349
1668479702571 0.6666666865348816 2399
1668479735951 0.8571428656578064 2449
1668479752413 0.0 2499
1668479769005 0.4000000059604645 2549
1668479802259 0.5 2599
1668479819009 0.0 2649
1668479835573 1.0 2699
1668479852140 0.800000011920929 2749
1668479885559 0.0 2799
1668479902189 0.5 2849
1668479918794 1.0 2899
1668479952017 0.4000000059604645 2949
1668479968808 0.6666666865348816 2999
1668479985380 0.5 3049
1668480001944 0.3333333432674408 3099
1668480035655 0.5 3149
1668480052140 0.0 3199
1668480068754 0.6666666865348816 3249
1668480102087 0.0 3299
1668480118870 0.5714285373687744 3349
1668480135511 0.4000000059604645 3399
1668480152088 0.6666666865348816 3449
1668480185293 0.8571428656578064 3499
1668480201797 0.0 3549
1668480218390 0.0 3599
1668480251690 0.6666666865348816 3649
1668480268297 0.6666666865348816 3699
1668480284898 0.0 3749
1668480301478 0.75 3799
1668480334614 0.3333333134651184 3849
1668480351210 0.0 3899
1668480367756 0.6666666865348816 3949
1668480400572 0.6666666865348816 3999
1668480417273 0.6666666865348816 4049
1668480433905 0.8571428656578064 4099
1668480450467 1.0 4149
1668480483773 0.800000011920929 4199
1668480500321 0.6666666865348816 4249
1668480516937 0.8000000715255737 4299
1668480550204 0.6666666865348816 4349
1668480566857 0.5 4399
1668480583466 0.800000011920929 4449
1668480616808 0.0 4499
1668480633512 0.800000011920929 4549
1668480650110 0.75 4599
1668480666707 0.0 4649
1668480699855 0.800000011920929 4699
1668480716470 0.0 4749
1668480733104 0.6000000238418579 4799
1668480766133 0.5714285373687744 4849
1668480783004 0.9090909361839294 4899
1668480799629 0.6666666865348816 4949
1668480816258 0.800000011920929 4999
1668480849551 0.8000000715255737 5049
1668480866124 0.6666666865348816 5099
1668480882748 0.6666666865348816 5149
1668480915790 1.0 5199
1668480932644 0.6666666865348816 5249
1668480949245 0.6666666865348816 5299
1668480965880 1.0 5349
1668480999353 0.800000011920929 5399
1668481015946 0.800000011920929 5449
1668481032551 0.4000000059604645 5499
1668481065575 0.6666666865348816 5549
1668481082440 0.6666666865348816 5599
1668481099042 0.75 5649
1668481115627 1.0 5699
1668481148542 0.6666666865348816 5749
1668481165068 0.800000011920929 5799
1668481181661 0.800000011920929 5849
1668481214717 0.5 5899
1668481231482 0.4000000059604645 5949
1668481248085 0.8571428656578064 5999
1668481264674 0.0 6049
1668481298058 0.5714285373687744 6099
1668481314594 0.75 6149
1668481331186 0.6666666865348816 6199
1668481364300 0.8571428656578064 6249
1668481380999 0.0 6299
1668481397595 0.6666666865348816 6349
1668481414190 0.5 6399
1668481447513 0.6666666865348816 6449
1668481464101 0.8000000715255737 6499
1668481480707 0.7272727489471436 6549
1668481514276 0.75 6599
1668481530791 1.0 6649
1668481547423 1.0 6699
1668481580477 0.4000000059604645 6749
1668481597272 0.8571428656578064 6799
1668481613854 0.800000011920929 6849
1668481630425 0.75 6899
1668481663686 0.800000011920929 6949
1668481680224 0.9090909361839294 6999
1668481696824 0.6666666865348816 7049
1668481729675 1.0 7099
1668481746449 0.5 7149
1668481763030 1.0 7199
1668481779637 0.6666666865348816 7249
1668481813125 0.800000011920929 7299
1668481829608 0.6666666865348816 7349
1668481846179 0.6666666865348816 7399
1668481879287 0.9230769276618958 7449
1668481896074 1.0 7499
1668481912680 0.5 7549
1668481929296 0.888888955116272 7599
1668481962598 0.800000011920929 7649
1668481979080 1.0 7699
1668481995685 0.75 7749
1668482028514 0.75 7799
1668482045252 0.800000011920929 7849
1668482061865 1.0 7899
1668482078448 1.0 7949
1668482111644 1.0 7999
1668482128170 0.8571428656578064 8049
1668482144778 0.8000000715255737 8099
1668482177690 1.0 8149
1668482194354 0.6666666865348816 8199
1668482210964 1.0 8249
1668482227568 0.8571428656578064 8299
1668482260875 1.0 8349
1668482277429 0.6666666865348816 8399
1668482294011 0.800000011920929 8449
1668482327278 0.800000011920929 8499
1668482343922 0.5 8549
1668482360514 0.800000011920929 8599
1668482377113 0.8571428656578064 8649
1668482410657 0.7272727489471436 8699
1668482427263 0.0 8749
1668482443866 0.8571428656578064 8799
1668482477016 0.75 8849
1668482493543 0.800000011920929 8899
1668482510156 0.8571428656578064 8949
1668482543098 0.6666666865348816 8999
1668482560028 0.888888955116272 9049
1668482576618 0.6666666865348816 9099
1668482593204 0.8571428656578064 9149
1668482626387 1.0 9199
1668482642885 0.75 9249
1668482659483 1.0 9299
1668482692679 0.800000011920929 9349
1668482709351 0.800000011920929 9399
1668482725916 0.6666666865348816 9449
1668482742511 0.75 9499
1668482775370 0.800000011920929 9549
1668482791844 1.0 9599
1668482808415 0.8333333730697632 9649
1668482841301 0.5714285969734192 9699
1668482858017 0.75 9749
1668482874618 1.0 9799
1668482891216 0.3333333432674408 9849
1668482924403 0.9090909361839294 9899
1668482940903 0.75 9949
1668482957504 0.8571428656578064 9999
1668482990467 0.75 10049
1668483007166 0.8571428656578064 10099
1668483023755 0.0 10149
1668483040348 1.0 10199
1668483073360 1.0 10249
1668483089865 0.75 10299
1668483106465 0.6666666865348816 10349
1668483139321 1.0 10399
1668483156063 0.8571428656578064 10449
1668483172671 0.6666666865348816 10499
1668483189262 0.800000011920929 10549
1668483222481 0.4000000059604645 10599
1668483239024 0.6666666865348816 10649
1668483255615 0.4000000059604645 10699
1668483289034 0.6666666865348816 10749
1668483305634 0.6000000238418579 10799
1668483322227 0.8571428656578064 10849
1668483355301 0.9090909361839294 10899
1668483372093 0.6666666865348816 10949
1668483388642 0.75 10999
1668483405224 0.5714285373687744 11049
1668483437962 0.0 11099
1668483454555 0.8571428656578064 11149
1668483471144 0.6666666865348816 11199
1668483503903 0.9230769276618958 11249
1668483520674 0.800000011920929 11299
1668483537246 0.800000011920929 11349
1668483553869 0.6666666865348816 11399
1668483587219 0.6666666865348816 11449
1668483603718 0.6666666865348816 11499
1668483620321 0.7272727489471436 11549
1668483653135 0.75 11599
1668483669874 0.8333333134651184 11649
1668483686464 0.9090909361839294 11699
1668483703038 0.800000011920929 11749
1668483736196 1.0 11799
1668483752710 0.6666666865348816 11849
1668483769320 0.800000011920929 11899
1668483802196 0.888888955116272 11949
1668483818979 0.6666666865348816 11999
1668483835594 0.0 12049
1668483852209 0.0 12099
1668483885353 1.0 12149
1668483901865 0.800000011920929 12199
1668483918437 0.6666666865348816 12249
1668483951884 0.5714285373687744 12299
1668483968626 0.5454545021057129 12349
1668483985232 0.6666666865348816 12399
1668484001808 0.5714285373687744 12449
1668484034838 0.8571428656578064 12499
1668484051374 0.800000011920929 12549
1668484067970 0.800000011920929 12599
1668484101067 0.7272727489471436 12649
1668484117703 0.5 12699
1668484134312 1.0 12749
1668484150900 1.0 12799
1668484184215 0.5 12849
1668484200782 0.6666666865348816 12899
1668484217387 0.5714285969734192 12949
1668484250635 0.8571428656578064 12999
1668484267206 0.4000000059604645 13049
1668484283777 1.0 13099
1668484316486 0.8571428656578064 13149
1668484333334 0.7272727489471436 13199
1668484349911 0.6666666865348816 13249
1668484366525 0.9230769276618958 13299
1668484400149 0.800000011920929 13349
1668484416620 0.6666666865348816 13399
1668484433225 0.6000000238418579 13449
1668484466322 0.6666666865348816 13499
1668484483114 0.6666666865348816 13549
1668484499696 1.0 13599
1668484516289 0.5 13649
1668484549618 0.6666666865348816 13699
1668484566078 0.5714285373687744 13749
1668484582669 0.800000011920929 13799
1668484615693 1.0 13849
1668484632486 0.7272727489471436 13899
1668484649110 1.0 13949
1668484665711 0.9090909361839294 13999
1668484699073 0.6666666865348816 14049
1668484715565 0.6666666865348816 14099
1668484732160 0.6666666865348816 14149
1668484765310 0.800000011920929 14199
1668484782077 0.6000000238418579 14249
1668484798713 1.0 14299
1668484815309 1.0 14349
1668484848486 0.6666666865348816 14399
1668484865000 1.0 14449
1668484881603 0.4000000059604645 14499
1668484914868 0.800000011920929 14549
1668484931582 0.4000000059604645 14599
1668484948184 0.75 14649
1668484964756 0.8000000715255737 14699
1668484997792 0.800000011920929 14749
1668485014302 0.75 14799
1668485030894 0.75 14849
1668485063947 0.8000000715255737 14899
1668485080553 0.5714285373687744 14949
1668485097147 0.6666666865348816 14999
1668485113749 0.6666666865348816 15049
1668485147320 0.888888955116272 15099
1668485163836 0.6666666865348816 15149
1668485180430 0.75 15199
1668485214591 0.6666666865348816 15249
1668485231104 0.888888955116272 15299
1668485247728 0.8000000715255737 15349
1668485280582 0.800000011920929 15399
1668485297470 0.4000000059604645 15449
1668485314039 0.5 15499
1668485330633 0.5714285373687744 15549
1668485363870 0.6666666865348816 15599
1668485380434 1.0 15649
1668485397053 0.800000011920929 15699
1668485430170 0.800000011920929 15749
1668485446910 0.800000011920929 15799
1668485463473 0.0 15849
1668485480035 0.8571428656578064 15899
1668485513698 0.5 15949
1668485530169 0.8333333134651184 15999
1668485546742 0.5999999642372131 16049
1668485579883 0.3333333432674408 16099
1668485596626 0.5714285373687744 16149
1668485613195 0.5 16199
1668485629806 0.888888955116272 16249
1668485662920 0.800000011920929 16299
1668485679457 0.6666666865348816 16349
1668485696075 0.75 16399
1668485729075 0.6666666865348816 16449
1668485745861 1.0 16499
1668485762465 0.75 16549
1668485779053 0.8571428656578064 16599
1668485812214 0.8571428656578064 16649
1668485828744 1.0 16699
1668485845326 0.6666666865348816 16749
1668485878320 0.888888955116272 16799
1668485895027 0.6666666865348816 16849
1668485911608 0.75 16899
1668485928221 0.6666666865348816 16949
1668485961279 0.75 16999
1668485977801 0.0 17049
1668485994418 0.9230769276618958 17099
1668486027550 0.6666666865348816 17149
1668486044176 0.888888955116272 17199
1668486060765 0.5 17249
1668486077378 0.4000000059604645 17299
1668486110491 0.5 17349
1668486127059 1.0 17399
1668486143660 1.0 17449
1668486177153 0.6000000238418579 17499
1668486193647 0.888888955116272 17549
1668486210268 0.75 17599
1668486243350 0.6666666865348816 17649
1668486260095 0.6666666865348816 17699
1668486276658 0.0 17749
1668486293261 0.5 17799
1668486326301 0.4000000059604645 17849
1668486342766 0.6666666865348816 17899
1668486359378 1.0 17949
1668486392342 0.5999999642372131 17999
1668486409146 1.0 18049
1668486425750 0.6666666865348816 18099
1668486442340 0.9090909361839294 18149
1668486476003 0.6666666865348816 18199
1668486492594 0.4000000059604645 18249
1668486509167 0.5714285969734192 18299
1668486541711 0.6666666865348816 18349
1668486558479 1.0 18399
1668486575038 0.8571428656578064 18449
1668486591630 0.7692307233810425 18499
1668486625062 0.4000000059604645 18549
1668486641525 0.6666666865348816 18599
1668486658108 0.6666666865348816 18649
1668486691014 0.9090909361839294 18699
1668486707748 0.75 18749
1668486724326 1.0 18799
1668486740933 0.5 18849
1668486774150 0.800000011920929 18899
1668486790662 0.6666666865348816 18949
1668486807276 0.888888955116272 18999
1668486840475 0.0 19049
1668486857100 0.8333333134651184 19099
1668486873684 0.5714285373687744 19149
1668486890296 0.6666666865348816 19199
1668486923231 0.888888955116272 19249
1668486939778 0.8571428656578064 19299
1668486956360 1.0 19349
1668486989716 0.5 19399
1668487006364 0.6666666865348816 19449
1668487022968 1.0 19499
1668487055896 1.0 19549
1668487072765 1.0 19599
1668487089302 0.6666666865348816 19649
1668487105892 1.0 19699
1668487139133 0.3333333432674408 19749
1668487155621 0.8571428656578064 19799
1668487172223 0.800000011920929 19849
1668487205137 0.6666666865348816 19899
1668487221950 0.6666666865348816 19949
1668487238521 0.6666666865348816 19999
1668487255115 0.9230769276618958 20049
1668487288201 0.6666666865348816 20099
1668487304683 0.8571428656578064 20149
1668487321292 0.4000000059604645 20199
1668487354352 0.0 20249
1668487371082 0.0 20299
1668487387776 0.75 20349
1668487404367 0.8571428656578064 20399
1668487437405 0.25 20449
1668487453895 0.6666666865348816 20499
1668487470496 0.6666666865348816 20549
1668487503658 0.9090909361839294 20599
1668487520373 1.0 20649
1668487536969 0.8333333730697632 20699
1668487553550 1.0 20749
1668487586547 0.6666666865348816 20799
1668487603044 0.75 20849
1668487619609 0.9090909361839294 20899
1668487652516 0.6666666865348816 20949
1668487669226 0.800000011920929 20999
1668487685815 0.5 21049
1668487702415 0.6666666865348816 21099
1668487735933 1.0 21149
1668487752421 0.8571428656578064 21199
1668487769043 0.888888955116272 21249
1668487802257 0.0 21299
1668487818972 1.0 21349
1668487835591 0.4000000059604645 21399
1668487852200 0.75 21449
1668487885480 0.9090909361839294 21499
1668487902021 1.0 21549
1668487918607 0.75 21599
1668487951963 0.8571428656578064 21649
1668487968553 1.0 21699
1668487985149 0.6666666865348816 21749
1668488018151 0.5 21799
1668488034928 0.6666666865348816 21849
1668488051474 0.6666666865348816 21899
1668488068081 1.0 21949
1668488101270 0.75 21999
1668488117787 0.75 22049
1668488134372 0.5714285969734192 22099
1668488167379 0.6666666865348816 22149
1668488184149 0.800000011920929 22199
1668488200685 0.5714285969734192 22249
1668488217279 0.0 22299
1668488250534 0.4000000059604645 22349
1668488267016 0.8571428656578064 22399
1668488283623 0.75 22449
1668488316825 0.5714285969734192 22499
1668488333551 0.6666666865348816 22549
1668488350131 0.75 22599
1668488366734 0.6666666865348816 22649
1668488399722 0.6000000238418579 22699
1668488416200 0.6666666865348816 22749
1668488432779 1.0 22799
1668488465983 0.75 22849
1668488482740 0.0 22899
1668488499338 0.6666666865348816 22949
1668488515939 0.888888955116272 22999
1668488549397 0.5 23049
1668488565919 0.9090909361839294 23099
1668488582535 0.800000011920929 23149
1668488615771 1.0 23199
1668488632422 0.8571428656578064 23249
1668488648997 0.888888955116272 23299
1668488665581 0.6666666865348816 23349
1668488699009 0.6666666865348816 23399
1668488715515 0.6666666865348816 23449
1668488732084 1.0 23499
1668488765382 0.800000011920929 23549
1668488781944 0.5 23599
1668488798577 1.0 23649
1668488815181 0.6666666865348816 23699
1668488848683 0.5 23749
1668488865225 0.75 23799
1668488881844 0.8000000715255737 23849
1668488914798 0.8571428656578064 23899
1668488931362 0.5 23949
1668488947963 0.6666666865348816 23999
1668488980977 0.0 24049
1668488997681 0.75 24099
1668489014227 0.800000011920929 24149
1668489030833 0.6666666865348816 24199
1668489064315 1.0 24249
1668489080776 0.5714285373687744 24299
1668489097341 0.3333333134651184 24349
1668489130271 0.888888955116272 24399
1668489147064 0.6666666865348816 24449
1668489163620 1.0 24499
1668489180210 0.75 24549
1668489213723 0.0 24599
1668489230206 0.888888955116272 24649
1668489246816 0.9090909361839294 24699
1668489280061 0.888888955116272 24749
1668489296800 0.75 24799
1668489313378 0.5714285373687744 24849
1668489329987 0.6666666865348816 24899
1668489363348 0.9090909361839294 24949
1668489379854 1.0 24999
1668489396446 1.0 25049
1668489429403 0.5 25099
1668489446093 0.8571428656578064 25149
1668489462708 0.3333333134651184 25199
1668489479305 0.0 25249
1668489512461 0.75 25299
1668489528968 0.6666666865348816 25349
1668489545514 0.4000000059604645 25399
1668489578434 0.8000000715255737 25449
1668489595126 0.888888955116272 25499
1668489611689 0.8571428656578064 25549
1668489628297 1.0 25599
1668489661702 0.6666666865348816 25649
1668489678204 0.888888955116272 25699
1668489694805 0.9090909361839294 25749
1668489727800 0.6666666865348816 25799
1668489744435 0.800000011920929 25849
1668489761009 0.75 25899
1668489777615 0.6666666865348816 25949
1668489810924 0.8571428656578064 25999
1668489827479 0.75 26049
1668489844115 0.4000000059604645 26099
1668489877562 0.5714285969734192 26149
1668489894050 0.8571428656578064 26199
1668489910659 0.888888955116272 26249
1668489943855 0.6666666865348816 26299
1668489960658 0.8571428656578064 26349
1668489977213 0.8571428656578064 26399
1668489993813 0.6666666865348816 26449
1668490027244 0.5714285969734192 26499
1668490043727 0.888888955116272 26549
1668490060312 0.6666666865348816 26599
1668490093360 0.5 26649
1668490110174 0.8571428656578064 26699
1668490126737 0.800000011920929 26749
1668490143338 0.75 26799
1668490177107 0.6666666865348816 26849
1668490193580 0.800000011920929 26899
1668490210174 0.8571428656578064 26949
1668490243422 1.0 26999
1668490260177 0.3333333432674408 27049
1668490276751 0.8000000715255737 27099
1668490293357 1.0 27149
1668490326827 1.0 27199
1668490343341 0.800000011920929 27249
1668490359959 0.800000011920929 27299
1668490392928 1.0 27349
1668490409729 0.800000011920929 27399
1668490426346 0.8571428656578064 27449
1668490442946 0.5714285969734192 27499
1668490476085 0.6000000238418579 27549
1668490492618 0.6666666865348816 27599
1668490509217 0.6000000238418579 27649
1668490542076 0.5 27699
1668490558762 0.888888955116272 27749
1668490575361 0.0 27799
1668490591961 0.4000000059604645 27849
1668490625506 0.8571428656578064 27899
1668490642029 1.0 27949
1668490658615 0.4000000059604645 27999
1668490691967 0.5714285373687744 28049
1668490708551 0.6666666865348816 28099
1668490725123 0.8571428656578064 28149
1668490758149 0.5714285373687744 28199
1668490774958 0.0 28249
1668490791498 0.75 28299
1668490808087 0.9090909361839294 28349
1668490841552 0.5 28399
1668490858022 0.8571428656578064 28449
1668490874615 0.5 28499
1668490908207 0.5714285969734192 28549
1668490925022 1.0 28599
1668490941577 0.0 28649
1668490958130 0.6666666865348816 28699
1668490991400 0.5 28749
1668491007880 0.6666666865348816 28799
1668491024448 0.800000011920929 28849
1668491056963 0.0 28899
1668491073822 0.75 28949
1668491090397 0.8571428656578064 28999
1668491106962 1.0 29049
1668491139883 1.0 29099
1668491156346 1.0 29149
1668491172967 1.0 29199
1668491205769 0.5 29249
1668491222554 1.0 29299
1668491239173 1.0 29349
1668491255791 0.4000000059604645 29399
1668491288722 0.0 29449
1668491305233 0.9230769276618958 29499
1668491321832 1.0 29549
1668491354817 0.800000011920929 29599
1668491371644 0.5714285373687744 29649
1668491388210 0.6666666865348816 29699
1668491404816 0.5 29749
1668491438147 0.8571428656578064 29799
1668491454651 0.6666666865348816 29849
1668491471243 0.75 29899
1668491504459 0.6666666865348816 29949
1668491521027 1.0 29999
1668491537617 0.8571428656578064 30049
1668491554197 1.0 30099
1668491587334 0.800000011920929 30149
1668491603881 0.6666666865348816 30199
1668491620471 0.6666666865348816 30249
1668491653957 0.8571428656578064 30299
1668491670602 0.6666666865348816 30349
1668491687229 0.5714285969734192 30399
1668491720456 1.0 30449
1668491737226 0.800000011920929 30499
1668491753797 0.5 30549
1668491770357 0.800000011920929 30599
1668491803618 0.6666666865348816 30649
1668491820104 1.0 30699
1668491836688 0.0 30749
1668491869720 0.888888955116272 30799
1668491886501 0.800000011920929 30849
1668491903066 0.5 30899
1668491919673 0.888888955116272 30949
1668491953090 1.0 30999
1668491969558 0.444444477558136 31049
1668491986128 0.6666666865348816 31099
1668492019254 0.0 31149
1668492036023 0.2857142984867096 31199
1668492052584 0.800000011920929 31249
1668492069185 0.6666666865348816 31299
1668492102618 0.9090909361839294 31349
1668492119106 0.800000011920929 31399
1668492135708 0.6666666865348816 31449
1668492168852 0.5 31499
1668492185608 0.6666666865348816 31549
1668492202222 1.0 31599
1668492218808 0.5 31649
1668492252120 0.444444477558136 31699
1668492268629 0.7272727489471436 31749
1668492285219 0.800000011920929 31799
1668492318471 0.8571428656578064 31849
1668492335129 0.0 31899
1668492351751 0.5714285373687744 31949
1668492368346 0.75 31999
1668492401967 0.888888955116272 32049
1668492418497 0.75 32099
1668492435055 0.6666666865348816 32149
1668492468301 0.6666666865348816 32199
1668492485046 0.6666666865348816 32249
1668492501642 0.6666666865348816 32299
1668492518200 0.888888955116272 32349
1668492551784 0.4000000059604645 32399
1668492568339 0.8571428656578064 32449
1668492584923 0.75 32499
1668492618140 0.8571428656578064 32549
1668492634695 0.4000000059604645 32599
1668492651286 0.5714285373687744 32649
1668492684037 0.800000011920929 32699
1668492701003 1.0 32749
1668492717578 0.5 32799
1668492734190 0.5714285373687744 32849
1668492767197 0.800000011920929 32899
1668492783725 0.800000011920929 32949
1668492800327 0.6000000238418579 32999
1668492833266 1.0 33049
1668492850030 0.0 33099
1668492866630 0.6666666865348816 33149
1668492883225 0.9230769276618958 33199
1668492916704 0.6666666865348816 33249
1668492933180 1.0 33299
1668492949788 0.75 33349
1668492983152 0.6666666865348816 33399
1668492999904 0.5 33449
1668493016502 0.5714285373687744 33499
1668493033098 0.5714285373687744 33549
1668493066891 0.4000000059604645 33599
1668493083452 0.6666666865348816 33649
1668493100038 0.800000011920929 33699
1668493133226 0.4000000059604645 33749
1668493149955 0.5714285373687744 33799
1668493166574 0.888888955116272 33849
1668493183176 0.7272727489471436 33899
1668493216121 1.0 33949
1668493232623 0.800000011920929 33999
1668493249245 0.6666666865348816 34049
1668493282476 1.0 34099
1668493299194 0.800000011920929 34149
1668493315801 0.9090909361839294 34199
1668493332405 0.6666666865348816 34249
1668493365776 0.888888955116272 34299
1668493382309 0.0 34349
1668493398901 0.6666666865348816 34399
1668493432059 0.888888955116272 34449
1668493448698 0.800000011920929 34499
1668493465300 0.6666666865348816 34549
1668493481850 0.6666666865348816 34599
1668493515062 0.6666666865348816 34649
1668493531605 1.0 34699
1668493548198 0.5 34749
1668493581842 0.8571428656578064 34799
1668493598329 1.0 34849
1668493614931 0.8000000715255737 34899
1668493648034 0.6666666865348816 34949
1668493664772 1.0 34999
1668493681350 0.6666666865348816 35049
1668493697926 0.5 35099
1668493732003 1.0 35149
1668493748450 0.8571428656578064 35199
1668493765033 0.5714285969734192 35249
1668493797998 0.75 35299
1668493814813 1.0 35349
1668493831403 1.0 35399
1668493848011 0.6666666865348816 35449
1668493881609 0.8571428656578064 35499
1668493898108 1.0 35549
1668493914704 0.8000000715255737 35599
1668493947889 0.5 35649
1668493964632 1.0 35699
1668493981372 0.888888955116272 35749
1668493997988 0.6666666865348816 35799
1668494031954 0.4000000059604645 35849
1668494048570 1.0 35899
1668494065168 1.0 35949
1668494098484 0.9090909361839294 35999
1668494115303 0.0 36049
1668494131922 0.8571428656578064 36099
1668494148524 0.9090909361839294 36149
1668494181602 0.800000011920929 36199
1668494198220 0.4000000059604645 36249
1668494214780 1.0 36299
1668494248206 0.6666666865348816 36349
1668494265027 0.6666666865348816 36399
1668494281640 0.8571428656578064 36449
1668494298257 0.25 36499
1668494330797 1.0 36549
1668494347368 1.0 36599
1668494363975 0.6666666865348816 36649
1668494397164 0.800000011920929 36699
1668494413856 0.9090909361839294 36749
1668494430500 0.5714285373687744 36799
1668494463154 0.75 36849
1668494480022 0.4000000059604645 36899
1668494496586 1.0 36949
1668494513207 0.4000000059604645 36999
1668494546679 1.0 37049
1668494563170 0.5999999642372131 37099
1668494579782 0.6666666865348816 37149
1668494613011 0.8333333730697632 37199
1668494629830 0.5714285373687744 37249
1668494646445 1.0 37299
1668494663065 0.888888955116272 37349
1668494696196 0.0 37399
1668494712696 0.75 37449
1668494729283 1.0 37499
1668494762530 0.6666666865348816 37549
1668494779283 0.6666666865348816 37599
1668494795866 0.4000000059604645 37649
1668494812455 0.8000000715255737 37699
1668494845869 0.8571428656578064 37749
1668494862371 0.800000011920929 37799
1668494878963 0.800000011920929 37849
1668494912167 0.0 37899
1668494928849 0.800000011920929 37949
1668494945473 0.8000000715255737 37999
1668494962043 1.0 38049
1668494995477 0.6666666865348816 38099
1668495011999 0.8571428656578064 38149
1668495028604 0.888888955116272 38199
1668495061758 0.6666666865348816 38249
1668495078529 0.8333333730697632 38299
1668495095133 0.5 38349
1668495111729 0.75 38399
1668495144843 0.75 38449
1668495161371 1.0 38499
1668495177970 1.0 38549
1668495211115 0.5 38599
1668495227754 0.75 38649
1668495244337 0.75 38699
1668495260940 0.4000000059604645 38749
1668495294141 0.4000000059604645 38799
1668495310691 0.800000011920929 38849
1668495327299 0.5 38899
1668495360691 1.0 38949
1668495377241 0.6666666865348816 38999
1668495393820 0.6666666865348816 39049
1668495426829 0.5 39099
1668495443679 0.6666666865348816 39149
1668495460238 0.9090909361839294 39199
1668495476847 0.9090909361839294 39249
1668495509994 0.800000011920929 39299
1668495526501 1.0 39349
1668495543104 1.0 39399
1668495576156 0.4000000059604645 39449
1668495592921 0.8571428656578064 39499
1668495609489 0.800000011920929 39549
1668495626100 0.5 39599
1668495659772 0.9230769276618958 39649
1668495676245 0.8333333730697632 39699
1668495692808 0.5 39749
1668495725873 0.8571428656578064 39799
1668495742688 0.8571428656578064 39849
1668495759286 0.6666666865348816 39899
1668495775873 0.75 39949
1668495809227 0.6666666865348816 39999
1668495825738 0.8571428656578064 40049
1668495842366 0.6666666865348816 40099
1668495875834 0.3333333432674408 40149
1668495892658 0.6666666865348816 40199
1668495909278 0.75 40249
1668495925884 0.800000011920929 40299
1668495959500 1.0 40349
1668495976051 0.5 40399
1668495992671 0.5 40449
1668496025756 0.6666666865348816 40499
1668496042459 0.75 40549
1668496059086 1.0 40599
1668496075684 0.6666666865348816 40649
1668496109122 1.0 40699
1668496125679 0.8571428656578064 40749
1668496142266 0.6666666865348816 40799
1668496175329 0.9230769276618958 40849
1668496191999 1.0 40899
1668496208620 0.9230769276618958 40949
1668496225243 0.75 40999
1668496258568 0.6666666865348816 41049
1668496275145 1.0 41099
1668496291738 0.888888955116272 41149
1668496325474 1.0 41199
1668496342005 0.888888955116272 41249
1668496358606 0.5 41299
1668496391546 0.6666666865348816 41349
1668496408325 1.0 41399
1668496424881 0.8571428656578064 41449
1668496441462 0.8571428656578064 41499
1668496474956 0.6666666865348816 41549
1668496491434 0.9090909361839294 41599
1668496508041 0.6666666865348816 41649
1668496540764 0.5714285373687744 41699
1668496557731 0.75 41749
1668496574338 0.8571428656578064 41799
1668496590926 1.0 41849
1668496624367 1.0 41899
1668496640849 0.5714285373687744 41949
1668496657435 0.5 41999
1668496690498 0.5714285969734192 42049
1668496707236 0.6666666865348816 42099
1668496723853 0.800000011920929 42149
1668496740469 0.8571428656578064 42199
1668496773282 0.800000011920929 42249
1668496789775 0.5 42299
1668496806398 1.0 42349
1668496839387 1.0 42399
1668496856104 0.8571428656578064 42449
1668496872726 0.8571428656578064 42499
1668496889321 0.0 42549
1668496922479 0.5 42599
1668496939015 0.5 42649
1668496955605 1.0 42699
1668496988702 0.6666666865348816 42749
1668497005411 0.0 42799
1668497022001 0.4000000059604645 42849
1668497038601 0.5 42899
1668497071952 0.2857142984867096 42949
1668497088468 0.0 42999
1668497105064 0.6666666865348816 43049
1668497138278 0.6666666865348816 43099
1668497154980 0.75 43149
1668497171588 0.8571428656578064 43199
1668497188181 0.75 43249
1668497221272 1.0 43299
1668497237838 0.8571428656578064 43349
1668497254451 0.800000011920929 43399
1668497287636 0.5714285373687744 43449
1668497304213 0.5 43499
1668497320844 0.5 43549
1668497354146 0.6666666865348816 43599
1668497370923 0.9090909361839294 43649
1668497387481 0.800000011920929 43699
1668497404079 0.2857142984867096 43749
1668497437018 0.6666666865348816 43799
1668497453500 0.800000011920929 43849
1668497470102 0.5 43899
1668497502819 1.0 43949
1668497519565 0.4000000059604645 43999
1668497536140 1.0 44049
1668497552739 0.8571428656578064 44099
1668497585737 0.6666666865348816 44149
1668497602231 0.5714285373687744 44199
1668497618811 0.6666666865348816 44249
1668497651849 0.9230769276618958 44299
1668497668622 0.6666666865348816 44349
1668497685239 0.4000000059604645 44399
1668497701815 0.75 44449
1668497734950 0.8571428656578064 44499
1668497751459 0.888888955116272 44549
1668497768060 1.0 44599
1668497801183 0.7272727489471436 44649
1668497817900 0.0 44699
1668497834521 1.0 44749
1668497851128 0.4000000059604645 44799
1668497884370 0.8333333730697632 44849
1668497900924 0.6000000238418579 44899
1668497917511 0.800000011920929 44949
1668497950778 1.0 44999
1668497967385 0.7692307233810425 45049
1668497984130 0.75 45099
1668498000734 0.6666666865348816 45149
1668498033879 0.6666666865348816 45199
1668498050434 0.5454545617103577 45249
1668498067029 0.8571428656578064 45299
1668498100222 1.0 45349
1668498116849 0.6666666865348816 45399
1668498133462 0.8571428656578064 45449
1668498166395 0.5714285373687744 45499
1668498183193 0.6666666865348816 45549
1668498199767 1.0 45599
1668498217120 1.0 45649
1668498249926 0.0 45699
1668498266393 0.5 45749
1668498282979 0.6666666865348816 45799
1668498315896 0.800000011920929 45849
1668498332664 0.0 45899
1668498349233 0.8571428656578064 45949
1668498365817 0.800000011920929 45999
1668498399121 0.5 46049
1668498415576 0.8571428656578064 46099
1668498432209 0.5714285373687744 46149
1668498465429 0.6666666865348816 46199
1668498482194 0.75 46249
1668498498795 0.888888955116272 46299
1668498515400 0.800000011920929 46349
1668498548449 0.9090909361839294 46399
1668498564955 1.0 46449
1668498581556 0.75 46499
1668498614550 0.75 46549
1668498631284 1.0 46599
1668498647897 0.6666666865348816 46649
1668498664488 1.0 46699
1668498697396 0.800000011920929 46749
1668498713925 0.0 46799
1668498730497 0.0 46849
1668498763228 0.9333333373069763 46899
1668498779930 0.8000000715255737 46949
1668498796551 0.800000011920929 46999
1668498813156 0.6666666865348816 47049
1668498846123 0.8571428656578064 47099
1668498862646 0.6666666865348816 47149
1668498879238 0.6666666865348816 47199
1668498912643 0.6666666865348816 47249
1668498929307 0.8571428656578064 47299
1668498945898 1.0 47349
1668498962477 0.75 47399
1668498995912 0.888888955116272 47449
1668499012472 0.6666666865348816 47499
1668499029070 0.6666666865348816 47549
1668499062650 0.800000011920929 47599
1668499079134 0.6666666865348816 47649
1668499095756 0.6666666865348816 47699
1668499128987 0.8571428656578064 47749
1668499145854 0.6666666865348816 47799
1668499162432 0.75 47849
1668499179041 0.6666666865348816 47899
1668499212371 1.0 47949
1668499228890 0.5714285373687744 47999
1668499245477 0.800000011920929 48049
1668499278684 0.6666666865348816 48099
1668499295395 0.0 48149
1668499311974 0.6666666865348816 48199
1668499328581 0.5 48249
1668499362076 0.5714285373687744 48299
1668499378574 1.0 48349
1668499395197 0.5999999642372131 48399
1668499428029 1.0 48449
1668499444687 0.5714285969734192 48499
1668499461287 0.6666666865348816 48549
1668499477907 0.6666666865348816 48599
1668499511442 1.0 48649
1668499527925 0.800000011920929 48699
1668499544519 0.75 48749
1668499577507 0.6666666865348816 48799
1668499594209 0.8571428656578064 48849
1668499610782 0.2857142686843872 48899
1668499627385 0.4000000059604645 48949
1668499660639 0.8571428656578064 48999
1668499677132 1.0 49049
1668499693746 0.0 49099
1668499727294 1.0 49149
1668499743890 0.6666666865348816 49199
1668499760499 1.0 49249
1668499777109 0.800000011920929 49299
1668499810046 0.8571428656578064 49349
1668499826620 0.8571428656578064 49399
1668499843236 0.0 49449
1668499876493 0.6666666865348816 49499
1668499893070 0.0 49549
1668499909697 0.3333333432674408 49599
1668499926321 0.75 49649
1668499959965 0.800000011920929 49699
1668499976510 0.75 49749
1668499993074 0.8571428656578064 49799
1668500026653 0.5 49849
1668500043144 1.0 49899
1668500059753 0.800000011920929 49949
1668500092662 0.8000000715255737 49999
1668500109516 0.75 50049
1668500126079 0.800000011920929 50099
1668500142689 0.6666666865348816 50149
1668500176013 1.0 50199
1668500192470 0.8571428656578064 50249
1668500209069 0.0 50299
1668500242470 0.8571428656578064 50349
1668500259291 0.6666666865348816 50399
1668500275908 0.6666666865348816 50449
1668500292533 0.5714285373687744 50499
1668500326060 0.6666666865348816 50549
1668500342513 0.8571428656578064 50599
1668500359102 0.0 50649
1668500392094 0.5 50699
1668500408832 0.6666666865348816 50749
1668500425428 0.800000011920929 50799
1668500442003 0.8000000715255737 50849
1668500475435 0.6666666865348816 50899
1668500491933 0.5714285373687744 50949
1668500508541 0.4000000059604645 50999
1668500541722 0.888888955116272 51049
1668500558326 0.5714285373687744 51099
1668500574940 0.6666666865348816 51149
1668500591558 0.6666666865348816 51199
1668500625414 0.8571428656578064 51249
1668500641933 0.5 51299
1668500658529 0.8000000715255737 51349
1668500691525 0.800000011920929 51399
1668500708213 0.4000000059604645 51449
1668500724842 0.5 51499
1668500741468 0.6666666865348816 51549
1668500774636 1.0 51599
1668500791163 0.4000000059604645 51649
1668500807769 0.0 51699
1668500841042 0.800000011920929 51749
1668500857697 0.5714285373687744 51799
1668500874295 0.0 51849
1668500890899 1.0 51899
