1669360571467 0 49
1669360586055 0 99
1669360600963 0 149
1669360615811 0 199
1669360627886 0 216
1669360632935 1 216
1669360643944 1 249
1669360658928 1 299
1669360673465 1 349
1669360688010 1 399
1669360704697 1 433
1669360709318 2 433
1669360714628 2 449
1669360729227 2 499
1669360743838 2 549
1669360758926 2 599
1669360773653 2 649
1669360780695 2 650
1669360785430 3 650
1669360800341 3 699
1669360814900 3 749
1669360829445 3 799
1669360844002 3 849
1669360856261 3 867
1669360860761 4 867
1669360870836 4 899
1669360885321 4 949
1669360900127 4 999
1669360914867 4 1049
1669360931890 4 1084
1669360936883 5 1084
1669360941974 5 1099
1669360956517 5 1149
1669360971042 5 1199
1669360985635 5 1249
1669361000259 5 1299
1669361007976 5 1301
1669361012508 6 1301
1669361027116 6 1349
1669361041934 6 1399
1669361056477 6 1449
1669361071056 6 1499
1669361083603 6 1518
1669361088328 7 1518
1669361097988 7 1549
1669361112553 7 1599
1669361127265 7 1649
1669361141808 7 1699
1669361159367 7 1735
1669361164227 8 1735
1669361169133 8 1749
1669361183847 8 1799
1669361198410 8 1849
1669361212933 8 1899
1669361227484 8 1949
1669361235383 8 1952
1669361240019 9 1952
1669361254354 9 1999
1669361269087 9 2049
1669361283665 9 2099
1669361298405 9 2149
1669361311349 9 2169
1669361316224 10 2169
1669361325657 10 2199
1669361340544 10 2249
1669361355147 10 2299
1669361369728 10 2349
1669361387724 10 2386
1669361392433 11 2386
1669361396977 11 2399
1669361411847 11 2449
1669361426579 11 2499
1669361441157 11 2549
1669361455732 11 2599
1669361464063 11 2603
1669361468924 12 2603
1669361483177 12 2649
1669361497913 12 2699
1669361512519 12 2749
1669361527133 12 2799
1669361540398 12 2820
1669361545164 13 2820
1669361554539 13 2849
1669361569281 13 2899
1669361584230 13 2949
1669361598817 13 2999
1669361617048 13 3037
1669361621823 14 3037
1669361626113 14 3049
1669361640705 14 3099
1669361655317 14 3149
1669361669904 14 3199
1669361684478 14 3249
1669361693285 14 3254
1669361698093 15 3254
1669361711928 15 3299
1669361726623 15 3349
1669361741252 15 3399
1669361755882 15 3449
1669361769452 15 3471
1669361774245 16 3471
1669361783110 16 3499
1669361797901 16 3549
1669361812837 16 3599
1669361827471 16 3649
1669361846271 16 3688
1669361851073 17 3688
1669361854917 17 3699
1669361869505 17 3749
1669361884276 17 3799
1669361898877 17 3849
1669361913463 17 3899
1669361922205 17 3905
1669361927077 18 3905
1669361940723 18 3949
1669361955456 18 3999
1669361970087 18 4049
1669361984804 18 4099
1669361998765 18 4122
1669362003617 19 4122
1669362012201 19 4149
1669362026927 19 4199
1669362041474 19 4249
1669362056054 19 4299
1669362074874 19 4339
1669362079792 20 4339
1669362083600 20 4349
1669362098185 20 4399
1669362112918 20 4449
1669362127658 20 4499
1669362142241 20 4549
1669362151335 20 4556
1669362156189 21 4556
1669362169567 21 4599
1669362184306 21 4649
1669362198939 21 4699
1669362213711 21 4749
1669362227852 21 4773
1669362232632 22 4773
1669362240866 22 4799
1669362255575 22 4849
1669362270206 22 4899
1669362284839 22 4949
1669362304209 22 4990
1669362309081 23 4990
1669362312318 23 4999
1669362327186 23 5049
1669362341803 23 5099
1669362356556 23 5149
1669362371158 23 5199
1669362380711 23 5207
1669362385586 24 5207
1669362398535 24 5249
1669362413208 24 5299
1669362427802 24 5349
1669362442377 24 5399
1669362457036 24 5424
1669362461805 25 5424
1669362469884 25 5449
1669362484464 25 5499
1669362499179 25 5549
1669362513722 25 5599
1669362532979 25 5641
1669362537872 26 5641
1669362540831 26 5649
1669362555378 26 5699
1669362570067 26 5749
1669362584624 26 5799
1669362599430 26 5849
1669362609189 26 5858
1669362614042 27 5858
1669362626583 27 5899
1669362641330 27 5949
1669362655892 27 5999
1669362670465 27 6049
1669362685237 27 6075
1669362690033 28 6075
1669362697785 28 6099
1669362712455 28 6149
1669362727285 28 6199
1669362741823 28 6249
1669362761508 28 6292
1669362766335 29 6292
1669362769032 29 6299
1669362783594 29 6349
1669362798150 29 6399
1669362812849 29 6449
1669362827415 29 6499
1669362837936 29 6509
1669362842786 30 6509
1669362855230 30 6549
1669362869764 30 6599
1669362884303 30 6649
1669362898983 30 6699
1669362914288 30 6726
1669362919305 31 6726
1669362926648 31 6749
1669362941448 31 6799
1669362956015 31 6849
1669362970865 31 6899
1669362990859 31 6943
1669362995908 32 6943
1669362998337 32 6949
1669363012944 32 6999
1669363027513 32 7049
1669363042306 32 7099
1669363056860 32 7149
1669363067233 32 7160
1669363071949 33 7160
1669363083953 33 7199
1669363098843 33 7249
1669363113422 33 7299
1669363127990 33 7349
1669363143290 33 7377
1669363148289 34 7377
1669363155520 34 7399
1669363170241 34 7449
1669363184789 34 7499
1669363199339 34 7549
1669363219733 34 7594
1669363224488 35 7594
1669363226608 35 7599
1669363241305 35 7649
1669363255898 35 7699
1669363270691 35 7749
1669363285401 35 7799
1669363296179 35 7811
1669363300934 36 7811
1669363312699 36 7849
1669363327634 36 7899
1669363342211 36 7949
1669363356803 36 7999
1669363372767 36 8028
1669363377620 37 8028
1669363384393 37 8049
1669363398966 37 8099
1669363413554 37 8149
1669363428263 37 8199
1669363448958 37 8245
1669363453763 38 8245
1669363455633 38 8249
1669363470211 38 8299
1669363484928 38 8349
1669363499752 38 8399
1669363514321 38 8449
1669363525231 38 8462
1669363530042 39 8462
1669363541405 39 8499
1669363555957 39 8549
1669363570644 39 8599
1669363585326 39 8649
1669363601356 39 8679
1669363606119 40 8679
1669363612629 40 8699
1669363627345 40 8749
1669363641890 40 8799
1669363656668 40 8849
1669363677550 40 8896
1669363682358 41 8896
1669363683924 41 8899
1669363698483 41 8949
1669363713170 41 8999
1669363727862 41 9049
1669363742429 41 9099
1669363753807 41 9113
1669363758656 42 9113
1669363769784 42 9149
1669363784500 42 9199
1669363799075 42 9249
1669363813640 42 9299
1669363829790 42 9330
1669363834586 43 9330
1669363841129 43 9349
1669363855825 43 9399
1669363870567 43 9449
1669363885122 43 9499
1669363906221 43 9547
1669363911164 44 9547
1669363912401 44 9549
1669363927108 44 9599
1669363941754 44 9649
1669363956315 44 9699
1669363970900 44 9749
1669363982468 44 9764
1669363987385 45 9764
1669363998265 45 9799
1669364012825 45 9849
1669364027648 45 9899
1669364042204 45 9949
1669364058539 45 9981
1669364063362 46 9981
1669364069411 46 9999
1669364084030 46 10049
1669364098633 46 10099
1669364113388 46 10149
1669364134830 46 10198
1669364139685 47 10198
1669364140630 47 10199
1669364155128 47 10249
1669364170025 47 10299
1669364184557 47 10349
1669364199083 47 10399
1669364211085 47 10415
1669364215934 48 10415
1669364226435 48 10449
1669364241033 48 10499
1669364255756 48 10549
1669364270360 48 10599
1669364287222 48 10632
1669364291966 49 10632
1669364297880 49 10649
1669364312412 49 10699
1669364327092 49 10749
1669364341782 49 10799
1669364356133 49 10849
1669364363774 49 10849
1669364368580 50 10849
1669364383885 50 10899
1669364398469 50 10949
1669364413051 50 10999
1669364427626 50 11049
1669364439719 50 11066
1669364444549 51 11066
1669364454857 51 11099
1669364469772 51 11149
1669364484537 51 11199
1669364499081 51 11249
1669364516333 51 11283
1669364521065 52 11283
1669364526409 52 11299
1669364540991 52 11349
1669364555615 52 11399
1669364570254 52 11449
1669364584890 52 11499
1669364592388 52 11500
1669364597172 53 11500
1669364612459 53 11549
1669364627148 53 11599
1669364641725 53 11649
1669364656298 53 11699
1669364668811 53 11717
1669364673573 54 11717
1669364683691 54 11749
1669364698293 54 11799
1669364712866 54 11849
1669364727435 54 11899
1669364745048 54 11934
1669364749854 55 11934
1669364754879 55 11949
1669364769640 55 11999
1669364784250 55 12049
1669364798873 55 12099
1669364813468 55 12149
1669364821231 55 12151
1669364826007 56 12151
1669364840604 56 12199
1669364855376 56 12249
1669364869977 56 12299
1669364884705 56 12349
1669364897571 56 12368
1669364902421 57 12368
1669364912136 57 12399
1669364926753 57 12449
1669364941354 57 12499
1669364955967 57 12549
1669364973662 57 12585
1669364978517 58 12585
1669364983209 58 12599
1669364997788 58 12649
1669365012643 58 12699
1669365027495 58 12749
1669365042074 58 12799
1669365050065 58 12802
1669365054924 59 12802
1669365069267 59 12849
1669365083854 59 12899
1669365098455 59 12949
1669365113001 59 12999
1669365125988 59 13019
1669365130742 60 13019
1669365140129 60 13049
1669365154960 60 13099
1669365169656 60 13149
1669365184366 60 13199
1669365202390 60 13236
1669365207314 61 13236
1669365211759 61 13249
1669365226377 61 13299
1669365240991 61 13349
1669365255619 61 13399
1669365270364 61 13449
1669365278728 61 13453
1669365283583 62 13453
1669365297573 62 13499
1669365312176 62 13549
1669365326899 62 13599
1669365341641 62 13649
1669365354802 62 13670
1669365359589 63 13670
1669365368746 63 13699
1669365383336 63 13749
1669365397916 63 13799
1669365412497 63 13849
1669365430929 63 13887
1669365435721 64 13887
1669365439864 64 13899
1669365454566 64 13949
1669365469134 64 13999
1669365483740 64 14049
1669365498439 64 14099
1669365507073 64 14104
1669365511773 65 14104
1669365525550 65 14149
1669365540145 65 14199
1669365554737 65 14249
1669365569568 65 14299
1669365583082 65 14321
1669365587937 66 14321
1669365596745 66 14349
1669365611541 66 14399
1669365626287 66 14449
1669365641041 66 14499
1669365659870 66 14538
1669365664692 67 14538
1669365668535 67 14549
1669365683091 67 14599
1669365697643 67 14649
1669365712359 67 14699
1669365726911 67 14749
1669365736004 67 14755
1669365740771 68 14755
1669365754230 68 14799
1669365768809 68 14849
1669365783450 68 14899
1669365798011 68 14949
1669365812019 68 14972
1669365816855 69 14972
1669365825358 69 14999
1669365839961 69 15049
1669365854563 69 15099
1669365869556 69 15149
1669365888366 69 15189
1669365893265 70 15189
1669365896791 70 15199
1669365911368 70 15249
1669365925943 70 15299
1669365940539 70 15349
1669365955273 70 15399
1669365964481 70 15406
1669365969157 71 15406
1669365982493 71 15449
1669365997384 71 15499
1669366011960 71 15549
1669366026552 71 15599
1669366040657 71 15623
1669366045481 72 15623
1669366053704 72 15649
1669366068274 72 15699
1669366083016 72 15749
1669366097572 72 15799
1669366116827 72 15840
1669366121665 73 15840
1669366124983 73 15849
1669366139674 73 15899
1669366154431 73 15949
1669366169018 73 15999
1669366183603 73 16049
1669366193050 73 16057
1669366197923 74 16057
1669366210910 74 16099
1669366225665 74 16149
1669366240409 74 16199
1669366255002 74 16249
1669366269519 74 16274
1669366274418 75 16274
1669366282613 75 16299
1669366297203 75 16349
1669366311908 75 16399
1669366326495 75 16449
1669366345916 75 16491
1669366350783 76 16491
1669366353803 76 16499
1669366368647 76 16549
1669366383225 76 16599
1669366397933 76 16649
1669366412569 76 16699
1669366422331 76 16708
1669366427235 77 16708
1669366439826 77 16749
1669366454400 77 16799
1669366468947 77 16849
1669366483679 77 16899
1669366498646 77 16925
1669366503724 78 16925
1669366511400 78 16949
1669366526239 78 16999
1669366541009 78 17049
1669366555642 78 17099
1669366575368 78 17142
1669366580145 79 17142
1669366582818 79 17149
1669366597406 79 17199
1669366612187 79 17249
1669366626781 79 17299
1669366641371 79 17349
1669366651513 79 17359
1669366656373 80 17359
1669366669008 80 17399
1669366683648 80 17449
1669366698285 80 17499
1669366712900 80 17549
1669366728057 80 17576
1669366732941 81 17576
1669366740332 81 17599
1669366755076 81 17649
1669366769676 81 17699
1669366784286 81 17749
1669366804856 81 17793
1669366809654 82 17793
1669366812027 82 17799
1669366826751 82 17849
1669366841288 82 17899
1669366855982 82 17949
1669366870561 82 17999
1669366880953 82 18010
1669366885816 83 18010
1669366897860 83 18049
1669366912521 83 18099
1669366927320 83 18149
1669366942004 83 18199
1669366957551 83 18227
1669366962458 84 18227
1669366969691 84 18249
1669366984362 84 18299
1669366999104 84 18349
1669367013747 84 18399
1669367033998 84 18444
1669367038771 85 18444
1669367040931 85 18449
1669367055509 85 18499
1669367070108 85 18549
1669367084687 85 18599
1669367099282 85 18649
1669367110306 85 18661
1669367115085 86 18661
1669367126723 86 18699
1669367141415 86 18749
1669367156073 86 18799
1669367170664 86 18849
1669367186309 86 18878
1669367191194 87 18878
1669367197965 87 18899
1669367212566 87 18949
1669367227341 87 18999
1669367242218 87 19049
1669367262698 87 19095
1669367267523 88 19095
1669367269391 88 19099
1669367284023 88 19149
1669367298634 88 19199
1669367313246 88 19249
1669367327982 88 19299
1669367339076 88 19312
1669367343985 89 19312
1669367355407 89 19349
1669367370290 89 19399
1669367384903 89 19449
1669367399647 89 19499
1669367415592 89 19529
1669367420373 90 19529
1669367426835 90 19549
1669367441431 90 19599
1669367456025 90 19649
1669367470679 90 19699
1669367491623 90 19746
1669367496573 91 19746
1669367498045 91 19749
1669367512872 91 19799
1669367527496 91 19849
1669367542245 91 19899
1669367556847 91 19949
1669367568163 91 19963
1669367572841 92 19963
1669367584191 92 19999
1669367598791 92 20049
1669367613370 92 20099
1669367627921 92 20149
1669367644203 92 20180
1669367649003 93 20180
1669367655335 93 20199
1669367669891 93 20249
1669367684616 93 20299
1669367699487 93 20349
1669367720608 93 20397
1669367725470 94 20397
1669367726726 94 20399
1669367741453 94 20449
1669367756061 94 20499
1669367770647 94 20549
1669367785217 94 20599
1669367797014 94 20614
1669367801917 95 20614
1669367812787 95 20649
1669367827533 95 20699
1669367842129 95 20749
1669367856723 95 20799
1669367873303 95 20831
1669367878071 96 20831
1669367883962 96 20849
1669367898586 96 20899
1669367913515 96 20949
1669367928152 96 20999
1669367949688 96 21048
1669367954493 97 21048
1669367955567 97 21049
1669367970133 97 21099
1669367984883 97 21149
1669367999492 97 21199
1669368014119 97 21249
1669368025946 97 21265
1669368030780 98 21265
1669368041416 98 21299
1669368056134 98 21349
1669368070856 98 21399
1669368085428 98 21449
1669368102154 98 21482
1669368107024 99 21482
1669368112745 99 21499
1669368127363 99 21549
1669368142143 99 21599
1669368156786 99 21649
1669368171233 99 21699
1669368178649 99 21699
1669368183571 100 21699
1669368198887 100 21749
1669368213500 100 21799
1669368228103 100 21849
1669368242836 100 21899
1669368255121 100 21916
1669368259888 101 21916
1669368270278 101 21949
1669368284835 101 21999
1669368299399 101 22049
1669368314009 101 22099
1669368331195 101 22133
1669368336059 102 22133
1669368341317 102 22149
1669368355870 102 22199
1669368370594 102 22249
1669368385152 102 22299
1669368399718 102 22349
1669368407331 102 22350
1669368412148 103 22350
1669368427296 103 22399
1669368441943 103 22449
1669368456563 103 22499
1669368471307 103 22549
1669368483897 103 22567
1669368488702 104 22567
1669368498835 104 22599
1669368513448 104 22649
1669368528066 104 22699
1669368542688 104 22749
1669368560362 104 22784
1669368565204 105 22784
1669368570426 105 22799
1669368585033 105 22849
1669368599645 105 22899
1669368614259 105 22949
1669368629127 105 22999
1669368636836 105 23001
1669368641620 106 23001
1669368656328 106 23049
1669368670960 106 23099
1669368685862 106 23149
1669368700523 106 23199
1669368713209 106 23218
1669368718044 107 23218
1669368727944 107 23249
1669368742513 107 23299
1669368757365 107 23349
1669368771959 107 23399
1669368789639 107 23435
1669368794379 108 23435
1669368799148 108 23449
1669368813892 108 23499
1669368828489 108 23549
1669368843232 108 23599
1669368857859 108 23649
1669368865972 108 23652
1669368870752 109 23652
1669368885118 109 23699
1669368899901 109 23749
1669368914659 109 23799
1669368929278 109 23849
1669368942303 109 23869
1669368947170 110 23869
1669368956559 110 23899
1669368971294 110 23949
1669368986032 110 23999
1669369000631 110 24049
1669369018538 110 24086
1669369023476 111 24086
1669369027919 111 24099
1669369042778 111 24149
1669369057659 111 24199
1669369072367 111 24249
1669369086961 111 24299
1669369095327 111 24303
1669369100142 112 24303
1669369114297 112 24349
1669369128909 112 24399
1669369143646 112 24449
1669369158370 112 24499
1669369171621 112 24520
1669369176343 113 24520
1669369185596 113 24549
1669369200218 113 24599
1669369214815 113 24649
1669369229418 113 24699
1669369247593 113 24737
1669369252372 114 24737
1669369256538 114 24749
1669369271376 114 24799
1669369286847 114 24849
1669369301653 114 24899
1669369316918 114 24949
1669369325047 114 24954
1669369329873 115 24954
1669369343689 115 24999
1669369358316 115 25049
1669369372958 115 25099
1669369387587 115 25149
1669369401066 115 25171
1669369405811 116 25171
1669369414707 116 25199
1669369429311 116 25249
1669369443938 116 25299
1669369458539 116 25349
1669369477243 116 25388
1669369481813 117 25388
1669369485750 117 25399
1669369500317 117 25449
1669369514896 117 25499
1669369529843 117 25549
1669369544556 117 25599
1669369553282 117 25605
1669369558025 118 25605
1669369571716 118 25649
1669369586384 118 25699
1669369601054 118 25749
1669369615860 118 25799
1669369630003 118 25822
1669369634666 119 25822
1669369643202 119 25849
1669369657822 119 25899
1669369672448 119 25949
1669369687339 119 25999
1669369706095 119 26039
1669369710877 120 26039
1669369714450 120 26049
1669369729065 120 26099
1669369743796 120 26149
1669369758549 120 26199
1669369773178 120 26249
1669369782247 120 26256
1669369786881 121 26256
1669369800138 121 26299
1669369814950 121 26349
1669369829640 121 26399
1669369844416 121 26449
1669369858789 121 26473
1669369863594 122 26473
1669369872073 122 26499
1669369886669 122 26549
1669369901389 122 26599
1669369915945 122 26649
1669369935264 122 26690
1669369940079 123 26690
1669369943366 123 26699
1669369957940 123 26749
1669369972520 123 26799
1669369987143 123 26849
1669370001894 123 26899
1669370011514 123 26907
1669370016284 124 26907
1669370029344 124 26949
1669370043988 124 26999
1669370058700 124 27049
1669370073386 124 27099
1669370088061 124 27124
1669370092792 125 27124
1669370100873 125 27149
1669370115487 125 27199
1669370130107 125 27249
1669370145003 125 27299
1669370164386 125 27341
1669370169158 126 27341
1669370172181 126 27349
1669370186749 126 27399
1669370201490 126 27449
1669370216177 126 27499
1669370231023 126 27549
1669370240793 126 27558
1669370245559 127 27558
1669370258154 127 27599
1669370273011 127 27649
1669370287610 127 27699
1669370302192 127 27749
1669370317008 127 27775
1669370321814 128 27775
1669370329473 128 27799
1669370344205 128 27849
1669370358820 128 27899
1669370373442 128 27949
1669370393303 128 27992
1669370398148 129 27992
1669370400855 129 27999
1669370415582 129 28049
1669370430327 129 28099
1669370444919 129 28149
1669370459669 129 28199
1669370469713 129 28209
1669370474471 130 28209
1669370487010 130 28249
1669370501675 130 28299
1669370516410 130 28349
1669370531298 130 28399
1669370546531 130 28426
1669370551346 131 28426
1669370558755 131 28449
1669370573505 131 28499
1669370588125 131 28549
1669370602747 131 28599
1669370622753 131 28643
1669370627570 132 28643
1669370629982 132 28649
1669370644602 132 28699
1669370659429 132 28749
1669370674318 132 28799
1669370688939 132 28849
1669370699447 132 28860
1669370704298 133 28860
1669370716353 133 28899
1669370730961 133 28949
1669370745572 133 28999
1669370760155 133 29049
1669370775522 133 29077
1669370780301 134 29077
1669370787410 134 29099
1669370802025 134 29149
1669370816928 134 29199
1669370831637 134 29249
1669370852058 134 29294
1669370856780 135 29294
1669370858905 135 29299
1669370873516 135 29349
1669370888136 135 29399
1669370902762 135 29449
1669370917385 135 29499
1669370928108 135 29511
1669370932847 136 29511
1669370944563 136 29549
1669370959499 136 29599
1669370974148 136 29649
1669370988909 136 29699
1669371004553 136 29728
1669371009330 137 29728
1669371016153 137 29749
1669371030782 137 29799
1669371045404 137 29849
1669371060021 137 29899
1669371080670 137 29945
1669371085501 138 29945
1669371087319 138 29949
1669371102207 138 29999
1669371116814 138 30049
1669371131723 138 30099
1669371146324 138 30149
1669371157357 138 30162
1669371162076 139 30162
1669371173489 139 30199
1669371188088 139 30249
1669371202669 139 30299
1669371217241 139 30349
1669371233186 139 30379
1669371238018 140 30379
1669371244599 140 30399
1669371259471 140 30449
1669371274112 140 30499
1669371288699 140 30549
1669371309640 140 30596
1669371314569 141 30596
1669371316175 141 30599
1669371330783 141 30649
1669371345475 141 30699
1669371360308 141 30749
1669371375130 141 30799
1669371386424 141 30813
1669371391420 142 30813
1669371402709 142 30849
1669371417513 142 30899
1669371432141 142 30949
1669371446789 142 30999
1669371463102 142 31030
1669371467992 143 31030
1669371474242 143 31049
1669371489009 143 31099
1669371503639 143 31149
1669371518453 143 31199
1669371539762 143 31247
1669371544612 144 31247
1669371546018 144 31249
1669371560602 144 31299
1669371575262 144 31349
1669371589876 144 31399
1669371604512 144 31449
1669371616312 144 31464
1669371621195 145 31464
1669371632288 145 31499
1669371647215 145 31549
1669371661872 145 31599
1669371676494 145 31649
1669371693182 145 31681
1669371698000 146 31681
1669371703919 146 31699
1669371718556 146 31749
1669371733161 146 31799
1669371747763 146 31849
1669371769305 146 31898
1669371774216 147 31898
1669371775199 147 31899
1669371790007 147 31949
1669371804729 147 31999
1669371819373 147 32049
1669371834039 147 32099
1669371846114 147 32115
1669371850877 148 32115
1669371861479 148 32149
1669371876218 148 32199
1669371890961 148 32249
1669371905613 148 32299
1669371922455 148 32332
1669371927387 149 32332
1669371932960 149 32349
1669371947593 149 32399
1669371962370 149 32449
1669371976987 149 32499
1669371991422 149 32549
1669371998947 149 32549
1669372003752 150 32549
1669372019171 150 32599
1669372033808 150 32649
1669372048590 150 32699
1669372063225 150 32749
1669372075395 150 32766
1669372080312 151 32766
1669372090738 151 32799
1669372105359 151 32849
1669372120028 151 32899
1669372134806 151 32949
1669372152434 151 32983
1669372157523 152 32983
1669372162960 152 32999
1669372177723 152 33049
1669372192452 152 33099
1669372207102 152 33149
1669372222097 152 33199
1669372229265 152 33200
1669372233889 153 33200
1669372248793 153 33249
1669372263604 153 33299
1669372278237 153 33349
1669372292851 153 33399
1669372305259 153 33417
1669372309806 154 33417
1669372319732 154 33449
1669372334365 154 33499
1669372349350 154 33549
1669372363981 154 33599
1669372381592 154 33634
1669372386133 155 33634
1669372391205 155 33649
1669372405786 155 33699
1669372420482 155 33749
1669372435191 155 33799
1669372449805 155 33849
1669372457452 155 33851
1669372462498 156 33851
1669372477082 156 33899
1669372491939 156 33949
1669372506528 156 33999
1669372521123 156 34049
1669372533849 156 34068
1669372538297 157 34068
1669372547995 157 34099
1669372562756 157 34149
1669372577363 157 34199
1669372592099 157 34249
1669372609765 157 34285
1669372614518 158 34285
1669372619376 158 34299
1669372633954 158 34349
1669372648675 158 34399
1669372663260 158 34449
1669372677859 158 34499
1669372685658 158 34502
1669372690506 159 34502
1669372705077 159 34549
1669372719704 159 34599
1669372734482 159 34649
1669372749107 159 34699
1669372762076 159 34719
1669372766935 160 34719
1669372776467 160 34749
1669372791179 160 34799
1669372805780 160 34849
1669372820340 160 34899
1669372838448 160 34936
1669372843202 161 34936
1669372847658 161 34949
1669372862398 161 34999
1669372877108 161 35049
1669372891696 161 35099
1669372906271 161 35149
1669372914712 161 35153
1669372919586 162 35153
1669372933803 162 35199
1669372948423 162 35249
1669372963028 162 35299
1669372977643 162 35349
1669372990979 162 35370
1669372995795 163 35370
1669373005009 163 35399
1669373019785 163 35449
1669373034761 163 35499
1669373049536 163 35549
1669373067801 163 35587
1669373072743 164 35587
1669373076892 164 35599
1669373091440 164 35649
1669373106039 164 35699
1669373120645 164 35749
1669373135249 164 35799
1669373143887 164 35804
1669373148704 165 35804
1669373162546 165 35849
1669373177122 165 35899
1669373191930 165 35949
1669373206628 165 35999
1669373220270 165 36021
1669373225211 166 36021
1669373234025 166 36049
1669373248581 166 36099
1669373263130 166 36149
1669373277666 166 36199
1669373296149 166 36238
1669373301082 167 36238
1669373304973 167 36249
1669373319742 167 36299
1669373334494 167 36349
1669373349245 167 36399
1669373364004 167 36449
1669373372900 167 36455
1669373377709 168 36455
1669373391171 168 36499
1669373405777 168 36549
1669373420348 168 36599
1669373434932 168 36649
1669373448893 168 36672
1669373453655 169 36672
1669373462159 169 36699
1669373476947 169 36749
1669373491549 169 36799
1669373506441 169 36849
1669373525360 169 36889
1669373530254 170 36889
1669373533859 170 36899
1669373548443 170 36949
1669373563023 170 36999
1669373577621 170 37049
1669373592208 170 37099
1669373601396 170 37106
1669373606102 171 37106
1669373619473 171 37149
1669373634226 171 37199
1669373649012 171 37249
1669373663632 171 37299
1669373677842 171 37323
1669373682754 172 37323
1669373690943 172 37349
1669373705516 172 37399
1669373720109 172 37449
1669373734820 172 37499
1669373754072 172 37540
1669373758902 173 37540
1669373762355 173 37549
1669373777214 173 37599
1669373791799 173 37649
1669373806459 173 37699
1669373821142 173 37749
1669373830831 173 37757
1669373835720 174 37757
1669373848554 174 37799
1669373863159 174 37849
1669373877790 174 37899
1669373892840 174 37949
1669373907477 174 37974
1669373912292 175 37974
1669373920267 175 37999
1669373934907 175 38049
1669373949558 175 38099
1669373964203 175 38149
1669373983725 175 38191
1669373988614 176 38191
1669373991597 176 38199
1669374006231 176 38249
1669374021009 176 38299
1669374035808 176 38349
1669374050729 176 38399
1669374060564 176 38408
1669374065437 177 38408
1669374078101 177 38449
1669374092763 177 38499
1669374107466 177 38549
1669374122148 177 38599
1669374136909 177 38625
1669374141930 178 38625
1669374149859 178 38649
1669374164692 178 38699
1669374179506 178 38749
1669374194331 178 38799
1669374214319 178 38842
1669374219142 179 38842
1669374221855 179 38849
1669374236476 179 38899
1669374251061 179 38949
1669374265695 179 38999
1669374280299 179 39049
1669374290558 179 39059
1669374295415 180 39059
1669374307725 180 39099
1669374322382 180 39149
1669374337425 180 39199
1669374352056 180 39249
1669374367163 180 39276
1669374372047 181 39276
1669374379463 181 39299
1669374394053 181 39349
1669374408663 181 39399
1669374423279 181 39449
1669374443457 181 39493
1669374448298 182 39493
1669374450715 182 39499
1669374465330 182 39549
1669374480231 182 39599
1669374494966 182 39649
1669374509582 182 39699
1669374520145 182 39710
1669374525147 183 39710
1669374537431 183 39749
1669374552080 183 39799
1669374566712 183 39849
1669374581354 183 39899
1669374596925 183 39927
1669374601711 184 39927
1669374608942 184 39949
1669374623714 184 39999
1669374638358 184 40049
1669374653129 184 40099
1669374673747 184 40144
1669374678663 185 40144
1669374680812 185 40149
1669374695466 185 40199
1669374710142 185 40249
1669374724796 185 40299
1669374739421 185 40349
1669374750367 185 40361
1669374755299 186 40361
1669374767167 186 40399
1669374782156 186 40449
1669374796811 186 40499
1669374811458 186 40549
1669374827084 186 40578
1669374831942 187 40578
1669374838731 187 40599
1669374853386 187 40649
1669374868017 187 40699
1669374882601 187 40749
1669374903468 187 40795
1669374908335 188 40795
1669374910188 188 40799
1669374925075 188 40849
1669374939699 188 40899
1669374954305 188 40949
1669374968917 188 40999
1669374979883 188 41012
1669374984644 189 41012
1669374996103 189 41049
1669375010750 189 41099
1669375025364 189 41149
1669375040142 189 41199
1669375055999 189 41229
1669375060800 190 41229
1669375067325 190 41249
1669375082235 190 41299
1669375096999 190 41349
1669375111734 190 41399
1669375132668 190 41446
1669375137498 191 41446
1669375139063 191 41449
1669375153639 191 41499
1669375168394 191 41549
1669375183008 191 41599
1669375197763 191 41649
1669375209187 191 41663
1669375214144 192 41663
1669375225534 192 41699
1669375240085 192 41749
1669375254661 192 41799
1669375269254 192 41849
1669375285371 192 41880
1669375290260 193 41880
1669375296433 193 41899
1669375311008 193 41949
1669375325747 193 41999
1669375340338 193 42049
1669375361646 193 42097
1669375366463 194 42097
1669375367727 194 42099
1669375382454 194 42149
1669375397063 194 42199
1669375411675 194 42249
1669375426302 194 42299
1669375438073 194 42314
1669375442883 195 42314
1669375453692 195 42349
1669375468263 195 42399
1669375482984 195 42449
1669375497728 195 42499
1669375514461 195 42531
1669375519273 196 42531
1669375525272 196 42549
1669375539854 196 42599
1669375554422 196 42649
1669375569164 196 42699
1669375590437 196 42748
1669375595291 197 42748
1669375596200 197 42749
1669375610998 197 42799
1669375625668 197 42849
1669375640338 197 42899
1669375655031 197 42949
1669375667100 197 42965
1669375671907 198 42965
1669375682499 198 42999
1669375697146 198 43049
1669375711913 198 43099
1669375726596 198 43149
1669375743626 198 43182
1669375748378 199 43182
1669375754043 199 43199
1669375768706 199 43249
1669375783316 199 43299
1669375798045 199 43349
1669375812487 199 43399
1669375820010 199 43399
1669375824832 200 43399
1669375840235 200 43449
1669375854819 200 43499
1669375869434 200 43549
1669375884150 200 43599
1669375896249 200 43616
1669375901122 201 43616
1669375911362 201 43649
1669375926118 201 43699
1669375940758 201 43749
1669375955483 201 43799
1669375972648 201 43833
1669375977531 202 43833
1669375982855 202 43849
1669375997455 202 43899
1669376012044 202 43949
1669376026776 202 43999
1669376041379 202 44049
1669376048897 202 44050
1669376053620 203 44050
1669376068536 203 44099
1669376083144 203 44149
1669376098050 203 44199
1669376112829 203 44249
1669376125237 203 44267
1669376130028 204 44267
1669376140012 204 44299
1669376154766 204 44349
1669376169377 204 44399
1669376183972 204 44449
1669376201407 204 44484
1669376206323 205 44484
1669376211294 205 44499
1669376226125 205 44549
1669376241007 205 44599
1669376255605 205 44649
1669376270225 205 44699
1669376278138 205 44701
1669376283139 206 44701
1669376297802 206 44749
1669376312402 206 44799
1669376327011 206 44849
1669376341631 206 44899
1669376354557 206 44918
1669376359368 207 44918
1669376369085 207 44949
1669376383940 207 44999
1669376398746 207 45049
1669376413528 207 45099
1669376431218 207 45135
1669376436101 208 45135
1669376440915 208 45149
1669376455539 208 45199
1669376470132 208 45249
1669376484876 208 45299
1669376499462 208 45349
1669376507563 208 45352
1669376512400 209 45352
1669376526902 209 45399
1669376541787 209 45449
1669376556390 209 45499
1669376571016 209 45549
1669376584006 209 45569
1669376588831 210 45569
1669376598233 210 45599
1669376612818 210 45649
1669376627402 210 45699
1669376642130 210 45749
1669376660240 210 45786
1669376665046 211 45786
1669376669459 211 45799
1669376684332 211 45849
1669376699085 211 45899
1669376713651 211 45949
1669376728224 211 45999
1669376736644 211 46003
1669376741388 212 46003
1669376755514 212 46049
1669376770154 212 46099
1669376785033 212 46149
1669376799656 212 46199
1669376813330 212 46220
1669376818156 213 46220
1669376827294 213 46249
1669376842102 213 46299
1669376856743 213 46349
1669376871391 213 46399
1669376889614 213 46437
1669376894434 214 46437
1669376898628 214 46449
1669376913396 214 46499
1669376927995 214 46549
1669376942898 214 46599
1669376957497 214 46649
1669376966246 214 46654
1669376971138 215 46654
1669376984912 215 46699
1669376999485 215 46749
1669377014082 215 46799
1669377028725 215 46849
1669377042288 215 46871
1669377047094 216 46871
1669377056065 216 46899
1669377070671 216 46949
1669377085530 216 46999
1669377100148 216 47049
1669377118767 216 47088
1669377123618 217 47088
1669377127543 217 47099
1669377142139 217 47149
1669377156802 217 47199
1669377171392 217 47249
1669377186128 217 47299
1669377194966 217 47305
1669377199823 218 47305
1669377213284 218 47349
1669377228317 218 47399
1669377242901 218 47449
1669377257600 218 47499
1669377271622 218 47522
1669377276380 219 47522
1669377284926 219 47549
1669377299525 219 47599
1669377314153 219 47649
1669377329076 219 47699
1669377347819 219 47739
1669377352594 220 47739
1669377356319 220 47749
1669377371049 220 47799
1669377385642 220 47849
1669377400452 220 47899
1669377415064 220 47949
1669377424367 220 47956
1669377429141 221 47956
1669377442267 221 47999
1669377457022 221 48049
1669377471624 221 48099
1669377486342 221 48149
1669377500735 221 48173
1669377505685 222 48173
1669377514052 222 48199
1669377528771 222 48249
1669377543357 222 48299
1669377557958 222 48349
1669377577199 222 48390
1669377581994 223 48390
1669377585510 223 48399
1669377600083 223 48449
1669377614817 223 48499
1669377629562 223 48549
1669377644420 223 48599
1669377653789 223 48607
1669377658691 224 48607
1669377671601 224 48649
1669377686183 224 48699
1669377700757 224 48749
1669377715343 224 48799
1669377729752 224 48824
1669377734582 225 48824
1669377742526 225 48849
1669377757373 225 48899
1669377772097 225 48949
1669377786851 225 48999
1669377806353 225 49041
1669377811166 226 49041
1669377814139 226 49049
1669377828734 226 49099
1669377843366 226 49149
1669377858012 226 49199
1669377872645 226 49249
1669377882577 226 49258
1669377887439 227 49258
1669377900069 227 49299
1669377914943 227 49349
1669377929695 227 49399
1669377944322 227 49449
1669377959081 227 49475
1669377963982 228 49475
1669377971716 228 49499
1669377986400 228 49549
1669378000995 228 49599
1669378015737 228 49649
1669378035473 228 49692
1669378040376 229 49692
1669378043072 229 49699
1669378057803 229 49749
1669378072674 229 49799
1669378087292 229 49849
1669378101921 229 49899
1669378112038 229 49909
1669378116845 230 49909
1669378129137 230 49949
1669378143955 230 49999
1669378158544 230 50049
1669378173147 230 50099
1669378188356 230 50126
1669378193183 231 50126
1669378200525 231 50149
1669378215162 231 50199
1669378229933 231 50249
1669378244644 231 50299
1669378264619 231 50343
1669378269499 232 50343
1669378271937 232 50349
1669378286517 232 50399
1669378301237 232 50449
1669378315835 232 50499
1669378330598 232 50549
1669378341089 232 50560
1669378345882 233 50560
1669378357921 233 50599
1669378372497 233 50649
1669378387367 233 50699
1669378401961 233 50749
1669378417559 233 50777
1669378422330 234 50777
1669378429411 234 50799
1669378444019 234 50849
1669378458624 234 50899
1669378473254 234 50949
1669378493645 234 50994
1669378498486 235 50994
1669378500603 235 50999
1669378515342 235 51049
1669378529941 235 51099
1669378544585 235 51149
1669378559202 235 51199
1669378569946 235 51211
1669378574782 236 51211
1669378586518 236 51249
1669378601259 236 51299
1669378615842 236 51349
1669378630660 236 51399
1669378646394 236 51428
1669378651146 237 51428
1669378657912 237 51449
1669378672666 237 51499
1669378687263 237 51549
1669378701879 237 51599
1669378722300 237 51645
1669378727203 238 51645
1669378729020 238 51649
1669378743730 238 51699
1669378758589 238 51749
1669378773169 238 51799
1669378787749 238 51849
1669378798769 238 51862
1669378803646 239 51862
1669378815333 239 51899
1669378829957 239 51949
1669378844555 239 51999
1669378859139 239 52049
1669378875115 239 52079
1669378880146 240 52079
1669378886622 240 52099
1669378901168 240 52149
1669378916026 240 52199
1669378930737 240 52249
1669378951494 240 52296
1669378956279 241 52296
1669378957832 241 52299
1669378972379 241 52349
1669378987094 241 52399
1669379001654 241 52449
1669379016370 241 52499
1669379027722 241 52513
1669379032613 242 52513
1669379043907 242 52549
1669379058634 242 52599
1669379073228 242 52649
1669379087809 242 52699
1669379104090 242 52730
1669379108948 243 52730
1669379115173 243 52749
1669379129912 243 52799
1669379144667 243 52849
1669379159282 243 52899
1669379180555 243 52947
1669379185387 244 52947
1669379186641 244 52949
1669379201392 244 52999
1669379215989 244 53049
1669379230581 244 53099
1669379245143 244 53149
1669379256797 244 53164
1669379261774 245 53164
1669379272577 245 53199
1669379287251 245 53249
1669379302101 245 53299
1669379316817 245 53349
1669379333550 245 53381
1669379338415 246 53381
1669379344292 246 53399
1669379359045 246 53449
1669379373656 246 53499
1669379388242 246 53549
1669379409893 246 53598
1669379414680 247 53598
1669379415641 247 53599
1669379430203 247 53649
1669379444891 247 53699
1669379459619 247 53749
1669379474234 247 53799
1669379486042 247 53815
1669379490878 248 53815
1669379501447 248 53849
1669379516204 248 53899
1669379530787 248 53949
1669379545350 248 53999
1669379562112 248 54032
1669379567006 249 54032
1669379572773 249 54049
1669379587534 249 54099
1669379602235 249 54149
1669379616970 249 54199
1669379631504 249 54249
1669379638882 249 54249
1669379643743 250 54249
1669379659091 250 54299
1669379673815 250 54349
1669379688352 250 54399
1669379702938 250 54449
1669379715100 250 54466
1669379719936 251 54466
1669379730167 251 54499
1669379744788 251 54549
1669379759516 251 54599
1669379774132 251 54649
1669379791388 251 54683
1669379796219 252 54683
1669379801523 252 54699
1669379816101 252 54749
1669379830966 252 54799
1669379845570 252 54849
1669379860177 252 54899
1669379867752 252 54900
1669379872556 253 54900
1669379887600 253 54949
1669379902214 253 54999
1669379916820 253 55049
1669379931428 253 55099
1669379944093 253 55117
1669379948882 254 55117
1669379959136 254 55149
1669379973749 254 55199
1669379988352 254 55249
1669380002981 254 55299
1669380020262 254 55334
1669380024993 255 55334
1669380030072 255 55349
1669380044699 255 55399
1669380059349 255 55449
1669380074084 255 55499
1669380088809 255 55549
1669380096670 255 55551
1669380101581 256 55551
1669380116186 256 55599
1669380130793 256 55649
1669380145428 256 55699
1669380160159 256 55749
1669380172870 256 55768
1669380177852 257 55768
1669380187550 257 55799
1669380202196 257 55849
1669380216960 257 55899
1669380231715 257 55949
1669380249611 257 55985
1669380254458 258 55985
1669380259238 258 55999
1669380273853 258 56049
1669380288466 258 56099
1669380303089 258 56149
1669380317827 258 56199
1669380326025 258 56202
1669380330780 259 56202
1669380345250 259 56249
1669380359838 259 56299
1669380374540 259 56349
1669380389117 259 56399
1669380402123 259 56419
1669380406839 260 56419
1669380416411 260 56449
1669380431001 260 56499
1669380445577 260 56549
1669380460178 260 56599
1669380478472 260 56636
1669380483396 261 56636
1669380487863 261 56649
1669380502426 261 56699
1669380517209 261 56749
1669380531917 261 56799
1669380546493 261 56849
1669380554784 261 56853
1669380559663 262 56853
1669380573804 262 56899
1669380588459 262 56949
1669380603205 262 56999
1669380617951 262 57049
1669380631338 262 57070
1669380636214 263 57070
1669380645329 263 57099
1669380660075 263 57149
1669380674683 263 57199
1669380689282 263 57249
1669380707614 263 57287
1669380712427 264 57287
1669380716529 264 57299
1669380731128 264 57349
1669380746008 264 57399
1669380760736 264 57449
1669380775333 264 57499
1669380784143 264 57504
1669380788921 265 57504
1669380802676 265 57549
1669380817280 265 57599
1669380831898 265 57649
1669380846533 265 57699
1669380860195 265 57721
1669380864954 266 57721
1669380873814 266 57749
1669380888505 266 57799
1669380903210 266 57849
1669380917768 266 57899
1669380936255 266 57938
1669380941132 267 57938
1669380945149 267 57949
1669380959748 267 57999
1669380974331 267 58049
1669380988884 267 58099
1669381003718 267 58149
1669381012715 267 58155
1669381017522 268 58155
1669381030970 268 58199
1669381045546 268 58249
1669381060271 268 58299
1669381074855 268 58349
1669381088828 268 58372
1669381093625 269 58372
1669381102204 269 58399
1669381116810 269 58449
1669381131430 269 58499
1669381146173 269 58549
1669381165153 269 58589
1669381169983 270 58589
1669381173512 270 58599
1669381188091 270 58649
1669381202825 270 58699
1669381217424 270 58749
1669381232133 270 58799
1669381241571 270 58806
1669381246407 271 58806
1669381259605 271 58849
1669381274331 271 58899
1669381288910 271 58949
1669381303621 271 58999
1669381317786 271 59023
1669381322775 272 59023
1669381331130 272 59049
1669381345776 272 59099
1669381360441 272 59149
1669381375141 272 59199
1669381394276 272 59240
1669381399205 273 59240
1669381402469 273 59249
1669381417217 273 59299
1669381431849 273 59349
1669381446501 273 59399
1669381461304 273 59449
1669381470772 273 59457
1669381475649 274 59457
1669381488501 274 59499
1669381503132 274 59549
1669381517718 274 59599
1669381532328 274 59649
1669381546971 274 59674
1669381551858 275 59674
1669381559762 275 59699
1669381574487 275 59749
1669381589075 275 59799
1669381603797 275 59849
1669381623322 275 59891
1669381628135 276 59891
1669381631124 276 59899
1669381645658 276 59949
1669381660219 276 59999
1669381675041 276 60049
1669381689771 276 60099
1669381699496 276 60108
1669381704382 277 60108
1669381717168 277 60149
1669381731961 277 60199
1669381746612 277 60249
1669381761255 277 60299
1669381776246 277 60325
1669381781041 278 60325
1669381788708 278 60349
1669381803513 278 60399
1669381818091 278 60449
1669381832672 278 60499
1669381852399 278 60542
1669381857197 279 60542
1669381859877 279 60549
1669381874665 279 60599
1669381889221 279 60649
1669381903933 279 60699
1669381918511 279 60749
1669381928671 279 60759
1669381933425 280 60759
1669381946040 280 60799
1669381960643 280 60849
1669381975250 280 60899
1669381989911 280 60949
1669382005047 280 60976
1669382009797 281 60976
1669382017134 281 60999
1669382032060 281 61049
1669382046685 281 61099
1669382061314 281 61149
1669382081469 281 61193
1669382086215 282 61193
1669382088639 282 61199
1669382103409 282 61249
1669382118064 282 61299
1669382132664 282 61349
1669382147279 282 61399
1669382157872 282 61410
1669382162658 283 61410
1669382174688 283 61449
1669382189434 283 61499
1669382204178 283 61549
1669382218869 283 61599
1669382234461 283 61627
1669382239382 284 61627
1669382246433 284 61649
1669382260980 284 61699
1669382275557 284 61749
1669382290289 284 61799
1669382310577 284 61844
1669382315351 285 61844
1669382317476 285 61849
1669382332236 285 61899
1669382346845 285 61949
1669382361709 285 61999
1669382376283 285 62049
1669382387042 285 62061
1669382391913 286 62061
1669382403646 286 62099
1669382418288 286 62149
1669382433058 286 62199
1669382447647 286 62249
1669382463366 286 62278
1669382468163 287 62278
1669382474910 287 62299
1669382489922 287 62349
1669382504507 287 62399
1669382519145 287 62449
1669382539821 287 62495
1669382544655 288 62495
1669382546464 288 62499
1669382561053 288 62549
1669382575833 288 62599
1669382590426 288 62649
1669382605435 288 62699
1669382616497 288 62712
1669382621345 289 62712
1669382632775 289 62749
1669382647381 289 62799
1669382661987 289 62849
1669382676630 289 62899
1669382692523 289 62929
1669382697319 290 62929
1669382703929 290 62949
1669382718674 290 62999
1669382733534 290 63049
1669382748108 290 63099
1669382769128 290 63146
1669382773989 291 63146
1669382775519 291 63149
1669382790111 291 63199
1669382804703 291 63249
1669382819294 291 63299
1669382833886 291 63349
1669382845137 291 63363
1669382850035 292 63363
1669382861444 292 63399
1669382876159 292 63449
1669382891146 292 63499
1669382905734 292 63549
1669382921890 292 63580
1669382926739 293 63580
1669382932916 293 63599
1669382947511 293 63649
1669382962109 293 63699
1669382976845 293 63749
1669382998270 293 63797
1669383003201 294 63797
1669383004436 294 63799
1669383019198 294 63849
1669383033834 294 63899
1669383048480 294 63949
1669383063118 294 63999
1669383074809 294 64014
1669383079626 295 64014
1669383090525 295 64049
1669383105210 295 64099
1669383120109 295 64149
1669383134865 295 64199
1669383151935 295 64231
1669383156836 296 64231
1669383162769 296 64249
1669383177326 296 64299
1669383191894 296 64349
1669383206470 296 64399
1669383228033 296 64448
1669383232871 297 64448
1669383233853 297 64449
1669383248391 297 64499
1669383262923 297 64549
1669383278114 297 64599
1669383292697 297 64649
1669383304906 297 64665
1669383309777 298 64665
1669383320348 298 64699
1669383334952 298 64749
1669383349590 298 64799
1669383364216 298 64849
1669383381046 298 64882
1669383385920 299 64882
1669383391541 299 64899
1669383406601 299 64949
1669383421219 299 64999
1669383436007 299 65049
1669383450566 299 65099
1669383457951 299 65099
1669383462613 300 65099
