1669360632935 0.30101293325424194 216
1669360709318 0.2996807396411896 433
1669360785430 0.30073773860931396 650
1669360860761 0.30739477276802063 867
1669360936883 0.3119240701198578 1084
1669361012508 0.3077663779258728 1301
1669361088328 0.32559874653816223 1518
1669361164227 0.3210638463497162 1735
1669361240019 0.3303399384021759 1952
1669361316224 0.34642717242240906 2169
1669361392433 0.3481200337409973 2386
1669361468924 0.35856735706329346 2603
1669361545164 0.3711065948009491 2820
1669361621823 0.3728489279747009 3037
1669361698093 0.3858794569969177 3254
1669361774245 0.39159369468688965 3471
1669361851073 0.4066736102104187 3688
1669361927077 0.41411784291267395 3905
1669362003617 0.42263972759246826 4122
1669362079792 0.43275120854377747 4339
1669362156189 0.4383071959018707 4556
1669362232632 0.445900022983551 4773
1669362309081 0.46573907136917114 4990
1669362385586 0.4643614590167999 5207
1669362461805 0.4790269732475281 5424
1669362537872 0.488148957490921 5641
1669362614042 0.48955127596855164 5858
1669362690033 0.4880058467388153 6075
1669362766335 0.4989457428455353 6292
1669362842786 0.5128984451293945 6509
1669362919305 0.5199174284934998 6726
1669362995908 0.5161533355712891 6943
1669363071949 0.5231214165687561 7160
1669363148289 0.5221415162086487 7377
1669363224488 0.5288466215133667 7594
1669363300934 0.5329327583312988 7811
1669363377620 0.5298871994018555 8028
1669363453763 0.5429755449295044 8245
1669363530042 0.5332658886909485 8462
1669363606119 0.5364271998405457 8679
1669363682358 0.5494852662086487 8896
1669363758656 0.5473533868789673 9113
1669363834586 0.5565083622932434 9330
1669363911164 0.554559588432312 9547
1669363987385 0.5484475493431091 9764
1669364063362 0.5491275191307068 9981
1669364139685 0.5506963729858398 10198
1669364215934 0.5537214279174805 10415
1669364291966 0.5630497932434082 10632
1669364368580 0.5548858046531677 10849
1669364444549 0.5588080883026123 11066
1669364521065 0.5634198784828186 11283
1669364597172 0.5564023852348328 11500
1669364673573 0.5528956651687622 11717
1669364749854 0.5657032132148743 11934
1669364826007 0.5553206205368042 12151
1669364902421 0.5611009001731873 12368
1669364978517 0.5696243047714233 12585
1669365054924 0.5595045685768127 12802
1669365130742 0.5586512684822083 13019
1669365207314 0.5646132230758667 13236
1669365283583 0.5662524700164795 13453
1669365359589 0.5641646385192871 13670
1669365435721 0.5554679036140442 13887
1669365511773 0.5726520419120789 14104
1669365587937 0.5586182475090027 14321
1669365664692 0.5599875450134277 14538
1669365740771 0.5605477690696716 14755
1669365816855 0.5621194839477539 14972
1669365893265 0.5609592199325562 15189
1669365969157 0.557499349117279 15406
1669366045481 0.5602298974990845 15623
1669366121665 0.5605807900428772 15840
1669366197923 0.5624580979347229 16057
1669366274418 0.5582659244537354 16274
1669366350783 0.5554472804069519 16491
1669366427235 0.5622377991676331 16708
1669366503724 0.5552022457122803 16925
1669366580145 0.572175920009613 17142
1669366656373 0.5634791851043701 17359
1669366732941 0.562252938747406 17576
1669366809654 0.5608807802200317 17793
1669366885816 0.5668056011199951 18010
1669366962458 0.5603867173194885 18227
1669367038771 0.5628543496131897 18444
1669367115085 0.5540958642959595 18661
1669367191194 0.5641260743141174 18878
1669367267523 0.5623726844787598 19095
1669367343985 0.5551761984825134 19312
1669367420373 0.5581281781196594 19529
1669367496573 0.5630428791046143 19746
1669367572841 0.5650192499160767 19963
1669367649003 0.5673630833625793 20180
1669367725470 0.5628557801246643 20397
1669367801917 0.5701706409454346 20614
1669367878071 0.5644770264625549 20831
1669367954493 0.5689072012901306 21048
1669368030780 0.563872754573822 21265
1669368107024 0.5528914928436279 21482
1669368183571 0.5602462887763977 21699
1669368259888 0.5691866278648376 21916
1669368336059 0.5605119466781616 22133
1669368412148 0.5517134070396423 22350
1669368488702 0.5642609596252441 22567
1669368565204 0.5533333420753479 22784
1669368641620 0.561921238899231 23001
1669368718044 0.5613529086112976 23218
1669368794379 0.5621209740638733 23435
1669368870752 0.5645279288291931 23652
1669368947170 0.5611463189125061 23869
1669369023476 0.5639498829841614 24086
1669369100142 0.5574579834938049 24303
1669369176343 0.5689361095428467 24520
1669369252372 0.564738392829895 24737
1669369329873 0.5644053816795349 24954
1669369405811 0.563671886920929 25171
1669369481813 0.5719432830810547 25388
1669369558025 0.5703385472297668 25605
1669369634666 0.5614340901374817 25822
1669369710877 0.5630415678024292 26039
1669369786881 0.5606977343559265 26256
1669369863594 0.5737448334693909 26473
1669369940079 0.5635713338851929 26690
1669370016284 0.5604444742202759 26907
1669370092792 0.5600329637527466 27124
1669370169158 0.556553840637207 27341
1669370245559 0.5492966771125793 27558
1669370321814 0.5539361238479614 27775
1669370398148 0.5529355406761169 27992
1669370474471 0.5688453316688538 28209
1669370551346 0.5564285516738892 28426
1669370627570 0.5546765923500061 28643
1669370704298 0.5653825402259827 28860
1669370780301 0.5608009696006775 29077
1669370856780 0.5569626092910767 29294
1669370932847 0.5659661889076233 29511
1669371009330 0.5535562038421631 29728
1669371085501 0.5662427544593811 29945
1669371162076 0.5598926544189453 30162
1669371238018 0.5595650672912598 30379
1669371314569 0.5612895488739014 30596
1669371391420 0.5636016726493835 30813
1669371467992 0.565260112285614 31030
1669371544612 0.5604788661003113 31247
1669371621195 0.5635053515434265 31464
1669371698000 0.5645691752433777 31681
1669371774216 0.5531888604164124 31898
1669371850877 0.5597205758094788 32115
1669371927387 0.5658478140830994 32332
1669372003752 0.5684447288513184 32549
1669372080312 0.5723699331283569 32766
1669372157523 0.5639002919197083 32983
1669372233889 0.5679218173027039 33200
1669372309806 0.5603165030479431 33417
1669372386133 0.5601032376289368 33634
1669372462498 0.5605780482292175 33851
1669372538297 0.5606138110160828 34068
1669372614518 0.5643337965011597 34285
1669372690506 0.5679851770401001 34502
1669372766935 0.5635961294174194 34719
1669372843202 0.5608546733856201 34936
1669372919586 0.5617918372154236 35153
1669372995795 0.5662716627120972 35370
1669373072743 0.5615373253822327 35587
1669373148704 0.560234010219574 35804
1669373225211 0.5586705207824707 36021
1669373301082 0.5624690055847168 36238
1669373377709 0.5595306754112244 36455
1669373453655 0.5597260594367981 36672
1669373530254 0.5613032579421997 36889
1669373606102 0.5625295042991638 37106
1669373682754 0.5625240802764893 37323
1669373758902 0.5703467726707458 37540
1669373835720 0.5571139454841614 37757
1669373912292 0.5681186318397522 37974
1669373988614 0.5596490502357483 38191
1669374065437 0.5685205459594727 38408
1669374141930 0.5673850774765015 38625
1669374219142 0.5569584369659424 38842
1669374295415 0.5587751865386963 39059
1669374372047 0.5645691752433777 39276
1669374448298 0.5657843947410583 39493
1669374525147 0.5608298182487488 39710
1669374601711 0.5545800924301147 39927
1669374678663 0.5621538758277893 40144
1669374755299 0.5604307055473328 40361
1669374831942 0.5667752623558044 40578
1669374908335 0.5664781332015991 40795
1669374984644 0.5676657557487488 41012
1669375060800 0.5661559700965881 41229
1669375137498 0.558615505695343 41446
1669375214144 0.5659262537956238 41663
1669375290260 0.5602546334266663 41880
1669375366463 0.5592471361160278 42097
1669375442883 0.5687710046768188 42314
1669375519273 0.5605298280715942 42531
1669375595291 0.5623740553855896 42748
1669375671907 0.5615729689598083 42965
1669375748378 0.5567850470542908 43182
1669375824832 0.5561382174491882 43399
1669375901122 0.5654555559158325 43616
1669375977531 0.5663431286811829 43833
1669376053620 0.5589690804481506 44050
1669376130028 0.5563240051269531 44267
1669376206323 0.5602312088012695 44484
1669376283139 0.5548499226570129 44701
1669376359368 0.5656660795211792 44918
1669376436101 0.5587710738182068 45135
1669376512400 0.563740611076355 45352
1669376588831 0.5663225650787354 45569
1669376665046 0.5601375699043274 45786
1669376741388 0.5668936371803284 46003
1669376818156 0.5641260147094727 46220
1669376894434 0.5645485520362854 46437
1669376971138 0.5594480037689209 46654
1669377047094 0.5659949779510498 46871
1669377123618 0.5666046738624573 47088
1669377199823 0.5617519021034241 47305
1669377276380 0.5701431632041931 47522
1669377352594 0.5618579387664795 47739
1669377429141 0.5612702965736389 47956
1669377505685 0.5637668371200562 48173
1669377581994 0.5601444840431213 48390
1669377658691 0.5623051524162292 48607
1669377734582 0.5691811442375183 48824
1669377811166 0.5621139407157898 49041
1669377887439 0.5589787364006042 49258
1669377963982 0.56181401014328 49475
1669378040376 0.5583471059799194 49692
1669378116845 0.5569034218788147 49909
1669378193183 0.5633113980293274 50126
1669378269499 0.5620409846305847 50343
1669378345882 0.5623905658721924 50560
1669378422330 0.5649532079696655 50777
1669378498486 0.5567217469215393 50994
1669378574782 0.5644150376319885 51211
1669378651146 0.562723696231842 51428
1669378727203 0.557861328125 51645
1669378803646 0.5701569318771362 51862
1669378880146 0.5703275203704834 52079
1669378956279 0.5508340001106262 52296
1669379032613 0.5593668818473816 52513
1669379108948 0.5645829439163208 52730
1669379185387 0.5529108047485352 52947
1669379261774 0.5610116124153137 53164
1669379338415 0.5606440901756287 53381
1669379414680 0.5668702721595764 53598
1669379490878 0.5717877149581909 53815
1669379567006 0.5651994943618774 54032
1669379643743 0.5629727244377136 54249
1669379719936 0.5577524304389954 54466
1669379796219 0.5623589754104614 54683
1669379872556 0.5552326440811157 54900
1669379948882 0.5646751523017883 55117
1669380024993 0.5617010593414307 55334
1669380101581 0.5609826445579529 55551
1669380177852 0.5505766868591309 55768
1669380254458 0.5726562142372131 55985
1669380330780 0.5609371662139893 56202
1669380406839 0.5505421757698059 56419
1669380483396 0.5544081926345825 56636
1669380559663 0.5501595139503479 56853
1669380636214 0.5588300824165344 57070
1669380712427 0.5651031732559204 57287
1669380788921 0.5645210146903992 57504
1669380864954 0.5614780783653259 57721
1669380941132 0.5594412088394165 57938
1669381017522 0.5595981478691101 58155
1669381093625 0.5547769069671631 58372
1669381169983 0.5583251118659973 58589
1669381246407 0.5629396438598633 58806
1669381322775 0.5631448030471802 59023
1669381399205 0.5684681534767151 59240
1669381475649 0.5589760541915894 59457
1669381551858 0.5579493045806885 59674
1669381628135 0.5661271214485168 59891
1669381704382 0.5697824954986572 60108
1669381781041 0.562711238861084 60325
1669381857197 0.5633251070976257 60542
1669381933425 0.5615523457527161 60759
1669382009797 0.5639498233795166 60976
1669382086215 0.5527594089508057 61193
1669382162658 0.5571304559707642 61410
1669382239382 0.5521937608718872 61627
1669382315351 0.5625805258750916 61844
1669382391913 0.5547605156898499 62061
1669382468163 0.5607542395591736 62278
1669382544655 0.5662634372711182 62495
1669382621345 0.5643132925033569 62712
1669382697319 0.5605642199516296 62929
1669382773989 0.5600027441978455 63146
1669382850035 0.560027539730072 63363
1669382926739 0.5569722056388855 63580
1669383003201 0.5698623657226562 63797
1669383079626 0.5564918518066406 64014
1669383156836 0.5639004111289978 64231
1669383232871 0.5605078339576721 64448
1669383309777 0.5513982772827148 64665
1669383385920 0.5582039952278137 64882
1669383462613 0.5687958002090454 65099
