1669360632935 1.2985953291230126 216
1669360709318 1.2768982932512973 433
1669360785430 1.2625256571572643 650
1669360860761 1.2415942542653235 867
1669360936883 1.2229338406107157 1084
1669361012508 1.2134844014983195 1301
1669361088328 1.1983401639474383 1518
1669361164227 1.186245689270866 1735
1669361240019 1.176838459533697 1952
1669361316224 1.1675187963497489 2169
1669361392433 1.161925768633026 2386
1669361468924 1.152076362731722 2603
1669361545164 1.1415185930929048 2820
1669361621823 1.136506702206719 3037
1669361698093 1.1243841616749284 3254
1669361774245 1.1197281097840073 3471
1669361851073 1.1091276536335741 3688
1669361927077 1.104346873129911 3905
1669362003617 1.0977427803514819 4122
1669362079792 1.0882831640492516 4339
1669362156189 1.082329857795068 4556
1669362232632 1.0842161010467333 4773
1669362309081 1.0737267705805864 4990
1669362385586 1.0701429472591921 5207
1669362461805 1.066872575882439 5424
1669362537872 1.0606614753583363 5641
1669362614042 1.055232724686285 5858
1669362690033 1.0497167780475838 6075
1669362766335 1.0480484374812338 6292
1669362842786 1.044564225001016 6509
1669362919305 1.044577820260965 6726
1669362995908 1.0395969634350815 6943
1669363071949 1.0331272021002234 7160
1669363148289 1.035818110470649 7377
1669363224488 1.0296882754338843 7594
1669363300934 1.027589182899898 7811
1669363377620 1.0245229743251374 8028
1669363453763 1.0251052901082047 8245
1669363530042 1.0236480476779986 8462
1669363606119 1.019991655908813 8679
1669363682358 1.0249286966833944 8896
1669363758656 1.0183780417063173 9113
1669363834586 1.0208589549917375 9330
1669363911164 1.021816498486696 9547
1669363987385 1.0185088485909706 9764
1669364063362 1.0165289452529362 9981
1669364139685 1.0210928144050069 10198
1669364215934 1.0162290765509525 10415
1669364291966 1.0205144818981664 10632
1669364368580 1.0151108567950478 10849
1669364444549 1.012843063979277 11066
1669364521065 1.015416107341231 11283
1669364597172 1.0164252318965452 11500
1669364673573 1.0182476128354792 11717
1669364749854 1.018167053877675 11934
1669364826007 1.0126483226372631 12151
1669364902421 1.013914383533244 12368
1669364978517 1.0175778943178038 12585
1669365054924 1.015914970955227 12802
1669365130742 1.0169777783234761 13019
1669365207314 1.0142473381592534 13236
1669365283583 1.0129549588605369 13453
1669365359589 1.0165854101550018 13670
1669365435721 1.0151323537742512 13887
1669365511773 1.0147381913984312 14104
1669365587937 1.0170982891844247 14321
1669365664692 1.01254712687913 14538
1669365740771 1.0139181034265592 14755
1669365816855 1.0154283835870974 14972
1669365893265 1.011655390231595 15189
1669365969157 1.0085725495362952 15406
1669366045481 1.0122666274380303 15623
1669366121665 1.0115112483093436 15840
1669366197923 1.0138462363626324 16057
1669366274418 1.0107418312801786 16274
1669366350783 1.0090554685899422 16491
1669366427235 1.008999979654233 16708
1669366503724 1.0118375666438197 16925
1669366580145 1.0092649919174737 17142
1669366656373 1.012860456546784 17359
1669366732941 1.0121456292625983 17576
1669366809654 1.0089767981059343 17793
1669366885816 1.0118940032116592 18010
1669366962458 1.0095870712304464 18227
1669367038771 1.012669118421937 18444
1669367115085 1.0113018040531214 18661
1669367191194 1.0118744916962186 18878
1669367267523 1.0098854341736734 19095
1669367343985 1.00946747280932 19312
1669367420373 1.0117767641863997 19529
1669367496573 1.0117361646568304 19746
1669367572841 1.0126135723577052 19963
1669367649003 1.0121125809520004 20180
1669367725470 1.010830262920705 20397
1669367801917 1.0121031501417244 20614
1669367878071 1.0090146102482822 20831
1669367954493 1.009764398271649 21048
1669368030780 1.0071013288660213 21265
1669368107024 1.0055293495286264 21482
1669368183571 1.011160607437345 21699
1669368259888 1.0080272893058706 21916
1669368336059 1.00773603236132 22133
1669368412148 1.0093643122781588 22350
1669368488702 1.0070636440323115 22567
1669368565204 1.009717953359136 22784
1669368641620 1.006047061005852 23001
1669368718044 1.0074314915160683 23218
1669368794379 1.00868455946138 23435
1669368870752 1.0081406279575376 23652
1669368947170 1.005839725812184 23869
1669369023476 1.007819607044947 24086
1669369100142 1.0092968759682315 24303
1669369176343 1.0080209065867753 24520
1669369252372 1.0113592220475809 24737
1669369329873 1.0081655592706074 24954
1669369405811 1.0069927498674045 25171
1669369481813 1.008346892691955 25388
1669369558025 1.008438042824004 25605
1669369634666 1.0084030249180675 25822
1669369710877 1.0046874956668181 26039
1669369786881 1.0104716672480636 26256
1669369863594 1.0079067318394712 26473
1669369940079 1.0064679277769255 26690
1669370016284 1.007615682310173 26907
1669370092792 1.003763503269532 27124
1669370169158 1.0036573017898822 27341
1669370245559 1.007068598657764 27558
1669370321814 1.0077318086887157 27775
1669370398148 1.0047523252194406 27992
1669370474471 1.007546755029825 28209
1669370551346 1.0057396576128101 28426
1669370627570 1.0059249459803796 28643
1669370704298 1.004088515710306 28860
1669370780301 1.004017408720114 29077
1669370856780 1.0059218588484524 29294
1669370932847 1.0067923461153994 29511
1669371009330 1.0058305539091936 29728
1669371085501 1.0044017768000415 29945
1669371162076 1.007198658292119 30162
1669371238018 1.0059484624747153 30379
1669371314569 1.0061802478762316 30596
1669371391420 1.004543936695277 30813
1669371467992 1.0049943606870344 31030
1669371544612 1.0045827011612543 31247
1669371621195 1.0009610155748285 31464
1669371698000 1.004873984083182 31681
1669371774216 1.005789471677482 31898
1669371850877 1.006022729476242 32115
1669371927387 1.0068410145373259 32332
1669372003752 1.006668723943432 32549
1669372080312 1.0086673164309274 32766
1669372157523 1.005242791131208 32983
1669372233889 1.0044043719373044 33200
1669372309806 1.0034784316187126 33417
1669372386133 1.0050376831165224 33634
1669372462498 1.0056443651839153 33851
1669372538297 1.0047488908877467 34068
1669372614518 1.0050177407190721 34285
1669372690506 1.0051036350782125 34502
1669372766935 1.0022718123189176 34719
1669372843202 1.0074118422423561 34936
1669372919586 1.004200157648829 35153
1669372995795 1.0032109341845168 35370
1669373072743 1.0026088297276452 35587
1669373148704 1.0051228922902962 35804
1669373225211 1.0048873340844413 36021
1669373301082 1.0035455256743782 36238
1669373377709 1.0016107777812486 36455
1669373453655 1.0043343451162368 36672
1669373530254 1.003945103619715 36889
1669373606102 1.0036942796598871 37106
1669373682754 1.0017478612365918 37323
1669373758902 1.0044691174953266 37540
1669373835720 1.002935369392389 37757
1669373912292 1.006614394114955 37974
1669373988614 1.0035822596499455 38191
1669374065437 1.0061635493376195 38408
1669374141930 1.0005239386239642 38625
1669374219142 1.0012559134358197 38842
1669374295415 1.0052124837543626 39059
1669374372047 1.0045459982797382 39276
1669374448298 1.0037252541470185 39493
1669374525147 1.0014991678613274 39710
1669374601711 1.004561754221135 39927
1669374678663 1.005542156808476 40144
1669374755299 1.005991253700755 40361
1669374831942 1.0068064152406049 40578
1669374908335 1.0012094941842868 40795
1669374984644 1.0048792603195449 41012
1669375060800 1.0027732576094792 41229
1669375137498 1.0025149459681295 41446
1669375214144 1.0057339550880249 41663
1669375290260 1.0030124118550827 41880
1669375366463 1.001561273358623 42097
1669375442883 1.0021278733533643 42314
1669375519273 1.0013729413475834 42531
1669375595291 1.000816007107224 42748
1669375671907 1.0003512333315316 42965
1669375748378 0.9990262357562668 43182
1669375824832 1.0037106428471463 43399
1669375901122 1.001148586377711 43616
1669375977531 1.0018961215354465 43833
1669376053620 1.0022276043739775 44050
1669376130028 1.0036380164199414 44267
1669376206323 1.0028155265372867 44484
1669376283139 1.0022120124449396 44701
1669376359368 1.0023687045264806 44918
1669376436101 0.9996207408862634 45135
1669376512400 0.9992945476262645 45352
1669376588831 1.0000660943424127 45569
1669376665046 1.0009864001946152 45786
1669376741388 1.000270647720236 46003
1669376818156 1.0046791451542152 46220
1669376894434 1.0019982455628496 46437
1669376971138 1.0001315364998715 46654
1669377047094 1.0014086503069943 46871
1669377123618 1.0016157254638223 47088
1669377199823 1.0021450995134997 47305
1669377276380 0.9981197209296749 47522
1669377352594 1.002659504936462 47739
1669377429141 0.9985350722328984 47956
1669377505685 1.0001320159398497 48173
1669377581994 1.0011780473980374 48390
1669377658691 1.002451537320593 48607
1669377734582 1.00195611456618 48824
1669377811166 1.0001574896946286 49041
1669377887439 1.0006067643229726 49258
1669377963982 0.9996970403128685 49475
1669378040376 1.0012783315095257 49692
1669378116845 1.0031998706325436 49909
1669378193183 1.0008356925700683 50126
1669378269499 1.0040240228011277 50343
1669378345882 1.0013721168989933 50560
1669378422330 0.9989633846220894 50777
1669378498486 0.9988366627665886 50994
1669378574782 1.0022228205981045 51211
1669378651146 1.0002427669302327 51428
1669378727203 1.0001493131393047 51645
1669378803646 1.0000762904195177 51862
1669378880146 0.9987861252250054 52079
1669378956279 0.9975898539270903 52296
1669379032613 1.0041318260810284 52513
1669379108948 0.9972232507183416 52730
1669379185387 0.9999715637138256 52947
1669379261774 0.9964077416361932 53164
1669379338415 0.9978840074262021 53381
1669379414680 0.999199748426917 53598
1669379490878 1.0023225016469304 53815
1669379567006 0.9997262240194013 54032
1669379643743 1.0008817059290096 54249
1669379719936 0.9971116765457496 54466
1669379796219 0.9951550308095912 54683
1669379872556 0.9997170557840791 54900
1669379948882 0.9986944703342878 55117
1669380024993 1.0002663177240811 55334
1669380101581 0.9983941656919327 55551
1669380177852 0.9973817451725964 55768
1669380254458 1.0011682420915977 55985
1669380330780 0.9982745441149019 56202
1669380406839 0.9982717887663572 56419
1669380483396 0.9966383720221511 56636
1669380559663 0.9981438656043458 56853
1669380636214 0.9953999898291088 57070
1669380712427 0.9969767205465146 57287
1669380788921 0.9967360397965771 57504
1669380864954 0.9962916403583771 57721
1669380941132 0.9983466993297337 57938
1669381017522 0.999273540674007 58155
1669381093625 0.9994985735864602 58372
1669381169983 0.999043611909043 58589
1669381246407 0.9977616791034033 58806
1669381322775 0.999974853220151 59023
1669381399205 0.9962993085149304 59240
1669381475649 0.9986075942610871 59457
1669381551858 0.9978576248776637 59674
1669381628135 0.9992494733503441 59891
1669381704382 0.9983740814514606 60108
1669381781041 0.9981011267203491 60325
1669381857197 0.996656536781716 60542
1669381933425 0.9971188240038904 60759
1669382009797 0.9983573729921821 60976
1669382086215 0.9963330034044099 61193
1669382162658 0.9977235605959547 61410
1669382239382 0.9988448398248873 61627
1669382315351 0.995995321802387 61844
1669382391913 0.9974278357925227 62061
1669382468163 0.9967121911762662 62278
1669382544655 1.0005312867414322 62495
1669382621345 0.9960040452440735 62712
1669382697319 0.9973687445811753 62929
1669382773989 0.9979376576648881 63146
1669382850035 0.9993362043380762 63363
1669382926739 0.997390063442959 63580
1669383003201 0.9992470016825878 63797
1669383079626 0.9938663084205694 64014
1669383156836 0.9945953653030825 64231
1669383232871 0.9959014854045166 64448
1669383309777 0.99783377194247 64665
1669383385920 0.9963588706283109 64882
1669383462613 0.9966817758327224 65099
