1669360649588 1.575892465016298 216
1669360724569 1.5552637709090642 433
1669360800707 1.5368383559498116 650
1669360876379 1.5168698821684292 867
1669360952175 1.5079142648976338 1084
1669361027751 1.503501100140407 1301
1669361103397 1.4954076515643324 1518
1669361179559 1.4906407653808749 1735
1669361254915 1.4851882175368085 1952
1669361330433 1.4839381512085597 2169
1669361405901 1.4782412044200754 2386
1669361481660 1.4751691878966127 2603
1669361556821 1.475045562096331 2820
1669361632792 1.4727928150054364 3037
1669361708701 1.4673915910123934 3254
1669361784501 1.4659213498073433 3471
1669361860327 1.4653203826239058 3688
1669361936068 1.46306121848376 3905
1669362012277 1.4622986913305476 4122
1669362088028 1.4626812221078545 4339
1669362164299 1.4611222884783204 4556
1669362239729 1.461396471737593 4773
1669362315945 1.4577485593914725 4990
1669362391983 1.4601439906179923 5207
1669362467813 1.456573537295926 5424
1669362543844 1.4588421767346018 5641
1669362619574 1.4579857036335269 5858
1669362695900 1.4567059965593117 6075
1669362771591 1.4557659180606508 6292
1669362847116 1.4584644505260373 6509
1669362922800 1.4571140474598154 6726
1669362998254 1.4560492672839658 6943
1669363073973 1.455760724218884 7160
1669363149934 1.456261619475262 7377
1669363225382 1.4563446003574048 7594
1669363301681 1.4531727707374775 7811
1669363377465 1.455043053920579 8028
1669363453409 1.4541659791081396 8245
1669363529070 1.4540690911951046 8462
1669363605086 1.4551076283677113 8679
1669363680883 1.4545022894990982 8896
1669363756631 1.4523320254481173 9113
1669363832989 1.452311183390271 9330
1669363908948 1.4540818901469197 9547
1669363985098 1.4530168442767213 9764
1669364061728 1.451852560765083 9981
1669364137179 1.45279128052288 10198
1669364213489 1.4522414226990557 10415
1669364289315 1.452272237019342 10632
1669364365614 1.4498886409342977 10849
1669364441505 1.4495321369628706 11066
1669364517391 1.451293645291093 11283
1669364593578 1.4508209959353173 11500
1669364669597 1.4511931980777741 11717
1669364745463 1.4513447640155328 11934
1669364821775 1.4477173408824784 12151
1669364897809 1.4498224624243055 12368
1669364973716 1.4504217835981021 12585
1669365050293 1.4507892455556188 12802
1669365126225 1.4486241725535947 13019
1669365202372 1.4486215788806407 13236
1669365278469 1.4492980678932923 13453
1669365354670 1.448783520371963 13670
1669365430472 1.4507682499223407 13887
1669365506433 1.451683235151196 14104
1669365582605 1.4508115756932454 14321
1669365658625 1.4477905247302454 14538
1669365734990 1.4486346633973897 14755
1669365810810 1.4492428584271082 14972
1669365886944 1.448498562355629 15189
1669365962943 1.4469757174039148 15406
1669366039107 1.4491821141578745 15623
1669366114776 1.4469901735552657 15840
1669366191166 1.4482660859147805 16057
1669366266886 1.448950413408281 16274
1669366343004 1.4475657524965624 16491
1669366419101 1.4468493322153513 16708
1669366494861 1.4479360360788234 16925
1669366570957 1.4460833942220896 17142
1669366647337 1.4499439849603302 17359
1669366723511 1.4474619297694862 17576
1669366799504 1.4465422171195472 17793
1669366875584 1.4475744512625464 18010
1669366951076 1.447990694265515 18227
1669367027243 1.4469914965047022 18444
1669367103215 1.4478356876150131 18661
1669367178841 1.4474200511014457 18878
1669367255072 1.4470892033400014 19095
1669367330623 1.4463846688966178 19312
1669367406650 1.4482344088612769 19529
1669367482534 1.4466875914507822 19746
1669367558308 1.4461873543620456 19963
1669367634153 1.44678674363538 20180
1669367710406 1.4453896880253692 20397
1669367786359 1.447469309392099 20614
1669367862741 1.4466843286022455 20831
1669367938799 1.444965915884513 21048
1669368014461 1.4453882788472379 21265
1669368090574 1.4450001369476768 21482
1669368166639 1.447067644200515 21699
1669368242734 1.444648193433305 21916
1669368318568 1.4444214664693156 22133
1669368395231 1.4457143520172833 22350
1669368471271 1.4453400586461218 22567
1669368547706 1.4452393250367495 22784
1669368623832 1.4451697012141076 23001
1669368699977 1.4454294201184794 23218
1669368775844 1.445109234692101 23435
1669368851800 1.4456908270198316 23652
1669368927746 1.4439273889033444 23869
1669369004253 1.4453806866544332 24086
1669369080069 1.4457382756681836 24303
1669369156237 1.4454638870041359 24520
1669369232310 1.4456602930747737 24737
1669369308036 1.445007454370682 24954
1669369384397 1.4451238482618098 25171
1669369461438 1.4449088839645843 25388
1669369537446 1.4454796035256474 25605
1669369613302 1.446475928707435 25822
1669369688904 1.4419632363252286 26039
1669369765329 1.4449406729398642 26256
1669369841223 1.445588372117448 26473
1669369917309 1.4459161629029809 26690
1669369993694 1.4445449092205924 26907
1669370070054 1.4439603329710433 27124
1669370146302 1.444452047614469 27341
1669370222177 1.4435792425013483 27558
1669370298351 1.4439400975798942 27775
1669370374629 1.4435250420577164 27992
1669370450675 1.4449523857012618 28209
1669370527025 1.4442820063996478 28426
1669370603068 1.443433638920798 28643
1669370679178 1.4434108127716547 28860
1669370755407 1.4439977466879892 29077
1669370831810 1.4434227525589 29294
1669370908135 1.4450562813112275 29511
1669370984516 1.4443266513027695 29728
1669371061160 1.4445292164008754 29945
1669371137510 1.4436734803536182 30162
1669371213573 1.4436315722623796 30379
1669371290784 1.4441139514182522 30596
1669371367282 1.4432647349166914 30813
1669371443856 1.4454073008093111 31030
1669371520080 1.4440564292640212 31247
1669371595965 1.4419285264444632 31464
1669371672449 1.4442039671899787 31681
1669371748417 1.443914425826269 31898
1669371826843 1.4442697830111124 32115
1669371902822 1.4445465153415689 32332
1669371979554 1.4442829247763236 32549
1669372055616 1.4449443074386588 32766
1669372132112 1.4423824048849252 32983
1669372208378 1.4418655029186822 33200
1669372284350 1.444009000922747 33417
1669372360499 1.4430942318094484 33634
1669372436523 1.4439993232928372 33851
1669372512684 1.4426727327916298 34068
1669372588479 1.4441313703998102 34285
1669372664818 1.443666690400131 34502
1669372740746 1.4426082053307039 34719
1669372816973 1.4437142080817393 34936
1669372892971 1.4438729414195188 35153
1669372969166 1.4434928146412884 35370
1669373045498 1.442808157045934 35587
1669373121592 1.4434740547447853 35804
1669373197688 1.4422698009184878 36021
1669373273933 1.4426920346198977 36238
1669373350033 1.4430877366412003 36455
1669373426571 1.4434407166634722 36672
1669373502692 1.443705463105924 36889
1669373578918 1.4430437231002098 37106
1669373655042 1.4421198220044158 37323
1669373731211 1.444398205525856 37540
1669373807380 1.443698843871409 37757
1669373883441 1.4437869654904896 37974
1669373959446 1.4433198785995625 38191
1669374035454 1.4434722168829377 38408
1669374111518 1.4414887563308079 38625
1669374187507 1.441903994844348 38842
1669374263655 1.4435547663603348 39059
1669374339772 1.443066269041027 39276
1669374415934 1.443366299877859 39493
1669374492267 1.4414096004067554 39710
1669374568461 1.4428185681415358 39927
1669374644570 1.4424489231135458 40144
1669374720614 1.4437451736091764 40361
1669374796980 1.4435415440108803 40578
1669374873032 1.44133093971652 40795
1669374949440 1.4436350680191976 41012
1669375025576 1.4428401856861255 41229
1669375101885 1.442318549830139 41446
1669375178583 1.4422753031448807 41663
1669375254516 1.4432756002197091 41880
1669375330635 1.4429835069740944 42097
1669375407114 1.4408620823378782 42314
1669375483323 1.4422207649148162 42531
1669375559413 1.441844303501958 42748
1669375635776 1.439719641267522 42965
1669375712103 1.4410136070279844 43182
1669375788263 1.4424779588068577 43399
1669375864670 1.443006339357234 43616
1669375940894 1.4419837633833925 43833
1669376017546 1.4424452702582005 44050
1669376094016 1.4424000203620828 44267
1669376170291 1.4433383108754738 44484
1669376246448 1.441823578828675 44701
1669376322464 1.4421060955200447 44918
1669376399063 1.4408357579384743 45135
1669376475507 1.4409070026931785 45352
1669376551825 1.441655529268528 45569
1669376627746 1.441073906771409 45786
1669376704289 1.4414209271469482 46003
1669376779905 1.4422306997714254 46220
1669376856399 1.4411308399852725 46437
1669376932727 1.4423395203480052 46654
1669377009006 1.4421234123266466 46871
1669377085369 1.4416331834806329 47088
1669377161637 1.442136368250536 47305
1669377237628 1.4409239592910144 47522
1669377313951 1.4407825993105425 47739
1669377390049 1.4397439048822058 47956
1669377465699 1.4414682943837824 48173
1669377541916 1.4416383250778597 48390
1669377618498 1.4422498229188632 48607
1669377694497 1.4420063765163815 48824
1669377770694 1.4394902532932208 49041
1669377846728 1.4403472224979235 49258
1669377923010 1.4413242599958542 49475
1669377998975 1.4417705764155382 49692
1669378075231 1.4421178550771316 49909
1669378151484 1.4407375896297747 50126
1669378227587 1.4426254142371477 50343
1669378303556 1.4427046424103398 50560
1669378379583 1.4416425401707398 50777
1669378455913 1.4405528249168722 50994
1669378532581 1.441741713649204 51211
1669378608704 1.4408666337325469 51428
1669378684829 1.440494761147831 51645
1669378761424 1.4395480922117074 51862
1669378837701 1.4411201800610838 52079
1669378913720 1.4413153176345932 52296
1669378989851 1.4420771063547584 52513
1669379066416 1.4415697597493133 52730
1669379142735 1.440792843914977 52947
1669379219082 1.4405166099818625 53164
1669379295260 1.4410288587473907 53381
1669379371372 1.4401331659680996 53598
1669379447715 1.4414023399623928 53815
1669379524033 1.4406882960184966 54032
1669379600146 1.4408303306742332 54249
1669379676399 1.440554915009032 54466
1669379752657 1.4397489448826597 54683
1669379828750 1.4400625062558245 54900
1669379905165 1.4407658676088424 55117
1669379981017 1.4415095401729325 55334
1669380057676 1.440232555085744 55551
1669380133669 1.441486274002157 55768
1669380209954 1.4417659120200816 55985
1669380286017 1.4400167668749857 56202
1669380362097 1.439634083987872 56419
1669380438180 1.4396529304395624 56636
1669380514448 1.4406513090463713 56853
1669380590516 1.4389063683345482 57070
1669380666787 1.440756018599648 57287
1669380742737 1.440777526078538 57504
1669380818835 1.439592374715655 57721
1669380895081 1.4397719014875603 57938
1669380971140 1.4407264570857554 58155
1669381047302 1.440140296682363 58372
1669381123478 1.4402798863595891 58589
1669381200107 1.4382339589463156 58806
1669381275686 1.4401453381366998 59023
1669381352010 1.4390854262584054 59240
1669381427867 1.4412094822097825 59457
1669381504117 1.4398121067584657 59674
1669381580283 1.4398197753317872 59891
1669381656511 1.4403265228512216 60108
1669381732551 1.44035737825524 60325
1669381808781 1.438802937732421 60542
1669381884988 1.4407221324747939 60759
1669381961113 1.4409465962068224 60976
1669382037578 1.4395368827941857 61193
1669382113768 1.4396524206712507 61410
1669382189375 1.4402662876902337 61627
1669382265899 1.4394552808742263 61844
1669382341695 1.440012905126697 62061
1669382418043 1.4399773504075637 62278
1669382494125 1.4416400059094465 62495
1669382570561 1.4407410430341643 62712
1669382646563 1.43941097260552 62929
1669382722645 1.4401108207345017 63146
1669382798731 1.4391088690899576 63363
1669382875145 1.439851621876586 63580
1669382951010 1.4405176850924208 63797
1669383027592 1.4388992778456087 64014
1669383103996 1.4392925147176083 64231
1669383179957 1.4399908509030233 64448
1669383256470 1.4407524901073447 64665
1669383332611 1.4399084088976446 64882
1669383408779 1.4406379485194862 65099
