1669360588968 0.3333333432674408 49
1669360603604 0.75 99
1669360618541 1.0 149
1669360633035 1.0 199
1669360659841 0.800000011920929 249
1669360674266 1.0 299
1669360688689 0.3333333432674408 349
1669360703134 1.0 399
1669360729973 1.0 449
1669360744660 0.5 499
1669360759433 0.6666666865348816 549
1669360773941 1.0 599
1669360788581 0.1666666716337204 649
1669360815638 0.6666666865348816 699
1669360830125 0.3333333432674408 749
1669360844613 1.0 799
1669360859089 0.0 849
1669360886356 0.8333333134651184 899
1669360901143 0.0 949
1669360915761 0.5 999
1669360930290 0.5 1049
1669360957207 0.6666666865348816 1099
1669360971682 0.25 1149
1669360986310 0.5 1199
1669361000791 0.3333333432674408 1249
1669361015406 1.0 1299
1669361042473 1.0 1349
1669361057075 0.5 1399
1669361071551 0.800000011920929 1449
1669361086024 1.0 1499
1669361113419 1.0 1549
1669361127933 0.6666666865348816 1599
1669361142496 0.3333333432674408 1649
1669361157140 0.5 1699
1669361184311 0.3333333432674408 1749
1669361198837 0.5 1799
1669361213345 0.5 1849
1669361227861 0.5 1899
1669361242349 0.3333333432674408 1949
1669361269174 0.0 1999
1669361283602 0.3333333432674408 2049
1669361298180 0.5 2099
1669361312932 0.0 2149
1669361339817 1.0 2199
1669361354326 0.5 2249
1669361368822 0.5 2299
1669361383306 0.0 2349
1669361410384 0.0 2399
1669361424854 1.0 2449
1669361439319 0.800000011920929 2499
1669361454178 0.6000000238418579 2549
1669361468764 0.0 2599
1669361495656 0.0 2649
1669361510192 1.0 2699
1669361524675 1.0 2749
1669361539140 1.0 2799
1669361565900 1.0 2849
1669361580665 0.75 2899
1669361595304 0.0 2949
1669361609971 1.0 2999
1669361636948 0.6666666865348816 3049
1669361651423 0.3333333432674408 3099
1669361665927 0.5 3149
1669361680415 0.5 3199
1669361695253 0.6666666865348816 3249
1669361722603 0.0 3299
1669361737231 0.75 3349
1669361751874 0.0 3399
1669361766346 0.0 3449
1669361793294 0.5 3499
1669361807859 0.3333333432674408 3549
1669361822509 0.6666666865348816 3599
1669361837270 0.800000011920929 3649
1669361864191 1.0 3699
1669361878852 1.0 3749
1669361893344 0.6666666865348816 3799
1669361907880 0.6666666865348816 3849
1669361922341 0.800000011920929 3899
1669361949519 1.0 3949
1669361964048 0.0 3999
1669361979007 0.75 4049
1669361993498 0.800000011920929 4099
1669362020761 1.0 4149
1669362035335 0.3333333432674408 4199
1669362050060 0.5 4249
1669362064612 0.5 4299
1669362091606 0.0 4349
1669362106432 0.5 4399
1669362121226 0.6666666865348816 4449
1669362135928 0.75 4499
1669362150474 1.0 4549
1669362177377 1.0 4599
1669362191863 0.5 4649
1669362206337 0.3333333432674408 4699
1669362220890 0.0 4749
1669362247959 1.0 4799
1669362262791 0.6666666865348816 4849
1669362277452 1.0 4899
1669362292107 1.0 4949
1669362319280 0.5 4999
1669362333777 0.5 5049
1669362348352 0.0 5099
1669362362891 1.0 5149
1669362377541 0.6666666865348816 5199
1669362405065 1.0 5249
1669362419708 1.0 5299
1669362434219 0.6666666865348816 5349
1669362448718 0.5 5399
1669362475776 0.75 5449
1669362490396 0.6666666865348816 5499
1669362504874 0.6000000238418579 5549
1669362519419 1.0 5599
1669362546849 1.0 5649
1669362561602 1.0 5699
1669362576178 1.0 5749
1669362590605 0.0 5799
1669362605031 0.0 5849
1669362632849 1.0 5899
1669362647314 1.0 5949
1669362661788 0.0 5999
1669362676571 1.0 6049
1669362703571 0.6666666865348816 6099
1669362718099 1.0 6149
1669362732638 1.0 6199
1669362747215 1.0 6249
1669362774271 0.5 6299
1669362788726 0.0 6349
1669362803322 0.5 6399
1669362817912 1.0 6449
1669362832385 1.0 6499
1669362859391 0.6666666865348816 6549
1669362873830 1.0 6599
1669362888470 1.0 6649
1669362903081 1.0 6699
1669362930195 1.0 6749
1669362944809 0.0 6799
1669362959269 0.75 6849
1669362973744 0.6666666865348816 6899
1669363000725 1.0 6949
1669363015232 0.5 6999
1669363029754 1.0 7049
1669363044372 0.6666666865348816 7099
1669363058919 1.0 7149
1669363086590 0.5 7199
1669363101225 1.0 7249
1669363115719 0.3333333432674408 7299
1669363130211 1.0 7349
1669363156925 1.0 7399
1669363171400 0.3333333432674408 7449
1669363186044 0.0 7499
1669363200517 1.0 7549
1669363227794 1.0 7599
1669363242726 1.0 7649
1669363257225 0.6000000238418579 7699
1669363271766 0.3333333432674408 7749
1669363286298 1.0 7799
1669363313373 0.0 7849
1669363328115 1.0 7899
1669363342595 0.75 7949
1669363357171 1.0 7999
1669363384377 1.0 8049
1669363398967 1.0 8099
1669363413613 1.0 8149
1669363428185 0.3333333432674408 8199
1669363455214 0.0 8249
1669363469825 0.0 8299
1669363484329 0.5 8349
1669363498972 0.0 8399
1669363513710 0.5 8449
1669363540530 0.3333333432674408 8499
1669363555077 0.0 8549
1669363569617 1.0 8599
1669363584169 0.5 8649
1669363611594 0.0 8699
1669363626170 0.5 8749
1669363640923 0.5 8799
1669363655510 0.6666666865348816 8849
1669363682466 0.3333333432674408 8899
1669363697015 0.75 8949
1669363711531 0.6666666865348816 8999
1669363726152 0.0 9049
1669363740639 0.5 9099
1669363768062 0.6666666865348816 9149
1669363782613 1.0 9199
1669363797323 0.5 9249
1669363811842 1.0 9299
1669363839204 1.0 9349
1669363853701 0.0 9399
1669363868327 1.0 9449
1669363883172 0.5 9499
1669363910501 0.5 9549
1669363925299 0.0 9599
1669363939834 0.5 9649
1669363954376 1.0 9699
1669363968882 1.0 9749
1669363996017 0.75 9799
1669364010966 0.0 9849
1669364025718 0.3333333432674408 9899
1669364040324 0.800000011920929 9949
1669364067638 0.6666666865348816 9999
1669364082117 0.3333333432674408 10049
1669364096590 0.6000000238418579 10099
1669364111059 1.0 10149
1669364138147 0.0 10199
1669364152870 1.0 10249
1669364167437 0.5 10299
1669364182229 1.0 10349
1669364196806 0.6666666865348816 10399
1669364224008 1.0 10449
1669364238601 0.5 10499
1669364253125 1.0 10549
1669364267783 0.5 10599
1669364295029 1.0 10649
1669364309893 1.0 10699
1669364324379 0.5 10749
1669364338941 0.5 10799
1669364353233 0.0 10849
1669364380900 0.5 10899
1669364395534 1.0 10949
1669364410041 1.0 10999
1669364424541 0.5 11049
1669364452089 1.0 11099
1669364466615 0.5 11149
1669364481200 0.0 11199
1669364495717 0.3333333432674408 11249
1669364522861 0.8333333134651184 11299
1669364537549 1.0 11349
1669364551985 1.0 11399
1669364566692 1.0 11449
1669364581274 1.0 11499
1669364608588 0.75 11549
1669364623126 1.0 11599
1669364637789 0.5 11649
1669364652394 0.5 11699
1669364679650 1.0 11749
1669364694159 0.6666666865348816 11799
1669364708827 0.0 11849
1669364723471 1.0 11899
1669364750508 0.0 11949
1669364765291 1.0 11999
1669364780023 0.5 12049
1669364794605 1.0 12099
1669364809249 1.0 12149
1669364836467 0.5 12199
1669364851160 0.5 12249
1669364865768 0.5 12299
1669364880261 1.0 12349
1669364907620 1.0 12399
1669364922127 1.0 12449
1669364936650 1.0 12499
1669364951184 1.0 12549
1669364978614 0.0 12599
1669364993284 1.0 12649
1669365007797 1.0 12699
1669365022558 1.0 12749
1669365037201 0.75 12799
1669365064605 1.0 12849
1669365079286 0.5 12899
1669365093831 1.0 12949
1669365108354 0.75 12999
1669365135713 1.0 13049
1669365150301 1.0 13099
1669365164902 0.3333333432674408 13149
1669365179596 0.5 13199
1669365206846 1.0 13249
1669365221385 0.75 13299
1669365235908 0.6666666865348816 13349
1669365250578 1.0 13399
1669365265093 0.6666666865348816 13449
1669365292463 1.0 13499
1669365307338 0.5 13549
1669365321981 1.0 13599
1669365336646 0.3333333432674408 13649
1669365363731 1.0 13699
1669365378268 1.0 13749
1669365392788 0.5 13799
1669365407466 0.0 13849
1669365434628 1.0 13899
1669365449192 1.0 13949
1669365463958 0.0 13999
1669365478479 1.0 14049
1669365492961 0.6666666865348816 14099
1669365520213 1.0 14149
1669365534761 0.75 14199
1669365549479 0.6666666865348816 14249
1669365564037 1.0 14299
1669365591394 0.75 14349
1669365605920 0.6666666865348816 14399
1669365620672 0.6666666865348816 14449
1669365635360 0.75 14499
1669365662532 0.6666666865348816 14549
1669365677094 1.0 14599
1669365691902 1.0 14649
1669365706681 1.0 14699
1669365721346 0.0 14749
1669365748468 0.0 14799
1669365763198 1.0 14849
1669365777718 1.0 14899
1669365792242 0.6666666865348816 14949
1669365819394 0.0 14999
1669365834063 1.0 15049
1669365848726 0.5 15099
1669365863361 0.6666666865348816 15149
1669365890551 0.0 15199
1669365905084 1.0 15249
1669365919637 0.5 15299
1669365934279 1.0 15349
1669365948819 0.0 15399
1669365976100 0.6666666865348816 15449
1669365990736 0.5 15499
1669366005516 0.6000000238418579 15549
1669366020158 1.0 15599
1669366047348 0.3333333432674408 15649
1669366061853 0.6666666865348816 15699
1669366076363 0.3333333432674408 15749
1669366090874 0.75 15799
1669366118094 1.0 15849
1669366132864 0.3333333432674408 15899
1669366147380 1.0 15949
1669366162237 0.3333333432674408 15999
1669366176801 0.6666666865348816 16049
1669366204010 0.0 16099
1669366218540 1.0 16149
1669366233044 0.3333333432674408 16199
1669366247690 1.0 16249
1669366274848 0.5 16299
1669366289783 0.5 16349
1669366304290 0.6666666865348816 16399
1669366318810 0.5 16449
1669366346029 0.0 16499
1669366360653 1.0 16549
1669366375258 0.5 16599
1669366389967 1.0 16649
1669366404631 0.5 16699
1669366431641 0.6666666865348816 16749
1669366446407 1.0 16799
1669366460877 0.5 16849
1669366475344 0.75 16899
1669366502525 1.0 16949
1669366516999 1.0 16999
1669366531614 0.5 17049
1669366546187 0.5 17099
1669366573698 0.6666666865348816 17149
1669366588389 0.4000000059604645 17199
1669366602916 1.0 17249
1669366617435 1.0 17299
1669366631980 0.0 17349
1669366659639 0.75 17399
1669366674372 0.75 17449
1669366689165 0.0 17499
1669366703678 0.5 17549
1669366731028 1.0 17599
1669366745603 1.0 17649
1669366760221 1.0 17699
1669366774864 0.800000011920929 17749
1669366801910 0.25 17799
1669366816551 0.0 17849
1669366831200 0.5 17899
1669366845997 0.5 17949
1669366860479 0.6666666865348816 17999
1669366887543 0.5 18049
1669366902065 0.0 18099
1669366916589 0.0 18149
1669366931106 1.0 18199
1669366958249 1.0 18249
1669366973017 1.0 18299
1669366987630 1.0 18349
1669367002134 0.3333333432674408 18399
1669367029370 0.75 18449
1669367043864 0.0 18499
1669367058384 1.0 18549
1669367072923 0.5 18599
1669367087561 0.6666666865348816 18649
1669367115217 0.0 18699
1669367129715 0.4000000059604645 18749
1669367144190 0.75 18799
1669367158675 0.5 18849
1669367185660 0.0 18899
1669367200188 0.6666666865348816 18949
1669367214700 0.0 18999
1669367229479 1.0 19049
1669367256879 0.3333333432674408 19099
1669367271395 0.3333333432674408 19149
1669367285891 0.5 19199
1669367300360 0.5 19249
1669367314846 0.25 19299
1669367342118 0.5 19349
1669367356627 1.0 19399
1669367371382 0.0 19449
1669367385995 0.75 19499
1669367413149 1.0 19549
1669367427673 0.0 19599
1669367442210 1.0 19649
1669367456725 0.6666666865348816 19699
1669367484114 0.0 19749
1669367498709 1.0 19799
1669367513469 0.6666666865348816 19849
1669367527934 0.0 19899
1669367542392 0.3333333432674408 19949
1669367569516 1.0 19999
1669367584022 1.0 20049
1669367598528 0.800000011920929 20099
1669367613040 0.6666666865348816 20149
1669367640347 1.0 20199
1669367655205 0.75 20249
1669367669782 0.0 20299
1669367684379 0.5 20349
1669367711581 0.5 20399
1669367726118 0.5 20449
1669367740825 0.3333333432674408 20499
1669367755317 0.5 20549
1669367769982 1.0 20599
1669367797481 1.0 20649
1669367812024 0.6666666865348816 20699
1669367826539 0.5 20749
1669367841199 0.5 20799
1669367868648 0.75 20849
1669367883309 1.0 20899
1669367897983 0.0 20949
1669367912501 1.0 20999
1669367939750 0.75 21049
1669367954399 0.6666666865348816 21099
1669367968890 1.0 21149
1669367983381 0.6666666865348816 21199
1669367997849 0.3333333432674408 21249
1669368025110 0.6000000238418579 21299
1669368039747 0.6666666865348816 21349
1669368054412 0.0 21399
1669368068881 0.3333333432674408 21449
1669368096218 0.3333333432674408 21499
1669368110736 1.0 21549
1669368125538 0.6000000238418579 21599
1669368140061 0.6000000238418579 21649
1669368154370 0.0 21699
1669368181827 1.0 21749
1669368196481 0.6666666865348816 21799
1669368211261 1.0 21849
1669368225740 0.5 21899
1669368252979 0.6000000238418579 21949
1669368267602 0.6666666865348816 21999
1669368282120 0.6666666865348816 22049
1669368296663 0.5 22099
1669368323981 0.5 22149
1669368338826 0.0 22199
1669368353404 1.0 22249
1669368368124 0.0 22299
1669368382692 0.800000011920929 22349
1669368410291 0.5 22399
1669368424860 1.0 22449
1669368439407 0.6666666865348816 22499
1669368454172 0.5 22549
1669368481398 0.75 22599
1669368495946 0.0 22649
1669368510531 0.0 22699
1669368525265 1.0 22749
1669368552747 1.0 22799
1669368567208 0.0 22849
1669368581687 0.5 22899
1669368596346 1.0 22949
1669368610999 1.0 22999
1669368638447 0.5 23049
1669368653050 1.0 23099
1669368667678 1.0 23149
1669368682327 0.0 23199
1669368709643 1.0 23249
1669368724183 0.0 23299
1669368738708 0.75 23349
1669368753507 1.0 23399
1669368780637 0.5 23449
1669368795206 0.5 23499
1669368809748 0.0 23549
1669368824485 0.5 23599
1669368839070 1.0 23649
1669368866251 1.0 23699
1669368880889 0.5 23749
1669368895360 0.5 23799
1669368909992 1.0 23849
1669368937568 0.0 23899
1669368952257 0.0 23949
1669368966813 0.5 23999
1669368981338 0.0 24049
1669369008736 0.6666666865348816 24099
1669369023262 0.0 24149
1669369037773 0.5 24199
1669369052425 0.6666666865348816 24249
1669369066937 0.0 24299
1669369094255 0.6666666865348816 24349
1669369108825 1.0 24399
1669369123384 0.5 24449
1669369138078 0.6666666865348816 24499
1669369165446 0.75 24549
1669369179953 1.0 24599
1669369194497 0.0 24649
1669369209146 0.6666666865348816 24699
1669369236415 0.0 24749
1669369250909 1.0 24799
1669369265436 0.5 24849
1669369280063 1.0 24899
1669369294514 0.0 24949
1669369321812 0.6666666865348816 24999
1669369336555 1.0 25049
1669369351160 1.0 25099
1669369365870 0.0 25149
1669369393308 0.0 25199
1669369407938 0.5 25249
1669369422927 1.0 25299
1669369438003 1.0 25349
1669369465414 0.0 25399
1669369480239 1.0 25449
1669369494764 1.0 25499
1669369509253 0.6666666865348816 25549
1669369523743 0.6666666865348816 25599
1669369551196 1.0 25649
1669369565719 1.0 25699
1669369580245 0.5 25749
1669369594816 0.6000000238418579 25799
1669369621781 0.6666666865348816 25849
1669369636288 0.800000011920929 25899
1669369650850 0.6666666865348816 25949
1669369665340 0.0 25999
1669369692590 0.5 26049
1669369707136 1.0 26099
1669369721582 0.5 26149
1669369736193 0.3333333432674408 26199
1669369751217 1.0 26249
1669369778587 0.0 26299
1669369793179 0.3333333432674408 26349
1669369807703 0.3333333432674408 26399
1669369822382 1.0 26449
1669369849489 0.75 26499
1669369864304 0.75 26549
1669369878806 1.0 26599
1669369893466 1.0 26649
1669369920919 0.75 26699
1669369935395 1.0 26749
1669369950054 0.5 26799
1669369964607 0.6666666865348816 26849
1669369979131 1.0 26899
1669370006540 1.0 26949
1669370021238 0.6666666865348816 26999
1669370035884 0.0 27049
1669370050632 0.0 27099
1669370078053 1.0 27149
1669370092903 1.0 27199
1669370107435 1.0 27249
1669370122091 0.0 27299
1669370149345 1.0 27349
1669370164154 1.0 27399
1669370178628 1.0 27449
1669370193150 0.0 27499
1669370207626 1.0 27549
1669370234895 0.0 27599
1669370249433 0.5 27649
1669370264100 0.6666666865348816 27699
1669370278608 0.3333333432674408 27749
1669370305997 0.6666666865348816 27799
1669370320520 0.0 27849
1669370335266 1.0 27899
1669370349820 0.5 27949
1669370377348 1.0 27999
1669370391996 0.6666666865348816 28049
1669370406513 0.6666666865348816 28099
1669370421005 0.5 28149
1669370435640 1.0 28199
1669370463217 0.6666666865348816 28249
1669370477737 1.0 28299
1669370492422 0.6666666865348816 28349
1669370506988 1.0 28399
1669370534370 1.0 28449
1669370549051 1.0 28499
1669370563600 0.0 28549
1669370578262 1.0 28599
1669370605537 0.0 28649
1669370620251 0.5 28699
1669370634797 1.0 28749
1669370649385 1.0 28799
1669370663896 0.6000000238418579 28849
1669370691212 0.6666666865348816 28899
1669370705779 0.6666666865348816 28949
1669370720355 1.0 28999
1669370734908 0.6666666865348816 29049
1669370762568 0.6666666865348816 29099
1669370777173 1.0 29149
1669370791946 1.0 29199
1669370806684 1.0 29249
1669370833967 0.5 29299
1669370848475 0.5 29349
1669370863008 0.0 29399
1669370877675 1.0 29449
1669370892324 0.6666666865348816 29499
1669370920018 1.0 29549
1669370934579 0.3333333432674408 29599
1669370949181 0.0 29649
1669370963787 1.0 29699
1669370991584 0.5 29749
1669371006240 0.0 29799
1669371020738 0.75 29849
1669371035542 1.0 29899
1669371063073 1.0 29949
1669371077608 0.75 29999
1669371092435 1.0 30049
1669371106972 0.6666666865348816 30099
1669371121666 1.0 30149
1669371148963 0.6666666865348816 30199
1669371163560 0.6666666865348816 30249
1669371178289 1.0 30299
1669371192857 1.0 30349
1669371220150 0.0 30399
1669371235019 0.4000000059604645 30449
1669371249734 0.5 30499
1669371264272 0.5 30549
1669371292383 1.0 30599
1669371306911 0.75 30649
1669371321601 0.6666666865348816 30699
1669371336149 0.5 30749
1669371350688 0.3333333432674408 30799
1669371378567 0.6666666865348816 30849
1669371393103 1.0 30899
1669371407753 1.0 30949
1669371422405 0.6666666865348816 30999
1669371450062 0.0 31049
1669371464653 0.5 31099
1669371479176 0.5 31149
1669371493837 1.0 31199
1669371521315 1.0 31249
1669371535846 1.0 31299
1669371550363 0.25 31349
1669371564891 1.0 31399
1669371579616 0.75 31449
1669371606774 1.0 31499
1669371621311 0.6666666865348816 31549
1669371635969 1.0 31599
1669371650690 1.0 31649
1669371678315 1.0 31699
1669371692999 1.0 31749
1669371707517 0.0 31799
1669371722033 0.25 31849
1669371749442 0.25 31899
1669371764118 0.6666666865348816 31949
1669371778648 0.3333333432674408 31999
1669371793337 0.5 32049
1669371809890 0.6666666865348816 32099
1669371837456 1.0 32149
1669371852033 1.0 32199
1669371866587 0.5 32249
1669371881082 1.0 32299
1669371908675 0.0 32349
1669371923397 1.0 32399
1669371937976 1.0 32449
1669371952855 1.0 32499
1669371967199 0.0 32549
1669371994833 1.0 32599
1669372009355 1.0 32649
1669372023895 0.5 32699
1669372038426 1.0 32749
1669372065977 1.0 32799
1669372080943 0.5 32849
1669372095618 1.0 32899
1669372110134 0.75 32949
1669372137431 1.0 32999
1669372151946 1.0 33049
1669372166442 1.0 33099
1669372180943 0.5 33149
1669372195737 0.5 33199
1669372223346 1.0 33249
1669372237816 0.5 33299
1669372252276 0.75 33349
1669372266801 0.0 33399
1669372294343 1.0 33449
1669372308877 0.6666666865348816 33499
1669372323469 1.0 33549
1669372338316 1.0 33599
1669372365507 0.0 33649
1669372380178 0.6666666865348816 33699
1669372394792 1.0 33749
1669372409384 1.0 33799
1669372423943 0.5 33849
1669372451171 1.0 33899
1669372465656 0.75 33949
1669372480270 0.5 33999
1669372494879 0.0 34049
1669372522314 0.5 34099
1669372536981 0.6000000238418579 34149
1669372551467 1.0 34199
1669372565978 1.0 34249
1669372593198 0.6666666865348816 34299
1669372607760 0.5 34349
1669372622275 0.6666666865348816 34399
1669372637086 1.0 34449
1669372651906 1.0 34499
1669372679200 0.5 34549
1669372693814 1.0 34599
1669372708327 0.4000000059604645 34649
1669372722867 0.5 34699
1669372750130 0.5 34749
1669372764758 1.0 34799
1669372779361 1.0 34849
1669372794097 1.0 34899
1669372821409 0.75 34949
1669372835928 0.0 34999
1669372850446 0.5 35049
1669372864962 0.5 35099
1669372879496 1.0 35149
1669372907136 1.0 35199
1669372921837 0.5 35249
1669372936360 0.0 35299
1669372950885 1.0 35349
1669372978169 1.0 35399
1669372992795 0.0 35449
1669373007431 0.25 35499
1669373022226 0.5 35549
1669373049675 0.5 35599
1669373064224 0.4000000059604645 35649
1669373078749 1.0 35699
1669373093483 0.6666666865348816 35749
1669373108006 0.0 35799
1669373135293 1.0 35849
1669373149881 1.0 35899
1669373164388 0.5 35949
1669373179054 0.5 35999
1669373206638 0.0 36049
1669373221179 1.0 36099
1669373235701 0.3333333432674408 36149
1669373250314 0.0 36199
1669373277830 0.0 36249
1669373292437 1.0 36299
1669373307114 0.6666666865348816 36349
1669373321667 0.0 36399
1669373336196 0.0 36449
1669373363821 0.3333333432674408 36499
1669373378371 0.3333333432674408 36549
1669373392847 1.0 36599
1669373407542 0.5 36649
1669373435209 1.0 36699
1669373449701 1.0 36749
1669373464208 1.0 36799
1669373478711 0.75 36849
1669373506292 0.3333333432674408 36899
1669373520804 1.0 36949
1669373535345 1.0 36999
1669373549969 0.5 37049
1669373564443 1.0 37099
1669373592059 0.6000000238418579 37149
1669373606638 0.5 37199
1669373621197 0.6666666865348816 37249
1669373635890 0.0 37299
1669373663255 0.5 37349
1669373677772 0.3333333432674408 37399
1669373692443 1.0 37449
1669373707153 1.0 37499
1669373734513 0.6666666865348816 37549
1669373749033 0.3333333432674408 37599
1669373763560 0.0 37649
1669373778335 1.0 37699
1669373792824 0.0 37749
1669373820396 0.5 37799
1669373835163 0.0 37849
1669373849624 0.5 37899
1669373864107 1.0 37949
1669373891436 0.800000011920929 37999
1669373905911 1.0 38049
1669373920489 1.0 38099
1669373935119 1.0 38149
1669373962450 1.0 38199
1669373976934 1.0 38249
1669373991495 0.5 38299
1669374005989 1.0 38349
1669374020662 0.5 38399
1669374047967 0.5 38449
1669374062628 1.0 38499
1669374077272 1.0 38549
1669374091860 1.0 38599
1669374119166 1.0 38649
1669374133714 0.0 38699
1669374148258 0.6666666865348816 38749
1669374162922 0.6000000238418579 38799
1669374190204 0.0 38849
1669374205023 1.0 38899
1669374219673 0.6666666865348816 38949
1669374234185 0.75 38999
1669374248699 0.0 39049
1669374276034 1.0 39099
1669374290673 0.5 39149
1669374305248 1.0 39199
1669374320072 1.0 39249
1669374347257 0.0 39299
1669374361803 1.0 39349
1669374376497 1.0 39399
1669374391073 0.6666666865348816 39449
1669374418395 1.0 39499
1669374432919 0.5 39549
1669374447514 1.0 39599
1669374462048 0.25 39649
1669374476799 0.0 39699
1669374504309 1.0 39749
1669374518863 1.0 39799
1669374533433 0.0 39849
1669374548027 1.0 39899
1669374575544 0.4000000059604645 39949
1669374590051 0.5 39999
1669374604880 0.6000000238418579 40049
1669374619523 0.5 40099
1669374646711 0.5 40149
1669374661407 0.5 40199
1669374675994 0.6666666865348816 40249
1669374690514 1.0 40299
1669374705106 1.0 40349
1669374732317 1.0 40399
1669374746957 1.0 40449
1669374761746 1.0 40499
1669374776271 1.0 40549
1669374803767 0.0 40599
1669374818293 0.5 40649
1669374832813 0.20000000298023224 40699
1669374847360 1.0 40749
1669374874898 1.0 40799
1669374889632 1.0 40849
1669374904302 0.0 40899
1669374918932 1.0 40949
1669374933462 0.4000000059604645 40999
1669374960921 0.6666666865348816 41049
1669374975460 0.6666666865348816 41099
1669374989951 0.0 41149
1669375004587 1.0 41199
1669375032255 0.5 41249
1669375046807 1.0 41299
1669375061362 0.75 41349
1669375076018 1.0 41399
1669375103451 1.0 41449
1669375118264 0.25 41499
1669375132979 1.0 41549
1669375147701 0.6666666865348816 41599
1669375162394 1.0 41649
1669375189853 0.0 41699
1669375204357 0.5 41749
1669375218968 0.5 41799
1669375233459 1.0 41849
1669375260711 0.6666666865348816 41899
1669375275196 0.0 41949
1669375289846 0.5 41999
1669375304591 0.800000011920929 42049
1669375331954 1.0 42099
1669375346662 0.75 42149
1669375361330 0.0 42199
1669375375861 0.5 42249
1669375390404 0.6666666865348816 42299
1669375418106 0.5 42349
1669375432785 0.6666666865348816 42399
1669375447319 0.6666666865348816 42449
1669375461827 1.0 42499
1669375489222 0.5 42549
1669375503712 1.0 42599
1669375518192 0.75 42649
1669375532858 1.0 42699
1669375560434 0.6666666865348816 42749
1669375574979 0.6666666865348816 42799
1669375589708 1.0 42849
1669375604284 1.0 42899
1669375618980 1.0 42949
1669375646331 0.0 42999
1669375660984 0.6666666865348816 43049
1669375675950 1.0 43099
1669375690465 0.0 43149
1669375717877 0.75 43199
1669375732383 0.3333333432674408 43249
1669375746940 1.0 43299
1669375761440 1.0 43349
1669375775958 0.0 43399
1669375803419 1.0 43449
1669375818035 1.0 43499
1669375832699 0.75 43549
1669375847463 0.5 43599
1669375875029 1.0 43649
1669375889559 0.5 43699
1669375904286 0.75 43749
1669375918805 0.75 43799
1669375946396 0.5 43849
1669375961221 0.0 43899
1669375975997 1.0 43949
1669375990658 1.0 43999
1669376005171 0.3333333432674408 44049
1669376032440 1.0 44099
1669376047003 0.6666666865348816 44149
1669376061525 1.0 44199
1669376076523 0.0 44249
1669376104121 1.0 44299
1669376118592 1.0 44349
1669376133484 1.0 44399
1669376147972 1.0 44449
1669376175353 0.5 44499
1669376189899 1.0 44549
1669376204554 0.75 44599
1669376219231 0.800000011920929 44649
1669376233797 0.4000000059604645 44699
1669376261042 0.3333333432674408 44749
1669376275692 0.25 44799
1669376290312 1.0 44849
1669376304812 0.0 44899
1669376332086 1.0 44949
1669376346744 1.0 44999
1669376361401 0.0 45049
1669376376035 1.0 45099
1669376403808 0.25 45149
1669376418380 0.75 45199
1669376433146 0.3333333432674408 45249
1669376447720 0.6666666865348816 45299
1669376462347 1.0 45349
1669376489851 0.6666666865348816 45399
1669376504622 0.0 45449
1669376519163 0.0 45499
1669376533809 0.6666666865348816 45549
1669376561180 1.0 45599
1669376575795 0.5 45649
1669376590298 1.0 45699
1669376604938 0.5 45749
1669376632334 0.4000000059604645 45799
1669376646927 0.0 45849
1669376661637 1.0 45899
1669376676426 0.6666666865348816 45949
1669376690908 0.3333333432674408 45999
1669376718224 1.0 46049
1669376732673 1.0 46099
1669376747251 1.0 46149
1669376761781 0.75 46199
1669376789037 1.0 46249
1669376803692 0.800000011920929 46299
1669376818534 0.0 46349
1669376833222 0.3333333432674408 46399
1669376860708 0.0 46449
1669376875272 0.75 46499
1669376889901 0.6000000238418579 46549
1669376904585 1.0 46599
1669376919130 0.5 46649
1669376946682 0.6666666865348816 46699
1669376961288 0.5 46749
1669376975821 0.6666666865348816 46799
1669376990621 1.0 46849
1669377017858 1.0 46899
1669377032623 1.0 46949
1669377047273 1.0 46999
1669377061879 1.0 47049
1669377089256 0.3333333432674408 47099
1669377103767 0.3333333432674408 47149
1669377118290 1.0 47199
1669377133133 0.0 47249
1669377147715 0.3333333432674408 47299
1669377175177 0.5 47349
1669377189690 0.6000000238418579 47399
1669377204332 0.5 47449
1669377218852 1.0 47499
1669377246126 0.5 47549
1669377260683 0.3333333432674408 47599
1669377275289 1.0 47649
1669377290104 0.5 47699
1669377317512 1.0 47749
1669377332278 0.5 47799
1669377346987 0.800000011920929 47849
1669377361540 0.6666666865348816 47899
1669377376076 1.0 47949
1669377403167 1.0 47999
1669377417653 0.6666666865348816 48049
1669377432125 0.75 48099
1669377446940 0.75 48149
1669377473989 0.5 48199
1669377488683 0.3333333432674408 48249
1669377503399 1.0 48299
1669377517930 0.6666666865348816 48349
1669377545223 0.75 48399
1669377560172 0.0 48449
1669377574746 1.0 48499
1669377589320 1.0 48549
1669377604069 0.5 48599
1669377631364 0.6666666865348816 48649
1669377645993 0.75 48699
1669377660617 1.0 48749
1669377675191 0.0 48799
1669377702418 0.6666666865348816 48849
1669377716970 0.0 48899
1669377731617 0.5 48949
1669377746251 0.3333333432674408 48999
1669377773753 0.75 49049
1669377788267 0.800000011920929 49099
1669377802822 1.0 49149
1669377817493 1.0 49199
1669377832001 1.0 49249
1669377859361 0.5 49299
1669377873897 0.0 49349
1669377888713 1.0 49399
1669377903426 0.6666666865348816 49449
1669377930819 0.0 49499
1669377945306 1.0 49549
1669377959796 0.25 49599
1669377974284 1.0 49649
1669378001698 1.0 49699
1669378016412 1.0 49749
1669378031187 1.0 49799
1669378045636 0.0 49849
1669378060084 0.3333333432674408 49899
1669378087605 0.0 49949
1669378102293 0.6666666865348816 49999
1669378116815 0.75 50049
1669378131329 0.0 50099
1669378158835 1.0 50149
1669378173510 1.0 50199
1669378188051 0.75 50249
1669378202712 0.5 50299
1669378230037 0.75 50349
1669378244558 1.0 50399
1669378259049 0.6666666865348816 50449
1669378273694 0.6666666865348816 50499
1669378288170 0.5 50549
1669378315578 1.0 50599
1669378330253 0.0 50649
1669378344897 1.0 50699
1669378359433 1.0 50749
1669378386661 0.5 50799
1669378401339 0.6666666865348816 50849
1669378415879 0.75 50899
1669378430519 1.0 50949
1669378458066 0.5 50999
1669378472953 0.75 51049
1669378487539 0.0 51099
1669378502084 0.5 51149
1669378516773 0.0 51199
1669378544299 0.0 51249
1669378558797 1.0 51299
1669378573594 1.0 51349
1669378588071 1.0 51399
1669378615534 0.0 51449
1669378630149 0.0 51499
1669378644649 0.25 51549
1669378659168 0.75 51599
1669378686709 1.0 51649
1669378701389 0.5 51699
1669378716161 0.75 51749
1669378730679 0.75 51799
1669378745339 0.5 51849
1669378772852 0.6666666865348816 51899
1669378787350 0.6666666865348816 51949
1669378802023 0.0 51999
1669378816915 1.0 52049
1669378844168 1.0 52099
1669378858695 1.0 52149
1669378873270 0.0 52199
1669378887810 1.0 52249
1669378915257 0.3333333432674408 52299
1669378929833 1.0 52349
1669378944381 1.0 52399
1669378959146 0.6666666865348816 52449
1669378973722 0.5 52499
1669379001358 0.6666666865348816 52549
1669379015919 0.5 52599
1669379030452 0.5 52649
1669379045134 0.6666666865348816 52699
1669379072859 0.5 52749
1669379087451 0.5 52799
1669379102151 0.6666666865348816 52849
1669379116665 1.0 52899
1669379144016 1.0 52949
1669379158676 0.0 52999
1669379173246 0.5 53049
1669379187808 0.3333333432674408 53099
1669379202499 0.3333333432674408 53149
1669379229968 0.6666666865348816 53199
1669379244628 1.0 53249
1669379259164 1.0 53299
1669379273791 1.0 53349
1669379301132 0.20000000298023224 53399
1669379315749 0.5 53449
1669379330405 0.0 53499
1669379345077 1.0 53549
1669379372320 1.0 53599
1669379387002 0.6666666865348816 53649
1669379401641 1.0 53699
1669379416202 1.0 53749
1669379430954 1.0 53799
1669379458285 0.6666666865348816 53849
1669379472943 0.0 53899
1669379487705 1.0 53949
1669379502340 0.0 53999
1669379529699 0.0 54049
1669379544197 1.0 54099
1669379558830 1.0 54149
1669379573330 1.0 54199
1669379587721 1.0 54249
1669379615455 1.0 54299
1669379630251 0.6000000238418579 54349
1669379644766 0.5 54399
1669379659288 0.5 54449
1669379686610 0.5 54499
1669379701200 0.0 54549
1669379715783 1.0 54599
1669379730584 1.0 54649
1669379758030 0.75 54699
1669379772677 1.0 54749
1669379787206 0.800000011920929 54799
1669379801861 0.5 54849
1669379816366 0.5 54899
1669379843644 0.5 54949
1669379858205 0.0 54999
1669379873001 0.0 55049
1669379887675 0.6666666865348816 55099
1669379915119 0.0 55149
1669379929578 0.75 55199
1669379944204 0.0 55249
1669379958740 0.5 55299
1669379986351 0.0 55349
1669380000903 1.0 55399
1669380015774 1.0 55449
1669380030325 1.0 55499
1669380044931 0.0 55549
1669380072263 0.0 55599
1669380086821 0.5 55649
1669380101494 1.0 55699
1669380116001 1.0 55749
1669380143347 0.75 55799
1669380158017 0.0 55849
1669380172679 1.0 55899
1669380187195 1.0 55949
1669380214725 0.75 55999
1669380229370 0.0 56049
1669380243957 0.6666666865348816 56099
1669380258399 1.0 56149
1669380272988 0.3333333432674408 56199
1669380300348 1.0 56249
1669380314851 1.0 56299
1669380329502 0.3333333432674408 56349
1669380344092 1.0 56399
1669380371489 0.0 56449
1669380386156 1.0 56499
1669380400803 0.6666666865348816 56549
1669380415310 0.0 56599
1669380442666 1.0 56649
1669380457165 0.6000000238418579 56699
1669380471846 1.0 56749
1669380486451 0.6666666865348816 56799
1669380501115 0.6666666865348816 56849
1669380528460 0.800000011920929 56899
1669380543145 1.0 56949
1669380557660 0.5 56999
1669380572178 1.0 57049
1669380599683 1.0 57099
1669380614240 1.0 57149
1669380628774 1.0 57199
1669380643594 1.0 57249
1669380670977 0.5 57299
1669380685613 1.0 57349
1669380700108 0.3333333432674408 57399
1669380714582 1.0 57449
1669380729102 0.25 57499
1669380756515 1.0 57549
1669380771064 0.75 57599
1669380785755 0.3333333432674408 57649
1669380800427 0.6666666865348816 57699
1669380827764 0.5 57749
1669380842290 1.0 57799
1669380857019 1.0 57849
1669380871552 1.0 57899
1669380899155 0.0 57949
1669380913675 0.6666666865348816 57999
1669380928174 0.0 58049
1669380942795 1.0 58099
1669380957282 0.5 58149
1669380984827 1.0 58199
1669380999314 1.0 58249
1669381013940 1.0 58299
1669381028587 1.0 58349
1669381055802 0.6666666865348816 58399
1669381070482 0.3333333432674408 58449
1669381085061 0.5 58499
1669381099679 0.6000000238418579 58549
1669381127084 0.5 58599
1669381141804 0.5 58649
1669381156517 1.0 58699
1669381171084 0.0 58749
1669381185930 0.5 58799
1669381213245 1.0 58849
1669381227726 0.75 58899
1669381242209 1.0 58949
1669381256718 0.6666666865348816 58999
1669381283898 1.0 59049
1669381298768 1.0 59099
1669381313503 1.0 59149
1669381328046 1.0 59199
1669381355327 1.0 59249
1669381369853 1.0 59299
1669381384355 1.0 59349
1669381398845 1.0 59399
1669381413332 0.75 59449
1669381440729 0.0 59499
1669381455479 0.0 59549
1669381470123 0.0 59599
1669381484678 1.0 59649
1669381512068 0.6666666865348816 59699
1669381526701 0.5 59749
1669381541387 0.5 59799
1669381555909 0.0 59849
1669381583315 0.0 59899
1669381598065 0.3333333432674408 59949
1669381612752 0.6666666865348816 59999
1669381627313 0.5 60049
1669381641857 0.6000000238418579 60099
1669381669265 0.6666666865348816 60149
1669381683934 1.0 60199
1669381698399 1.0 60249
1669381713003 0.25 60299
1669381740498 1.0 60349
1669381755002 0.75 60399
1669381769495 0.75 60449
1669381783994 0.6666666865348816 60499
1669381811455 0.5 60549
1669381826142 0.6666666865348816 60599
1669381840644 1.0 60649
1669381855161 0.0 60699
1669381869822 1.0 60749
1669381897296 0.0 60799
1669381911857 1.0 60849
1669381926402 0.5 60899
1669381941067 0.0 60949
1669381968561 1.0 60999
1669381983417 0.6666666865348816 61049
1669381997966 1.0 61099
1669382012662 0.5 61149
1669382040027 0.0 61199
1669382054575 0.75 61249
1669382069152 1.0 61299
1669382083834 0.6666666865348816 61349
1669382098406 0.0 61399
1669382125750 1.0 61449
1669382140358 1.0 61499
1669382154861 0.0 61549
1669382169321 0.6666666865348816 61599
1669382196434 1.0 61649
1669382210979 0.3333333432674408 61699
1669382225858 0.5 61749
1669382240545 0.5 61799
1669382268070 0.6666666865348816 61849
1669382282669 0.3333333432674408 61899
1669382297163 0.5 61949
1669382311696 1.0 61999
1669382326225 1.0 62049
1669382353387 1.0 62099
1669382368198 0.0 62149
1669382382994 0.0 62199
1669382397511 1.0 62249
1669382424839 0.5 62299
1669382439359 1.0 62349
1669382453864 0.5 62399
1669382468359 0.5 62449
1669382495947 1.0 62499
1669382510769 1.0 62549
1669382525327 1.0 62599
1669382539933 0.5 62649
1669382554530 0.6666666865348816 62699
1669382582086 1.0 62749
1669382596589 1.0 62799
1669382611097 1.0 62849
1669382625784 0.25 62899
1669382653206 0.6000000238418579 62949
1669382667711 1.0 62999
1669382682362 1.0 63049
1669382696871 0.3333333432674408 63099
1669382724204 0.75 63149
1669382738737 0.0 63199
1669382753294 1.0 63249
1669382767973 1.0 63299
1669382782463 0.3333333432674408 63349
1669382809909 1.0 63399
1669382824497 1.0 63449
1669382839224 1.0 63499
1669382853887 1.0 63549
1669382881279 1.0 63599
1669382895988 0.6666666865348816 63649
1669382910524 1.0 63699
1669382925015 1.0 63749
1669382952244 1.0 63799
1669382967097 1.0 63849
1669382981816 1.0 63899
1669382996473 1.0 63949
1669383010992 1.0 63999
1669383038530 0.6666666865348816 64049
1669383053086 0.6666666865348816 64099
1669383067653 0.6666666865348816 64149
1669383082376 0.5 64199
1669383109976 0.0 64249
1669383124602 1.0 64299
1669383139140 0.0 64349
1669383153651 1.0 64399
1669383180957 0.25 64449
1669383195665 1.0 64499
1669383210396 1.0 64549
1669383225095 0.25 64599
1669383239657 0.3333333432674408 64649
1669383267069 1.0 64699
1669383281535 0.5 64749
1669383296335 1.0 64799
1669383310930 0.6666666865348816 64849
1669383338233 1.0 64899
1669383353012 1.0 64949
1669383367838 1.0 64999
1669383382347 0.75 65049
1669383396659 0.0 65099
