1669360649588 0.43424856662750244 216
1669360724569 0.4341040551662445 433
1669360800707 0.4364161789417267 650
1669360876379 0.4449422061443329 867
1669360952175 0.4489884376525879 1084
1669361027751 0.46054914593696594 1301
1669361103397 0.4713872969150543 1518
1669361179559 0.4784682095050812 1735
1669361254915 0.49219653010368347 1952
1669361330433 0.5039017200469971 2169
1669361405901 0.5226878523826599 2386
1669361481660 0.5406069159507751 2603
1669361556821 0.5401734113693237 2820
1669361632792 0.5565028786659241 3037
1669361708701 0.56488436460495 3254
1669361784501 0.5705202221870422 3471
1669361860327 0.579913318157196 3688
1669361936068 0.5838150382041931 3905
1669362012277 0.593497097492218 4122
1669362088028 0.5985549092292786 4339
1669362164299 0.6112716794013977 4556
1669362239729 0.6125722527503967 4773
1669362315945 0.625 4990
1669362391983 0.6189306378364563 5207
1669362467813 0.6336705088615417 5424
1669362543844 0.6296243071556091 5641
1669362619574 0.632514476776123 5858
1669362695900 0.6332370042800903 6075
1669362771591 0.6391618251800537 6292
1669362847116 0.635404646396637 6509
1669362922800 0.6427745819091797 6726
1669362998254 0.6456647515296936 6943
1669363073973 0.6478323936462402 7160
1669363149934 0.6481214165687561 7377
1669363225382 0.6508670449256897 7594
1669363301681 0.6547687649726868 7811
1669363377465 0.6541907787322998 8028
1669363453409 0.6543352603912354 8245
1669363529070 0.65101158618927 8462
1669363605086 0.6504335403442383 8679
1669363680883 0.6533237099647522 8896
1669363756631 0.652312159538269 9113
1669363832989 0.6557803750038147 9330
1669363908948 0.6592485308647156 9547
1669363985098 0.6588150262832642 9764
1669364061728 0.6635838150978088 9981
1669364137179 0.6566473841667175 10198
1669364213489 0.652890145778656 10415
1669364289315 0.6586705446243286 10632
1669364365614 0.6663295030593872 10849
1669364441505 0.6589595079421997 11066
1669364517391 0.6596820950508118 11283
1669364593578 0.6585260033607483 11500
1669364669597 0.6549133062362671 11717
1669364745463 0.6550577878952026 11934
1669364821775 0.6599711179733276 12151
1669364897809 0.6612716913223267 12368
1669364973716 0.6585260033607483 12585
1669365050293 0.6627167463302612 12802
1669365126225 0.660404622554779 13019
1669365202372 0.6638728380203247 13236
1669365278469 0.6638728380203247 13453
1669365354670 0.6644508838653564 13670
1669365430472 0.6605491042137146 13887
1669365506433 0.6595375537872314 14104
1669365582605 0.6622832417488098 14321
1669365658625 0.663294792175293 14538
1669365734990 0.6602601408958435 14755
1669365810810 0.6635838150978088 14972
1669365886944 0.6634393334388733 15189
1669365962943 0.6643063426017761 15406
1669366039107 0.661994218826294 15623
1669366114776 0.6661849617958069 15840
1669366191166 0.6634393334388733 16057
1669366266886 0.6621387004852295 16274
1669366343004 0.6606936454772949 16491
1669366419101 0.6625722646713257 16708
1669366494861 0.66719651222229 16925
1669366570957 0.6676300764083862 17142
1669366647337 0.6599711179733276 17359
1669366723511 0.6618497371673584 17576
1669366799504 0.6676300764083862 17793
1669366875584 0.6609826683998108 18010
1669366951076 0.6608381271362305 18227
1669367027243 0.6660404801368713 18444
1669367103215 0.6617051959037781 18661
1669367178841 0.6635838150978088 18878
1669367255072 0.664595365524292 19095
1669367330623 0.6656069159507751 19312
1669367406650 0.6615607142448425 19529
1669367482534 0.6667630076408386 19746
1669367558308 0.6653178930282593 19963
1669367634153 0.6647399067878723 20180
1669367710406 0.6627167463302612 20397
1669367786359 0.6667630076408386 20614
1669367862741 0.6657514572143555 20831
1669367938799 0.6679190993309021 21048
1669368014461 0.6697976589202881 21265
1669368090574 0.6648843884468079 21482
1669368166639 0.6674855351448059 21699
1669368242734 0.670086681842804 21916
1669368318568 0.6651734113693237 22133
1669368395231 0.6650289297103882 22350
1669368471271 0.6654624342918396 22567
1669368547706 0.6715317964553833 22784
1669368623832 0.6686416268348694 23001
1669368699977 0.6674855351448059 23218
1669368775844 0.6679190993309021 23435
1669368851800 0.6679190993309021 23652
1669368927746 0.6690751314163208 23869
1669369004253 0.6683526039123535 24086
1669369080069 0.6680635809898376 24303
1669369156237 0.6684970855712891 24520
1669369232310 0.6690751314163208 24737
1669369308036 0.6622832417488098 24954
1669369384397 0.663294792175293 25171
1669369461438 0.6677745580673218 25388
1669369537446 0.6683526039123535 25605
1669369613302 0.6657514572143555 25822
1669369688904 0.6670520305633545 26039
1669369765329 0.668208122253418 26256
1669369841223 0.6683526039123535 26473
1669369917309 0.6670520305633545 26690
1669369993694 0.6684970855712891 26907
1669370070054 0.6637282967567444 27124
1669370146302 0.6683526039123535 27341
1669370222177 0.6660404801368713 27558
1669370298351 0.6715317964553833 27775
1669370374629 0.6686416268348694 27992
1669370450675 0.6661849617958069 28209
1669370527025 0.6719653010368347 28426
1669370603068 0.6680635809898376 28643
1669370679178 0.6674855351448059 28860
1669370755407 0.6669074892997742 29077
1669370831810 0.6689306497573853 29294
1669370908135 0.672109842300415 29511
1669370984516 0.6670520305633545 29728
1669371061160 0.6657514572143555 29945
1669371137510 0.6684970855712891 30162
1669371213573 0.6661849617958069 30379
1669371290784 0.6651734113693237 30596
1669371367282 0.668208122253418 30813
1669371443856 0.6687861084938049 31030
1669371520080 0.6728323698043823 31247
1669371595965 0.6663295030593872 31464
1669371672449 0.6703757047653198 31681
1669371748417 0.6689306497573853 31898
1669371826843 0.6684970855712891 32115
1669371902822 0.670086681842804 32332
1669371979554 0.6631503105163574 32549
1669372055616 0.6647399067878723 32766
1669372132112 0.6718208193778992 32983
1669372208378 0.6709537506103516 33200
1669372284350 0.6679190993309021 33417
1669372360499 0.670809268951416 33634
1669372436523 0.6690751314163208 33851
1669372512684 0.6669074892997742 34068
1669372588479 0.6680635809898376 34285
1669372664818 0.6669074892997742 34502
1669372740746 0.6719653010368347 34719
1669372816973 0.665895938873291 34936
1669372892971 0.6679190993309021 35153
1669372969166 0.669508695602417 35370
1669373045498 0.6692196726799011 35587
1669373121592 0.6666185259819031 35804
1669373197688 0.6722543239593506 36021
1669373273933 0.6693641543388367 36238
1669373350033 0.6693641543388367 36455
1669373426571 0.6674855351448059 36672
1669373502692 0.6696531772613525 36889
1669373578918 0.6703757047653198 37106
1669373655042 0.6686416268348694 37323
1669373731211 0.6689306497573853 37540
1669373807380 0.669508695602417 37757
1669373883441 0.6710982918739319 37974
1669373959446 0.670086681842804 38191
1669374035454 0.6687861084938049 38408
1669374111518 0.6702312231063843 38625
1669374187507 0.6716762781143188 38842
1669374263655 0.6686416268348694 39059
1669374339772 0.6712427735328674 39276
1669374415934 0.6676300764083862 39493
1669374492267 0.6718208193778992 39710
1669374568461 0.6741329431533813 39927
1669374644570 0.6679190993309021 40144
1669374720614 0.6674855351448059 40361
1669374796980 0.6657514572143555 40578
1669374873032 0.6747109889984131 40795
1669374949440 0.6648843884468079 41012
1669375025576 0.668208122253418 41229
1669375101885 0.6654624342918396 41446
1669375178583 0.6729768514633179 41663
1669375254516 0.6703757047653198 41880
1669375330635 0.6667630076408386 42097
1669375407114 0.6712427735328674 42314
1669375483323 0.6703757047653198 42531
1669375559413 0.6703757047653198 42748
1669375635776 0.6686416268348694 42965
1669375712103 0.6723988652229309 43182
1669375788263 0.670809268951416 43399
1669375864670 0.6661849617958069 43616
1669375940894 0.6725433468818665 43833
1669376017546 0.6664739847183228 44050
1669376094016 0.6722543239593506 44267
1669376170291 0.6703757047653198 44484
1669376246448 0.6723988652229309 44701
1669376322464 0.6718208193778992 44918
1669376399063 0.6735548973083496 45135
1669376475507 0.6706647276878357 45352
1669376551825 0.6702312231063843 45569
1669376627746 0.6702312231063843 45786
1669376704289 0.6705202460289001 46003
1669376779905 0.670809268951416 46220
1669376856399 0.6723988652229309 46437
1669376932727 0.6643063426017761 46654
1669377009006 0.6728323698043823 46871
1669377085369 0.669508695602417 47088
1669377161637 0.6709537506103516 47305
1669377237628 0.6736994385719299 47522
1669377313951 0.6728323698043823 47739
1669377390049 0.670086681842804 47956
1669377465699 0.663294792175293 48173
1669377541916 0.6679190993309021 48390
1669377618498 0.6624277234077454 48607
1669377694497 0.665895938873291 48824
1669377770694 0.6734104156494141 49041
1669377846728 0.6683526039123535 49258
1669377923010 0.6693641543388367 49475
1669377998975 0.6696531772613525 49692
1669378075231 0.6641618609428406 49909
1669378151484 0.6729768514633179 50126
1669378227587 0.6663295030593872 50343
1669378303556 0.6674855351448059 50560
1669378379583 0.6699422001838684 50777
1669378455913 0.6699422001838684 50994
1669378532581 0.6692196726799011 51211
1669378608704 0.6643063426017761 51428
1669378684829 0.6684970855712891 51645
1669378761424 0.6697976589202881 51862
1669378837701 0.6666185259819031 52079
1669378913720 0.6709537506103516 52296
1669378989851 0.6706647276878357 52513
1669379066416 0.6644508838653564 52730
1669379142735 0.6702312231063843 52947
1669379219082 0.6670520305633545 53164
1669379295260 0.6703757047653198 53381
1669379371372 0.6696531772613525 53598
1669379447715 0.6664739847183228 53815
1669379524033 0.6674855351448059 54032
1669379600146 0.6702312231063843 54249
1669379676399 0.6702312231063843 54466
1669379752657 0.6653178930282593 54683
1669379828750 0.6692196726799011 54900
1669379905165 0.6687861084938049 55117
1669379981017 0.6703757047653198 55334
1669380057676 0.6679190993309021 55551
1669380133669 0.6734104156494141 55768
1669380209954 0.6703757047653198 55985
1669380286017 0.670086681842804 56202
1669380362097 0.6670520305633545 56419
1669380438180 0.6687861084938049 56636
1669380514448 0.6684970855712891 56853
1669380590516 0.6692196726799011 57070
1669380666787 0.6690751314163208 57287
1669380742737 0.672109842300415 57504
1669380818835 0.671387255191803 57721
1669380895081 0.6689306497573853 57938
1669380971140 0.6693641543388367 58155
1669381047302 0.6689306497573853 58372
1669381123478 0.6710982918739319 58589
1669381200107 0.6712427735328674 58806
1669381275686 0.6728323698043823 59023
1669381352010 0.6726878881454468 59240
1669381427867 0.6670520305633545 59457
1669381504117 0.6718208193778992 59674
1669381580283 0.6725433468818665 59891
1669381656511 0.6718208193778992 60108
1669381732551 0.6706647276878357 60325
1669381808781 0.6705202460289001 60542
1669381884988 0.670086681842804 60759
1669381961113 0.6697976589202881 60976
1669382037578 0.6683526039123535 61193
1669382113768 0.6757225394248962 61410
1669382189375 0.6709537506103516 61627
1669382265899 0.6705202460289001 61844
1669382341695 0.6715317964553833 62061
1669382418043 0.66719651222229 62278
1669382494125 0.6699422001838684 62495
1669382570561 0.6673410534858704 62712
1669382646563 0.6644508838653564 62929
1669382722645 0.6719653010368347 63146
1669382798731 0.671387255191803 63363
1669382875145 0.669508695602417 63580
1669382951010 0.6693641543388367 63797
1669383027592 0.6719653010368347 64014
1669383103996 0.6702312231063843 64231
1669383179957 0.6692196726799011 64448
1669383256470 0.6703757047653198 64665
1669383332611 0.6718208193778992 64882
1669383408779 0.6697976589202881 65099
