1669059758004 18.25 216
1669059830000 16.0 433
1669059902306 23.5 650
1669059974753 16.25 867
1669060047602 11.5 1084
1669060119740 23.5 1301
1669060192308 26.75 1518
1669060264782 80.0 1735
1669060337336 65.0 1952
1669060409792 23.25 2169
1669060482446 121.75 2386
1669060555115 114.5 2603
1669060627593 131.0 2820
1669060700231 44.25 3037
1669060772585 93.5 3254
1669060844861 133.0 3471
1669060917092 35.25 3688
1669060989455 153.25 3905
1669061062006 148.0 4122
1669061134755 163.75 4339
1669061207176 164.75 4556
1669061279319 165.25 4773
1669061351695 143.25 4990
1669061423969 176.75 5207
1669061496286 175.0 5424
1669061568543 179.0 5641
1669061641137 175.5 5858
1669061713420 183.0 6075
1669061785809 190.75 6292
1669061857868 166.75 6509
1669061930577 211.0 6726
1669062003127 170.75 6943
1669062075483 181.25 7160
1669062148354 174.25 7377
1669062220703 202.25 7594
1669062293138 185.75 7811
1669062365576 195.5 8028
1669062438202 193.0 8245
1669062510521 188.0 8462
1669062583011 182.75 8679
1669062655697 180.5 8896
1669062728230 192.5 9113
1669062800851 189.75 9330
1669062873538 182.0 9547
1669062946081 182.75 9764
1669063018487 189.5 9981
1669063090638 203.5 10198
1669063162986 201.5 10415
1669063235649 197.25 10632
1669063308177 195.25 10849
1669063380743 206.5 11066
1669063453354 203.0 11283
1669063525885 203.25 11500
1669063598478 203.75 11717
1669063671091 202.5 11934
1669063743771 191.75 12151
1669063816535 200.25 12368
1669063888926 193.75 12585
1669063962155 198.5 12802
1669064035003 203.5 13019
1669064107608 200.75 13236
1669064180389 202.25 13453
1669064253298 201.75 13670
1669064325977 204.75 13887
1669064398808 185.0 14104
1669064471591 193.25 14321
1669064544291 184.25 14538
1669064617252 188.75 14755
1669064689882 195.75 14972
1669064762937 193.5 15189
1669064835721 189.0 15406
1669064908325 192.75 15623
1669064981064 201.5 15840
1669065053695 180.0 16057
1669065126411 185.25 16274
1669065199344 189.0 16491
1669065272036 199.5 16708
1669065344422 189.75 16925
1669065416861 194.75 17142
1669065489585 200.0 17359
1669065562350 195.5 17576
1669065634856 201.5 17793
1669065707713 198.25 18010
1669065780417 202.5 18227
1669065852998 206.5 18444
1669065925588 199.5 18661
1669065998307 191.25 18878
1669066070916 202.25 19095
1669066143815 198.5 19312
1669066216149 175.5 19529
1669066288523 202.75 19746
1669066361416 200.0 19963
1669066433877 204.5 20180
1669066506434 190.75 20397
1669066579140 199.25 20614
1669066652005 201.25 20831
1669066724472 204.75 21048
1669066797178 204.75 21265
1669066869829 207.5 21482
1669066942562 203.75 21699
1669067015412 202.25 21916
1669067088297 193.0 22133
1669067160852 203.5 22350
1669067233734 204.25 22567
1669067306468 206.75 22784
1669067379104 205.0 23001
1669067451851 205.5 23218
1669067524704 203.75 23435
1669067597383 203.75 23652
1669067670350 204.0 23869
1669067743131 202.75 24086
1669067816164 201.25 24303
1669067888845 204.0 24520
1669067961170 202.5 24737
1669068033752 198.75 24954
1669068106965 201.25 25171
1669068179334 205.5 25388
1669068252228 201.25 25605
1669068324996 206.25 25822
1669068397763 202.75 26039
1669068470838 192.25 26256
1669068543610 201.25 26473
1669068616264 204.75 26690
1669068689025 198.0 26907
1669068762126 203.5 27124
1669068834714 203.0 27341
1669068907403 203.5 27558
1669068980520 203.25 27775
1669069053461 202.75 27992
1669069126342 203.75 28209
1669069198874 205.75 28426
1669069271749 205.25 28643
1669069344534 202.75 28860
1669069417343 204.25 29077
1669069490303 201.0 29294
1669069562823 201.75 29511
1669069635630 205.0 29728
1669069708031 213.0 29945
1669069780777 206.75 30162
1669069853506 205.75 30379
1669069926405 199.5 30596
1669069999158 206.75 30813
1669070071805 211.5 31030
1669070144439 203.25 31247
1669070217373 206.25 31464
1669070290333 205.75 31681
1669070362897 206.25 31898
1669070435759 206.0 32115
1669070508622 204.75 32332
1669070581276 206.5 32549
1669070653827 198.5 32766
1669070726522 203.0 32983
1669070799240 200.75 33200
1669070871664 206.25 33417
1669070944726 204.25 33634
1669071017355 205.0 33851
1669071090473 212.75 34068
1669071163186 204.0 34285
1669071236102 199.25 34502
1669071308724 206.25 34719
1669071381596 203.25 34936
1669071454749 210.25 35153
1669071527351 207.0 35370
1669071600184 201.5 35587
1669071672921 205.25 35804
1669071745529 205.25 36021
1669071818197 199.25 36238
1669071890971 205.5 36455
1669071963487 209.0 36672
1669072036478 194.5 36889
1669072109528 201.25 37106
1669072182303 206.5 37323
1669072255177 204.0 37540
1669072328378 204.0 37757
1669072400987 200.75 37974
1669072473541 200.5 38191
1669072545938 201.5 38408
1669072618659 202.25 38625
1669072691265 204.75 38842
1669072764010 204.25 39059
1669072836596 207.5 39276
1669072909111 202.0 39493
1669072981462 201.0 39710
1669073054239 203.25 39927
1669073127152 203.5 40144
1669073199991 204.25 40361
1669073272852 203.5 40578
1669073345722 208.25 40795
1669073418486 209.5 41012
1669073491153 202.75 41229
1669073564014 200.5 41446
1669073636725 204.25 41663
1669073709586 205.75 41880
1669073782821 206.75 42097
1669073856325 205.0 42314
1669073929389 200.5 42531
1669074002101 203.75 42748
1669074074785 204.75 42965
1669074147257 203.75 43182
1669074220355 209.0 43399
1669074293076 206.5 43616
1669074365914 201.25 43833
1669074438496 203.25 44050
1669074511371 206.25 44267
1669074584037 204.5 44484
1669074656886 202.75 44701
1669074729521 203.0 44918
1669074802222 193.0 45135
1669074875294 183.25 45352
1669074948062 204.75 45569
1669075020965 204.5 45786
1669075093665 201.25 46003
1669075166339 198.5 46220
1669075239195 198.25 46437
1669075312015 199.75 46654
1669075384561 204.5 46871
1669075457447 206.75 47088
1669075530585 204.0 47305
1669075603095 206.75 47522
1669075675827 202.25 47739
1669075748753 202.25 47956
1669075821959 205.75 48173
1669075894770 206.5 48390
1669075967814 201.0 48607
1669076041075 205.0 48824
1669076114180 209.25 49041
1669076187120 204.25 49258
1669076260153 205.0 49475
1669076333106 201.0 49692
1669076406214 196.75 49909
1669076479100 198.75 50126
1669076552044 203.25 50343
1669076624771 205.25 50560
1669076697473 204.5 50777
1669076770585 206.25 50994
1669076843006 207.0 51211
1669076916232 204.0 51428
1669076989259 203.0 51645
1669077062059 205.25 51862
1669077134915 202.75 52079
1669077207833 198.25 52296
1669077280796 199.75 52513
1669077353532 201.25 52730
1669077426250 204.5 52947
1669077499047 201.25 53164
1669077571744 202.25 53381
1669077644196 202.0 53598
1669077716938 198.5 53815
1669077789548 191.0 54032
1669077862781 202.75 54249
1669077935283 204.5 54466
1669078008026 199.75 54683
1669078081015 199.5 54900
1669078153995 204.0 55117
1669078226862 200.0 55334
1669078299439 194.25 55551
1669078372358 192.5 55768
1669078444946 199.0 55985
1669078517781 196.0 56202
1669078590332 200.25 56419
1669078662864 204.0 56636
1669078735673 203.5 56853
1669078809030 200.0 57070
1669078881947 203.5 57287
1669078954666 203.25 57504
1669079027475 199.5 57721
1669079099827 203.0 57938
1669079172411 201.0 58155
1669079245356 195.75 58372
1669079318376 204.5 58589
1669079390939 202.25 58806
1669079463794 203.75 59023
1669079536551 196.5 59240
1669079609162 203.25 59457
1669079681927 202.75 59674
1669079755035 209.0 59891
1669079827595 205.0 60108
1669079900458 201.5 60325
1669079972934 197.0 60542
1669080045807 202.5 60759
1669080118566 205.75 60976
1669080191380 202.75 61193
1669080264208 199.75 61410
1669080337132 200.5 61627
1669080409564 200.5 61844
1669080482404 199.25 62061
1669080555304 197.75 62278
1669080627961 201.25 62495
1669080700709 190.0 62712
1669080773585 203.0 62929
1669080846223 203.75 63146
1669080918901 205.25 63363
1669080991900 201.25 63580
1669081064760 202.5 63797
1669081137622 206.5 64014
1669081210659 201.5 64231
1669081283761 200.5 64448
1669081356609 206.5 64665
1669081429455 204.5 64882
1669081502175 205.0 65099
