1669059705469 0.222222238779068 49
1669059719334 0.5 99
1669059733283 0.8000000715255737 149
1669059747070 0.25 199
1669059773089 0.6000000238418579 249
1669059786875 0.0 299
1669059800689 0.0 349
1669059814510 0.5714285969734192 399
1669059840554 0.2857142984867096 449
1669059854347 0.5 499
1669059868158 0.2857142686843872 549
1669059881987 0.5714285969734192 599
1669059895803 0.6000000238418579 649
1669059922055 0.5999999642372131 699
1669059935895 0.25 749
1669059949736 0.444444477558136 799
1669059963580 0.0 849
1669059990002 0.6666666865348816 899
1669060003845 0.0 949
1669060017711 0.0 999
1669060031557 0.0 1049
1669060057864 0.6666666865348816 1099
1669060071680 0.3333333432674408 1149
1669060085533 0.5 1199
1669060099383 0.25 1249
1669060113243 0.4000000059604645 1299
1669060139187 0.3333333432674408 1349
1669060153033 0.2857142984867096 1399
1669060166909 0.9090909361839294 1449
1669060180806 0.4000000059604645 1499
1669060207122 0.5714285373687744 1549
1669060220963 0.5 1599
1669060234787 0.5 1649
1669060248611 0.2857142984867096 1699
1669060274914 0.5714285373687744 1749
1669060288747 0.3333333432674408 1799
1669060302636 0.5714285969734192 1849
1669060316501 0.3333333432674408 1899
1669060330383 0.3333333432674408 1949
1669060356483 0.0 1999
1669060370352 0.2857142686843872 2049
1669060384211 0.3333333432674408 2099
1669060398092 0.0 2149
1669060424303 0.3333333134651184 2199
1669060438150 0.0 2249
1669060452039 0.5714285969734192 2299
1669060465925 0.0 2349
1669060492308 0.5714285969734192 2399
1669060506175 0.5714285969734192 2449
1669060520068 0.6666666865348816 2499
1669060533973 0.6000000238418579 2549
1669060547885 0.0 2599
1669060573964 0.5 2649
1669060587804 0.0 2699
1669060601650 0.0 2749
1669060615516 0.2857142984867096 2799
1669060641779 0.3333333134651184 2849
1669060655640 0.75 2899
1669060669534 0.3333333432674408 2949
1669060683440 0.5 2999
1669060709725 0.8571428656578064 3049
1669060723528 0.2857142686843872 3099
1669060737371 0.800000011920929 3149
1669060751214 0.5714285969734192 3199
1669060765077 0.6666666865348816 3249
1669060791165 0.5 3299
1669060805013 0.2857142686843872 3349
1669060818855 0.0 3399
1669060832700 0.4000000059604645 3449
1669060858772 0.5714285969734192 3499
1669060872603 0.0 3549
1669060886452 0.6666666865348816 3599
1669060900305 0.444444477558136 3649
1669060926337 0.5714285969734192 3699
1669060940159 0.5 3749
1669060953997 0.2857142686843872 3799
1669060967881 0.4000000059604645 3849
1669060981725 0.8333333730697632 3899
1669061007820 0.6666666865348816 3949
1669061021704 1.0 3999
1669061035609 0.5714285373687744 4049
1669061049510 0.8333333730697632 4099
1669061075716 0.5 4149
1669061089601 0.0 4199
1669061103496 0.6000000238418579 4249
1669061117407 0.4000000059604645 4299
1669061143693 0.0 4349
1669061157512 0.4000000059604645 4399
1669061171383 0.800000011920929 4449
1669061185240 0.75 4499
1669061199085 1.0 4549
1669061225186 0.888888955116272 4599
1669061239032 0.6666666865348816 4649
1669061252862 0.6666666865348816 4699
1669061266703 0.5 4749
1669061292655 0.4000000059604645 4799
1669061306490 0.444444477558136 4849
1669061320330 0.4000000059604645 4899
1669061334186 0.5 4949
1669061360297 0.6666666865348816 4999
1669061374089 0.8571428656578064 5049
1669061387931 1.0 5099
1669061401781 0.0 5149
1669061415637 0.75 5199
1669061441694 0.5 5249
1669061455550 0.6666666865348816 5299
1669061469401 0.6666666865348816 5349
1669061483252 0.6666666865348816 5399
1669061509298 0.75 5449
1669061523115 0.3333333432674408 5499
1669061536947 0.6666666865348816 5549
1669061550779 0.7272727489471436 5599
1669061577174 0.5 5649
1669061590974 0.5 5699
1669061604829 0.3333333134651184 5749
1669061618685 0.0 5799
1669061632575 0.0 5849
1669061658502 0.5714285969734192 5899
1669061672352 0.6666666865348816 5949
1669061686206 0.0 5999
1669061700088 1.0 6049
1669061726195 0.6666666865348816 6099
1669061740098 0.4000000059604645 6149
1669061753979 0.5714285969734192 6199
1669061767845 0.5714285969734192 6249
1669061793853 0.5714285969734192 6299
1669061807630 0.0 6349
1669061821478 0.6666666865348816 6399
1669061835340 0.800000011920929 6449
1669061849194 0.6666666865348816 6499
1669061875181 0.6666666865348816 6549
1669061889074 0.3333333134651184 6599
1669061902940 0.3333333134651184 6649
1669061916798 0.5714285969734192 6699
1669061943064 0.3333333134651184 6749
1669061956892 0.0 6799
1669061970732 0.8571428656578064 6849
1669061984592 0.5714285373687744 6899
1669062010876 0.75 6949
1669062024686 0.6666666865348816 6999
1669062038536 0.6666666865348816 7049
1669062052391 0.8571428656578064 7099
1669062066242 0.6666666865348816 7149
1669062092569 0.6666666865348816 7199
1669062106468 0.5714285969734192 7249
1669062120382 0.6666666865348816 7299
1669062134289 0.75 7349
1669062160601 0.5714285969734192 7399
1669062174436 0.2857142686843872 7449
1669062188289 0.0 7499
1669062202147 0.3333333432674408 7549
1669062228216 0.8571428656578064 7599
1669062242122 1.0 7649
1669062255943 0.75 7699
1669062269786 1.0 7749
1669062283649 0.5 7799
1669062309782 0.0 7849
1669062323625 0.0 7899
1669062337484 0.888888955116272 7949
1669062351353 0.888888955116272 7999
1669062377635 0.800000011920929 8049
1669062391438 0.6666666865348816 8099
1669062405277 0.75 8149
1669062419116 0.3333333432674408 8199
1669062445439 0.0 8249
1669062459236 0.4000000059604645 8299
1669062473073 0.6666666865348816 8349
1669062486915 0.0 8399
1669062500778 0.800000011920929 8449
1669062526833 0.5714285373687744 8499
1669062540648 0.800000011920929 8549
1669062554491 0.5 8599
1669062568352 0.4000000059604645 8649
1669062594854 0.0 8699
1669062608681 0.4000000059604645 8749
1669062622523 0.800000011920929 8799
1669062636379 0.800000011920929 8849
1669062662696 0.800000011920929 8899
1669062676492 0.800000011920929 8949
1669062690334 0.8571428656578064 8999
1669062704207 0.0 9049
1669062718069 0.3333333432674408 9099
1669062744282 0.800000011920929 9149
1669062758123 1.0 9199
1669062771953 0.6666666865348816 9249
1669062785798 0.888888955116272 9299
1669062812505 0.8571428656578064 9349
1669062826337 0.0 9399
1669062840194 0.5 9449
1669062854065 0.6666666865348816 9499
1669062880273 1.0 9549
1669062894103 0.0 9599
1669062907948 0.3333333432674408 9649
1669062921809 0.7272727489471436 9699
1669062935695 0.8571428656578064 9749
1669062961860 1.0 9799
1669062975729 0.0 9849
1669062989583 0.8571428656578064 9899
1669063003442 0.9090909361839294 9949
1669063029564 0.5714285373687744 9999
1669063043396 0.6666666865348816 10049
1669063057246 0.75 10099
1669063071123 0.0 10149
1669063097104 0.0 10199
1669063110933 0.5 10249
1669063124768 0.5 10299
1669063138622 0.6666666865348816 10349
1669063152496 0.5714285373687744 10399
1669063178530 0.5 10449
1669063192414 0.888888955116272 10499
1669063206300 0.8571428656578064 10549
1669063220219 0.4000000059604645 10599
1669063246577 0.9090909361839294 10649
1669063260456 1.0 10699
1669063274325 0.6666666865348816 10749
1669063288173 0.5 10799
1669063301878 0.0 10849
1669063328202 1.0 10899
1669063342038 0.800000011920929 10949
1669063355894 0.888888955116272 10999
1669063369769 0.6666666865348816 11049
1669063396051 0.5 11099
1669063409904 0.75 11149
1669063423768 0.0 11199
1669063437645 0.6666666865348816 11249
1669063463975 0.9090909361839294 11299
1669063477793 0.8571428656578064 11349
1669063491656 0.6666666865348816 11399
1669063505531 0.6666666865348816 11449
1669063519390 0.0 11499
1669063545753 0.888888955116272 11549
1669063559601 0.800000011920929 11599
1669063573484 0.75 11649
1669063587353 0.4000000059604645 11699
1669063613689 0.800000011920929 11749
1669063627529 0.6666666865348816 11799
1669063641405 0.800000011920929 11849
1669063655280 0.5 11899
1669063681659 0.0 11949
1669063695503 0.5714285969734192 11999
1669063709377 0.6666666865348816 12049
1669063723258 0.3333333134651184 12099
1669063737156 0.5714285969734192 12149
1669063763501 0.6666666865348816 12199
1669063777410 0.6666666865348816 12249
1669063791327 1.0 12299
1669063805219 0.8571428656578064 12349
1669063831391 0.6666666865348816 12399
1669063845238 0.75 12449
1669063859122 0.800000011920929 12499
1669063872997 0.800000011920929 12549
1669063899227 0.3333333432674408 12599
1669063913075 0.5 12649
1669063926970 0.5714285969734192 12699
1669063940875 0.3333333134651184 12749
1669063954779 0.8571428656578064 12799
1669063981678 0.800000011920929 12849
1669063995528 0.5 12899
1669064009392 0.75 12949
1669064023261 0.888888955116272 12999
1669064049665 0.0 13049
1669064063485 0.5 13099
1669064077336 0.5714285373687744 13149
1669064091195 0.8571428656578064 13199
1669064117677 0.5714285969734192 13249
1669064131504 1.0 13299
1669064145355 0.6666666865348816 13349
1669064159223 0.6666666865348816 13399
1669064173087 0.8571428656578064 13449
1669064199512 0.6666666865348816 13499
1669064213392 0.5714285969734192 13549
1669064227278 0.800000011920929 13599
1669064241182 0.5 13649
1669064267601 0.6666666865348816 13699
1669064281437 0.5 13749
1669064295280 0.4000000059604645 13799
1669064309131 0.0 13849
1669064335659 0.5 13899
1669064349505 0.8571428656578064 13949
1669064363378 0.3333333432674408 13999
1669064377261 0.8571428656578064 14049
1669064391162 0.5714285373687744 14099
1669064417598 0.5 14149
1669064431473 0.6666666865348816 14199
1669064445340 0.6666666865348816 14249
1669064459224 0.6666666865348816 14299
1669064485660 0.75 14349
1669064499508 0.800000011920929 14399
1669064513381 0.6666666865348816 14449
1669064527265 1.0 14499
1669064553708 0.6666666865348816 14549
1669064567519 0.6666666865348816 14599
1669064581391 1.0 14649
1669064595274 0.3333333432674408 14699
1669064609141 0.0 14749
1669064635755 0.0 14799
1669064649614 0.800000011920929 14849
1669064663474 0.800000011920929 14899
1669064677345 0.75 14949
1669064703799 0.6666666865348816 14999
1669064717683 0.6666666865348816 15049
1669064731565 0.4000000059604645 15099
1669064745474 0.5714285373687744 15149
1669064772111 0.4000000059604645 15199
1669064785927 0.5 15249
1669064799799 0.800000011920929 15299
1669064813661 0.8571428656578064 15349
1669064827517 0.5 15399
1669064853871 0.8571428656578064 15449
1669064867709 0.6666666865348816 15499
1669064881564 0.75 15549
1669064895436 0.4000000059604645 15599
1669064921852 0.5 15649
1669064935728 0.75 15699
1669064949618 0.5714285373687744 15749
1669064963526 0.6666666865348816 15799
1669064989804 0.5714285969734192 15849
1669065003598 0.2857142686843872 15899
1669065017458 0.888888955116272 15949
1669065031348 0.8571428656578064 15999
1669065045229 0.5714285373687744 16049
1669065071650 0.6666666865348816 16099
1669065085481 0.6666666865348816 16149
1669065099360 0.3333333432674408 16199
1669065113233 0.5 16249
1669065139574 0.5 16299
1669065153444 0.800000011920929 16349
1669065167367 1.0 16399
1669065181288 0.4000000059604645 16449
1669065207844 0.4000000059604645 16499
1669065221626 0.6666666865348816 16549
1669065235470 0.6666666865348816 16599
1669065249335 0.800000011920929 16649
1669065263198 0.6666666865348816 16699
1669065289504 0.444444477558136 16749
1669065303362 0.6666666865348816 16799
1669065317220 0.5714285969734192 16849
1669065331082 0.6000000238418579 16899
1669065357335 0.5 16949
1669065371161 0.6666666865348816 16999
1669065385012 0.5 17049
1669065398862 0.8571428656578064 17099
1669065425081 0.444444477558136 17149
1669065438865 0.6666666865348816 17199
1669065452709 0.800000011920929 17249
1669065466545 0.8571428656578064 17299
1669065480406 0.4000000059604645 17349
1669065506861 0.8571428656578064 17399
1669065520761 0.888888955116272 17449
1669065534687 0.0 17499
1669065548620 0.800000011920929 17549
1669065574964 0.6666666865348816 17599
1669065588789 0.6666666865348816 17649
1669065602633 0.888888955116272 17699
1669065616486 0.9090909361839294 17749
1669065642971 0.0 17799
1669065656788 0.0 17849
1669065670654 0.3333333432674408 17899
1669065684527 0.8333333134651184 17949
1669065698414 0.5 17999
1669065724769 0.5714285373687744 18049
1669065738621 0.4000000059604645 18099
1669065752474 0.0 18149
1669065766356 0.8571428656578064 18199
1669065792735 0.8571428656578064 18249
1669065806593 1.0 18299
1669065820452 0.6666666865348816 18349
1669065834338 0.6666666865348816 18399
1669065860760 0.8571428656578064 18449
1669065874560 0.0 18499
1669065888397 0.6666666865348816 18549
1669065902268 0.6000000238418579 18599
1669065916147 0.5 18649
1669065942452 0.3333333432674408 18699
1669065956295 1.0 18749
1669065970157 1.0 18799
1669065984010 0.6666666865348816 18849
1669066010336 0.5 18899
1669066024154 0.5 18949
1669066038012 0.0 18999
1669066051887 0.5714285969734192 19049
1669066078326 0.800000011920929 19099
1669066092180 0.6666666865348816 19149
1669066106105 0.5 19199
1669066120047 0.5 19249
1669066134007 0.888888955116272 19299
1669066160318 0.800000011920929 19349
1669066174155 0.5714285969734192 19399
1669066188025 0.6666666865348816 19449
1669066201899 0.8571428656578064 19499
1669066227933 0.800000011920929 19549
1669066241768 0.0 19599
1669066255609 0.75 19649
1669066269481 0.75 19699
1669066295750 0.5 19749
1669066309577 0.6666666865348816 19799
1669066323419 0.5714285373687744 19849
1669066337289 0.0 19899
1669066351177 0.6666666865348816 19949
1669066377526 1.0 19999
1669066391373 0.888888955116272 20049
1669066405227 0.9090909361839294 20099
1669066419089 0.6666666865348816 20149
1669066445437 0.75 20199
1669066459259 0.8571428656578064 20249
1669066473105 0.0 20299
1669066486964 0.6666666865348816 20349
1669066513357 0.3333333432674408 20399
1669066527176 0.800000011920929 20449
1669066541035 0.6666666865348816 20499
1669066554924 0.6666666865348816 20549
1669066568803 0.8571428656578064 20599
1669066595279 0.6666666865348816 20649
1669066609118 0.5714285373687744 20699
1669066622983 0.6666666865348816 20749
1669066636854 0.6666666865348816 20799
1669066663314 0.800000011920929 20849
1669066677192 0.6666666865348816 20899
1669066691110 0.0 20949
1669066705021 0.8571428656578064 20999
1669066731368 0.75 21049
1669066745157 1.0 21099
1669066758979 0.800000011920929 21149
1669066772811 0.75 21199
1669066786691 0.5714285373687744 21249
1669066812800 0.5714285969734192 21299
1669066826668 0.5 21349
1669066840550 0.0 21399
1669066854434 0.4000000059604645 21449
1669066880819 0.800000011920929 21499
1669066894659 0.5 21549
1669066908518 0.6666666865348816 21599
1669066922376 0.75 21649
1669066936097 0.0 21699
1669066962662 0.6666666865348816 21749
1669066976556 1.0 21799
1669066990454 0.800000011920929 21849
1669067004390 0.5 21899
1669067030853 0.75 21949
1669067044715 0.8333333134651184 21999
1669067058598 0.6666666865348816 22049
1669067072509 0.4000000059604645 22099
1669067098933 0.800000011920929 22149
1669067112756 0.0 22199
1669067126588 1.0 22249
1669067140450 0.0 22299
1669067154311 0.8333333730697632 22349
1669067180860 0.800000011920929 22399
1669067194750 0.5714285969734192 22449
1669067208627 0.8571428656578064 22499
1669067222539 0.75 22549
1669067248871 0.888888955116272 22599
1669067262750 0.0 22649
1669067276642 0.0 22699
1669067290530 0.5 22749
1669067316885 0.5714285969734192 22799
1669067330726 0.0 22849
1669067344594 0.4000000059604645 22899
1669067358466 0.888888955116272 22949
1669067372350 0.75 22999
1669067398755 0.3333333432674408 23049
1669067412607 0.6666666865348816 23099
1669067426486 0.888888955116272 23149
1669067440375 0.0 23199
1669067466765 0.800000011920929 23249
1669067480633 0.0 23299
1669067494523 0.800000011920929 23349
1669067508420 0.6666666865348816 23399
1669067534848 0.5 23449
1669067548688 0.5714285969734192 23499
1669067562550 0.0 23549
1669067576430 0.4000000059604645 23599
1669067590381 0.6666666865348816 23649
1669067616745 0.6666666865348816 23699
1669067630602 0.75 23749
1669067644523 0.800000011920929 23799
1669067658460 1.0 23849
1669067684982 0.0 23899
1669067698829 0.800000011920929 23949
1669067712714 0.800000011920929 23999
1669067726596 0.0 24049
1669067753099 1.0 24099
1669067766975 0.0 24149
1669067780854 0.6666666865348816 24199
1669067794753 0.800000011920929 24249
1669067808656 0.5 24299
1669067835203 0.75 24349
1669067849053 0.8571428656578064 24399
1669067862955 0.3333333432674408 24449
1669067876854 0.75 24499
1669067903143 0.5 24549
1669067917019 1.0 24599
1669067930910 0.0 24649
1669067944796 0.8571428656578064 24699
1669067970714 0.6666666865348816 24749
1669067984533 0.4000000059604645 24799
1669067998397 0.800000011920929 24849
1669068012270 0.4000000059604645 24899
1669068026239 0.0 24949
1669068052756 0.6666666865348816 24999
1669068066641 0.6666666865348816 25049
1669068080553 0.75 25099
1669068094586 0.6666666865348816 25149
1669068120922 0.0 25199
1669068134795 0.800000011920929 25249
1669068148664 0.800000011920929 25299
1669068162571 0.8571428656578064 25349
1669068188787 0.0 25399
1669068202645 1.0 25449
1669068216498 0.5 25499
1669068230387 1.0 25549
1669068244392 0.75 25599
1669068270613 0.2857142984867096 25649
1669068284464 0.6666666865348816 25699
1669068298360 0.800000011920929 25749
1669068312418 0.8000000715255737 25799
1669068338801 0.6666666865348816 25849
1669068352635 0.8000000715255737 25899
1669068366487 0.5714285373687744 25949
1669068380386 0.0 25999
1669068407077 0.800000011920929 26049
1669068420895 0.5 26099
1669068434890 0.800000011920929 26149
1669068448777 0.2857142686843872 26199
1669068462662 0.8571428656578064 26249
1669068489017 0.0 26299
1669068502869 0.8571428656578064 26349
1669068516762 0.8571428656578064 26399
1669068530662 0.8571428656578064 26449
1669068557019 0.6666666865348816 26499
1669068570867 1.0 26549
1669068584741 0.5 26599
1669068598687 0.4000000059604645 26649
1669068625198 0.75 26699
1669068639069 0.800000011920929 26749
1669068652924 1.0 26799
1669068666826 0.800000011920929 26849
1669068680703 0.800000011920929 26899
1669068707021 0.6666666865348816 26949
1669068720887 0.2857142686843872 26999
1669068734910 0.4000000059604645 27049
1669068748911 0.0 27099
1669068775349 0.5 27149
1669068789210 0.4000000059604645 27199
1669068803079 0.3333333134651184 27249
1669068816983 0.5 27299
1669068843198 0.6666666865348816 27349
1669068856984 0.6666666865348816 27399
1669068870854 0.6666666865348816 27449
1669068884742 0.0 27499
1669068898626 0.888888955116272 27549
1669068925211 0.0 27599
1669068939130 0.5714285373687744 27649
1669068953051 0.75 27699
1669068966982 0.4000000059604645 27749
1669068993547 0.8571428656578064 27799
1669069007457 0.0 27849
1669069021357 1.0 27899
1669069035251 0.3333333432674408 27949
1669069061776 0.800000011920929 27999
1669069075600 1.0 28049
1669069089479 0.75 28099
1669069103379 0.75 28149
1669069117258 0.4000000059604645 28199
1669069143767 0.8571428656578064 28249
1669069157629 0.5 28299
1669069171490 0.5714285373687744 28349
1669069185378 0.8571428656578064 28399
1669069211661 0.8571428656578064 28449
1669069225498 0.8571428656578064 28499
1669069239381 0.0 28549
1669069253274 0.4000000059604645 28599
1669069279684 0.0 28649
1669069293487 0.2857142984867096 28699
1669069307412 0.75 28749
1669069321291 0.5714285969734192 28799
1669069335187 0.7272727489471436 28849
1669069361670 0.5999999642372131 28899
1669069375512 0.6666666865348816 28949
1669069389399 0.6666666865348816 28999
1669069403293 0.6666666865348816 29049
1669069429798 1.0 29099
1669069443647 1.0 29149
1669069457511 1.0 29199
1669069471413 0.3333333134651184 29249
1669069497869 1.0 29299
1669069511701 0.8333333134651184 29349
1669069525573 0.0 29399
1669069539454 1.0 29449
1669069553334 0.800000011920929 29499
1669069579769 0.6666666865348816 29549
1669069593627 0.5714285373687744 29599
1669069607506 0.0 29649
1669069621390 0.6666666865348816 29699
1669069647702 0.5 29749
1669069661526 0.4000000059604645 29799
1669069675422 0.75 29849
1669069689308 1.0 29899
1669069715501 0.800000011920929 29949
1669069729371 0.888888955116272 29999
1669069743214 0.6666666865348816 30049
1669069757101 0.6666666865348816 30099
1669069770990 0.6666666865348816 30149
1669069797348 0.6666666865348816 30199
1669069811190 0.8571428656578064 30249
1669069825070 0.6666666865348816 30299
1669069838973 0.6666666865348816 30349
1669069865393 0.0 30399
1669069879237 0.6666666865348816 30449
1669069893132 0.4000000059604645 30499
1669069907021 0.5 30549
1669069933502 0.6666666865348816 30599
1669069947391 0.888888955116272 30649
1669069961228 0.5714285373687744 30699
1669069975117 1.0 30749
1669069988975 0.6666666865348816 30799
1669070015320 0.8571428656578064 30849
1669070029208 0.8571428656578064 30899
1669070043120 1.0 30949
1669070057030 0.800000011920929 30999
1669070083336 0.0 31049
1669070097173 0.800000011920929 31099
1669070111033 0.6666666865348816 31149
1669070124913 0.5 31199
1669070151401 0.8571428656578064 31249
1669070165229 1.0 31299
1669070179110 0.5714285373687744 31349
1669070193085 0.6666666865348816 31399
1669070206982 0.6666666865348816 31449
1669070233415 1.0 31499
1669070247268 0.75 31549
1669070261167 0.75 31599
1669070275146 0.8571428656578064 31649
1669070301708 0.800000011920929 31699
1669070315557 1.0 31749
1669070329440 0.0 31799
1669070343311 0.6666666865348816 31849
1669070369503 0.888888955116272 31899
1669070383348 0.5714285373687744 31949
1669070397256 0.75 31999
1669070411206 0.888888955116272 32049
1669070425104 0.6666666865348816 32099
1669070451586 0.800000011920929 32149
1669070465436 0.8571428656578064 32199
1669070479331 1.0 32249
1669070493245 0.4000000059604645 32299
1669070519551 0.0 32349
1669070533393 0.8571428656578064 32399
1669070547293 0.75 32449
1669070561168 0.5 32499
1669070574877 0.0 32549
1669070601401 0.5714285969734192 32599
1669070615274 1.0 32649
1669070629189 0.800000011920929 32699
1669070643081 0.75 32749
1669070669005 0.5 32799
1669070682840 0.3333333432674408 32849
1669070696701 0.75 32899
1669070710556 0.75 32949
1669070737308 0.75 32999
1669070751154 0.5 33049
1669070765031 0.6666666865348816 33099
1669070778909 0.3333333432674408 33149
1669070792770 0.6666666865348816 33199
1669070819051 0.6666666865348816 33249
1669070832913 0.800000011920929 33299
1669070846788 0.8571428656578064 33349
1669070860653 1.0 33399
1669070887021 1.0 33449
1669070900854 0.8571428656578064 33499
1669070914727 0.4000000059604645 33549
1669070928608 0.4000000059604645 33599
1669070955177 0.0 33649
1669070969034 0.5714285373687744 33699
1669070982906 0.6666666865348816 33749
1669070996766 0.800000011920929 33799
1669071010647 0.75 33849
1669071036990 1.0 33899
1669071050915 0.888888955116272 33949
1669071065012 1.0 33999
1669071078909 0.800000011920929 34049
1669071105425 0.6666666865348816 34099
1669071119269 0.6666666865348816 34149
1669071133157 0.5 34199
1669071147035 1.0 34249
1669071173308 0.8571428656578064 34299
1669071187211 0.2857142984867096 34349
1669071201120 0.6666666865348816 34399
1669071214967 0.3333333134651184 34449
1669071228846 0.4000000059604645 34499
1669071255297 0.5 34549
1669071269156 1.0 34599
1669071283039 0.888888955116272 34649
1669071296931 0.5714285969734192 34699
1669071323431 1.0 34749
1669071337257 0.5 34799
1669071351148 0.800000011920929 34849
1669071365015 0.800000011920929 34899
1669071391548 0.8571428656578064 34949
1669071405543 0.0 34999
1669071419589 0.6666666865348816 35049
1669071433458 1.0 35099
1669071447353 0.6666666865348816 35149
1669071473742 0.5 35199
1669071487613 0.3333333432674408 35249
1669071501485 0.6666666865348816 35299
1669071515379 0.6666666865348816 35349
1669071541712 0.6666666865348816 35399
1669071555562 0.0 35449
1669071569425 0.75 35499
1669071583290 0.444444477558136 35549
1669071609827 0.888888955116272 35599
1669071623633 0.6666666865348816 35649
1669071637493 0.6666666865348816 35699
1669071651363 0.5714285373687744 35749
1669071665263 0.0 35799
1669071691619 0.8571428656578064 35849
1669071705501 0.6666666865348816 35899
1669071719367 0.9090909361839294 35949
1669071733247 0.5714285969734192 35999
1669071759591 0.5714285373687744 36049
1669071773431 1.0 36099
1669071787292 0.3333333432674408 36149
1669071801193 0.800000011920929 36199
1669071827549 0.0 36249
1669071841378 0.5 36299
1669071855274 0.75 36349
1669071869153 0.0 36399
1669071883036 0.4000000059604645 36449
1669071909428 1.0 36499
1669071923281 0.6666666865348816 36549
1669071937162 0.6666666865348816 36599
1669071951081 0.6666666865348816 36649
1669071977199 0.6666666865348816 36699
1669071991105 0.6666666865348816 36749
1669072005046 0.4000000059604645 36799
1669072018991 0.888888955116272 36849
1669072045913 0.5 36899
1669072059736 0.800000011920929 36949
1669072073615 0.800000011920929 36999
1669072087498 0.800000011920929 37049
1669072101419 0.8571428656578064 37099
1669072127699 0.8000000715255737 37149
1669072141553 0.8571428656578064 37199
1669072155418 0.5 37249
1669072169315 0.0 37299
1669072195914 0.6666666865348816 37349
1669072209819 0.8571428656578064 37399
1669072223767 0.8571428656578064 37449
1669072237673 0.5 37499
1669072264081 0.5 37549
1669072277849 0.6666666865348816 37599
1669072291712 0.0 37649
1669072305720 0.75 37699
1669072319646 0.0 37749
1669072346272 0.888888955116272 37799
1669072360134 0.6666666865348816 37849
1669072374010 0.6666666865348816 37899
1669072387887 1.0 37949
1669072414219 1.0 37999
1669072428114 0.6666666865348816 38049
1669072442018 0.75 38099
1669072455934 0.800000011920929 38149
1669072482005 1.0 38199
1669072495836 0.4000000059604645 38249
1669072509712 0.800000011920929 38299
1669072523604 1.0 38349
1669072537525 0.2857142984867096 38399
1669072563560 0.800000011920929 38449
1669072577497 0.800000011920929 38499
1669072591381 0.5714285969734192 38549
1669072605287 0.6666666865348816 38599
1669072631609 0.5 38649
1669072645446 0.3333333432674408 38699
1669072659330 0.6666666865348816 38749
1669072673193 0.8333333730697632 38799
1669072699668 0.5 38849
1669072713534 0.8571428656578064 38899
1669072727391 0.800000011920929 38949
1669072741275 0.8571428656578064 38999
1669072755150 0.6666666865348816 39049
1669072781289 0.5 39099
1669072795128 0.5 39149
1669072808984 0.6666666865348816 39199
1669072822869 0.6666666865348816 39249
1669072849250 0.0 39299
1669072863087 0.6666666865348816 39349
1669072876942 1.0 39399
1669072890826 0.8571428656578064 39449
1669072917004 0.6666666865348816 39499
1669072930802 0.6666666865348816 39549
1669072944662 0.75 39599
1669072958554 0.6666666865348816 39649
1669072972450 0.0 39699
1669072998589 0.5 39749
1669073012505 0.6666666865348816 39799
1669073026364 1.0 39849
1669073040257 0.800000011920929 39899
1669073066715 0.5714285969734192 39949
1669073080580 0.5 39999
1669073094450 0.8000000715255737 40049
1669073108336 0.800000011920929 40099
1669073134910 0.4000000059604645 40149
1669073148703 0.6666666865348816 40199
1669073162557 0.6666666865348816 40249
1669073176445 0.6666666865348816 40299
1669073190428 0.4000000059604645 40349
1669073216828 0.800000011920929 40399
1669073230668 0.6666666865348816 40449
1669073244532 0.6666666865348816 40499
1669073258398 0.4000000059604645 40549
1669073285087 0.25 40599
1669073298940 0.5714285373687744 40649
1669073312813 0.7272727489471436 40699
1669073326706 0.5714285969734192 40749
1669073353217 0.5 40799
1669073367040 0.8571428656578064 40849
1669073380917 0.0 40899
1669073394794 1.0 40949
1669073408688 0.6666666865348816 40999
1669073435009 0.5714285373687744 41049
1669073448845 0.6666666865348816 41099
1669073462703 0.0 41149
1669073476551 0.800000011920929 41199
1669073503120 0.5 41249
1669073516998 0.8571428656578064 41299
1669073530886 0.6666666865348816 41349
1669073544798 0.6666666865348816 41399
1669073571047 0.6666666865348816 41449
1669073584930 0.888888955116272 41499
1669073598805 0.5714285969734192 41549
1669073612670 0.5714285373687744 41599
1669073626544 0.800000011920929 41649
1669073652987 0.0 41699
1669073666881 0.800000011920929 41749
1669073680784 0.5 41799
1669073694695 0.6666666865348816 41849
1669073721379 0.75 41899
1669073735287 0.0 41949
1669073749287 0.6666666865348816 41999
1669073763170 0.888888955116272 42049
1669073789658 0.6666666865348816 42099
1669073803587 0.6666666865348816 42149
1669073817521 0.0 42199
1669073831447 0.6666666865348816 42249
1669073845587 0.6666666865348816 42299
1669073872336 0.75 42349
1669073886423 0.6666666865348816 42399
1669073900302 0.6666666865348816 42449
1669073914209 0.5 42499
1669073940724 0.5 42549
1669073954557 0.800000011920929 42599
1669073968426 0.75 42649
1669073982329 1.0 42699
1669074008576 0.8571428656578064 42749
1669074022468 0.8571428656578064 42799
1669074036356 0.6666666865348816 42849
1669074050258 0.6666666865348816 42899
1669074064163 0.800000011920929 42949
1669074090433 0.0 42999
1669074104278 0.8571428656578064 43049
1669074118161 0.3333333134651184 43099
1669074132026 0.0 43149
1669074158394 1.0 43199
1669074172232 0.5714285373687744 43249
1669074186103 0.6666666865348816 43299
1669074200034 0.6666666865348816 43349
1669074213794 0.0 43399
1669074240523 0.6666666865348816 43449
1669074254380 0.5 43499
1669074268270 0.8571428656578064 43549
1669074282153 0.5 43599
1669074308552 0.6666666865348816 43649
1669074322404 0.4000000059604645 43699
1669074336284 0.75 43749
1669074350307 0.75 43799
1669074376753 0.7272727489471436 43849
1669074390592 0.0 43899
1669074404445 1.0 43949
1669074418333 0.8571428656578064 43999
1669074432224 0.4000000059604645 44049
1669074458464 0.8571428656578064 44099
1669074472316 0.75 44149
1669074486217 0.6666666865348816 44199
1669074500090 0.5 44249
1669074526497 1.0 44299
1669074540361 0.6666666865348816 44349
1669074554232 0.6666666865348816 44399
1669074568119 0.5714285969734192 44449
1669074594603 0.3333333432674408 44499
1669074608446 0.8571428656578064 44549
1669074622307 0.8571428656578064 44599
1669074636157 0.9090909361839294 44649
1669074650122 0.6000000238418579 44699
1669074676415 0.800000011920929 44749
1669074690265 0.6666666865348816 44799
1669074704144 0.8571428656578064 44849
1669074718021 0.0 44899
1669074744342 0.3333333134651184 44949
1669074758181 0.6666666865348816 44999
1669074772033 0.0 45049
1669074785959 0.5 45099
1669074812541 0.5 45149
1669074826412 0.75 45199
1669074840349 0.6666666865348816 45249
1669074854290 0.75 45299
1669074868211 0.6666666865348816 45349
1669074894637 0.8571428656578064 45399
1669074908502 0.0 45449
1669074922396 0.6666666865348816 45499
1669074936310 0.5454545617103577 45549
1669074962612 0.4000000059604645 45599
1669074976502 0.5 45649
1669074990410 0.6666666865348816 45699
1669075004299 0.5 45749
1669075030934 0.75 45799
1669075044754 0.0 45849
1669075058625 0.5714285969734192 45899
1669075072491 0.6666666865348816 45949
1669075086400 0.25 45999
1669075112550 0.8333333730697632 46049
1669075126368 1.0 46099
1669075140224 0.6666666865348816 46149
1669075154117 0.5714285373687744 46199
1669075180811 0.888888955116272 46249
1669075194650 0.9090909361839294 46299
1669075208529 0.0 46349
1669075222404 1.0 46399
1669075248949 0.0 46449
1669075262807 0.800000011920929 46499
1669075276691 0.7272727489471436 46549
1669075290564 1.0 46599
1669075304441 0.4000000059604645 46649
1669075330766 0.8571428656578064 46699
1669075344630 1.0 46749
1669075358538 0.8571428656578064 46799
1669075372446 0.800000011920929 46849
1669075398729 0.6666666865348816 46899
1669075412563 0.75 46949
1669075426493 0.800000011920929 46999
1669075440395 0.4000000059604645 47049
1669075467004 0.75 47099
1669075480921 0.8571428656578064 47149
1669075494782 0.6666666865348816 47199
1669075508665 0.0 47249
1669075522592 0.5 47299
1669075549081 0.6666666865348816 47349
1669075562957 0.9090909361839294 47399
1669075576828 0.6666666865348816 47449
1669075590714 0.888888955116272 47499
1669075616884 0.5714285969734192 47549
1669075630729 0.800000011920929 47599
1669075644590 0.3333333134651184 47649
1669075658490 0.800000011920929 47699
1669075685091 0.6666666865348816 47749
1669075698919 0.75 47799
1669075712775 0.888888955116272 47849
1669075726670 0.5714285373687744 47899
1669075740558 0.5 47949
1669075767074 0.6666666865348816 47999
1669075780966 0.6666666865348816 48049
1669075794893 0.6666666865348816 48099
1669075808826 0.800000011920929 48149
1669075835515 0.8571428656578064 48199
1669075849355 0.5714285373687744 48249
1669075863226 0.6666666865348816 48299
1669075877084 0.800000011920929 48349
1669075903725 0.888888955116272 48399
1669075917541 0.0 48449
1669075931407 0.8571428656578064 48499
1669075945263 0.6666666865348816 48549
1669075959179 0.3333333432674408 48599
1669075985730 1.0 48649
1669075999575 0.5454545021057129 48699
1669076013640 0.6666666865348816 48749
1669076027512 0.0 48799
1669076054443 0.75 48849
1669076068287 0.0 48899
1669076082165 0.8571428656578064 48949
1669076096056 0.4000000059604645 48999
1669076122849 0.75 49049
1669076136640 0.888888955116272 49099
1669076150512 0.800000011920929 49149
1669076164387 0.4000000059604645 49199
1669076178276 0.800000011920929 49249
1669076204761 0.6666666865348816 49299
1669076218626 0.6666666865348816 49349
1669076232504 0.5714285969734192 49399
1669076246394 0.7272727489471436 49449
1669076273234 0.0 49499
1669076287055 0.800000011920929 49549
1669076300919 0.800000011920929 49599
1669076314760 0.800000011920929 49649
1669076341657 0.5 49699
1669076355488 0.6666666865348816 49749
1669076369349 0.75 49799
1669076383234 0.0 49849
1669076397131 0.2857142686843872 49899
1669076423715 0.4000000059604645 49949
1669076437568 0.6666666865348816 49999
1669076451439 1.0 50049
1669076465346 0.0 50099
1669076491875 0.8571428656578064 50149
1669076505745 0.8571428656578064 50199
1669076519617 0.888888955116272 50249
1669076533535 0.5714285969734192 50299
1669076560076 0.6666666865348816 50349
1669076573879 0.6666666865348816 50399
1669076587725 0.8333333134651184 50449
1669076601615 0.5 50499
1669076615482 0.800000011920929 50549
1669076641860 0.5 50599
1669076655742 0.0 50649
1669076669636 0.800000011920929 50699
1669076683521 0.6666666865348816 50749
1669076709937 0.800000011920929 50799
1669076723927 0.8571428656578064 50849
1669076737872 0.800000011920929 50899
1669076751759 1.0 50949
1669076778088 0.800000011920929 50999
1669076791909 1.0 51049
1669076805739 0.0 51099
1669076819605 0.3333333432674408 51149
1669076833493 0.0 51199
1669076859764 0.5714285373687744 51249
1669076873653 0.3333333134651184 51299
1669076887589 0.5 51349
1669076901498 0.5 51399
1669076928443 0.3333333432674408 51449
1669076942269 0.0 51499
1669076956117 0.6666666865348816 51549
1669076969972 0.888888955116272 51599
1669076996739 0.800000011920929 51649
1669077010554 0.6666666865348816 51699
1669077024443 0.888888955116272 51749
1669077038318 0.7272727489471436 51799
1669077052201 0.5 51849
1669077078586 0.8571428656578064 51899
1669077092502 0.6666666865348816 51949
1669077106386 0.0 51999
1669077120280 0.75 52049
1669077146742 1.0 52099
1669077160572 0.800000011920929 52149
1669077174465 0.0 52199
1669077188352 0.800000011920929 52249
1669077215053 0.2857142686843872 52299
1669077228965 0.2857142984867096 52349
1669077242940 0.5 52399
1669077256807 0.9230769276618958 52449
1669077270693 0.5 52499
1669077297005 0.8571428656578064 52549
1669077310847 0.5 52599
1669077324728 0.800000011920929 52649
1669077338636 0.75 52699
1669077365006 0.3333333432674408 52749
1669077378856 0.6666666865348816 52799
1669077392761 0.8571428656578064 52849
1669077406702 0.5 52899
1669077433191 0.5 52949
1669077447075 0.0 52999
1669077460920 0.5 53049
1669077474795 0.2857142686843872 53099
1669077488687 0.4000000059604645 53149
1669077515005 0.800000011920929 53199
1669077528854 0.6666666865348816 53249
1669077542724 0.4000000059604645 53299
1669077556608 0.888888955116272 53349
1669077582984 0.75 53399
1669077596807 0.5 53449
1669077610644 0.0 53499
1669077624513 0.4000000059604645 53549
1669077650718 0.6666666865348816 53599
1669077664599 0.8571428656578064 53649
1669077678491 1.0 53699
1669077692384 0.4000000059604645 53749
1669077706269 0.6666666865348816 53799
1669077732579 1.0 53849
1669077746430 0.0 53899
1669077760311 0.6666666865348816 53949
1669077774205 0.6666666865348816 53999
1669077800763 0.75 54049
1669077814575 0.6666666865348816 54099
1669077828478 0.5714285969734192 54149
1669077842346 0.6666666865348816 54199
1669077856054 1.0 54249
1669077882942 0.444444477558136 54299
1669077896781 0.9090909361839294 54349
1669077910701 0.6666666865348816 54399
1669077924604 0.800000011920929 54449
1669077950668 0.4000000059604645 54499
1669077964503 0.0 54549
1669077978353 0.75 54599
1669077992238 0.800000011920929 54649
1669078018738 0.6666666865348816 54699
1669078032562 1.0 54749
1669078046429 0.888888955116272 54799
1669078060317 0.6666666865348816 54849
1669078074264 1.0 54899
1669078100962 0.800000011920929 54949
1669078114858 0.5 54999
1669078128786 0.6666666865348816 55049
1669078142686 0.6666666865348816 55099
1669078169129 0.0 55149
1669078183029 0.6666666865348816 55199
1669078196939 0.0 55249
1669078210889 0.3333333432674408 55299
1669078237269 0.0 55349
1669078251085 0.6666666865348816 55399
1669078264990 0.8571428656578064 55449
1669078278864 0.4000000059604645 55499
1669078292751 0.0 55549
1669078319230 0.0 55599
1669078333235 0.5714285969734192 55649
1669078347155 1.0 55699
1669078361056 1.0 55749
1669078387212 0.8571428656578064 55799
1669078401059 0.6666666865348816 55849
1669078414919 0.4000000059604645 55899
1669078428812 0.3333333134651184 55949
1669078455108 0.800000011920929 55999
1669078469063 0.0 56049
1669078482928 0.75 56099
1669078496800 0.8571428656578064 56149
1669078510727 0.4000000059604645 56199
1669078537036 0.6666666865348816 56249
1669078550889 0.8571428656578064 56299
1669078564759 0.5 56349
1669078578643 0.8571428656578064 56399
1669078604936 0.0 56449
1669078618753 0.5 56499
1669078632634 0.6666666865348816 56549
1669078646513 0.0 56599
1669078672787 1.0 56649
1669078686602 0.9090909361839294 56699
1669078700462 0.5 56749
1669078714394 0.6666666865348816 56799
1669078728305 1.0 56849
1669078754630 0.8333333730697632 56899
1669078768536 0.75 56949
1669078782489 1.0 56999
1669078796437 0.3333333134651184 57049
1669078823299 0.75 57099
1669078837136 0.75 57149
1669078851038 0.8333333730697632 57199
1669078864953 0.4000000059604645 57249
1669078891620 0.4000000059604645 57299
1669078905450 0.6666666865348816 57349
1669078919331 0.6666666865348816 57399
1669078933212 1.0 57449
1669078947127 0.75 57499
1669078973658 0.8571428656578064 57549
1669078987499 0.75 57599
1669079001388 1.0 57649
1669079015311 0.5714285373687744 57699
1669079041442 0.6666666865348816 57749
1669079055295 0.6666666865348816 57799
1669079069185 1.0 57849
1669079083101 0.800000011920929 57899
1669079109202 0.6666666865348816 57949
1669079123019 0.5714285373687744 57999
1669079136884 0.0 58049
1669079150764 0.8571428656578064 58099
1669079164639 0.6666666865348816 58149
1669079190950 0.75 58199
1669079204826 0.6666666865348816 58249
1669079218724 1.0 58299
1669079232607 0.888888955116272 58349
1669079259139 0.6666666865348816 58399
1669079273002 0.6666666865348816 58449
1669079286905 0.5 58499
1669079300819 0.9090909361839294 58549
1669079327484 0.5 58599
1669079341280 0.4000000059604645 58649
1669079355142 0.800000011920929 58699
1669079369025 0.6666666865348816 58749
1669079382907 0.3333333432674408 58799
1669079409126 0.800000011920929 58849
1669079422983 0.6666666865348816 58899
1669079436882 0.6666666865348816 58949
1669079450806 0.6666666865348816 58999
1669079477311 1.0 59049
1669079491153 0.8571428656578064 59099
1669079505032 0.75 59149
1669079518912 0.6666666865348816 59199
1669079545482 0.75 59249
1669079559284 1.0 59299
1669079573142 0.800000011920929 59349
1669079587005 0.5454545021057129 59399
1669079600904 0.6666666865348816 59449
1669079627025 0.4000000059604645 59499
1669079640871 0.0 59549
1669079654746 0.0 59599
1669079668615 1.0 59649
1669079695146 0.6666666865348816 59699
1669079709018 0.5 59749
1669079722912 0.6666666865348816 59799
1669079736838 0.0 59849
1669079763501 0.0 59899
1669079777312 1.0 59949
1669079791145 0.75 59999
1669079805047 0.5714285969734192 60049
1669079818953 0.6666666865348816 60099
1669079845215 0.75 60149
1669079859058 0.4000000059604645 60199
1669079872986 0.5714285373687744 60249
1669079886895 0.5 60299
1669079913225 1.0 60349
1669079927053 0.6000000238418579 60399
1669079940913 0.6666666865348816 60449
1669079954803 1.0 60499
1669079981123 0.6666666865348816 60549
1669079994953 0.6666666865348816 60599
1669080008806 0.75 60649
1669080022705 0.0 60699
1669080036660 0.6666666865348816 60749
1669080063336 0.0 60799
1669080077158 0.75 60849
1669080091022 0.75 60899
1669080104916 0.5714285969734192 60949
1669080131407 0.6666666865348816 60999
1669080145239 0.800000011920929 61049
1669080159088 0.6666666865348816 61099
1669080172981 0.5714285969734192 61149
1669080199472 0.0 61199
1669080213280 0.7272727489471436 61249
1669080227126 0.6666666865348816 61299
1669080241019 0.6666666865348816 61349
1669080254908 0.0 61399
1669080281261 0.5714285969734192 61449
1669080295128 0.5 61499
1669080309050 0.0 61549
1669080322946 0.4000000059604645 61599
1669080349550 0.800000011920929 61649
1669080363402 0.5 61699
1669080377282 0.3333333432674408 61749
1669080391194 0.4000000059604645 61799
1669080417378 0.800000011920929 61849
1669080431194 0.8571428656578064 61899
1669080445063 0.800000011920929 61949
1669080458963 0.8571428656578064 61999
1669080472875 0.4000000059604645 62049
1669080499181 0.6666666865348816 62099
1669080513026 0.5 62149
1669080526951 0.4000000059604645 62199
1669080540880 0.8571428656578064 62249
1669080567455 1.0 62299
1669080581299 0.5999999642372131 62349
1669080595171 0.6666666865348816 62399
1669080609066 0.5714285969734192 62449
1669080635393 0.5 62499
1669080649225 1.0 62549
1669080663124 0.5714285969734192 62599
1669080677057 0.6000000238418579 62649
1669080691009 0.5 62699
1669080717266 0.9230769276618958 62749
1669080731138 1.0 62799
1669080745039 0.800000011920929 62849
1669080758939 0.0 62899
1669080785393 0.8000000715255737 62949
1669080799224 0.800000011920929 62999
1669080813110 0.4000000059604645 63049
1669080826992 0.5714285373687744 63099
1669080853278 0.800000011920929 63149
1669080867128 0.6666666865348816 63199
1669080881021 0.6666666865348816 63249
1669080894947 0.6666666865348816 63299
1669080908829 0.6666666865348816 63349
1669080935360 0.6666666865348816 63399
1669080949265 0.6666666865348816 63449
1669080963190 0.4000000059604645 63499
1669080977101 0.3333333134651184 63549
1669081003472 0.75 63599
1669081017366 0.6666666865348816 63649
1669081031240 0.9090909361839294 63699
1669081045135 0.6666666865348816 63749
1669081071583 0.800000011920929 63799
1669081085400 0.4000000059604645 63849
1669081099262 0.800000011920929 63899
1669081113133 0.6666666865348816 63949
1669081127010 0.6666666865348816 63999
1669081153748 0.75 64049
1669081167660 0.75 64099
1669081181590 0.8571428656578064 64149
1669081195544 1.0 64199
1669081222032 0.0 64249
1669081235875 1.0 64299
1669081249732 0.0 64349
1669081263650 0.75 64399
1669081290416 0.5714285373687744 64449
1669081304252 0.75 64499
1669081318125 0.5 64549
1669081332024 0.75 64599
1669081345907 0.3333333432674408 64649
1669081372334 0.6666666865348816 64699
1669081386191 0.8571428656578064 64749
1669081400069 0.6666666865348816 64799
1669081413951 1.0 64849
1669081440434 0.6666666865348816 64899
1669081454262 0.5 64949
1669081468141 0.5 64999
1669081482032 0.6666666865348816 65049
1669081495763 0.0 65099
