1668668090517 3.213416337966919 49
1668668106595 3.014176845550537 99
1668668122706 2.9592089653015137 149
1668668143295 2.795128345489502 199
1668668159464 3.1727375984191895 249
1668668175654 2.944984197616577 299
1668668196396 2.962369680404663 349
1668668212700 3.1267142295837402 399
1668668229042 2.7487704753875732 449
1668668245394 2.594815492630005 499
1668668266131 2.561758041381836 549
1668668282314 2.8496253490448 599
1668668298508 2.7162694931030273 649
1668668317924 2.8001837730407715 699
1668668334128 3.0588865280151367 749
1668668350354 3.6962246894836426 799
1668668371182 2.8064637184143066 849
1668668387392 3.1161532402038574 899
1668668403643 2.289762020111084 949
1668668419879 3.226252794265747 999
1668668440599 3.208489179611206 1049
1668668456841 2.7073140144348145 1099
1668668473083 3.1210684776306152 1149
1668668493804 2.7688825130462646 1199
1668668510003 2.72935152053833 1249
1668668526235 2.257786512374878 1299
1668668546998 3.1730690002441406 1349
1668668563201 2.898669719696045 1399
1668668579419 3.1740314960479736 1449
1668668595636 2.9033119678497314 1499
1668668615106 3.2071144580841064 1549
1668668631365 2.7927136421203613 1599
1668668647626 3.143277168273926 1649
1668668667165 2.9535927772521973 1699
1668668683382 2.572605609893799 1749
1668668699597 2.9709010124206543 1799
1668668718996 3.234867572784424 1849
1668668735251 2.68211030960083 1899
1668668751470 2.769923686981201 1949
1668668767707 2.8019676208496094 1999
1668668788362 3.194101095199585 2049
1668668804573 3.1576955318450928 2099
1668668820773 2.7224678993225098 2149
1668668840280 2.7743144035339355 2199
1668668856636 3.3038909435272217 2249
1668668872995 3.0447418689727783 2299
1668668889358 2.4015984535217285 2349
1668668910088 2.6515660285949707 2399
1668668926302 3.327155590057373 2449
1668668942541 2.7341644763946533 2499
1668668962071 3.1602234840393066 2549
1668668978341 3.355095386505127 2599
1668668994616 2.988973617553711 2649
1668669015404 3.2277233600616455 2699
1668669031634 2.8731799125671387 2749
1668669047872 3.090850830078125 2799
1668669064111 3.090562343597412 2849
1668669084911 2.9340269565582275 2899
1668669101177 2.922694444656372 2949
1668669117449 2.289246082305908 2999
1668669136939 2.862703323364258 3049
1668669153163 2.732480525970459 3099
1668669169371 3.0943961143493652 3149
1668669188801 2.6249477863311768 3199
1668669204993 2.409714460372925 3249
1668669221222 2.97420072555542 3299
1668669237511 3.163645029067993 3349
1668669258207 2.7237050533294678 3399
1668669274409 2.6856930255889893 3449
1668669290630 2.904313802719116 3499
1668669311274 2.560239791870117 3549
1668669327539 3.1574177742004395 3599
1668669343831 2.1136696338653564 3649
1668669364589 3.347473621368408 3699
1668669380793 2.5369889736175537 3749
1668669397040 2.9068641662597656 3799
1668669413319 2.939589738845825 3849
1668669432854 2.737652540206909 3899
1668669449131 2.7907555103302 3949
1668669465384 2.586646318435669 3999
1668669484837 3.457502841949463 4049
1668669501091 3.019092559814453 4099
1668669517372 2.627894163131714 4149
1668669533408 3.6949732303619385 4199
1668669553169 2.285280227661133 4249
1668669569424 2.780376672744751 4299
1668669585721 2.3963406085968018 4349
1668669605188 2.1118264198303223 4399
1668669621501 2.771226406097412 4449
1668669637753 2.597808599472046 4499
1668669657276 2.21579909324646 4549
1668669673502 2.1226537227630615 4599
1668669689751 2.5149102210998535 4649
1668669706089 3.0023393630981445 4699
1668669726847 2.596348762512207 4749
1668669743154 2.8322529792785645 4799
1668669759457 2.7350895404815674 4849
1668669778900 2.7962589263916016 4899
1668669795196 2.557950019836426 4949
1668669811491 2.283506393432617 4999
1668669832213 2.6676557064056396 5049
1668669848410 2.478090763092041 5099
1668669864643 2.4600415229797363 5149
1668669880871 2.5240676403045654 5199
1668669901555 2.9514803886413574 5249
1668669917783 2.9620726108551025 5299
1668669934000 2.4692044258117676 5349
1668669954656 2.8820579051971436 5399
1668669970966 2.886413097381592 5449
1668669987257 3.151101589202881 5499
1668670008055 2.6578171253204346 5549
1668670024283 2.8621792793273926 5599
1668670040528 2.3379273414611816 5649
1668670056781 2.770883560180664 5699
1668670076231 2.4637112617492676 5749
1668670092472 2.8019282817840576 5799
1668670108690 2.0100109577178955 5849
1668670128122 3.1749751567840576 5899
1668670144356 2.5441348552703857 5949
1668670160595 3.0789265632629395 5999
1668670179998 2.3324103355407715 6049
1668670196315 2.7648062705993652 6099
1668670212643 3.260488986968994 6149
1668670228964 2.4361865520477295 6199
1668670248354 2.5797152519226074 6249
1668670264581 2.684802532196045 6299
1668670280803 2.5222182273864746 6349
1668670300295 2.552497148513794 6399
1668670316521 2.640043258666992 6449
1668670332762 3.2932229042053223 6499
1668670348974 2.3385939598083496 6549
1668670368393 2.3608593940734863 6599
1668670384638 2.5722415447235107 6649
1668670400874 2.9250309467315674 6699
1668670420293 2.792003631591797 6749
1668670436533 2.659982919692993 6799
1668670452789 2.787217378616333 6849
1668670472307 2.565078020095825 6899
1668670488691 2.7472915649414062 6949
1668670505073 2.6623740196228027 6999
1668670521423 2.521876573562622 7049
1668670540881 2.4996256828308105 7099
1668670557136 3.2777035236358643 7149
1668670573406 2.539196491241455 7199
1668670592842 2.599976062774658 7249
1668670609073 2.4965338706970215 7299
1668670625305 2.6696865558624268 7349
1668670644776 3.1626484394073486 7399
1668670660988 3.3364906311035156 7449
1668670677214 2.4063000679016113 7499
1668670693479 2.665217399597168 7549
1668670714116 2.346651792526245 7599
1668670730333 2.435985565185547 7649
1668670746578 2.5513644218444824 7699
1668670766112 2.5881285667419434 7749
1668670782419 3.466294050216675 7799
1668670798779 2.981231927871704 7849
1668670818350 3.058438539505005 7899
1668670834665 2.59157133102417 7949
1668670851117 3.158402442932129 7999
1668670867520 3.1124186515808105 8049
1668670886976 3.159595012664795 8099
1668670903214 2.1724369525909424 8149
1668670919454 2.2899937629699707 8199
1668670938854 2.6009316444396973 8249
1668670955095 3.0417025089263916 8299
1668670971302 3.3462650775909424 8349
1668670987299 2.9231483936309814 8399
1668671006906 2.9374451637268066 8449
1668671023173 2.7844529151916504 8499
1668671039421 2.8092129230499268 8549
1668671060232 2.701767921447754 8599
1668671076459 2.99102520942688 8649
1668671092698 3.102348566055298 8699
1668671112156 2.5651049613952637 8749
1668671128509 2.1020071506500244 8799
1668671144860 2.6530849933624268 8849
1668671161213 2.9537246227264404 8899
1668671180676 2.6550395488739014 8949
1668671196878 2.8418049812316895 8999
1668671213092 2.5395214557647705 9049
1668671232548 2.3135335445404053 9099
1668671248809 3.2683231830596924 9149
1668671265075 3.144674777984619 9199
1668671284489 2.3889174461364746 9249
1668671300706 2.543321132659912 9299
1668671316952 3.036194324493408 9349
1668671333211 3.240093946456909 9399
1668671352709 2.307666540145874 9449
1668671368982 2.8126845359802246 9499
1668671385250 3.237285614013672 9549
1668671404634 3.132204294204712 9599
1668671420896 2.933781147003174 9649
1668671437158 2.873303174972534 9699
1668671456660 3.0225672721862793 9749
1668671472877 2.292536497116089 9799
1668671489129 2.8884894847869873 9849
1668671505358 3.2262415885925293 9899
1668671524830 2.7385926246643066 9949
1668671541107 2.263110637664795 9999
1668671557385 2.483020067214966 10049
1668671576885 2.5675747394561768 10099
1668671593119 2.821608543395996 10149
1668671609353 2.6591012477874756 10199
1668671630190 2.6699767112731934 10249
1668671646541 2.7661709785461426 10299
1668671663015 2.603896141052246 10349
1668671679520 2.800464153289795 10399
1668671699085 2.9605016708374023 10449
1668671715321 2.653032064437866 10499
1668671731573 3.0515024662017822 10549
1668671751001 3.046851873397827 10599
1668671767241 2.8018429279327393 10649
1668671783502 2.7390265464782715 10699
1668671799751 2.513666868209839 10749
1668671819176 2.497431993484497 10799
1668671835439 2.915757417678833 10849
1668671851674 3.254983425140381 10899
1668671871131 2.751941680908203 10949
1668671887369 2.4490840435028076 10999
1668671903634 2.791363477706909 11049
1668671923149 2.9758739471435547 11099
1668671939394 2.9454779624938965 11149
1668671955657 2.5657458305358887 11199
1668671971919 2.960357189178467 11249
1668671991390 3.0237090587615967 11299
1668672007631 2.5422191619873047 11349
1668672023894 3.2302234172821045 11399
1668672044499 2.374931812286377 11449
1668672060711 3.350614547729492 11499
1668672076948 2.57523512840271 11549
1668672096372 2.823184013366699 11599
1668672112584 2.9918272495269775 11649
1668672128812 3.337470531463623 11699
1668672145050 2.9318413734436035 11749
1668672165734 3.3243985176086426 11799
1668672181985 2.239814281463623 11849
1668672198242 2.674459934234619 11899
1668672218984 2.746224880218506 11949
1668672235213 3.0577704906463623 11999
1668672251416 2.906080484390259 12049
1668672270863 2.38006591796875 12099
1668672287110 2.657163381576538 12149
1668672303387 2.5305192470550537 12199
1668672319648 2.633873462677002 12249
1668672339142 2.6005616188049316 12299
1668672355385 2.987318515777588 12349
1668672371639 3.179841995239258 12399
1668672391130 2.7000248432159424 12449
1668672407348 2.4207534790039062 12499
1668672423571 2.7633731365203857 12549
1668672439591 3.0349533557891846 12599
1668672459294 2.8954708576202393 12649
1668672475550 2.8024802207946777 12699
1668672491803 2.2462737560272217 12749
1668672511278 2.680842876434326 12799
1668672527513 3.1610071659088135 12849
1668672543759 2.8109700679779053 12899
1668672563209 2.273772716522217 12949
1668672579448 2.3233237266540527 12999
1668672595669 1.9921261072158813 13049
1668672611929 2.5097832679748535 13099
1668672632737 2.3752341270446777 13149
1668672648964 3.186039686203003 13199
1668672665228 2.908851146697998 13249
1668672684683 2.539703369140625 13299
1668672700943 2.5438485145568848 13349
1668672717197 2.6733384132385254 13399
1668672736691 2.926032304763794 13449
1668672752928 2.294490098953247 13499
1668672769151 2.5937340259552 13549
1668672785387 2.9499924182891846 13599
1668672804881 3.0775458812713623 13649
1668672821207 2.88008975982666 13699
1668672837535 3.0723793506622314 13749
1668672858359 2.4144911766052246 13799
1668672874597 2.7597768306732178 13849
1668672890845 2.8615100383758545 13899
1668672910329 2.685927152633667 13949
1668672926552 2.694161891937256 13999
1668672942846 2.8520569801330566 14049
1668672959124 2.5994458198547363 14099
1668672978625 2.8510193824768066 14149
1668672994869 2.731053113937378 14199
1668673011113 3.3710780143737793 14249
1668673031797 3.0702338218688965 14299
1668673048047 2.714211940765381 14349
1668673064283 2.7141823768615723 14399
1668673083762 2.7715351581573486 14449
1668673100058 2.831672430038452 14499
1668673116292 2.6783738136291504 14549
1668673132513 2.798008918762207 14599
1668673151984 2.9280178546905518 14649
1668673168239 2.7414028644561768 14699
1668673184459 2.3088624477386475 14749
1668673203957 2.4517462253570557 14799
1668673220176 3.238398790359497 14849
1668673236404 3.1858489513397217 14899
1668673252627 2.6584768295288086 14949
1668673272197 2.99133563041687 14999
1668673288483 2.9321742057800293 15049
1668673304721 3.189424753189087 15099
1668673324158 2.4701647758483887 15149
1668673340356 2.5819778442382812 15199
1668673356572 2.888763904571533 15249
1668673377233 2.6340794563293457 15299
1668673393431 2.653096914291382 15349
1668673409663 2.523818254470825 15399
1668673425882 2.9446723461151123 15449
1668673445355 2.094648599624634 15499
1668673461617 2.7689120769500732 15549
1668673477860 2.7467617988586426 15599
1668673497349 2.45955228805542 15649
1668673513593 2.8172335624694824 15699
1668673529839 2.6396431922912598 15749
1668673549315 2.5805230140686035 15799
1668673565539 2.8794853687286377 15849
1668673581779 2.7409801483154297 15899
1668673598009 2.944023609161377 15949
1668673617492 2.891376495361328 15999
1668673633735 3.1848952770233154 16049
1668673649966 2.6505393981933594 16099
1668673669466 2.6074342727661133 16149
1668673685816 2.9111404418945312 16199
1668673702207 2.754075288772583 16249
1668673721802 3.0431742668151855 16299
1668673738030 2.693788528442383 16349
1668673754259 2.5319066047668457 16399
1668673770502 2.8480474948883057 16449
1668673789898 2.7569973468780518 16499
1668673806138 2.8552777767181396 16549
1668673822426 2.5494444370269775 16599
1668673842016 2.7870256900787354 16649
1668673858215 2.5583510398864746 16699
1668673874449 2.4943156242370605 16749
1668673890496 3.0867443084716797 16799
1668673911426 2.487623691558838 16849
1668673927664 2.7153680324554443 16899
1668673943909 2.367260217666626 16949
1668673963347 2.513923406600952 16999
1668673979662 2.923384189605713 17049
1668673995948 2.651978015899658 17099
1668674015403 2.2022764682769775 17149
1668674031623 2.4395387172698975 17199
1668674047865 2.775747299194336 17249
1668674064110 2.366168975830078 17299
1668674083651 2.119945526123047 17349
1668674099887 2.604947090148926 17399
1668674116141 3.2124226093292236 17449
1668674135587 2.4371368885040283 17499
1668674151849 2.6230502128601074 17549
1668674168090 2.5335726737976074 17599
1668674187562 2.845186233520508 17649
1668674203843 2.603395462036133 17699
1668674220090 2.6569125652313232 17749
1668674236337 2.6077792644500732 17799
1668674255807 2.617295265197754 17849
1668674272070 2.8051974773406982 17899
1668674288312 2.431407928466797 17949
1668674307806 2.616306781768799 17999
1668674324030 2.7812271118164062 18049
1668674340292 2.6792564392089844 18099
1668674359813 2.406402111053467 18149
1668674376123 2.651202440261841 18199
1668674392410 2.5159125328063965 18249
1668674408666 2.5551505088806152 18299
1668674428144 3.1660869121551514 18349
1668674444391 2.7691028118133545 18399
1668674460640 2.5964579582214355 18449
1668674480210 2.6013779640197754 18499
1668674496419 2.5093493461608887 18549
1668674512668 2.7237348556518555 18599
1668674533349 2.85023832321167 18649
1668674549670 2.0188002586364746 18699
1668674565969 2.196594715118408 18749
1668674582241 2.585315227508545 18799
1668674601687 2.79646372795105 18849
1668674617926 2.6662917137145996 18899
1668674634188 2.7050564289093018 18949
1668674653638 2.796908140182495 18999
1668674669880 2.616777181625366 19049
1668674686123 2.991119384765625 19099
1668674702326 2.7767937183380127 19149
1668674721793 3.192643642425537 19199
1668674738028 2.9972214698791504 19249
1668674754264 2.9021735191345215 19299
1668674773767 2.8646650314331055 19349
1668674790027 3.04868745803833 19399
1668674806252 2.691174268722534 19449
1668674825691 2.3962743282318115 19499
1668674841933 2.6317191123962402 19549
1668674858189 2.5689332485198975 19599
1668674874450 2.8422484397888184 19649
1668674893879 2.700115919113159 19699
1668674910111 2.3339715003967285 19749
1668674926376 3.1208839416503906 19799
1668674945801 2.7477362155914307 19849
1668674962078 2.8351643085479736 19899
1668674978325 3.1462960243225098 19949
1668674997814 2.9072916507720947 19999
1668675014095 2.993988037109375 20049
1668675030378 2.875527858734131 20099
1668675046676 2.6684823036193848 20149
1668675066130 2.385810613632202 20199
1668675082375 2.919520139694214 20249
1668675098624 2.779322624206543 20299
1668675119344 2.3561136722564697 20349
1668675135605 3.012450695037842 20399
1668675151865 2.379380702972412 20449
1668675172574 2.935373306274414 20499
1668675188788 2.5920817852020264 20549
1668675205004 2.86940860748291 20599
1668675221217 2.3575966358184814 20649
1668675240718 3.208266019821167 20699
1668675256981 2.4400155544281006 20749
1668675273220 3.205167770385742 20799
1668675292682 3.1160941123962402 20849
1668675308897 2.736802339553833 20899
1668675325149 2.6302032470703125 20949
1668675341153 3.4359302520751953 20999
1668675360793 3.0808327198028564 21049
1668675377026 2.514439105987549 21099
1668675393272 3.1754233837127686 21149
1668675412852 2.9126715660095215 21199
1668675429218 2.846724271774292 21249
1668675445596 2.8701677322387695 21299
1668675465226 3.1590819358825684 21349
1668675481425 2.3482298851013184 21399
1668675497677 3.1582179069519043 21449
1668675513966 2.2386116981506348 21499
1668675533455 2.6081442832946777 21549
1668675549698 2.708113193511963 21599
1668675565967 2.287398099899292 21649
1668675585447 2.4861416816711426 21699
1668675601758 2.7143666744232178 21749
1668675618101 2.860241413116455 21799
1668675637659 2.3213558197021484 21849
1668675653958 2.798419237136841 21899
1668675670276 2.521108865737915 21949
1668675686580 2.70725679397583 21999
1668675706058 2.8227193355560303 22049
1668675722357 2.5621016025543213 22099
1668675738652 2.7924962043762207 22149
1668675758135 2.362898588180542 22199
1668675774389 2.701165199279785 22249
1668675790670 2.673975706100464 22299
1668675810176 2.6938679218292236 22349
1668675826501 2.4054009914398193 22399
1668675842852 2.8827857971191406 22449
1668675859198 2.1535964012145996 22499
1668675878668 2.9583194255828857 22549
1668675894916 2.791555166244507 22599
1668675911162 3.2574546337127686 22649
1668675930609 2.180192470550537 22699
1668675946844 2.738987684249878 22749
1668675963184 2.7836251258850098 22799
1668675982699 2.8252692222595215 22849
1668675999003 2.910292148590088 22899
1668676015260 2.939899206161499 22949
1668676031537 3.00152850151062 22999
1668676051010 2.916398525238037 23049
1668676067262 2.689525842666626 23099
1668676083490 3.2323620319366455 23149
1668676102964 2.6378891468048096 23199
1668676119196 2.5515193939208984 23249
1668676135440 3.0613551139831543 23299
1668676151667 2.3191158771514893 23349
1668676172316 2.5484626293182373 23399
1668676188539 2.761789560317993 23449
1668676204782 2.8024299144744873 23499
1668676224300 1.9959713220596313 23549
1668676240536 2.5904383659362793 23599
1668676256752 3.1037771701812744 23649
1668676276208 2.3441765308380127 23699
1668676292405 3.1448302268981934 23749
1668676308631 2.8915369510650635 23799
1668676324859 2.930928945541382 23849
1668676344350 3.268502712249756 23899
1668676360585 2.6884207725524902 23949
1668676376822 2.605990409851074 23999
1668676396291 2.644488573074341 24049
1668676412514 2.8156485557556152 24099
1668676428745 3.333463191986084 24149
1668676448227 2.6781773567199707 24199
1668676464452 2.5941803455352783 24249
1668676480677 3.3779778480529785 24299
1668676496897 2.9569802284240723 24349
1668676516305 3.0155601501464844 24399
1668676532530 2.21095609664917 24449
1668676548763 3.0869433879852295 24499
1668676568146 2.801487684249878 24549
1668676584385 2.611084222793579 24599
1668676600650 2.573974370956421 24649
1668676620096 2.9223694801330566 24699
1668676636321 2.4325804710388184 24749
1668676652591 3.0642025470733643 24799
1668676668858 2.7648606300354004 24849
1668676688350 2.412113666534424 24899
1668676704659 2.4382002353668213 24949
1668676720972 2.5540621280670166 24999
1668676740474 2.536581516265869 25049
1668676756768 2.6139235496520996 25099
1668676773004 2.847442626953125 25149
1668676789009 2.7819721698760986 25199
1668676808592 2.869185447692871 25249
1668676824868 2.629711151123047 25299
1668676841142 2.6952462196350098 25349
1668676860640 2.947693347930908 25399
1668676876882 3.043303966522217 25449
1668676893129 2.5252575874328613 25499
1668676912578 2.891544818878174 25549
1668676928800 3.09081768989563 25599
1668676945032 3.0160953998565674 25649
1668676961256 2.9660837650299072 25699
1668676980724 2.941127300262451 25749
1668676996948 2.8665401935577393 25799
1668677013175 2.78914213180542 25849
1668677032634 2.6741719245910645 25899
1668677048885 2.300006866455078 25949
1668677065129 2.3863720893859863 25999
1668677084613 3.0410470962524414 26049
1668677100848 2.3316385746002197 26099
1668677117106 2.898507595062256 26149
1668677133343 2.751060962677002 26199
1668677152829 2.763071060180664 26249
1668677169069 2.7995572090148926 26299
1668677185311 2.81038498878479 26349
1668677204759 2.375953435897827 26399
1668677220987 2.5897440910339355 26449
1668677237244 2.7855420112609863 26499
1668677256751 2.8268678188323975 26549
1668677272983 2.5898282527923584 26599
1668677289253 2.6857802867889404 26649
1668677305481 3.012291669845581 26699
1668677324995 2.9037861824035645 26749
1668677341320 2.7721028327941895 26799
1668677357583 2.5099856853485107 26849
1668677377038 3.0777084827423096 26899
1668677393318 3.0449776649475098 26949
1668677409621 2.535377025604248 26999
1668677429125 2.514326333999634 27049
1668677445412 2.575819492340088 27099
1668677461679 2.9191501140594482 27149
1668677477949 2.4098763465881348 27199
1668677497385 2.5227952003479004 27249
1668677513652 2.281843662261963 27299
1668677529919 2.540750026702881 27349
1668677549362 2.4431886672973633 27399
1668677565622 2.6122801303863525 27449
1668677581901 2.814406156539917 27499
1668677598145 2.957132339477539 27549
1668677617606 2.756613254547119 27599
1668677633923 3.2269508838653564 27649
1668677650251 2.4193367958068848 27699
1668677669769 3.026193380355835 27749
1668677686026 2.577503204345703 27799
1668677702272 2.1869378089904785 27849
1668677721760 2.4864110946655273 27899
1668677737987 2.635564088821411 27949
1668677754223 2.8897500038146973 27999
1668677770462 2.9103410243988037 28049
1668677790020 2.5911145210266113 28099
1668677806264 2.4519526958465576 28149
1668677822546 3.0202150344848633 28199
1668677841913 2.4208335876464844 28249
1668677858150 2.4086849689483643 28299
1668677874396 2.554147243499756 28349
1668677893965 2.2225186824798584 28399
1668677910196 2.363342761993408 28449
1668677926417 2.1934521198272705 28499
1668677942658 2.552969455718994 28549
1668677962048 2.6942498683929443 28599
1668677978273 2.7369229793548584 28649
1668677994525 2.855917453765869 28699
1668678015349 2.915574312210083 28749
1668678031613 2.285691499710083 28799
1668678047875 2.8264472484588623 28849
1668678067403 2.7918152809143066 28899
1668678083759 3.379033327102661 28949
1668678100077 2.2910304069519043 28999
1668678116315 2.5706734657287598 29049
1668678135836 2.552522897720337 29099
1668678152112 2.1694440841674805 29149
1668678168341 2.3100123405456543 29199
1668678189100 2.511704921722412 29249
1668678205315 2.3495070934295654 29299
1668678221548 2.991072654724121 29349
1668678237586 2.0355868339538574 29399
1668678257238 2.9468188285827637 29449
1668678273466 3.122628927230835 29499
1668678289703 2.404559850692749 29549
1668678310391 2.211507797241211 29599
1668678326667 2.5286850929260254 29649
1668678342944 2.581766366958618 29699
1668678362412 2.814692974090576 29749
1668678378631 2.4436018466949463 29799
1668678394844 2.785385847091675 29849
1668678411066 2.8607325553894043 29899
1668678430595 3.2429115772247314 29949
1668678446860 2.647368907928467 29999
1668678463092 2.9820802211761475 30049
1668678482474 2.3828892707824707 30099
1668678498710 2.3878045082092285 30149
1668678514916 2.9577317237854004 30199
1668678534375 3.1433920860290527 30249
1668678550593 2.5419626235961914 30299
1668678566886 2.6360700130462646 30349
1668678583165 2.8097000122070312 30399
1668678602609 2.995431423187256 30449
1668678618887 2.6878011226654053 30499
1668678635131 3.1083226203918457 30549
1668678654630 2.4746954441070557 30599
1668678670851 3.1682353019714355 30649
1668678687080 3.0443577766418457 30699
1668678706474 2.7917001247406006 30749
1668678722686 2.72167706489563 30799
1668678738967 2.5199365615844727 30849
1668678755239 2.842200756072998 30899
1668678774763 2.8189053535461426 30949
1668678791010 2.960008144378662 30999
1668678807261 2.010529041290283 31049
1668678826748 3.300764799118042 31099
1668678843021 2.482182025909424 31149
1668678859241 2.220315456390381 31199
1668678878624 2.443732976913452 31249
1668678894846 2.6241366863250732 31299
1668678911079 3.2891552448272705 31349
1668678927323 3.1682021617889404 31399
1668678946799 2.9073102474212646 31449
1668678963017 2.651970386505127 31499
1668678979246 2.986753463745117 31549
1668678998705 2.1977057456970215 31599
1668679014961 2.9631869792938232 31649
1668679031231 2.6235508918762207 31699
1668679047468 2.6154136657714844 31749
1668679067069 2.5329556465148926 31799
1668679083366 3.3313965797424316 31849
1668679099625 2.9974608421325684 31899
1668679119014 2.3002028465270996 31949
1668679135276 2.5578348636627197 31999
1668679151534 2.7935791015625 32049
1668679170974 2.727004051208496 32099
1668679187247 2.5765275955200195 32149
1668679203529 3.0016841888427734 32199
1668679219805 2.4773833751678467 32249
1668679239406 2.904867172241211 32299
1668679255782 2.290703535079956 32349
1668679272153 2.4121761322021484 32399
1668679291728 2.556596279144287 32449
1668679308055 2.7571117877960205 32499
1668679324368 2.391596555709839 32549
1668679343844 2.3480396270751953 32599
1668679360099 2.556094169616699 32649
1668679376328 2.869952440261841 32699
1668679392574 2.4796924591064453 32749
1668679412082 2.8632731437683105 32799
1668679428314 2.7330198287963867 32849
1668679444565 2.3139584064483643 32899
1668679463998 2.1793196201324463 32949
1668679480237 2.7009835243225098 32999
1668679496461 2.4288010597229004 33049
1668679515899 2.822636127471924 33099
1668679532136 2.700988531112671 33149
1668679548371 2.3549342155456543 33199
1668679564610 2.0638527870178223 33249
1668679584085 2.795344114303589 33299
1668679600330 2.6643481254577637 33349
1668679616593 2.2238588333129883 33399
1668679636057 2.2285642623901367 33449
1668679652296 2.4165217876434326 33499
1668679668507 2.9299213886260986 33549
1668679684542 2.8114230632781982 33599
1668679704204 2.827981472015381 33649
1668679720465 3.4541099071502686 33699
1668679736718 2.5174970626831055 33749
1668679756237 2.4605917930603027 33799
1668679772468 2.7711691856384277 33849
1668679788713 2.70969820022583 33899
1668679808173 2.7899413108825684 33949
1668679824398 2.471099615097046 33999
1668679840627 2.376430034637451 34049
1668679856851 2.882143020629883 34099
1668679876287 2.234970808029175 34149
1668679892535 3.0116047859191895 34199
1668679908792 2.955922842025757 34249
1668679928235 2.4529614448547363 34299
1668679944463 2.5992588996887207 34349
1668679960698 2.086775064468384 34399
1668679980124 2.215489387512207 34449
1668679996326 2.2181308269500732 34499
1668680012586 2.938721179962158 34549
1668680028889 2.3422858715057373 34599
1668680048280 2.0190200805664062 34649
1668680064481 2.7665693759918213 34699
1668680080705 3.0736210346221924 34749
1668680101330 2.48112154006958 34799
1668680117664 2.3777318000793457 34849
1668680133918 2.5463900566101074 34899
1668680153394 2.740985631942749 34949
1668680169656 2.839700222015381 34999
1668680185900 2.3269760608673096 35049
1668680202168 2.7444100379943848 35099
1668680221649 2.893767833709717 35149
1668680237887 2.9961113929748535 35199
1668680254112 2.8487863540649414 35249
1668680273599 3.254685163497925 35299
1668680289846 2.3050026893615723 35349
1668680306088 3.0628793239593506 35399
1668680325568 2.668426036834717 35449
1668680341806 2.361137866973877 35499
1668680358033 2.7963037490844727 35549
1668680374254 2.512951612472534 35599
1668680393668 1.8897545337677002 35649
1668680409929 2.4235987663269043 35699
1668680426203 2.778989791870117 35749
1668680445744 2.8743512630462646 35799
1668680462005 2.2730770111083984 35849
1668680478264 2.192106008529663 35899
1668680494515 3.139070987701416 35949
1668680513963 2.639009952545166 35999
1668680530216 2.119849681854248 36049
1668680546440 2.5028998851776123 36099
1668680565948 2.6139557361602783 36149
1668680582235 2.6748006343841553 36199
1668680598490 2.601402759552002 36249
1668680617952 2.536078929901123 36299
1668680634201 2.952772617340088 36349
1668680650470 2.4783570766448975 36399
1668680666718 2.8572933673858643 36449
1668680686189 2.3887228965759277 36499
1668680702429 3.2004730701446533 36549
1668680718662 2.2248764038085938 36599
1668680738145 2.6940770149230957 36649
1668680754405 3.2321314811706543 36699
1668680770666 2.73262619972229 36749
1668680790105 2.8812904357910156 36799
1668680806350 2.2464425563812256 36849
1668680822597 2.708017110824585 36899
1668680838857 2.6854653358459473 36949
1668680858257 2.5090439319610596 36999
1668680874490 2.83803653717041 37049
1668680890705 2.799152374267578 37099
1668680910189 2.4413046836853027 37149
1668680926425 3.1542699337005615 37199
1668680942632 2.629939556121826 37249
1668680962122 2.5306077003479004 37299
1668680978363 2.740553140640259 37349
1668680994590 2.3712427616119385 37399
1668681010833 2.9272682666778564 37449
1668681030355 2.468501567840576 37499
1668681046582 1.9874515533447266 37549
1668681062816 3.0484514236450195 37599
1668681082284 3.206404209136963 37649
1668681098533 2.2483856678009033 37699
1668681114783 2.429872512817383 37749
1668681130845 3.003993272781372 37799
1668681150558 2.7558884620666504 37849
1668681166818 2.4629693031311035 37899
1668681183068 2.407771110534668 37949
1668681202474 2.6032874584198 37999
1668681218716 3.218754529953003 38049
1668681234966 2.280587673187256 38099
1668681254400 2.689176559448242 38149
1668681270771 2.5890376567840576 38199
1668681287132 3.028991460800171 38249
1668681303454 2.783173084259033 38299
1668681322842 2.215027093887329 38349
1668681339083 2.672013759613037 38399
1668681355323 2.213639497756958 38449
1668681374778 2.667234420776367 38499
1668681391066 2.901005506515503 38549
1668681407363 3.0435054302215576 38599
1668681426853 2.2833852767944336 38649
1668681443123 2.473803997039795 38699
1668681459425 2.316364049911499 38749
1668681475686 2.981003999710083 38799
1668681495243 3.0977864265441895 38849
1668681511562 2.3824636936187744 38899
1668681527847 2.113069772720337 38949
1668681547315 2.9784865379333496 38999
1668681563559 2.7352402210235596 39049
1668681579811 2.5430853366851807 39099
1668681599210 2.783738374710083 39149
1668681615543 3.1400704383850098 39199
1668681631811 2.6573972702026367 39249
1668681648067 2.466405153274536 39299
1668681667532 2.0303795337677 39349
1668681683849 2.7149875164031982 39399
1668681700255 2.0539650917053223 39449
1668681719745 2.2165367603302 39499
1668681735978 2.994805097579956 39549
1668681752237 2.9232661724090576 39599
1668681771706 2.793602466583252 39649
1668681787958 3.2876880168914795 39699
1668681804224 2.3245322704315186 39749
1668681820496 3.1383554935455322 39799
1668681839960 2.6223056316375732 39849
1668681856222 2.4410457611083984 39899
1668681872501 2.582629442214966 39949
1668681891890 2.8019962310791016 39999
1668681908160 2.568148136138916 40049
1668681924378 3.3310070037841797 40099
1668681940593 2.383466958999634 40149
1668681960031 2.9831957817077637 40199
1668681976303 2.332423686981201 40249
1668681992544 2.4985389709472656 40299
1668682012009 2.4710166454315186 40349
1668682028232 2.5857315063476562 40399
1668682044486 2.8422555923461914 40449
1668682063912 3.167105197906494 40499
1668682080146 2.378619432449341 40549
1668682096387 2.8390350341796875 40599
1668682112643 2.669649600982666 40649
1668682132115 2.5569510459899902 40699
1668682148353 2.4832851886749268 40749
1668682164601 2.868649959564209 40799
1668682184027 2.1583850383758545 40849
1668682200258 2.9045019149780273 40899
1668682216544 2.411972761154175 40949
1668682236061 2.5591273307800293 40999
1668682252275 2.446078062057495 41049
1668682268527 2.6892669200897217 41099
1668682284744 2.695180892944336 41149
1668682304219 2.6780917644500732 41199
1668682320472 2.871358871459961 41249
1668682336733 2.2554192543029785 41299
1668682356209 2.6197750568389893 41349
1668682372454 2.56036114692688 41399
1668682388745 2.708818197250366 41449
1668682408187 2.8377645015716553 41499
1668682424427 2.331660509109497 41549
1668682440698 3.2854747772216797 41599
1668682456995 2.4175994396209717 41649
1668682476465 2.272686719894409 41699
1668682492720 2.568089723587036 41749
1668682508991 2.5013277530670166 41799
1668682528524 2.714661121368408 41849
1668682544778 2.993314266204834 41899
1668682561029 2.167510509490967 41949
1668682577073 3.136744260787964 41999
1668682596707 2.19773530960083 42049
1668682612941 2.7499051094055176 42099
1668682629199 2.7765018939971924 42149
1668682648669 2.4965133666992188 42199
1668682664873 2.556382417678833 42249
1668682681091 2.7041940689086914 42299
1668682700542 2.22088623046875 42349
1668682716772 3.215256929397583 42399
1668682733016 2.8146812915802 42449
1668682749280 3.0858070850372314 42499
1668682768734 2.4620773792266846 42549
1668682784984 2.8005576133728027 42599
1668682801208 2.7561392784118652 42649
1668682820677 2.47875714302063 42699
1668682836931 3.1757709980010986 42749
1668682853188 2.8510336875915527 42799
1668682872624 2.9840826988220215 42849
1668682888858 2.4503555297851562 42899
1668682905090 2.3134214878082275 42949
1668682921330 2.405001401901245 42999
1668682940720 2.887773036956787 43049
1668682956957 2.3730177879333496 43099
1668682973231 2.7615463733673096 43149
1668682992753 2.766892910003662 43199
1668683009021 3.0563313961029053 43249
1668683025309 2.585801839828491 43299
1668683044763 3.056915044784546 43349
1668683060976 2.5571868419647217 43399
1668683077214 2.4119484424591064 43449
1668683093489 2.722536563873291 43499
1668683112963 2.6923866271972656 43549
1668683129193 2.792987585067749 43599
1668683145423 3.0146212577819824 43649
1668683165008 2.4499003887176514 43699
1668683181266 2.8906939029693604 43749
1668683197512 2.9145121574401855 43799
1668683216993 2.601579427719116 43849
1668683233251 2.5685880184173584 43899
1668683249502 2.6952476501464844 43949
1668683265742 2.5323832035064697 43999
1668683285188 3.15742826461792 44049
1668683301419 2.248685836791992 44099
1668683317659 2.8716213703155518 44149
1668683337085 2.524606466293335 44199
1668683353346 2.413419485092163 44249
1668683369587 2.477912425994873 44299
1668683385840 2.4231252670288086 44349
1668683405321 2.428210496902466 44399
1668683421596 2.627371311187744 44449
1668683437856 3.4368739128112793 44499
1668683457399 2.8748672008514404 44549
1668683473648 2.156189203262329 44599
1668683489897 2.8319294452667236 44649
1668683509372 2.985659599304199 44699
1668683525599 2.7342991828918457 44749
1668683541856 3.2242298126220703 44799
1668683558132 2.170034408569336 44849
1668683577517 2.970975399017334 44899
1668683593776 2.7209341526031494 44949
1668683610039 2.4100632667541504 44999
1668683629599 2.541321277618408 45049
1668683645978 2.2322773933410645 45099
1668683662351 2.6500892639160156 45149
1668683681945 2.956789970397949 45199
1668683698203 2.760909080505371 45249
1668683714502 2.336681365966797 45299
1668683730830 2.307990550994873 45349
1668683750389 2.634124755859375 45399
1668683766783 3.0811994075775146 45449
1668683783179 2.5523815155029297 45499
1668683802699 2.8637256622314453 45549
1668683819010 2.5812227725982666 45599
1668683835316 2.965980052947998 45649
1668683854787 2.5221152305603027 45699
1668683871062 2.8095455169677734 45749
1668683887357 2.8918426036834717 45799
1668683903671 2.9032907485961914 45849
1668683923161 1.9228922128677368 45899
1668683939429 2.5466465950012207 45949
1668683955689 2.6928210258483887 45999
1668683975226 2.087437629699707 46049
1668683991453 2.5468697547912598 46099
1668684007675 2.262186050415039 46149
1668684023709 2.8380558490753174 46199
1668684043322 2.8762052059173584 46249
1668684059561 2.8119518756866455 46299
1668684075794 2.2274348735809326 46349
1668684095263 2.9231088161468506 46399
1668684111489 2.9745168685913086 46449
1668684127735 1.674220085144043 46499
1668684147224 3.3162975311279297 46549
1668684163460 2.7119526863098145 46599
1668684179681 2.994248390197754 46649
1668684195933 2.734694480895996 46699
1668684215498 2.52024507522583 46749
1668684231772 2.3721206188201904 46799
1668684248044 2.6406798362731934 46849
1668684267488 2.859255313873291 46899
1668684283745 2.705608367919922 46949
1668684300025 2.862602710723877 46999
1668684319482 2.9051730632781982 47049
1668684335727 2.4622139930725098 47099
1668684351967 2.8029792308807373 47149
1668684368282 2.5021471977233887 47199
1668684387790 2.962756395339966 47249
1668684404031 2.2250382900238037 47299
1668684420277 2.2195656299591064 47349
1668684439758 2.414482355117798 47399
1668684456008 2.592487096786499 47449
1668684472247 2.6481781005859375 47499
1668684491735 2.9532577991485596 47549
1668684507978 2.6801788806915283 47599
1668684524234 2.91676926612854 47649
1668684540507 2.7862141132354736 47699
1668684560079 2.19343900680542 47749
1668684576432 2.8756766319274902 47799
1668684592815 2.556520462036133 47849
1668684612327 2.153303861618042 47899
1668684628578 2.498694896697998 47949
1668684644787 2.7854666709899902 47999
1668684664235 3.023344039916992 48049
1668684680507 2.041271686553955 48099
1668684696870 2.935901165008545 48149
1668684713219 1.8854389190673828 48199
1668684732828 2.3379969596862793 48249
1668684749202 2.317641258239746 48299
1668684765578 2.7194113731384277 48349
1668684785184 3.533989429473877 48399
1668684801550 2.926027774810791 48449
1668684817940 2.5370519161224365 48499
1668684834280 2.9220967292785645 48549
1668684853796 2.6265475749969482 48599
1668684870109 2.96077036857605 48649
1668684886418 2.3580522537231445 48699
1668684905843 2.7876641750335693 48749
1668684922101 2.6385951042175293 48799
1668684938364 3.2325127124786377 48849
1668684957890 2.8383936882019043 48899
1668684974136 2.3091883659362793 48949
1668684990386 2.2351107597351074 48999
1668685006671 2.7847232818603516 49049
1668685026255 2.7405056953430176 49099
1668685042580 2.580739974975586 49149
1668685058915 2.9655468463897705 49199
1668685078490 2.4819846153259277 49249
1668685094782 2.755625009536743 49299
1668685111080 2.6978631019592285 49349
1668685130637 2.4279327392578125 49399
1668685146865 2.7149691581726074 49449
1668685163119 2.554943799972534 49499
1668685179379 2.8289997577667236 49549
1668685198846 3.5062546730041504 49599
1668685215099 2.5122790336608887 49649
1668685231356 2.92946195602417 49699
1668685250835 2.7135584354400635 49749
1668685267103 2.702796220779419 49799
1668685283353 2.1328086853027344 49849
1668685302847 2.515289545059204 49899
1668685319096 2.5512139797210693 49949
1668685335342 2.389747142791748 49999
1668685351581 2.6733529567718506 50049
1668685371074 2.587930202484131 50099
1668685387322 2.3709263801574707 50149
1668685403578 2.522606134414673 50199
1668685423005 2.38028621673584 50249
1668685439253 3.1112875938415527 50299
1668685455504 3.0575835704803467 50349
1668685471554 3.103912353515625 50399
