1668668132609 0.08581344038248062 167
1668668191453 0.12361100316047668 335
1668668250922 0.13591262698173523 503
1668668308256 0.14365074038505554 671
1668668367535 0.14394834637641907 839
1668668426643 0.14905749261379242 1007
1668668485655 0.14756940305233002 1175
1668668544675 0.1555059403181076 1343
1668668602195 0.15391860902309418 1511
1668668660014 0.15659718215465546 1679
1668668717757 0.1499999761581421 1847
1668668776990 0.15456347167491913 2015
1668668834406 0.1552082896232605 2183
1668668894221 0.15114083886146545 2351
1668668951679 0.16160710155963898 2519
1668669011134 0.1594741940498352 2687
1668669070270 0.1658729910850525 2855
1668669127877 0.15823408961296082 3023
1668669185577 0.17192460596561432 3191
1668669244903 0.16121028363704681 3359
1668669303790 0.15704360604286194 3527
1668669362919 0.15704363584518433 3695
1668669420540 0.1638888716697693 3863
1668669478397 0.15763884782791138 4031
1668669536253 0.16175593435764313 4199
1668669594173 0.16795633733272552 4367
1668669652050 0.1674107164144516 4535
1668669711528 0.1601686179637909 4703
1668669769212 0.165922611951828 4871
1668669828611 0.165426567196846 5039
1668669887588 0.16031745076179504 5207
1668669946494 0.15902777016162872 5375
1668670005689 0.1708829551935196 5543
1668670063346 0.15957337617874146 5711
1668670121045 0.15917658805847168 5879
1668670178746 0.1718750298023224 6047
1668670236784 0.16507935523986816 6215
1668670294490 0.165426567196846 6383
1668670352236 0.16999004781246185 6551
1668670409969 0.16155754029750824 6719
1668670467776 0.16517853736877441 6887
1668670525986 0.16537699103355408 7055
1668670583829 0.16805557906627655 7223
1668670641548 0.16860118508338928 7391
1668670700803 0.16870036721229553 7559
1668670758308 0.17901790142059326 7727
1668670816455 0.16413691639900208 7895
1668670874714 0.16770832240581512 8063
1668670932439 0.16780748963356018 8231
1668670990066 0.16850197315216064 8399
1668671049474 0.1690971702337265 8567
1668671106992 0.16750992834568024 8735
1668671165184 0.16954363882541656 8903
1668671222856 0.17108136415481567 9071
1668671280638 0.17147815227508545 9239
1668671338468 0.1746528297662735 9407
1668671396286 0.16894842684268951 9575
1668671454090 0.16845238208770752 9743
1668671511880 0.1560019552707672 9911
1668671569772 0.17068448662757874 10079
1668671629165 0.16681548953056335 10247
1668671687459 0.18060514330863953 10415
1668671745215 0.17296624183654785 10583
1668671803037 0.17321425676345825 10751
1668671860790 0.1693948209285736 10919
1668671918653 0.1753472238779068 11087
1668671976528 0.17232143878936768 11255
1668672035691 0.17986109852790833 11423
1668672093134 0.18209326267242432 11591
1668672152413 0.17569445073604584 11759
1668672211485 0.17514881491661072 11927
1668672268960 0.17271825671195984 12095
1668672326826 0.17132937908172607 12263
1668672384655 0.17673611640930176 12431
1668672442474 0.1726190596818924 12599
1668672500295 0.1693948358297348 12767
1668672558024 0.17554564774036407 12935
1668672617460 0.16845238208770752 13103
1668672675003 0.1693948656320572 13271
1668672732818 0.1730654537677765 13439
1668672790608 0.17425593733787537 13607
1668672850196 0.16999004781246185 13775
1668672907755 0.1690972000360489 13943
1668672965643 0.17554566264152527 14111
1668673024957 0.190476194024086 14279
1668673082518 0.17083331942558289 14447
1668673140338 0.17480163276195526 14615
1668673198088 0.17390874028205872 14783
1668673255995 0.17738093435764313 14951
1668673313842 0.17430557310581207 15119
1668673372967 0.17242063581943512 15287
1668673430482 0.17673610150814056 15455
1668673488308 0.17499998211860657 15623
1668673546072 0.16994044184684753 15791
1668673603910 0.17931552231311798 15959
1668673661670 0.17400790750980377 16127
1668673719894 0.17038694024085999 16295
1668673777658 0.16944441199302673 16463
1668673835540 0.17281745374202728 16631
1668673894838 0.17554566264152527 16799
1668673952392 0.17564482986927032 16967
1668674010232 0.16969242691993713 17135
1668674068105 0.1772817224264145 17303
1668674125911 0.1782737821340561 17471
1668674183681 0.16999009251594543 17639
1668674241591 0.17921625077724457 17807
1668674299386 0.18244045972824097 17975
1668674357229 0.17152780294418335 18143
1668674415232 0.17723213136196136 18311
1668674473089 0.1763889044523239 18479
1668674532348 0.18541665375232697 18647
1668674590075 0.16626982390880585 18815
1668674647853 0.18521825969219208 18983
1668674705611 0.1723710149526596 19151
1668674763400 0.17177578806877136 19319
1668674821185 0.17539680004119873 19487
1668674879026 0.17876988649368286 19655
1668674936776 0.17738093435764313 19823
1668674994586 0.17132937908172607 19991
1668675052569 0.17371031641960144 20159
1668675111847 0.1793154925107956 20327
1668675170906 0.18015871942043304 20495
1668675228409 0.18015876412391663 20663
1668675286208 0.17698411643505096 20831
1668675343935 0.1758928745985031 20999
1668675401764 0.17614087462425232 21167
1668675460032 0.1835317611694336 21335
1668675517890 0.1818452775478363 21503
1668675575755 0.1907242238521576 21671
1668675633780 0.1805555671453476 21839
1668675691823 0.17500004172325134 22007
1668675749696 0.17465278506278992 22175
1668675807592 0.1768353283405304 22343
1668675865735 0.18045634031295776 22511
1668675923510 0.16572417318820953 22679
1668675981444 0.17375990748405457 22847
1668676039381 0.17792658507823944 23015
1668676097157 0.1887400895357132 23183
1668676156416 0.18467259407043457 23351
1668676213944 0.17569445073604584 23519
1668676271709 0.17638887465000153 23687
1668676329455 0.17242062091827393 23855
1668676387238 0.18075397610664368 24023
1668676444971 0.17961309850215912 24191
1668676502782 0.1785714477300644 24359
1668676560441 0.18174605071544647 24527
1668676618186 0.17991071939468384 24695
1668676676014 0.1749008148908615 24863
1668676734028 0.18457342684268951 25031
1668676791803 0.1825893372297287 25199
1668676849611 0.18070438504219055 25367
1668676907419 0.17445440590381622 25535
1668676965197 0.1842757910490036 25703
1668677022925 0.1838293820619583 25871
1668677080755 0.1755456179380417 26039
1668677138614 0.18263891339302063 26207
1668677196374 0.1832341104745865 26375
1668677254185 0.17698413133621216 26543
1668677312025 0.1760912388563156 26711
1668677369965 0.17916668951511383 26879
1668677427914 0.17772820591926575 27047
1668677485787 0.17177578806877136 27215
1668677543539 0.17366069555282593 27383
1668677601420 0.18100199103355408 27551
1668677659423 0.17604167759418488 27719
1668677717278 0.18224206566810608 27887
1668677775051 0.1708333045244217 28055
1668677832925 0.17916670441627502 28223
1668677890745 0.17470237612724304 28391
1668677948515 0.1882936656475067 28559
1668678007824 0.17157739400863647 28727
1668678065486 0.17371028661727905 28895
1668678123497 0.1785714328289032 29063
1668678182911 0.17142854630947113 29231
1668678240369 0.17554564774036407 29399
1668678299627 0.17817462980747223 29567
1668678357272 0.18144842982292175 29735
1668678415025 0.18467262387275696 29903
1668678472846 0.17564484477043152 30071
1668678530487 0.17976190149784088 30239
1668678588396 0.17762897908687592 30407
1668678646252 0.1798115074634552 30575
1668678703941 0.18487101793289185 30743
1668678761755 0.18144841492176056 30911
1668678819650 0.1805555671453476 31079
1668678877409 0.17574407160282135 31247
1668678935174 0.180059552192688 31415
1668678992877 0.18239085376262665 31583
1668679050793 0.18174605071544647 31751
1668679108719 0.18045634031295776 31919
1668679166510 0.17599204182624817 32087
1668679224388 0.1812995821237564 32255
1668679282648 0.18149802088737488 32423
1668679340607 0.18730157613754272 32591
1668679398474 0.18045635521411896 32759
1668679456280 0.1815475970506668 32927
1668679514032 0.17380954325199127 33095
1668679571799 0.17991071939468384 33263
1668679629642 0.17078374326229095 33431
1668679687373 0.17713291943073273 33599
1668679745199 0.17569443583488464 33767
1668679803033 0.17767855525016785 33935
1668679860810 0.17643851041793823 34103
1668679918554 0.1806052029132843 34271
1668679976242 0.17946431040763855 34439
1668680034094 0.18417656421661377 34607
1668680093197 0.18407736718654633 34775
1668680150809 0.1822916716337204 34943
1668680208727 0.17842262983322144 35111
1668680266454 0.17713293433189392 35279
1668680324325 0.17772819101810455 35447
1668680382036 0.17524798214435577 35615
1668680439916 0.17762896418571472 35783
1668680497800 0.17991070449352264 35951
1668680555584 0.18258927762508392 36119
1668680613446 0.1802579164505005 36287
1668680671285 0.18442459404468536 36455
1668680729094 0.17738093435764313 36623
1668680786931 0.17812500894069672 36791
1668680844709 0.18660715222358704 36959
1668680902453 0.1847718209028244 37127
1668680960205 0.17723211646080017 37295
1668681018040 0.18075396120548248 37463
1668681075809 0.17698414623737335 37631
1668681133724 0.17847225069999695 37799
1668681191527 0.17777778208255768 37967
1668681249214 0.17966265976428986 38135
1668681307380 0.17514877021312714 38303
1668681365092 0.18392857909202576 38471
1668681423044 0.18149802088737488 38639
1668681480924 0.17941465973854065 38807
1668681538964 0.1844741851091385 38975
1668681596672 0.176339253783226 39143
1668681654613 0.1755952537059784 39311
1668681712697 0.17733131349086761 39479
1668681770465 0.18115077912807465 39647
1668681828308 0.18536706268787384 39815
1668681886167 0.1869543343782425 39983
1668681943871 0.17852184176445007 40151
1668682001666 0.1783730387687683 40319
1668682059439 0.18214288353919983 40487
1668682117217 0.1927083283662796 40655
1668682175005 0.18715280294418335 40823
1668682232807 0.18159721791744232 40991
1668682290599 0.17157740890979767 41159
1668682348441 0.18392857909202576 41327
1668682406318 0.18640872836112976 41495
1668682464187 0.18487104773521423 41663
1668682522057 0.186259925365448 41831
1668682579891 0.17847222089767456 41999
1668682637713 0.18432538211345673 42167
1668682695391 0.18338294327259064 42335
1668682753263 0.179563507437706 42503
1668682811027 0.1860119104385376 42671
1668682868811 0.17891865968704224 42839
1668682926531 0.178323432803154 43007
1668682984336 0.170634925365448 43175
1668683042209 0.17772819101810455 43343
1668683100034 0.1773313581943512 43511
1668683157889 0.17519843578338623 43679
1668683215727 0.18462298810482025 43847
1668683273576 0.17693452537059784 44015
1668683331313 0.17921626567840576 44183
1668683389156 0.18616071343421936 44351
1668683446980 0.18754957616329193 44519
1668683504842 0.1822916716337204 44687
1668683562680 0.18457339704036713 44855
1668683620490 0.18129964172840118 45023
1668683678708 0.17847219109535217 45191
1668683736715 0.173115074634552 45359
1668683794946 0.17901787161827087 45527
1668683852925 0.18333332240581512 45695
1668683910840 0.18110120296478271 45863
1668683968699 0.19062501192092896 46031
1668684026511 0.18293651938438416 46199
1668684084285 0.18129962682724 46367
1668684142052 0.18070438504219055 46535
1668684199941 0.18010911345481873 46703
1668684257804 0.17058530449867249 46871
1668684315609 0.18318454921245575 47039
1668684373580 0.1904265582561493 47207
1668684431351 0.1823412925004959 47375
1668684489114 0.18134920299053192 47543
1668684547061 0.18040668964385986 47711
1668684605238 0.18382935225963593 47879
1668684662998 0.1748511791229248 48047
1668684721109 0.18164680898189545 48215
1668684779329 0.17817458510398865 48383
1668684837586 0.18100200593471527 48551
1668684895547 0.1837797611951828 48719
1668684953372 0.19107140600681305 48887
1668685011329 0.18090280890464783 49055
1668685069365 0.18392860889434814 49223
1668685127397 0.17891865968704224 49391
1668685185278 0.1790178418159485 49559
1668685243073 0.18313489854335785 49727
1668685300957 0.17852182686328888 49895
1668685358774 0.19007937610149384 50063
1668685416566 0.18655754625797272 50231
1668685474361 0.18363094329833984 50399
