1669608904043 0.4300577938556671 216
1669608980280 0.443352609872818 433
1669609057399 0.4442196488380432 650
1669609133711 0.45086705684661865 867
1669609210729 0.4583815038204193 1084
1669609287861 0.463150292634964 1301
1669609364601 0.47471097111701965 1518
1669609441654 0.4793352484703064 1735
1669609519084 0.4887283146381378 1952
1669609596344 0.5134392976760864 2169
1669609673334 0.5122832655906677 2386
1669609750071 0.5235549211502075 2603
1669609826846 0.5443641543388367 2820
1669609904134 0.555202305316925 3037
1669609980643 0.5641618371009827 3254
1669610057642 0.5728323459625244 3471
1669610134241 0.5819364190101624 3688
1669610211379 0.5936416387557983 3905
1669610288576 0.5929190516471863 4122
1669610365508 0.6109826564788818 4339
1669610442990 0.6161849498748779 4556
1669610519883 0.6255780458450317 4773
1669610597256 0.627601146697998 4990
1669610674136 0.635404646396637 5207
1669610751659 0.6442196369171143 5424
1669610828626 0.6569364070892334 5641
1669610905706 0.6550577878952026 5858
1669610982673 0.6526011824607849 6075
1669611059426 0.6570809483528137 6292
1669611136816 0.6618497371673584 6509
1669611214196 0.669508695602417 6726
1669611291089 0.6656069159507751 6943
1669611368429 0.6689306497573853 7160
1669611446073 0.663294792175293 7377
1669611523514 0.6731213927268982 7594
1669611600236 0.6773121356964111 7811
1669611677511 0.6726878881454468 8028
1669611754573 0.6778901815414429 8245
1669611831592 0.6799132823944092 8462
1669611908650 0.672109842300415 8679
1669611985766 0.6796242594718933 8896
1669612063031 0.6842485666275024 9113
1669612140093 0.6829479932785034 9330
1669612217278 0.6848266124725342 9547
1669612294365 0.6813583970069885 9764
1669612371766 0.683092474937439 9981
1669612448579 0.6861271858215332 10198
1669612525633 0.6797688007354736 10415
1669612602494 0.6839595437049866 10632
1669612679583 0.6858381628990173 10849
1669612756564 0.6901733875274658 11066
1669612833743 0.684393048286438 11283
1669612910715 0.6895954012870789 11500
1669612987962 0.6852601170539856 11717
1669613065434 0.6842485666275024 11934
1669613142430 0.6881502866744995 12151
1669613219330 0.683092474937439 12368
1669613296656 0.68511563539505 12585
1669613373543 0.6829479932785034 12802
1669613450804 0.6894508600234985 13019
1669613528244 0.68511563539505 13236
1669613605259 0.6936416029930115 13453
1669613682562 0.6910404562950134 13670
1669613759627 0.6887283325195312 13887
1669613837130 0.6924855709075928 14104
1669613914061 0.6897398829460144 14321
1669613991569 0.6884393095970154 14538
1669614068879 0.6916185021400452 14755
1669614146168 0.6934971213340759 14972
1669614223183 0.689306378364563 15189
1669614300499 0.6939306259155273 15406
1669614377817 0.6900289058685303 15623
1669614454971 0.6894508600234985 15840
1669614532483 0.690606951713562 16057
1669614609527 0.6900289058685303 16274
1669614686926 0.6903179287910461 16491
1669614764110 0.6943641901016235 16708
1669614841195 0.6936416029930115 16925
1669614918390 0.6890173554420471 17142
1669614995527 0.6959537863731384 17359
1669615072800 0.6929190754890442 17576
1669615149465 0.6946531534194946 17793
1669615226744 0.6861271858215332 18010
1669615303655 0.6911849975585938 18227
1669615380685 0.6884393095970154 18444
1669615457629 0.6924855709075928 18661
1669615534535 0.6874277591705322 18878
1669615611735 0.6924855709075928 19095
1669615689003 0.6943641901016235 19312
1669615766261 0.6950867176055908 19529
1669615843141 0.6958092451095581 19746
1669615920282 0.6945086717605591 19963
1669615996977 0.691907525062561 20180
1669616073879 0.6949421763420105 20397
1669616151028 0.6901733875274658 20614
1669616228179 0.6984103918075562 20831
1669616305538 0.6929190754890442 21048
1669616383016 0.6956647634506226 21265
1669616460047 0.6923410296440125 21482
1669616537144 0.6976878643035889 21699
1669616614176 0.6939306259155273 21916
1669616691289 0.6921965479850769 22133
1669616768270 0.6926300525665283 22350
1669616846209 0.6943641901016235 22567
1669616923020 0.6968207955360413 22784
1669617000426 0.699999988079071 23001
1669617077318 0.6913294792175293 23218
1669617154645 0.6945086717605591 23435
1669617231724 0.6950867176055908 23652
1669617308843 0.6942196488380432 23869
1669617386446 0.694797694683075 24086
1669617463461 0.6911849975585938 24303
1669617540452 0.6949421763420105 24520
1669617617485 0.6958092451095581 24737
1669617694384 0.6950867176055908 24954
1669617771696 0.694797694683075 25171
1669617848589 0.6933525800704956 25388
1669617925801 0.6956647634506226 25605
1669618002898 0.6955202221870422 25822
1669618079964 0.6943641901016235 26039
1669618156917 0.6981213688850403 26256
1669618233971 0.6929190754890442 26473
1669618311392 0.696098268032074 26690
1669618388495 0.6950867176055908 26907
1669618465446 0.6978323459625244 27124
1669618542741 0.6945086717605591 27341
1669618620129 0.697398841381073 27558
1669618696999 0.6939306259155273 27775
1669618773805 0.6989884376525879 27992
1669618850847 0.6966763138771057 28209
1669618928139 0.6969653367996216 28426
1669619005079 0.6963872909545898 28643
1669619082514 0.7010115385055542 28860
1669619159315 0.7007225155830383 29077
1669619236662 0.6942196488380432 29294
1669619313809 0.6997109651565552 29511
1669619391101 0.6926300525665283 29728
1669619468186 0.698699414730072 29945
1669619545132 0.6956647634506226 30162
1669619622183 0.7004335522651672 30379
1669619699696 0.698699414730072 30596
1669619776773 0.7002890110015869 30813
1669619853990 0.6959537863731384 31030
1669619930846 0.698699414730072 31247
1669620008268 0.6985549330711365 31464
1669620085303 0.6978323459625244 31681
1669620162612 0.6945086717605591 31898
1669620239679 0.6978323459625244 32115
1669620316590 0.7017341256141663 32332
1669620393620 0.6952311992645264 32549
1669620470836 0.6998555064201355 32766
1669620547654 0.6965317726135254 32983
1669620624963 0.6992774605751038 33200
1669620702522 0.6965317726135254 33417
1669620779646 0.7001445293426514 33634
1669620857088 0.6998555064201355 33851
1669620933976 0.697398841381073 34068
1669621010838 0.6952311992645264 34285
1669621088412 0.6955202221870422 34502
1669621165250 0.6958092451095581 34719
1669621242427 0.6995664834976196 34936
1669621319686 0.7001445293426514 35153
1669621396787 0.7034682035446167 35370
1669621473930 0.6995664834976196 35587
1669621551119 0.6976878643035889 35804
1669621628063 0.6972543597221375 36021
1669621704820 0.6955202221870422 36238
1669621782028 0.6952311992645264 36455
1669621859350 0.6975433230400085 36672
1669621936556 0.6975433230400085 36889
1669622013736 0.6956647634506226 37106
1669622090774 0.6985549330711365 37323
1669622167740 0.6965317726135254 37540
1669622245020 0.6968207955360413 37757
1669622322428 0.6969653367996216 37974
1669622399513 0.7010115385055542 38191
1669622476782 0.6978323459625244 38408
1669622554046 0.6997109651565552 38625
1669622630998 0.6934971213340759 38842
1669622707908 0.6946531534194946 39059
1669622785141 0.7007225155830383 39276
1669622862119 0.7008670568466187 39493
1669622939375 0.6949421763420105 39710
1669623016561 0.7024566531181335 39927
1669623094252 0.698699414730072 40144
1669623171273 0.6984103918075562 40361
1669623248922 0.699999988079071 40578
1669623326266 0.6992774605751038 40795
1669623403710 0.7026011347770691 41012
1669623480945 0.6992774605751038 41229
1669623558090 0.7004335522651672 41446
1669623635488 0.6976878643035889 41663
1669623712632 0.697398841381073 41880
1669623789981 0.7034682035446167 42097
1669623866915 0.6972543597221375 42314
1669623944401 0.6982659101486206 42531
1669624021364 0.6975433230400085 42748
1669624098674 0.6982659101486206 42965
1669624175675 0.6994219422340393 43182
1669624252629 0.6995664834976196 43399
1669624329842 0.7030346989631653 43616
1669624406797 0.699999988079071 43833
1669624484131 0.7005780339241028 44050
1669624561086 0.6956647634506226 44267
1669624638027 0.6984103918075562 44484
1669624714923 0.6988439559936523 44701
1669624791966 0.6991329193115234 44918
1669624869406 0.6955202221870422 45135
1669624946340 0.7018786072731018 45352
1669625023797 0.6976878643035889 45569
1669625101005 0.7014451026916504 45786
1669625178129 0.7002890110015869 46003
1669625255414 0.7014451026916504 46220
1669625332854 0.6966763138771057 46437
1669625409523 0.6972543597221375 46654
1669625486797 0.7021676301956177 46871
1669625563935 0.6997109651565552 47088
1669625641331 0.6991329193115234 47305
1669625718328 0.702890157699585 47522
1669625795478 0.6936416029930115 47739
1669625872719 0.699999988079071 47956
1669625949857 0.7010115385055542 48173
1669626026865 0.6994219422340393 48390
1669626104156 0.6984103918075562 48607
1669626181566 0.6988439559936523 48824
1669626258455 0.6979768872261047 49041
1669626336045 0.7008670568466187 49258
1669626413740 0.6966763138771057 49475
1669626491134 0.6988439559936523 49692
1669626569058 0.6956647634506226 49909
1669626646518 0.6955202221870422 50126
1669626724201 0.7007225155830383 50343
1669626801486 0.7044797539710999 50560
1669626879216 0.6981213688850403 50777
1669626956690 0.6997109651565552 50994
1669627034355 0.7005780339241028 51211
1669627111555 0.6994219422340393 51428
1669627188674 0.6989884376525879 51645
1669627266427 0.698699414730072 51862
1669627343509 0.7027456760406494 52079
1669627420538 0.6978323459625244 52296
1669627497658 0.7008670568466187 52513
1669627575012 0.7001445293426514 52730
1669627652106 0.7023121118545532 52947
1669627729353 0.7039017081260681 53164
1669627806705 0.6962427496910095 53381
1669627884038 0.7001445293426514 53598
1669627961275 0.6994219422340393 53815
1669628038552 0.6956647634506226 54032
1669628115948 0.6985549330711365 54249
1669628193014 0.698699414730072 54466
1669628270372 0.7018786072731018 54683
1669628347629 0.7027456760406494 54900
1669628424687 0.7059248685836792 55117
1669628501671 0.6953757405281067 55334
1669628578770 0.6981213688850403 55551
1669628655891 0.6969653367996216 55768
1669628733454 0.7024566531181335 55985
1669628810075 0.7010115385055542 56202
1669628887134 0.7023121118545532 56419
1669628964920 0.6995664834976196 56636
1669629041800 0.6998555064201355 56853
1669629119161 0.6989884376525879 57070
1669629196239 0.7026011347770691 57287
1669629273554 0.6971098184585571 57504
1669629350736 0.6978323459625244 57721
1669629428041 0.6992774605751038 57938
1669629505344 0.7030346989631653 58155
1669629582241 0.6950867176055908 58372
1669629659642 0.7004335522651672 58589
1669629736650 0.6994219422340393 58806
1669629814310 0.6966763138771057 59023
1669629891293 0.7057803273200989 59240
1669629968904 0.6994219422340393 59457
1669630045937 0.6998555064201355 59674
1669630122840 0.6972543597221375 59891
1669630200146 0.7007225155830383 60108
1669630277686 0.7043352723121643 60325
1669630355176 0.6952311992645264 60542
1669630432158 0.7013005614280701 60759
1669630509310 0.7013005614280701 60976
1669630585961 0.6984103918075562 61193
1669630663632 0.7004335522651672 61410
1669630740777 0.7005780339241028 61627
1669630818160 0.6992774605751038 61844
1669630894881 0.704190731048584 62061
1669630972754 0.702890157699585 62278
1669631049798 0.7059248685836792 62495
1669631126916 0.7011560797691345 62712
1669631204045 0.6984103918075562 62929
1669631281363 0.7014451026916504 63146
1669631358779 0.7086704969406128 63363
1669631435537 0.6988439559936523 63580
1669631513189 0.7005780339241028 63797
1669631590058 0.6998555064201355 64014
1669631667379 0.6981213688850403 64231
1669631744213 0.7060693502426147 64448
1669631821333 0.7020231485366821 64665
1669631898427 0.7021676301956177 64882
1669631975123 0.7017341256141663 65099
