1669608842633 1.6146846095755487 49
1669608857371 0.9909385357622738 99
1669608872429 1.0273048124540543 149
1669608887319 1.449844070542782 199
1669608914395 0.9705964603087518 249
1669608929074 1.6021980577194153 299
1669608943766 1.6456089334622184 349
1669608958484 1.1928353976564863 399
1669608985591 1.3414098973078876 449
1669609000497 1.4181659486258515 499
1669609015375 1.2989439515037753 549
1669609030108 1.4344732468539514 599
1669609044994 1.3842019264746483 649
1669609072473 1.2028196081178046 699
1669609087220 1.5786869862713977 749
1669609101952 1.5148353704692752 799
1669609116687 1.7454074424300772 849
1669609143917 1.0777423697283655 899
1669609158811 1.507387068073247 949
1669609173691 1.469756468938381 999
1669609188515 1.5108478919948043 1049
1669609215773 1.2475361429686718 1099
1669609230655 1.277478368554751 1149
1669609245561 1.334892992376654 1199
1669609260339 1.4442120252305886 1249
1669609275325 1.394208811618927 1299
1669609302705 1.298802496735518 1349
1669609317692 1.4983696034058167 1399
1669609332562 1.0418756809952745 1449
1669609347379 1.4300215980966011 1499
1669609374415 1.1982096683250345 1549
1669609389491 1.416004578229787 1599
1669609404302 1.4242457654893326 1649
1669609419102 1.481918691061376 1699
1669609446704 1.5221772801820794 1749
1669609461620 1.4197238150798215 1799
1669609476452 1.4964373863616247 1849
1669609491300 1.3688133178842161 1899
1669609506148 1.4799595150003004 1949
1669609533727 1.4354427345635075 1999
1669609548549 1.3786705003791324 2049
1669609563681 1.3075913949004303 2099
1669609578521 1.479500751624943 2149
1669609605872 1.3480723325675186 2199
1669609620694 1.2422816485581074 2249
1669609635469 1.5195261861875435 2299
1669609650266 1.5792479866690199 2349
1669609677838 1.5376375596650989 2399
1669609692568 1.3347989542487588 2449
1669609707578 1.1152395063505711 2499
1669609722329 1.1926628836309343 2549
1669609737096 1.5379151722380697 2599
1669609764299 1.515810893744374 2649
1669609779094 1.3817955410092697 2699
1669609793918 1.3696965058987252 2749
1669609808748 1.3390297441645753 2799
1669609836136 1.3415851143001225 2849
1669609851117 1.2929838741841704 2899
1669609866126 1.565255457720338 2949
1669609881101 1.3264253382486906 2999
1669609908330 1.3125763686075014 3049
1669609923108 1.459158777685467 3099
1669609937853 1.2880866813972864 3149
1669609952606 1.4723318258738134 3199
1669609967366 1.2874992061690325 3249
1669609994756 1.4016539468397298 3299
1669610009877 1.2304794537726205 3349
1669610024688 1.4929180882849862 3399
1669610039474 1.4956127662738434 3449
1669610066536 1.4104330472253581 3499
1669610081309 1.450639407337294 3549
1669610096224 1.278987996848272 3599
1669610111031 1.244622187463711 3649
1669610138305 1.283559247577072 3699
1669610153097 1.2849507440832324 3749
1669610168080 1.3437186621932002 3799
1669610182921 1.2209192885773232 3849
1669610197759 1.1364497608355686 3899
1669610224983 1.3875637678363069 3949
1669610239797 1.3762235134167053 3999
1669610254727 1.3027878027737854 4049
1669610269849 1.1053488223476275 4099
1669610297292 1.1245668258031247 4149
1669610312093 1.3944110917810635 4199
1669610326905 1.335663447539123 4249
1669610341721 1.349293182287374 4299
1669610369106 1.5425318495213078 4349
1669610383886 1.382609582038555 4399
1669610398779 1.2395672996655085 4449
1669610414068 1.303675910236361 4499
1669610428920 1.301256872621507 4549
1669610456340 1.175866202138093 4599
1669610471173 1.384900354327803 4649
1669610485984 1.4588149816940166 4699
1669610500828 1.4144465273136053 4749
1669610528326 1.4064568996731914 4799
1669610543149 1.1796073456764435 4849
1669610558090 1.1826097259225476 4899
1669610572932 1.371528704808601 4949
1669610600625 1.2639683458575042 4999
1669610615409 1.45751576419902 5049
1669610630216 1.519552535029292 5099
1669610645053 1.4254633501029372 5149
1669610659853 1.239325297872814 5199
1669610687466 1.2803235880347201 5249
1669610702415 1.2943814218036223 5299
1669610717350 1.3319097537341027 5349
1669610732283 1.4388656948909422 5399
1669610759832 1.337852531147438 5449
1669610774606 1.2752696182160412 5499
1669610789366 1.237810464737847 5549
1669610804269 1.1590630512356064 5599
1669610831657 1.4683276437418757 5649
1669610846479 1.3896362227408645 5699
1669610861505 1.117940418017061 5749
1669610876308 1.2342766269656837 5799
1669610891097 1.445887939882724 5849
1669610918560 1.3062384283298798 5899
1669610933458 1.192124488144804 5949
1669610948254 1.437285252169087 5999
1669610963157 1.4478175393374455 6049
1669610990467 1.2493290848334504 6099
1669611005333 1.3825026964442606 6149
1669611020269 1.3289461922640586 6199
1669611035106 1.2704841863777534 6249
1669611062126 1.4522008657268168 6299
1669611077040 1.4533663124807363 6349
1669611091903 1.1957773517466586 6399
1669611106883 1.4436505809963993 6449
1669611121901 1.2858554218809437 6499
1669611149481 1.1715682525787887 6549
1669611164334 1.554456396359475 6599
1669611179367 1.4651412824142143 6649
1669611194410 1.2666261592461638 6699
1669611221633 1.4226972990481581 6749
1669611236433 1.4147823397816772 6799
1669611251366 1.2315728538278536 6849
1669611266320 1.256369310105721 6899
1669611293525 1.375558773144388 6949
1669611308342 1.326621159316931 6999
1669611323431 1.3872641484499801 7049
1669611338476 1.2345882229610048 7099
1669611353282 1.3164849369376628 7149
1669611380915 1.1848564306987368 7199
1669611395661 1.2616174600688554 7249
1669611410587 1.438254692966627 7299
1669611425377 1.3138390201674575 7349
1669611453246 1.3774034309817307 7399
1669611468322 1.3579697411873113 7449
1669611483218 1.3680369943988524 7499
1669611498225 1.33854359717613 7549
1669611525626 1.167487710044807 7599
1669611540408 1.3673321668351015 7649
1669611555338 1.1408294602187488 7699
1669611570118 1.3871695120309666 7749
1669611584887 1.458983331574439 7799
1669611612168 1.533872209510816 7849
1669611627232 1.3604242930024946 7899
1669611642184 1.3468655917739778 7949
1669611657036 1.2969285435604232 7999
1669611684461 1.2811510884617756 8049
1669611699240 1.1807098714948443 8099
1669611714032 1.2725404948549288 8149
1669611728800 1.3621268978168413 8199
1669611756425 1.4794195114554387 8249
1669611771226 1.4169336912574724 8299
1669611786213 1.428940468774878 8349
1669611800973 1.4356142649811838 8399
1669611815774 1.3583469749308463 8449
1669611843199 1.393297659720523 8499
1669611858006 1.4791462051674302 8549
1669611872990 1.3792583907254183 8599
1669611887883 1.5096105309042804 8649
1669611915237 1.452697382095784 8699
1669611930130 1.4494648813366406 8749
1669611944936 1.4963647640248046 8799
1669611959836 1.3218581172251649 8849
1669611987369 1.4021126093372707 8899
1669612002177 1.3955106177405345 8949
1669612017120 1.3931209820852037 8999
1669612032088 1.2710269637646308 9049
1669612046898 1.3044266736021837 9099
1669612074267 1.4088592379575235 9149
1669612089302 1.3900308443263616 9199
1669612104095 1.3607250947170542 9249
1669612118882 1.1018836887683134 9299
1669612146317 1.265826617427594 9349
1669612161123 1.4599142292460523 9399
1669612176052 1.4177922612730882 9449
1669612190998 1.192950439086502 9499
1669612218554 1.3143229313915805 9549
1669612233465 1.443700272393409 9599
1669612248294 1.2837416785355629 9649
1669612263342 1.088420337321998 9699
1669612278172 1.4281098925087994 9749
1669612305412 1.3278625964463864 9799
1669612320383 1.424148278974204 9849
1669612335218 1.4350714991014817 9899
1669612350372 1.252573740219364 9949
1669612377875 1.2886619105899493 9999
1669612392836 1.3809198872712405 10049
1669612407591 1.3195283383939085 10099
1669612422358 1.313236997494619 10149
1669612449501 1.453972534898396 10199
1669612464417 1.4163762712410553 10249
1669612479360 1.3352173161322543 10299
1669612494166 1.2593584262610917 10349
1669612509053 1.4763042356156542 10399
1669612536437 1.4000052974165846 10449
1669612551235 1.1970691475148765 10499
1669612566160 1.228555567599931 10549
1669612580940 1.2773933836619331 10599
1669612608152 1.1604440775563123 10649
1669612623089 1.122340712718315 10699
1669612638033 1.4784800172138257 10749
1669612652827 1.2451521617706716 10799
1669612667578 1.4646000958690202 10849
1669612695104 1.4784929695774107 10899
1669612709883 1.4497748058438216 10949
1669612724663 1.0974938993215213 10999
1669612739490 1.238615679196117 11049
1669612767112 1.450809282650063 11099
1669612781939 1.2553251889422932 11149
1669612796841 1.4647915721491604 11199
1669612811644 1.372061190416898 11249
1669612839168 1.1004799878007545 11299
1669612854118 1.1939686082230476 11349
1669612868922 1.253129587033158 11399
1669612883861 1.3263289276825914 11449
1669612898672 1.3247869196007138 11499
1669612926087 1.3797170841651827 11549
1669612940880 1.1964688215658743 11599
1669612955670 1.3668312577468797 11649
1669612970597 1.356981529561418 11699
1669612998087 1.32340908801274 11749
1669613012943 1.391874775130834 11799
1669613027798 1.499903600169873 11849
1669613042914 1.3833960540891208 11899
1669613070509 1.4332641741781944 11949
1669613085263 1.4840381785329577 11999
1669613100058 1.4364575124950032 12049
1669613114838 1.5000047816606696 12099
1669613129907 1.3497511531731399 12149
1669613157404 1.231097703981274 12199
1669613172172 1.367339732439362 12249
1669613186950 1.307351456215053 12299
1669613201784 1.2193619057689267 12349
1669613229355 1.297030224048437 12399
1669613244182 1.3292031829135735 12449
1669613259063 1.2578856891891137 12499
1669613274003 1.3899722780933252 12549
1669613301476 1.4143633407047158 12599
1669613316365 1.3286779458710254 12649
1669613331111 1.3788606828631491 12699
1669613345886 1.4929434510035993 12749
1669613360646 1.2351707553450055 12799
1669613388157 1.3985316027555887 12849
1669613403152 1.3284217439887178 12899
1669613418151 1.4644204684656537 12949
1669613433021 1.3454668800386924 12999
1669613460286 1.2418299531035735 13049
1669613475241 1.3530448072594703 13099
1669613490292 1.5356138191764823 13149
1669613505095 1.2878707643677383 13199
1669613532708 1.3519862951584447 13249
1669613547488 1.3446156350029432 13299
1669613562417 1.2442166315915095 13349
1669613577273 1.2436850476773693 13399
1669613592075 1.3260870202338593 13449
1669613619578 1.2160917145149308 13499
1669613634399 1.346545865935115 13549
1669613649218 1.3189180722580445 13599
1669613664317 1.434266490538067 13649
1669613691787 1.1965258894004964 13699
1669613706777 1.4106417672587193 13749
1669613721584 1.2370882438239366 13799
1669613736460 1.2839809231544075 13849
1669613763822 1.3796932933877644 13899
1669613778619 1.1582404013392864 13949
1669613793605 1.364644799565005 13999
1669613808532 1.2101417769096732 14049
1669613823732 1.2888746955207946 14099
1669613851120 1.377985254376016 14149
1669613865940 1.2294682929756702 14199
1669613880743 1.3097223312175976 14249
1669613895519 1.369385717177115 14299
1669613923242 1.2523688302859632 14349
1669613938065 1.2141942009715772 14399
1669613953107 1.3403725969889315 14449
1669613968063 1.4327153856426773 14499
1669613995603 1.2054687234580936 14549
1669614010443 1.3903305144773095 14599
1669614025262 1.3464935220746528 14649
1669614040069 1.3514351569806968 14699
1669614054987 1.3608654189296088 14749
1669614082658 1.4331160991308534 14799
1669614097422 1.2550338738902915 14849
1669614112526 1.3891361738671228 14899
1669614127294 1.450086937408753 14949
1669614154766 1.4591748678070857 14999
1669614169537 1.3757254519753104 15049
1669614184327 1.3948876163990893 15099
1669614199111 1.4978045034486016 15149
1669614226796 1.440595230269803 15199
1669614241770 1.370171058502613 15249
1669614256726 1.407215061189925 15299
1669614271526 1.2888976802785894 15349
1669614286356 1.3792174678227211 15399
1669614313879 1.357579784770579 15449
1669614328719 1.446650433475921 15499
1669614343655 1.1776553181914982 15549
1669614358620 1.3900679192967398 15599
1669614386214 1.3047183420064559 15649
1669614401141 1.310983769240899 15699
1669614415995 1.2987184290463136 15749
1669614430882 1.3648516008294402 15799
1669614458255 1.4746056261047182 15849
1669614473169 1.3949229626718562 15899
1669614488284 1.2843579206101976 15949
1669614503076 1.4331847897047085 15999
1669614518113 1.2616027734957131 16049
1669614545697 1.435169776131986 16099
1669614560472 1.2252862648623162 16149
1669614575299 1.4688695608526388 16199
1669614590101 1.4467368703609886 16249
1669614617647 1.429791909206875 16299
1669614632580 1.3331430125977781 16349
1669614647355 1.3735863119644796 16399
1669614662314 1.395690771780626 16449
1669614689926 1.419471069878157 16499
1669614704767 1.3712426558367934 16549
1669614719572 1.4591157541369637 16599
1669614734417 1.3693871287891133 16649
1669614749541 1.3196055001678497 16699
1669614776878 1.3358721980059656 16749
1669614791699 1.3823883721231047 16799
1669614806782 1.2812148379701922 16849
1669614821547 1.2477199282894964 16899
1669614848924 1.3105936132301 16949
1669614863736 1.4429793678421865 16999
1669614878684 1.3286054278692785 17049
1669614893775 1.335876685736357 17099
1669614921158 1.2408651692978578 17149
1669614936037 1.2265196380607881 17199
1669614950923 1.217233563557544 17249
1669614965751 1.1534067096969831 17299
1669614980664 1.4120089442693067 17349
1669615008131 1.2203958160572337 17399
1669615023135 1.2754806307788114 17449
1669615037902 1.3931126581128614 17499
1669615052809 1.3567139754030433 17549
1669615080377 1.3889725818226832 17599
1669615095109 1.3266975985357372 17649
1669615109998 1.2722030514804237 17699
1669615124718 1.2805939112343925 17749
1669615151947 1.3424306065491072 17799
1669615166888 1.4244658980380418 17849
1669615181670 1.3898031178576866 17899
1669615196602 1.34805084168346 17949
1669615211540 1.2896130567310977 17999
1669615238874 1.377708384833622 18049
1669615253684 1.4614897050851576 18099
1669615268489 1.4373629502042382 18149
1669615283431 1.1748306417309693 18199
1669615310904 1.1708956486596647 18249
1669615325845 1.3184087261550663 18299
1669615340749 1.4272214311393818 18349
1669615355493 1.2935048740016457 18399
1669615382791 1.3927259395714071 18449
1669615397611 1.4503188708931716 18499
1669615412387 1.3461314332093357 18549
1669615427187 1.4314009266694896 18599
1669615442156 1.3183402368703314 18649
1669615469647 1.4687657782471155 18699
1669615484567 1.3415200992189753 18749
1669615499344 1.2399157807342425 18799
1669615514140 1.2953972456709546 18849
1669615541423 1.3722227737489967 18899
1669615556250 1.364110435434273 18949
1669615571130 1.3666862683433345 18999
1669615586082 1.4424616740472813 19049
1669615613615 1.3357211066630243 19099
1669615628413 1.4027491625612418 19149
1669615643442 1.350515545251466 19199
1669615658287 1.3429718649411155 19249
1669615673153 1.3380809435498782 19299
1669615700583 1.2814307145439727 19349
1669615715473 1.3455343148781762 19399
1669615730410 1.4574350786228762 19449
1669615745545 1.1769565245073514 19499
1669615773000 1.2841135701146684 19549
1669615787758 1.3695976836065673 19599
1669615802539 1.1382311985829827 19649
1669615817330 1.2610693253992378 19699
1669615844700 1.3371488046789586 19749
1669615859486 1.343286750880561 19799
1669615874430 1.3945291077565694 19849
1669615889504 1.4380350313444237 19899
1669615904291 1.3415611342951603 19949
1669615931560 1.161671574051934 19999
1669615946325 1.1020127903460377 20049
1669615961284 1.1508547378739413 20099
1669615976051 1.276274672996263 20149
1669616003403 1.2576292344617488 20199
1669616018295 1.2863164305516348 20249
1669616033150 1.3856406196067022 20299
1669616047905 1.3835261706818858 20349
1669616075111 1.2904439022001402 20399
1669616089891 1.2919747458495037 20449
1669616104709 1.3923724678011702 20499
1669616119713 1.3965584182064623 20549
1669616134664 1.364967042474014 20599
1669616162022 1.3590602259696531 20649
1669616176848 1.270957134195017 20699
1669616191780 1.3338167062730142 20749
1669616206741 1.3592685955175359 20799
1669616234259 1.1836425933974557 20849
1669616249279 1.4294139496065092 20899
1669616264310 1.433904441151996 20949
1669616279167 1.3589178206532369 20999
1669616306520 1.2252349134097678 21049
1669616321444 1.2937162090347842 21099
1669616336259 1.3438465626235783 21149
1669616351221 1.3681563559964878 21199
1669616366032 1.4168630433976097 21249
1669616393721 1.335801751177207 21299
1669616408638 1.4209656222586033 21349
1669616423457 1.4438649440925293 21399
1669616438443 1.3281559686814979 21449
1669616465747 1.2960920734956474 21499
1669616480561 1.3926476348445884 21549
1669616495357 1.113153788997818 21599
1669616510369 1.246286188478858 21649
1669616524989 1.4072124411579106 21699
1669616552682 1.2749563655139182 21749
1669616567579 1.2219076987134692 21799
1669616582365 1.4583687651543884 21849
1669616597191 1.3556204463555406 21899
1669616624590 1.3187111901599042 21949
1669616639401 1.273008281185096 21999
1669616654201 1.3025766634583649 22049
1669616669296 1.3000709727531428 22099
1669616696743 1.426362531896371 22149
1669616711677 1.4552926838864806 22199
1669616726437 1.4108340562775141 22249
1669616741206 1.3766931406093204 22299
1669616755999 1.262670979434027 22349
1669616783383 1.3669069670467104 22399
1669616798776 1.2758927135765852 22449
1669616813766 1.322561935019998 22499
1669616828780 1.385275336374015 22549
1669616856316 1.4280528981942409 22599
1669616871197 1.485869204361279 22649
1669616885995 1.3509618520706588 22699
1669616900813 1.3428982410015893 22749
1669616928156 1.249063380195146 22799
1669616943012 1.2099193717615178 22849
1669616958089 1.2537425227070735 22899
1669616972897 1.2174285975564012 22949
1669616987877 1.2784111186653064 22999
1669617015387 1.4804540782966709 23049
1669617030190 1.256679404925894 23099
1669617045024 1.2201427012445933 23149
1669617059842 1.4001717107842915 23199
1669617087166 1.292667719351534 23249
1669617102137 1.2686934887274495 23299
1669617117105 1.3751635748254163 23349
1669617132039 1.3090252796122037 23399
1669617159419 1.2856060878834858 23449
1669617174188 1.4309133424357114 23499
1669617189075 1.3744730680479988 23549
1669617203933 1.202718806800414 23599
1669617218724 1.3867805952119925 23649
1669617246537 1.327371250852494 23699
1669617261443 1.348207331648951 23749
1669617276295 1.412969073201294 23799
1669617291050 1.2611909907296246 23849
1669617318510 1.3026287484005252 23899
1669617333331 1.3954988799414765 23949
1669617348189 1.3008180750561094 23999
1669617363082 1.5030741751071315 24049
1669617390927 1.2591776024445296 24099
1669617405687 1.4829777815366891 24149
1669617420447 1.4701427256780062 24199
1669617435372 1.2246632248867815 24249
1669617450142 1.4038572736602932 24299
1669617477610 1.1738173878237874 24349
1669617492374 1.1384541996854745 24399
1669617507190 1.335067363878291 24449
1669617522133 1.2195651384864534 24499
1669617549788 1.2830409771646158 24549
1669617564618 1.2066113632440598 24599
1669617579429 1.2735775828820406 24649
1669617594363 1.2736097537868656 24699
1669617621666 1.4680552575321733 24749
1669617636465 1.3422596641039422 24799
1669617651400 1.4719911763785487 24849
1669617666173 1.346217320733175 24899
1669617681113 1.4262450601600192 24949
1669617708516 1.230966650819083 24999
1669617723413 1.3274053149037233 25049
1669617738257 1.2930990971958005 25099
1669617753089 1.3489623655580765 25149
1669617780669 1.5061625730461816 25199
1669617795490 1.412324656567577 25249
1669617810301 1.2338318657523502 25299
1669617825199 1.277851688354673 25349
1669617852493 1.437397782498355 25399
1669617867557 1.3199919793413848 25449
1669617882400 1.3059232576990785 25499
1669617897180 1.3454424998314645 25549
1669617911994 1.3613154153940088 25599
1669617939625 1.324401181776268 25649
1669617954442 1.2652101940723819 25699
1669617969387 1.402793957433471 25749
1669617984210 1.500054179788311 25799
1669618011837 1.3635909990624075 25849
1669618026678 1.368317393527879 25899
1669618041462 1.3171927501346627 25949
1669618056407 1.3126656288861438 25999
1669618083560 1.2980314431413171 26049
1669618098366 1.2210748849411694 26099
1669618113224 1.3997202522922876 26149
1669618127980 1.397954514401547 26199
1669618143069 1.1182696523099356 26249
1669618170271 1.405057592086938 26299
1669618185031 1.3929784656537767 26349
1669618199957 1.393414141920323 26399
1669618214707 1.3224261511075408 26449
1669618242303 1.1955367820625022 26499
1669618257179 1.222230253337488 26549
1669618272070 1.3711159328819191 26599
1669618287124 1.2120555486874498 26649
1669618314743 1.199010224029755 26699
1669618329662 1.338062317965218 26749
1669618344442 1.36753104892155 26799
1669618359229 1.263039091938329 26849
1669618374013 1.2237546988180044 26899
1669618401541 1.3064016827834475 26949
1669618416467 1.266583633256071 26999
1669618431379 1.5005895339281086 27049
1669618446148 1.4602891770482223 27099
1669618473613 1.4920097744475063 27149
1669618488476 1.3351764369822579 27199
1669618503305 1.333965055446685 27249
1669618518231 1.469642723893159 27299
1669618545813 1.3367103076554687 27349
1669618560857 1.4422156625522045 27399
1669618575648 1.3488060469605614 27449
1669618590509 1.2771209456082517 27499
1669618605455 1.1380938992819145 27549
1669618632922 1.4924456277769953 27599
1669618647688 1.3183337505902117 27649
1669618662459 1.258477602722441 27699
1669618677340 1.3960907498481783 27749
1669618704690 1.361006597472078 27799
1669618719576 1.395966053746275 27849
1669618734333 1.242162023519804 27899
1669618749083 1.4263989000582062 27949
1669618776554 1.2698936279732371 27999
1669618791342 1.3915941244372165 28049
1669618806353 1.1280885465892974 28099
1669618821137 1.372596436518665 28149
1669618835920 1.3368553741110123 28199
1669618863300 1.231949138603638 28249
1669618878132 1.3115576638533566 28299
1669618893251 1.3101189675333949 28349
1669618908006 1.2317400145391755 28399
1669618935538 1.2937443823572916 28449
1669618950383 1.1855750580384854 28499
1669618965225 1.2649381784898284 28549
1669618980031 1.3420756346459246 28599
1669619007599 1.3290348879688485 28649
1669619022410 1.3720323612289844 28699
1669619037295 1.3263113768531847 28749
1669619052252 1.3895525832939986 28799
1669619067332 1.2400641055079187 28849
1669619094682 1.5057157564908827 28899
1669619109462 1.2885531231626042 28949
1669619124280 1.3160082929218078 28999
1669619139044 1.2044633130577918 29049
1669619166449 1.4269187559374583 29099
1669619181458 1.3859583625053697 29149
1669619196570 1.3576556657443741 29199
1669619211434 1.345483166016021 29249
1669619238814 1.4324112910589772 29299
1669619253737 1.4373606643096775 29349
1669619268575 1.2222039011357695 29399
1669619283445 1.2041876412098431 29449
1669619298230 1.3634956803035103 29499
1669619325780 1.4515698795604641 29549
1669619340802 1.3841750480913482 29599
1669619355579 1.4348410731428987 29649
1669619370468 1.3542094851957385 29699
1669619398024 1.344597577533997 29749
1669619412874 1.4068320844439786 29799
1669619427693 1.335222741789622 29849
1669619442659 1.3059021443127063 29899
1669619470049 1.2634211367632462 29949
1669619485120 1.3854390092554092 29999
1669619499881 1.209021053612755 30049
1669619514844 1.2893181908335722 30099
1669619529662 1.4010360194522518 30149
1669619556694 1.344376415260025 30199
1669619571635 1.3522325333342984 30249
1669619586490 1.3381377629305815 30299
1669619601343 1.293195594384168 30349
1669619628808 1.4279381354079772 30399
1669619643728 1.297320331290291 30449
1669619658630 1.3601390059081284 30499
1669619673742 1.1947719795787588 30549
1669619701261 1.3034924716700345 30599
1669619715994 1.3188493233698706 30649
1669619730902 1.2466074496452384 30699
1669619745634 1.18160105223832 30749
1669619760579 1.2607812525643256 30799
1669619788263 1.2329245368328863 30849
1669619803221 1.1402761285764742 30899
1669619818087 1.3063826715652218 30949
1669619832841 1.1793683603205238 30999
1669619860335 1.4316309808618355 31049
1669619875104 1.4024066924406768 31099
1669619889871 1.4051475451663094 31149
1669619904604 1.2954399016119837 31199
1669619932091 1.186758305888162 31249
1669619947079 1.340088701428011 31299
1669619962044 1.3348803188349536 31349
1669619976915 1.364874586534115 31399
1669619991879 1.3268944772235545 31449
1669620019328 1.2691621023648851 31499
1669620034165 1.3154650260152765 31549
1669620049144 1.4086618206156483 31599
1669620063927 1.2157456328165568 31649
1669620091370 1.3892785079606127 31699
1669620106488 1.2999326249852166 31749
1669620121421 1.4825803995611277 31799
1669620136182 1.4020100205684514 31849
1669620163585 1.2528165724308586 31899
1669620178369 1.4785448340104184 31949
1669620193349 1.3827017090012435 31999
1669620208112 1.376990397271967 32049
1669620223138 1.2059857061812174 32099
1669620250521 1.2855058513040003 32149
1669620265242 1.3701969153035574 32199
1669620280037 1.29774507505254 32249
1669620294830 1.4620016839097802 32299
1669620322263 1.2891572898493726 32349
1669620337053 1.23091520992404 32399
1669620352156 1.182382312455607 32449
1669620366973 1.3694386177030449 32499
1669620381683 1.4376233051386416 32549
1669620409092 1.2855530765299839 32599
1669620424033 1.1258762644992892 32649
1669620438837 1.3981771932674583 32699
1669620453704 1.2322007166461484 32749
1669620481261 1.37587176968474 32799
1669620496069 1.356301191705205 32849
1669620510874 1.1760467179385996 32899
1669620525648 1.3853718862380986 32949
1669620553211 1.1716605721438196 32999
1669620568008 1.3582336135528263 33049
1669620582925 1.099975203369995 33099
1669620597709 1.2165716053650346 33149
1669620612544 1.384515442544148 33199
1669620640339 1.2498397879471377 33249
1669620655258 1.4263047037723195 33299
1669620670057 1.3193593194451922 33349
1669620685077 1.3671971244472356 33399
1669620712641 1.1847657824582831 33449
1669620727587 1.2907185431311659 33499
1669620742508 1.3404188413889244 33549
1669620757337 1.3630210444547424 33599
1669620784909 1.4169198850757587 33649
1669620799733 1.2049643068286169 33699
1669620814542 1.3707687598909675 33749
1669620829467 1.2206969532868004 33799
1669620844523 1.4454157259712486 33849
1669620871950 1.2302064689690742 33899
1669620886943 1.3118927524739181 33949
1669620901725 1.3481574334193875 33999
1669620916493 1.5088935339740264 34049
1669620943704 1.3635844156519856 34099
1669620958595 1.3803595412204726 34149
1669620973645 1.3596393904441553 34199
1669620988392 1.181064797774586 34249
1669621015706 1.26605289109184 34299
1669621030610 1.4621304651879696 34349
1669621045633 1.3477129872668914 34399
1669621060689 1.3766298385767792 34449
1669621075491 1.2128410110120076 34499
1669621102996 1.3442420332345422 34549
1669621117830 1.2412585608201374 34599
1669621132570 1.3374717672328376 34649
1669621147489 1.349024483759228 34699
1669621175022 1.3830202769639692 34749
1669621189818 1.4780321960823928 34799
1669621204603 1.1505784268833272 34849
1669621219431 1.399599229492082 34899
1669621246865 1.3286048300573707 34949
1669621261650 1.4623467252488715 34999
1669621276850 1.3622652845758514 35049
1669621291659 1.3020905077172715 35099
1669621306510 1.4612399302251822 35149
1669621334013 1.4448339353635191 35199
1669621348815 1.2757370081052866 35249
1669621363621 1.47930254400367 35299
1669621378420 1.3292978835321845 35349
1669621406028 1.3082855902320323 35399
1669621420940 1.4323359734708077 35449
1669621435754 1.3814081596933987 35499
1669621450731 1.3101270675597996 35549
1669621478167 1.2307709490158578 35599
1669621492981 1.4318355781886614 35649
1669621507800 1.4502426942051718 35699
1669621522729 1.4109213026200844 35749
1669621537498 1.443904840641391 35799
1669621564992 1.2876909479661482 35849
1669621580157 1.2178223279307279 35899
1669621595125 1.3359925589608868 35949
1669621609922 1.3438925735507625 35999
1669621636962 1.4526911236691604 36049
1669621651757 1.12383047234764 36099
1669621666507 1.3617797371494693 36149
1669621681422 1.4557361421964323 36199
1669621708727 1.381175043694503 36249
1669621723707 1.4338847224624303 36299
1669621738549 1.2874789440018892 36349
1669621753532 1.35546851442494 36399
1669621768372 1.3792887881987461 36449
1669621795729 1.1784868911184205 36499
1669621810646 1.302005768508769 36549
1669621825441 1.2847104324102647 36599
1669621840397 1.396474636222694 36649
1669621867985 1.3793991032354018 36699
1669621882785 1.2802389364084497 36749
1669621897746 1.3984549829094237 36799
1669621912603 1.4034935912639022 36849
1669621940170 1.3274846400840874 36899
1669621955099 1.2732268196737313 36949
1669621969941 1.223313066880944 36999
1669621984752 1.2953744724279266 37049
1669621999565 1.2082563535529536 37099
1669622027097 1.259185855714004 37149
1669622042024 1.3349650670171749 37199
1669622056914 1.3791907317319558 37249
1669622071741 1.336920947256959 37299
1669622099056 1.338712819214206 37349
1669622113874 1.4671210822023295 37399
1669622128753 1.181305142142207 37449
1669622143499 1.32833220424941 37499
1669622171077 1.2683192162183063 37549
1669622185988 1.4089799836591725 37599
1669622200929 1.3371695569299638 37649
1669622215738 1.2760963981305733 37699
1669622230675 1.3051976301918313 37749
1669622258118 1.2871435322420401 37799
1669622272946 1.446854851668307 37849
1669622287827 1.4009238458731705 37899
1669622302807 1.3501839115550798 37949
1669622330522 1.216550210979535 37999
1669622345313 1.4773252930883614 38049
1669622360322 1.3463080526505724 38099
1669622375126 1.4515554082492423 38149
1669622402576 1.3676361205508034 38199
1669622417487 1.240628729608813 38249
1669622432359 1.4524013220199488 38299
1669622447310 1.3653830304762116 38349
1669622462240 1.5140345256995216 38399
1669622489577 1.363651435977918 38449
1669622504539 1.3348301385035608 38499
1669622519375 1.1764744515736472 38549
1669622534297 1.2093211347437953 38599
1669622561770 1.334520267594236 38649
1669622576703 1.3908504153624381 38699
1669622591461 1.269363979998555 38749
1669622606211 1.1995515001010357 38799
1669622633716 1.4269945486244255 38849
1669622648501 1.2877758706652105 38899
1669622663374 1.4076292906263543 38949
1669622678122 1.1113177255569102 38999
1669622692929 1.32816791462612 39049
1669622720580 1.1963638142568813 39099
1669622735563 1.3589159653291132 39149
1669622750512 1.277685853840531 39199
1669622765329 1.295904292712669 39249
1669622792549 1.471822591005501 39299
1669622807474 1.1791068315593156 39349
1669622822263 1.2475791796915783 39399
1669622837111 1.230532958535616 39449
1669622864844 1.3059286133804995 39499
1669622879618 1.3457787287450491 39549
1669622894397 1.3238440748160718 39599
1669622909150 1.5021007830859259 39649
1669622924172 1.4384613608465697 39699
1669622951609 1.3692979501566458 39749
1669622966447 1.1714024394126121 39799
1669622981244 1.4080634161785284 39849
1669622996079 1.1875493264264154 39899
1669623023993 1.298680490899567 39949
1669623038893 1.2632836329361847 39999
1669623053776 1.2332888018192887 40049
1669623068897 1.2556011808503218 40099
1669623096426 1.3818162672928618 40149
1669623111227 1.1781323803958124 40199
1669623126015 1.3984220953398077 40249
1669623140944 1.3304535674809996 40299
1669623155851 1.358941152032116 40349
1669623183212 1.205269311263977 40399
1669623198077 1.2615934984479533 40449
1669623213172 1.0962142464147298 40499
1669623228148 1.4451607582663186 40549
1669623255772 1.6058762242806484 40599
1669623270586 1.349332080858297 40649
1669623285414 1.3895402731460686 40699
1669623300233 1.291811120345785 40749
1669623328185 1.3520835457683527 40799
1669623343060 1.328659400552436 40849
1669623358088 1.2564860336124435 40899
1669623372901 1.1095784188269846 40949
1669623387874 1.225089800154455 40999
1669623415305 1.2911528982025147 41049
1669623430096 1.2779434734157253 41099
1669623445077 1.4688763627518664 41149
1669623459869 1.1654221734827543 41199
1669623487562 1.3275817083509514 41249
1669623502513 1.3558380975683713 41299
1669623517347 1.424029456099331 41349
1669623532292 1.445758703797619 41399
1669623559682 1.3053776802193733 41449
1669623574427 1.366655285902375 41499
1669623589414 1.2408181692779563 41549
1669623604248 1.2775135917283715 41599
1669623619190 1.194124757409446 41649
1669623646951 1.382751951416696 41699
1669623661867 1.2679942988318613 41749
1669623676731 1.2143905319441552 41799
1669623691590 1.357524097911626 41849
1669623718918 1.2487573879018483 41899
1669623733832 1.4434066601076718 41949
1669623748764 1.334056429318506 41999
1669623763572 1.2892214801705197 42049
1669623791205 1.3749251618100784 42099
1669623806008 1.4138819597951493 42149
1669623820884 1.4652028065124063 42199
1669623835765 1.4211904124461725 42249
1669623850579 1.223217510379707 42299
1669623877948 1.3887905191075696 42349
1669623893339 1.3465832999007965 42399
1669623908182 1.2979468869795954 42449
1669623923027 1.2164613664340254 42499
1669623950434 1.3589063463128577 42549
1669623965249 1.2497303104247854 42599
1669623980055 1.3012187331431426 42649
1669623994810 1.3507179971964702 42699
1669624022348 1.278971710498563 42749
1669624037525 1.288210155191173 42799
1669624052449 1.3651054854933733 42849
1669624067392 1.3443184411202809 42899
1669624082180 1.2362088965492692 42949
1669624109439 1.4557296650322338 42999
1669624124195 1.2981391103993092 43049
1669624138946 1.3706098361742898 43099
1669624153694 1.4385106876092988 43149
1669624181349 1.3145718400743733 43199
1669624196171 1.238646296312849 43249
1669624211106 1.226301147467765 43299
1669624225932 1.3663247472178748 43349
1669624240574 1.4144590200320093 43399
1669624268084 1.0823749923087767 43449
1669624282948 1.2132899381542996 43499
1669624297889 1.155494651662799 43549
1669624312987 1.5086801852446592 43599
1669624340285 1.2746585449679209 43649
1669624355226 1.256945170527803 43699
1669624370000 1.2752258288345082 43749
1669624384825 1.2834536435330761 43799
1669624412209 1.2170611585085145 43849
1669624427283 1.4542098731751996 43899
1669624442080 1.2189640292249164 43949
1669624457037 1.3793762402294192 43999
1669624471827 1.153511628677538 44049
1669624499424 1.1646107769835525 44099
1669624514273 1.1639691412707482 44149
1669624529158 1.2566595176525936 44199
1669624543927 1.418372328430607 44249
1669624571305 1.3482728000959774 44299
1669624586245 1.3823102210560734 44349
1669624601201 1.2347271193329363 44399
1669624615986 1.3372448748527281 44449
1669624643129 1.1722937364044235 44499
1669624657886 1.2178331143535732 44549
1669624672773 1.206549194664994 44599
1669624687700 1.1575647804007723 44649
1669624702465 1.2617124684755616 44699
1669624729873 1.3658196571721095 44749
1669624744698 1.5132680854782243 44799
1669624759449 1.2053409594408082 44849
1669624774270 1.4148530422889913 44899
1669624801975 1.219072845267379 44949
1669624816805 1.2199431716535043 44999
1669624831661 1.5078575369640743 45049
1669624846477 1.3096113180552842 45099
1669624874340 1.4778960571230608 45149
1669624889146 1.2429519351040437 45199
1669624903954 1.3450883428182667 45249
1669624918732 1.3897582094389094 45299
1669624933532 1.3123415082547865 45349
1669624961159 1.409970806316602 45399
1669624976168 1.2444454097559285 45449
1669624991063 1.2724560268183547 45499
1669625005912 1.3816373131061421 45549
1669625033520 1.4878972874158327 45599
1669625048382 1.4054119036544177 45649
1669625063204 1.369583223444525 45699
1669625078139 1.2901187517790633 45749
1669625105558 1.3900594540406004 45799
1669625120376 1.309239720246546 45849
1669625135214 1.274026848534004 45899
1669625150135 1.3487849577040092 45949
1669625165059 1.316872815343384 45999
1669625192550 1.0844399678667296 46049
1669625207483 1.3228475168002496 46099
1669625222301 1.2393976241929425 46149
1669625237239 1.3362306870781926 46199
1669625264661 1.2088641576985752 46249
1669625279624 1.2381321476484355 46299
1669625294448 1.3896994104492149 46349
1669625309353 1.2975720394424979 46399
1669625337068 1.3258513159960446 46449
1669625351831 1.445304994880681 46499
1669625366620 1.223930760643917 46549
1669625381409 1.2839458196918687 46599
1669625396207 1.3063184476717384 46649
1669625423468 1.4791321632817038 46699
1669625438403 1.2402370344521696 46749
1669625453516 1.2401160511037392 46799
1669625468326 1.3534201174595095 46849
1669625495784 1.2268045810905552 46899
1669625510581 1.3662938745876603 46949
1669625525385 1.2651847009951105 46999
1669625540223 1.4920362159394225 47049
1669625567870 1.4830526369574837 47099
1669625582869 1.4268920923703745 47149
1669625597982 1.3890272483497017 47199
1669625612817 1.4994759018763326 47249
1669625627633 1.3466972362537653 47299
1669625654960 1.273249142457472 47349
1669625669812 1.246360178021264 47399
1669625684629 1.3474476486607652 47449
1669625699631 1.2123354327361775 47499
1669625727136 1.431646820611125 47549
1669625742201 1.2807452606019663 47599
1669625756979 1.5171285786299529 47649
1669625771778 1.3631054586913796 47699
1669625799175 1.360995057048266 47749
1669625813972 1.3727118767405064 47799
1669625828864 1.2234809327423353 47849
1669625843671 1.120711507954826 47899
1669625858514 1.2563782958889074 47949
1669625886241 1.276412745959053 47999
1669625901109 1.2584461811483132 48049
1669625915985 1.2982322233271946 48099
1669625930786 1.329116956663948 48149
1669625958189 1.2001646895645974 48199
1669625972987 1.507628608584668 48249
1669625987767 1.4700679163356112 48299
1669626002529 1.3707906775605536 48349
1669626030236 1.1985114479335226 48399
1669626045150 1.4456949951421785 48449
1669626060037 1.1812645510510993 48499
1669626074854 1.3821903505650373 48549
1669626089719 1.2807958421064718 48599
1669626117295 1.4003419645284398 48649
1669626132140 1.2935605958958365 48699
1669626147240 1.3700381133285073 48749
1669626162233 1.4712959531935494 48799
1669626189591 1.292205287146198 48849
1669626204394 1.299366303145247 48899
1669626219219 1.5205158433449557 48949
1669626234196 1.35185048856173 48999
1669626261522 1.1096852614441457 49049
1669626276451 1.1192941394036018 49099
1669626291297 1.3835703880342793 49149
1669626306405 1.3487415796457292 49199
1669626321233 1.2286562438239161 49249
1669626348912 1.3694915107140566 49299
1669626363779 1.3545618747065848 49349
1669626378798 1.2224063866298633 49399
1669626393826 1.16312151913761 49449
1669626421536 1.4433036707566598 49499
1669626436527 1.1800690776040073 49549
1669626451381 1.436183451487822 49599
1669626466244 1.2593703961945106 49649
1669626493859 1.3556340801266566 49699
1669626508788 1.294553938600036 49749
1669626523815 1.2203048396014464 49799
1669626538755 1.4912550371650848 49849
1669626553658 1.422747449003935 49899
1669626581702 1.4521423338412398 49949
1669626596624 1.3410027600958572 49999
1669626611520 1.293487351426934 50049
1669626626384 1.437122035283216 50099
1669626654017 1.2458907013482956 50149
1669626669016 1.21721681956264 50199
1669626684043 1.1842867148179197 50249
1669626699089 1.3564451920055354 50299
1669626726681 1.3206230311905829 50349
1669626741558 1.3819369069229315 50399
1669626756504 1.3340632324253985 50449
1669626771387 1.3084545379012702 50499
1669626786291 1.3842776873058438 50549
1669626813898 1.3725969117054488 50599
1669626828902 1.4550143696270113 50649
1669626844036 1.2942373484532395 50699
1669626858915 1.2501545912486578 50749
1669626886432 1.2179711635943282 50799
1669626901553 1.3318941386120615 50849
1669626916395 1.251313848878362 50899
1669626931262 1.390722895554084 50949
1669626958812 1.3290264848220925 50999
1669626973920 1.3580473974058436 51049
1669626989030 1.3804679889690497 51099
1669627003861 1.353818146871265 51149
1669627018663 1.475021115760939 51199
1669627046352 1.4415683068073368 51249
1669627061187 1.3851099814027568 51299
1669627076055 1.4588661126992142 51349
1669627090946 1.386548413729669 51399
1669627118600 1.4857516600075118 51449
1669627133432 1.389298818047751 51499
1669627148369 1.4437182996471527 51549
1669627163169 1.1748224160796477 51599
1669627190500 1.161853045882903 51649
1669627205366 1.30120911495529 51699
1669627220264 1.3039819567193511 51749
1669627235334 1.2835896819127914 51799
1669627250405 1.3754920743176366 51849
1669627278172 1.2196365835460279 51899
1669627292996 1.370111680707594 51949
1669627307851 1.4389818892665458 51999
1669627322719 1.1889245273187004 52049
1669627350051 1.0995164971336995 52099
1669627364997 1.321126317731424 52149
1669627379945 1.4231428097399945 52199
1669627394885 1.178416271506228 52249
1669627422118 1.3320456511299674 52299
1669627436896 1.48416501869748 52349
1669627451913 1.2995632251563536 52399
1669627466810 1.2838959344568825 52449
1669627481606 1.2610071727261107 52499
1669627509278 1.3292554926016722 52549
1669627524116 1.412307370028418 52599
1669627539017 1.4807709189973688 52649
1669627553831 1.3024605860190528 52699
1669627581262 1.376436945939154 52749
1669627596165 1.266784321837949 52799
1669627610989 1.2938597463930366 52849
1669627625802 1.4312410321876448 52899
1669627653332 1.372803695499382 52949
1669627668386 1.3260025916661098 52999
1669627683284 1.3536857441784855 53049
1669627698117 1.4612640199407942 53099
1669627712939 1.2258249866544053 53149
1669627740369 1.309585994344995 53199
1669627755240 1.3914357186951456 53249
1669627770120 1.338640399754628 53299
1669627785020 1.3710049596741558 53349
1669627812924 1.4154073392522948 53399
1669627827698 1.301262272161927 53449
1669627842518 1.3207614571682467 53499
1669627857412 1.5161170197193528 53549
1669627885021 1.1931247886435172 53599
1669627899813 1.3099320506842878 53649
1669627914590 1.2682840846942418 53699
1669627929676 1.3467929208767129 53749
1669627944601 1.2895838662609183 53799
1669627972038 1.17883416291252 53849
1669627986844 1.3755433713334526 53899
1669628001659 1.06291365130097 53949
1669628016805 1.4597374176697433 53999
1669628044243 1.5362507871115172 54049
1669628059050 1.2589787656895524 54099
1669628073856 1.1256324475484056 54149
1669628088843 1.2845306773611185 54199
1669628103728 1.35769962917725 54249
1669628131344 1.249520020415793 54299
1669628146266 1.1871676164461358 54349
1669628161047 1.2804174113855684 54399
1669628175937 1.3630651280566541 54449
1669628203451 1.382986084523348 54499
1669628218363 1.2970657529051584 54549
1669628233296 1.2974126767759917 54599
1669628248202 1.4500643004126348 54649
1669628275780 1.411199523402902 54699
1669628290607 1.132554645300234 54749
1669628305519 1.2446523424278384 54799
1669628320358 1.3943116807047562 54849
1669628335252 1.2498585826542115 54899
1669628362723 1.3342179035747077 54949
1669628377626 1.490999846830225 54999
1669628392532 1.439593330119535 55049
1669628407391 1.3673384951947947 55099
1669628434872 1.317039902435611 55149
1669628449778 1.254032767054547 55199
1669628464584 1.2956654352414771 55249
1669628479380 1.4382171789514095 55299
1669628506739 1.2864166102844876 55349
1669628521678 1.4423978694451396 55399
1669628536595 1.3145309922638035 55449
1669628551372 1.375510703643606 55499
1669628566168 1.2619367697316974 55549
1669628593620 1.4583995745261216 55599
1669628608532 1.4314563759972703 55649
1669628623485 1.3390527605595106 55699
1669628638286 1.2543279275873342 55749
1669628666230 1.117740441751195 55799
1669628681160 1.2176441825297561 55849
1669628695960 1.2580288128718573 55899
1669628710778 1.457510748711807 55949
1669628738195 1.148617838297787 55999
1669628752954 1.4621525231543797 56049
1669628767853 1.4210528738310035 56099
1669628782681 1.2474688354639578 56149
1669628797432 1.2753386866336922 56199
1669628824774 1.1645260056347029 56249
1669628839591 1.2979538741972507 56299
1669628854337 1.4185626448039041 56349
1669628869101 1.228205838364341 56399
1669628896650 1.330072760399795 56449
1669628911631 1.4456179048298174 56499
1669628926427 1.2693182488390486 56549
1669628941546 1.277569498288425 56599
1669628969474 1.1553961964004944 56649
1669628984291 1.3153691923195696 56699
1669628999177 1.359036198930161 56749
1669629013987 1.437410085897863 56799
1669629028753 1.480298188870587 56849
1669629056174 1.1962801776218825 56899
1669629071112 1.1236151227594462 56949
1669629086150 1.3893759744373537 56999
1669629100991 1.3733262895732323 57049
1669629128549 1.3744399982338908 57099
1669629143357 1.2108736515757934 57149
1669629158178 1.1740712113480947 57199
1669629172952 1.2405525718706816 57249
1669629200588 1.3091964643954639 57299
1669629215561 1.279444139768747 57349
1669629230590 1.4800425082245376 57399
1669629245409 1.4430554973955085 57449
1669629260180 1.2613236606186855 57499
1669629287527 1.1333080260258543 57549
1669629302372 1.2377838178954121 57599
1669629317192 1.3329836882546156 57649
1669629332267 1.4139924782236386 57699
1669629359977 1.260037049110564 57749
1669629374795 1.236460590540252 57799
1669629389604 1.213362348410036 57849
1669629404424 1.3041110718963043 57899
1669629431979 1.4106172738947391 57949
1669629446744 1.1361434500858154 57999
1669629461904 1.4903679747099163 58049
1669629476829 1.1577104469354478 58099
1669629491757 1.3519952300803615 58149
1669629519000 1.336221151277556 58199
1669629533809 1.2954938628670583 58249
1669629548712 1.2827952547112456 58299
1669629563491 1.1958809677236792 58349
1669629590831 1.3862754066861522 58399
1669629605738 1.2930007554393863 58449
1669629620808 1.2417981927844026 58499
1669629635656 1.3739895130995077 58549
1669629663267 1.2413633343266222 58599
1669629678113 1.187081537518822 58649
1669629692901 1.207227702904071 58699
1669629707667 1.424630252088327 58749
1669629722456 1.469915625254489 58799
1669629750190 1.3297215799505533 58849
1669629765001 1.219567335871443 58899
1669629779966 1.3857341360689075 58949
1669629794851 1.327953094942918 58999
1669629822678 1.1724913447157317 59049
1669629837495 1.0984833881004181 59099
1669629852312 1.2600933561437664 59149
1669629867143 1.2446362911690232 59199
1669629894640 1.251495741441543 59249
1669629909699 1.2350523545357857 59299
1669629924765 1.415901821878518 59349
1669629939648 1.2430451569428218 59399
1669629954659 1.3066249899730547 59449
1669629981979 1.442751423332969 59499
1669629996762 1.4381238272981753 59549
1669630011585 1.4475418657322499 59599
1669630026609 1.2145845413292575 59649
1669630054036 1.3614133362591976 59699
1669630068786 1.310526852401677 59749
1669630083779 1.311208346014918 59799
1669630098537 1.432024110535123 59849
1669630125855 1.178992329416296 59899
1669630140649 1.4257285026686415 59949
1669630155638 1.252773378589302 59999
1669630170574 1.4218652543383792 60049
1669630185406 1.2849164708396383 60099
1669630213027 1.1546996791703203 60149
1669630228047 1.3903268377948697 60199
1669630242930 1.2776350428137304 60249
1669630257934 1.4403370686106474 60299
1669630285470 1.1686093200727166 60349
1669630300289 1.2552979272041571 60399
1669630315274 1.2639721184869392 60449
1669630330125 1.436792595100024 60499
1669630357902 1.3099730197754706 60549
1669630372700 1.2032422049627427 60599
1669630387595 1.2494122364578768 60649
1669630402387 1.446023181859536 60699
1669630417158 1.184195271665053 60749
1669630444644 1.2568532464568194 60799
1669630459479 1.2167118192971897 60849
1669630474411 1.232501975749915 60899
1669630489302 1.5127387067679015 60949
1669630516737 1.3471048870912075 60999
1669630531552 1.2689882192858808 61049
1669630546460 1.2346564228062826 61099
1669630561265 1.5156630300890144 61149
1669630588407 1.2910778014928916 61199
1669630603259 1.2351279453891266 61249
1669630618365 1.3074887327260472 61299
1669630633210 1.1971747009366867 61349
1669630648186 1.4305049536454248 61399
1669630675984 1.3646524806549012 61449
1669630690763 1.2619968267152393 61499
1669630705562 1.4847305041832852 61549
1669630720411 1.20587961984744 61599
1669630748017 1.197311631215289 61649
1669630763085 1.3652966766556127 61699
1669630778061 1.331896060187986 61749
1669630792892 1.4064852865223736 61799
1669630820362 1.3744616866591506 61849
1669630835136 1.4522924280990677 61899
1669630849913 1.3205918647021804 61949
1669630864663 1.3015825506588963 61999
1669630879457 1.1749037151371726 62049
1669630906983 1.2362198038010184 62099
1669630921915 1.40584133319204 62149
1669630936833 1.4220380821542609 62199
1669630951618 1.2365013077813853 62249
1669630979582 1.2877307510601959 62299
1669630994409 1.22343336715471 62349
1669631009198 1.351275655099126 62399
1669631024008 1.445496519143205 62449
1669631051693 1.3763997905964247 62499
1669631066676 1.2267629780227312 62549
1669631081450 1.131383766172314 62599
1669631096346 1.174045563964926 62649
1669631111157 1.337090456951956 62699
1669631138542 1.0339395331514296 62749
1669631153461 1.377493418268115 62799
1669631168220 1.1738511755564176 62849
1669631183149 1.465100290686009 62899
1669631210689 1.2226512186625071 62949
1669631225633 1.3046653743908023 62999
1669631240583 1.3843824638159723 63049
1669631255377 1.4326393942742417 63099
1669631282952 1.2172779449105295 63149
1669631297752 1.4530895596680153 63199
1669631312569 1.241312328959887 63249
1669631327559 1.3711901908858628 63299
1669631342658 1.4555843386636822 63349
1669631370011 1.1973151853064434 63399
1669631384817 1.2787631203251615 63449
1669631399639 1.4659065672555505 63499
1669631414483 1.5119030990875917 63549
1669631441968 1.3197212163121483 63599
1669631456844 1.3619905653420867 63649
1669631472059 1.3932557082579269 63699
1669631486872 1.3767611946404683 63749
1669631514462 1.3477311133350387 63799
1669631529237 1.461010385810098 63849
1669631543991 1.312501203633707 63899
1669631558787 1.335870369518127 63949
1669631573580 1.263091993623034 63999
1669631601091 1.2473852114814594 64049
1669631616017 1.2058015531935686 64099
1669631631097 1.3339229031899427 64149
1669631645904 1.279812391496288 64199
1669631673345 1.4556628474138251 64249
1669631688135 1.3300477933439887 64299
1669631702896 1.4517949792724099 64349
1669631717691 1.3548550254406666 64399
1669631745199 1.2964473279986493 64449
1669631759998 1.1220480375664668 64499
1669631774959 1.3874806442673497 64549
1669631789772 1.2588551767886156 64599
1669631804632 1.30989975917218 64649
1669631832009 1.3849293430504894 64699
1669631846801 1.158872942010171 64749
1669631861575 1.4173919892178208 64799
1669631876637 1.35199395760273 64849
1669631904025 1.3359500885131137 64899
1669631918840 1.361210659302896 64949
1669631933587 1.3583201045372406 64999
1669631948461 1.297331113747274 65049
1669631963133 1.4211736552712042 65099
