1668406943439 21.25 216
1668407019245 92.75 433
1668407096210 33.75 650
1668407172673 2.75 867
1668407249046 11.25 1084
1668407325330 0.25 1301
1668407401621 0.5 1518
1668407477772 1.75 1735
1668407554032 3.25 1952
1668407630617 8.75 2169
1668407706671 9.0 2386
1668407783032 3.75 2603
1668407859282 2.25 2820
1668407935423 1.5 3037
1668408011976 4.0 3254
1668408088662 0.75 3471
1668408165033 0.75 3688
1668408240996 1.5 3905
1668408317497 1.75 4122
1668408393971 1.5 4339
1668408470432 1.5 4556
1668408546339 6.5 4773
1668408622701 1.25 4990
1668408699357 1.25 5207
1668408775507 1.25 5424
1668408852002 1.25 5641
1668408928079 1.25 5858
1668409004649 1.25 6075
1668409081273 1.25 6292
1668409157593 1.0 6509
1668409233656 2.25 6726
1668409310028 0.75 6943
1668409386525 0.25 7160
1668409462706 1.0 7377
1668409538756 1.25 7594
1668409615049 0.25 7811
1668409691417 1.25 8028
1668409767884 1.25 8245
1668409844114 1.5 8462
1668409920426 1.0 8679
1668409997034 1.5 8896
1668410073384 1.5 9113
1668410149665 1.25 9330
1668410226516 1.5 9547
1668410302886 1.25 9764
1668410379316 1.25 9981
1668410455727 1.5 10198
1668410532307 1.25 10415
1668410608871 0.25 10632
1668410685288 0.75 10849
1668410761737 1.5 11066
1668410837649 1.25 11283
1668410914249 1.25 11500
1668410990683 1.25 11717
1668411067233 1.25 11934
1668411143690 1.25 12151
1668411220054 1.5 12368
1668411296421 1.25 12585
1668411372574 1.5 12802
1668411448653 1.5 13019
1668411525204 1.5 13236
1668411601859 1.25 13453
1668411678174 1.25 13670
1668411754255 1.25 13887
1668411830695 1.75 14104
1668411907310 1.25 14321
1668411983944 1.25 14538
1668412060149 1.0 14755
1668412136335 1.25 14972
1668412212998 1.25 15189
1668412289346 0.5 15406
1668412365831 1.0 15623
1668412442416 1.25 15840
1668412518838 1.25 16057
1668412595135 1.25 16274
1668412671715 1.25 16491
1668412748239 1.25 16708
1668412824654 1.25 16925
1668412900856 1.25 17142
1668412977279 1.25 17359
1668413054006 0.5 17576
1668413130564 1.5 17793
1668413206832 1.25 18010
1668413283197 2.25 18227
1668413359887 1.0 18444
1668413436419 1.25 18661
1668413512791 1.25 18878
1668413588947 1.5 19095
1668413665308 1.25 19312
1668413741479 1.25 19529
1668413817800 1.25 19746
1668413894452 1.25 19963
1668413971025 1.0 20180
1668414047539 1.5 20397
1668414123835 1.25 20614
1668414200268 1.0 20831
1668414276513 1.25 21048
1668414353046 2.0 21265
1668414429064 1.25 21482
1668414505251 1.25 21699
1668414581910 1.25 21916
1668414658240 1.25 22133
1668414734150 1.25 22350
1668414810283 1.25 22567
1668414886778 1.5 22784
1668414963258 1.25 23001
1668415039604 1.25 23218
1668415115972 1.25 23435
1668415192261 1.25 23652
1668415268572 1.25 23869
1668415344802 1.5 24086
1668415421106 1.25 24303
1668415497468 1.25 24520
1668415574005 1.25 24737
1668415650683 1.25 24954
1668415726841 0.5 25171
1668415803244 1.25 25388
1668415880086 1.25 25605
1668415956597 1.25 25822
1668416033302 1.25 26039
1668416109951 1.25 26256
1668416186396 1.5 26473
1668416262857 1.25 26690
1668416339395 1.25 26907
1668416416028 1.5 27124
1668416492572 1.25 27341
1668416568977 1.75 27558
1668416645534 1.25 27775
1668416722027 1.25 27992
1668416798768 1.25 28209
1668416875469 2.25 28426
1668416951880 1.25 28643
1668417028380 1.25 28860
1668417104991 1.25 29077
1668417181125 1.25 29294
1668417257622 1.25 29511
1668417334009 2.0 29728
1668417410210 5.5 29945
1668417486400 1.25 30162
1668417562514 1.25 30379
1668417639006 1.25 30596
1668417715789 1.5 30813
1668417792115 1.0 31030
1668417868409 1.25 31247
1668417945080 1.5 31464
1668418021605 2.25 31681
1668418098226 1.25 31898
1668418174800 1.25 32115
1668418251669 1.25 32332
1668418328475 1.75 32549
1668418404742 2.0 32766
1668418481406 3.0 32983
1668418557859 3.5 33200
1668418634305 2.75 33417
1668418710181 1.5 33634
1668418786607 1.25 33851
1668418863232 1.25 34068
1668418939766 1.25 34285
1668419016584 0.25 34502
1668419092606 3.5 34719
1668419169116 1.25 34936
1668419246149 1.0 35153
1668419322276 3.5 35370
1668419398269 3.0 35587
1668419474659 1.25 35804
1668419551175 1.25 36021
1668419627593 1.5 36238
1668419704312 1.75 36455
1668419780600 7.5 36672
1668419857311 1.5 36889
1668419933340 1.5 37106
1668420010089 1.25 37323
1668420086309 1.75 37540
1668420162733 1.5 37757
1668420239208 1.5 37974
1668420315587 2.0 38191
1668420392415 2.0 38408
1668420468920 2.25 38625
1668420545544 2.5 38842
1668420622229 3.25 39059
1668420698667 3.75 39276
1668420775306 4.75 39493
1668420851906 2.25 39710
1668420928751 6.25 39927
1668421005432 4.25 40144
1668421082303 4.5 40361
1668421158930 7.0 40578
1668421235249 4.25 40795
1668421311879 5.0 41012
1668421388206 5.0 41229
1668421464578 4.5 41446
1668421541128 4.0 41663
1668421617505 9.5 41880
1668421693920 3.75 42097
1668421770386 5.25 42314
1668421846725 2.75 42531
1668421923090 4.25 42748
1668421999681 1.75 42965
1668422076002 3.25 43182
1668422152482 3.75 43399
1668422228599 1.75 43616
1668422304995 2.25 43833
1668422381558 2.0 44050
1668422458481 3.25 44267
1668422536154 2.25 44484
1668422612311 2.25 44701
1668422688817 2.25 44918
1668422765173 2.0 45135
1668422841704 2.25 45352
1668422918421 2.75 45569
1668422994578 2.0 45786
1668423071170 2.0 46003
1668423147605 2.0 46220
1668423224144 2.75 46437
1668423300600 2.0 46654
1668423377173 3.0 46871
1668423453802 2.25 47088
1668423530121 1.75 47305
1668423607043 1.75 47522
1668423683600 2.75 47739
1668423760000 3.25 47956
1668423836225 2.5 48173
1668423912698 2.75 48390
1668423989515 2.75 48607
1668424065799 3.5 48824
1668424142172 3.25 49041
1668424218680 1.75 49258
1668424295402 3.75 49475
1668424372029 4.0 49692
1668424448429 2.75 49909
1668424524827 2.5 50126
1668424601222 2.25 50343
1668424677692 3.25 50560
1668424754324 7.0 50777
1668424830588 3.25 50994
1668424907319 2.0 51211
1668424984053 4.25 51428
1668425060510 4.5 51645
1668425137251 2.75 51862
1668425214100 2.75 52079
1668425290585 6.0 52296
1668425367187 6.5 52513
1668425443497 4.0 52730
1668425519958 2.5 52947
1668425596547 3.25 53164
1668425673166 2.5 53381
1668425749657 3.0 53598
1668425825906 3.5 53815
1668425902654 1.75 54032
1668425979700 3.75 54249
1668426055986 1.75 54466
1668426132631 1.75 54683
1668426208850 1.75 54900
1668426285342 2.0 55117
1668426361706 1.75 55334
1668426438264 1.75 55551
1668426514401 1.25 55768
1668426590422 1.75 55985
1668426666643 1.75 56202
1668426743098 2.25 56419
1668426819665 3.0 56636
1668426895701 1.75 56853
1668426972269 3.25 57070
1668427049241 1.75 57287
1668427125931 3.25 57504
1668427202625 2.25 57721
1668427279127 1.75 57938
1668427355543 3.75 58155
1668427431825 2.25 58372
1668427508206 2.25 58589
1668427584638 3.25 58806
1668427661003 1.25 59023
1668427737610 0.75 59240
1668427814129 2.5 59457
1668427890637 3.75 59674
1668427967047 3.5 59891
1668428043732 3.75 60108
1668428119959 4.25 60325
1668428196031 1.75 60542
1668428272508 2.25 60759
1668428348842 5.75 60976
1668428424973 2.0 61193
1668428501150 2.5 61410
1668428577355 2.5 61627
1668428653653 2.25 61844
1668428730227 2.5 62061
1668428806780 2.25 62278
1668428883473 1.75 62495
1668428960068 2.0 62712
1668429036400 2.0 62929
1668429112853 3.75 63146
1668429189449 3.25 63363
1668429266064 2.75 63580
1668429342610 2.5 63797
1668429419087 3.25 64014
1668429495883 3.25 64231
1668429572586 3.25 64448
1668429649669 1.25 64665
1668429726046 1.5 64882
1668429802562 3.75 65099
