1668406888974 0 49
1668406902691 0 99
1668406916740 0 149
1668406930513 0 199
1668406943439 0 216
1668406949569 0 216
1668406960835 1 249
1668406974262 1 299
1668406987818 1 349
1668407001376 1 399
1668407019245 1 433
1668407025533 1 433
1668407032040 2 449
1668407045735 2 499
1668407059564 2 549
1668407073314 2 599
1668407087029 2 649
1668407096210 2 650
1668407102574 2 650
1668407118191 3 699
1668407131735 3 749
1668407145348 3 799
1668407158939 3 849
1668407172673 3 867
1668407179024 3 867
1668407190038 4 899
1668407203526 4 949
1668407217141 4 999
1668407230743 4 1049
1668407249046 4 1084
1668407255535 4 1084
1668407261679 5 1099
1668407275466 5 1149
1668407289047 5 1199
1668407302640 5 1249
1668407316215 5 1299
1668407325330 5 1301
1668407331807 5 1301
1668407347167 6 1349
1668407360764 6 1399
1668407374419 6 1449
1668407388060 6 1499
1668407401621 6 1518
1668407407930 6 1518
1668407418699 7 1549
1668407432202 7 1599
1668407445820 7 1649
1668407459426 7 1699
1668407477772 7 1735
1668407484048 7 1735
1668407489956 8 1749
1668407503762 8 1799
1668407517390 8 1849
1668407531050 8 1899
1668407544706 8 1949
1668407554032 8 1952
1668407560381 8 1952
1668407575409 9 1999
1668407588971 9 2049
1668407602598 9 2099
1668407616216 9 2149
1668407630617 9 2169
1668407636995 9 2169
1668407647447 10 2199
1668407660977 10 2249
1668407674604 10 2299
1668407688229 10 2349
1668407706671 10 2386
1668407713256 10 2386
1668407718901 11 2399
1668407732737 11 2449
1668407746325 11 2499
1668407759946 11 2549
1668407773551 11 2599
1668407783032 11 2603
1668407789514 11 2603
1668407804253 12 2649
1668407817824 12 2699
1668407831459 12 2749
1668407845065 12 2799
1668407859282 12 2820
1668407865709 12 2820
1668407875887 13 2849
1668407889459 13 2899
1668407903131 13 2949
1668407916765 13 2999
1668407935423 13 3037
1668407942001 13 3037
1668407947410 14 3049
1668407961202 14 3099
1668407974822 14 3149
1668407988487 14 3199
1668408002116 14 3249
1668408011976 14 3254
1668408018416 14 3254
1668408033008 15 3299
1668408046769 15 3349
1668408060447 15 3399
1668408074135 15 3449
1668408088662 15 3471
1668408095073 15 3471
1668408104966 16 3499
1668408118561 16 3549
1668408132211 16 3599
1668408145851 16 3649
1668408165033 16 3688
1668408171501 16 3688
1668408176541 17 3699
1668408190303 17 3749
1668408203908 17 3799
1668408217530 17 3849
1668408231134 17 3899
1668408240996 17 3905
1668408247517 17 3905
1668408261911 18 3949
1668408275535 18 3999
1668408289157 18 4049
1668408302784 18 4099
1668408317497 18 4122
1668408323935 18 4122
1668408333582 19 4149
1668408347070 19 4199
1668408360703 19 4249
1668408374365 19 4299
1668408393971 19 4339
1668408400412 19 4339
1668408405221 20 4349
1668408419021 20 4399
1668408432635 20 4449
1668408446245 20 4499
1668408459854 20 4549
1668408470432 20 4556
1668408476864 20 4556
1668408490837 21 4599
1668408504382 21 4649
1668408518007 21 4699
1668408531633 21 4749
1668408546339 21 4773
1668408552820 21 4773
1668408562163 22 4799
1668408575695 22 4849
1668408589334 22 4899
1668408602979 22 4949
1668408622701 22 4990
1668408629208 22 4990
1668408633739 23 4999
1668408647608 23 5049
1668408661284 23 5099
1668408674988 23 5149
1668408688691 23 5199
1668408699357 23 5207
1668408705742 23 5207
1668408719466 24 5249
1668408733052 24 5299
1668408746670 24 5349
1668408760294 24 5399
1668408775507 24 5424
1668408782026 24 5424
1668408791092 25 5449
1668408804675 25 5499
1668408818311 25 5549
1668408831931 25 5599
1668408852002 25 5641
1668408858391 25 5641
1668408862621 26 5649
1668408876389 26 5699
1668408889984 26 5749
1668408903598 26 5799
1668408917212 26 5849
1668408928079 26 5858
1668408934495 26 5858
1668408948006 27 5899
1668408961565 27 5949
1668408975196 27 5999
1668408988823 27 6049
1668409004649 27 6075
1668409011149 27 6075
1668409019944 28 6099
1668409033560 28 6149
1668409047174 28 6199
1668409060806 28 6249
1668409081273 28 6292
1668409087724 28 6292
1668409091849 29 6299
1668409105609 29 6349
1668409119352 29 6399
1668409132991 29 6449
1668409146622 29 6499
1668409157593 29 6509
1668409164020 29 6509
1668409177180 30 6549
1668409190734 30 6599
1668409204392 30 6649
1668409218025 30 6699
1668409233656 30 6726
1668409240076 30 6726
1668409248462 31 6749
1668409262128 31 6799
1668409275800 31 6849
1668409289471 31 6899
1668409310028 31 6943
1668409316385 31 6943
1668409320080 32 6949
1668409333850 32 6999
1668409347450 32 7049
1668409361077 32 7099
1668409374694 32 7149
1668409386525 32 7160
1668409393013 32 7160
1668409405944 33 7199
1668409419485 33 7249
1668409433144 33 7299
1668409446773 33 7349
1668409462706 33 7377
1668409469142 33 7377
1668409477247 34 7399
1668409490949 34 7449
1668409504592 34 7499
1668409518250 34 7549
1668409538756 34 7594
1668409544875 34 7594
1668409548319 35 7599
1668409562083 35 7649
1668409575691 35 7699
1668409589338 35 7749
1668409602960 35 7799
1668409615049 35 7811
1668409621506 35 7811
1668409634108 36 7849
1668409647647 36 7899
1668409661319 36 7949
1668409674973 36 7999
1668409691417 36 8028
1668409697884 36 8028
1668409705676 37 8049
1668409719393 37 8099
1668409733069 37 8149
1668409746746 37 8199
1668409767884 37 8245
1668409774346 37 8245
1668409777483 38 8249
1668409791295 38 8299
1668409804910 38 8349
1668409818576 38 8399
1668409832207 38 8449
1668409844114 38 8462
1668409850492 38 8462
1668409862797 39 8499
1668409876317 39 8549
1668409889952 39 8599
1668409903582 39 8649
1668409920426 39 8679
1668409926927 39 8679
1668409934614 40 8699
1668409948226 40 8749
1668409961847 40 8799
1668409975516 40 8849
1668409997034 40 8896
1668410003518 40 8896
1668410006381 41 8899
1668410020188 41 8949
1668410033758 41 8999
1668410047410 41 9049
1668410061055 41 9099
1668410073384 41 9113
1668410079825 41 9113
1668410091952 42 9149
1668410105473 42 9199
1668410119119 42 9249
1668410132774 42 9299
1668410149665 42 9330
1668410156307 42 9330
1668410163883 43 9349
1668410177465 43 9399
1668410191091 43 9449
1668410204755 43 9499
1668410226516 43 9547
1668410232872 43 9547
1668410235483 44 9549
1668410249281 44 9599
1668410262841 44 9649
1668410276475 44 9699
1668410290102 44 9749
1668410302886 44 9764
1668410309309 44 9764
1668410321232 45 9799
1668410334722 45 9849
1668410348340 45 9899
1668410361965 45 9949
1668410379316 45 9981
1668410385718 45 9981
1668410392751 46 9999
1668410406388 46 10049
1668410420000 46 10099
1668410433641 46 10149
1668410455727 46 10198
1668410462161 46 10198
1668410464473 47 10199
1668410478284 47 10249
1668410491854 47 10299
1668410505506 47 10349
1668410519199 47 10399
1668410532307 47 10415
1668410538866 47 10415
1668410550451 48 10449
1668410563952 48 10499
1668410577592 48 10549
1668410591264 48 10599
1668410608871 48 10632
1668410615319 48 10632
1668410622141 49 10649
1668410635923 49 10699
1668410649645 49 10749
1668410663314 49 10799
1668410676820 49 10849
1668410685288 49 10849
1668410691801 49 10849
1668410707664 50 10899
1668410721220 50 10949
1668410734881 50 10999
1668410748583 50 11049
1668410761737 50 11066
1668410768141 50 11066
1668410779396 51 11099
1668410792893 51 11149
1668410806508 51 11199
1668410820156 51 11249
1668410837649 51 11283
1668410844165 51 11283
1668410850692 52 11299
1668410864425 52 11349
1668410878041 52 11399
1668410891683 52 11449
1668410905347 52 11499
1668410914249 52 11500
1668410920734 52 11500
1668410936310 53 11549
1668410949870 53 11599
1668410963492 53 11649
1668410977135 53 11699
1668410990683 53 11717
1668410997178 53 11717
1668411008215 54 11749
1668411021745 54 11799
1668411035375 54 11849
1668411049001 54 11899
1668411067233 54 11934
1668411073680 54 11934
1668411079873 55 11949
1668411093682 55 11999
1668411107314 55 12049
1668411120955 55 12099
1668411134624 55 12149
1668411143690 55 12151
1668411150336 55 12151
1668411165637 56 12199
1668411179202 56 12249
1668411192834 56 12299
1668411206453 56 12349
1668411220054 56 12368
1668411226613 56 12368
1668411237281 57 12399
1668411250877 57 12449
1668411264505 57 12499
1668411278134 57 12549
1668411296421 57 12585
1668411302912 57 12585
1668411308761 58 12599
1668411322536 58 12649
1668411336145 58 12699
1668411349777 58 12749
1668411363422 58 12799
1668411372574 58 12802
1668411379002 58 12802
1668411394040 59 12849
1668411407603 59 12899
1668411421229 59 12949
1668411434889 59 12999
1668411448653 59 13019
1668411455218 59 13019
1668411465681 60 13049
1668411479224 60 13099
1668411492864 60 13149
1668411506535 60 13199
1668411525204 60 13236
1668411531729 60 13236
1668411537351 61 13249
1668411551095 61 13299
1668411564728 61 13349
1668411578409 61 13399
1668411592098 61 13449
1668411601859 61 13453
1668411608263 61 13453
1668411623027 62 13499
1668411636590 62 13549
1668411650226 62 13599
1668411663864 62 13649
1668411678174 62 13670
1668411684600 62 13670
1668411694788 63 13699
1668411708310 63 13749
1668411721938 63 13799
1668411735577 63 13849
1668411754255 63 13887
1668411760758 63 13887
1668411766081 64 13899
1668411779895 64 13949
1668411793527 64 13999
1668411807173 64 14049
1668411820828 64 14099
1668411830695 64 14104
1668411837196 64 14104
1668411851784 65 14149
1668411865428 65 14199
1668411879044 65 14249
1668411892714 65 14299
1668411907310 65 14321
1668411913895 65 14321
1668411923821 66 14349
1668411937441 66 14399
1668411951117 66 14449
1668411964794 66 14499
1668411983944 66 14538
1668411990320 66 14538
1668411995334 67 14549
1668412009165 67 14599
1668412022773 67 14649
1668412036425 67 14699
1668412050070 67 14749
1668412060149 67 14755
1668412066568 67 14755
1668412080847 68 14799
1668412094399 68 14849
1668412108030 68 14899
1668412121667 68 14949
1668412136335 68 14972
1668412143023 68 14972
1668412152654 69 14999
1668412166211 69 15049
1668412179855 69 15099
1668412193504 69 15149
1668412212998 69 15189
1668412219572 69 15189
1668412224364 70 15199
1668412238165 70 15249
1668412251816 70 15299
1668412265485 70 15349
1668412279156 70 15399
1668412289346 70 15406
1668412295956 70 15406
1668412309944 71 15449
1668412323621 71 15499
1668412337307 71 15549
1668412350926 71 15599
1668412365831 71 15623
1668412372365 71 15623
1668412381651 72 15649
1668412395306 72 15699
1668412408969 72 15749
1668412422637 72 15799
1668412442416 72 15840
1668412448830 72 15840
1668412453357 73 15849
1668412467153 73 15899
1668412480763 73 15949
1668412494414 73 15999
1668412508049 73 16049
1668412518838 73 16057
1668412525327 73 16057
1668412539088 74 16099
1668412552640 74 16149
1668412566306 74 16199
1668412579948 74 16249
1668412595135 74 16274
1668412601664 74 16274
1668412610750 75 16299
1668412624330 75 16349
1668412637996 75 16399
1668412651653 75 16449
1668412671715 75 16491
1668412678155 75 16491
1668412682403 76 16499
1668412696123 76 16549
1668412709747 76 16599
1668412723418 76 16649
1668412737077 76 16699
1668412748239 76 16708
1668412754719 76 16708
1668412768278 77 16749
1668412781828 77 16799
1668412795492 77 16849
1668412809196 77 16899
1668412824654 77 16925
1668412831103 77 16925
1668412839789 78 16949
1668412853489 78 16999
1668412867134 78 17049
1668412880788 78 17099
1668412900856 78 17142
1668412907300 78 17142
1668412911270 79 17149
1668412925094 79 17199
1668412938703 79 17249
1668412952354 79 17299
1668412965993 79 17349
1668412977279 79 17359
1668412983771 79 17359
1668412996940 80 17399
1668413010513 80 17449
1668413024197 80 17499
1668413037893 80 17549
1668413054006 80 17576
1668413060527 80 17576
1668413069052 81 17599
1668413082708 81 17649
1668413096335 81 17699
1668413109981 81 17749
1668413130564 81 17793
1668413137045 81 17793
1668413140722 82 17799
1668413154675 82 17849
1668413168313 82 17899
1668413181971 82 17949
1668413195619 82 17999
1668413206832 82 18010
1668413213234 82 18010
1668413226081 83 18049
1668413239633 83 18099
1668413253271 83 18149
1668413266926 83 18199
1668413283197 83 18227
1668413289623 83 18227
1668413297822 84 18249
1668413311454 84 18299
1668413325114 84 18349
1668413338783 84 18399
1668413359887 84 18444
1668413366318 84 18444
1668413369714 85 18449
1668413383545 85 18499
1668413397184 85 18549
1668413410862 85 18599
1668413424517 85 18649
1668413436419 85 18661
1668413442849 85 18661
1668413455580 86 18699
1668413469135 86 18749
1668413482806 86 18799
1668413496457 86 18849
1668413512791 86 18878
1668413519264 86 18878
1668413527194 87 18899
1668413540780 87 18949
1668413554452 87 18999
1668413568137 87 19049
1668413588947 87 19095
1668413595374 87 19095
1668413598581 88 19099
1668413612345 88 19149
1668413625973 88 19199
1668413639621 88 19249
1668413653276 88 19299
1668413665308 88 19312
1668413671711 88 19312
1668413684133 89 19349
1668413697666 89 19399
1668413711341 89 19449
1668413724994 89 19499
1668413741479 89 19529
1668413747991 89 19529
1668413755547 90 19549
1668413769256 90 19599
1668413782908 90 19649
1668413796562 90 19699
1668413817800 90 19746
1668413824384 90 19746
1668413827305 91 19749
1668413841219 91 19799
1668413854823 91 19849
1668413868483 91 19899
1668413882136 91 19949
1668413894452 91 19963
1668413900873 91 19963
1668413912958 92 19999
1668413926483 92 20049
1668413940144 92 20099
1668413953784 92 20149
1668413971025 92 20180
1668413977534 92 20180
1668413984936 93 20199
1668413998562 93 20249
1668414012206 93 20299
1668414025855 93 20349
1668414047539 93 20397
1668414053988 93 20397
1668414056606 94 20399
1668414070406 94 20449
1668414084003 94 20499
1668414097679 94 20549
1668414111327 94 20599
1668414123835 94 20614
1668414130245 94 20614
1668414142111 95 20649
1668414155633 95 20699
1668414169278 95 20749
1668414182954 95 20799
1668414200268 95 20831
1668414206800 95 20831
1668414213833 96 20849
1668414227520 96 20899
1668414241295 96 20949
1668414254962 96 20999
1668414276513 96 21048
1668414282955 96 21048
1668414285301 97 21049
1668414299150 97 21099
1668414312725 97 21149
1668414326397 97 21199
1668414340040 97 21249
1668414353046 97 21265
1668414359394 97 21265
1668414371000 98 21299
1668414384570 98 21349
1668414398210 98 21399
1668414411872 98 21449
1668414429064 98 21482
1668414435460 98 21482
1668414442209 99 21499
1668414455942 99 21549
1668414469612 99 21599
1668414483318 99 21649
1668414496827 99 21699
1668414505251 99 21699
1668414511797 99 21699
1668414527682 100 21749
1668414541278 100 21799
1668414554954 100 21849
1668414568637 100 21899
1668414581910 100 21916
1668414588371 100 21916
1668414599656 101 21949
1668414613183 101 21999
1668414626852 101 22049
1668414640528 101 22099
1668414658240 101 22133
1668414664453 101 22133
1668414670959 102 22149
1668414684648 102 22199
1668414698281 102 22249
1668414711941 102 22299
1668414725602 102 22349
1668414734150 102 22350
1668414740193 102 22350
1668414755726 103 22399
1668414769304 103 22449
1668414782958 103 22499
1668414796624 103 22549
1668414810283 103 22567
1668414816735 103 22567
1668414827834 104 22599
1668414841343 104 22649
1668414855036 104 22699
1668414868739 104 22749
1668414886778 104 22784
1668414893197 104 22784
1668414899357 105 22799
1668414913088 105 22849
1668414926712 105 22899
1668414940361 105 22949
1668414954057 105 22999
1668414963258 105 23001
1668414969758 105 23001
1668414985128 106 23049
1668414998719 106 23099
1668415012379 106 23149
1668415026067 106 23199
1668415039604 106 23218
1668415046139 106 23218
1668415056947 107 23249
1668415070491 107 23299
1668415084166 107 23349
1668415097829 107 23399
1668415115972 107 23435
1668415122400 107 23435
1668415128316 108 23449
1668415142092 108 23499
1668415155754 108 23549
1668415169385 108 23599
1668415183055 108 23649
1668415192261 108 23652
1668415198737 108 23652
1668415213701 109 23699
1668415227254 109 23749
1668415240874 109 23799
1668415254520 109 23849
1668415268572 109 23869
1668415275042 109 23869
1668415285546 110 23899
1668415299092 110 23949
1668415312760 110 23999
1668415326433 110 24049
1668415344802 110 24086
1668415351232 110 24086
1668415356804 111 24099
1668415370619 111 24149
1668415384286 111 24199
1668415397938 111 24249
1668415411599 111 24299
1668415421106 111 24303
1668415427590 111 24303
1668415442376 112 24349
1668415456004 112 24399
1668415469642 112 24449
1668415483285 112 24499
1668415497468 112 24520
1668415504054 112 24520
1668415514228 113 24549
1668415527746 113 24599
1668415541380 113 24649
1668415555015 113 24699
1668415574005 113 24737
1668415580420 113 24737
1668415585972 114 24749
1668415599807 114 24799
1668415613416 114 24849
1668415627068 114 24899
1668415640728 114 24949
1668415650683 114 24954
1668415657095 114 24954
1668415671608 115 24999
1668415685179 115 25049
1668415698829 115 25099
1668415712474 115 25149
1668415726841 115 25171
1668415733312 115 25171
1668415743238 116 25199
1668415756774 116 25249
1668415770412 116 25299
1668415784059 116 25349
1668415803244 116 25388
1668415809840 116 25388
1668415814924 117 25399
1668415828770 117 25449
1668415842396 117 25499
1668415856060 117 25549
1668415869708 117 25599
1668415880086 117 25605
1668415886631 117 25605
1668415900912 118 25649
1668415914491 118 25699
1668415928137 118 25749
1668415941779 118 25799
1668415956597 118 25822
1668415963144 118 25822
1668415972729 119 25849
1668415986346 119 25899
1668416000026 119 25949
1668416013675 119 25999
1668416033302 119 26039
1668416039877 119 26039
1668416044676 120 26049
1668416058484 120 26099
1668416072111 120 26149
1668416085770 120 26199
1668416099421 120 26249
1668416109951 120 26256
1668416116407 120 26256
1668416130460 121 26299
1668416144019 121 26349
1668416157674 121 26399
1668416171334 121 26449
1668416186396 121 26473
1668416193030 121 26473
1668416202323 122 26499
1668416215934 122 26549
1668416229560 122 26599
1668416243205 122 26649
1668416262857 122 26690
1668416269381 122 26690
1668416273904 123 26699
1668416287684 123 26749
1668416301321 123 26799
1668416314965 123 26849
1668416328602 123 26899
1668416339395 123 26907
1668416345990 123 26907
1668416359716 124 26949
1668416373281 124 26999
1668416386933 124 27049
1668416400566 124 27099
1668416416028 124 27124
1668416422513 124 27124
1668416431552 125 27149
1668416445215 125 27199
1668416458877 125 27249
1668416472509 125 27299
1668416492572 125 27341
1668416499046 125 27341
1668416503330 126 27349
1668416517121 126 27399
1668416530752 126 27449
1668416544399 126 27499
1668416558051 126 27549
1668416568977 126 27558
1668416575413 126 27558
1668416588897 127 27599
1668416602470 127 27649
1668416616125 127 27699
1668416629779 127 27749
1668416645534 127 27775
1668416652086 127 27775
1668416660858 128 27799
1668416674470 128 27849
1668416688125 128 27899
1668416701784 128 27949
1668416722027 128 27992
1668416728522 128 27992
1668416732496 129 27999
1668416746291 129 28049
1668416759920 129 28099
1668416773579 129 28149
1668416787215 129 28199
1668416798768 129 28209
1668416805258 129 28209
1668416818443 130 28249
1668416832014 130 28299
1668416845696 130 28349
1668416859377 130 28399
1668416875469 130 28426
1668416881863 130 28426
1668416890392 131 28449
1668416904106 131 28499
1668416917744 131 28549
1668416931375 131 28599
1668416951880 131 28643
1668416958342 131 28643
1668416962036 132 28649
1668416975856 132 28699
1668416989461 132 28749
1668417003111 132 28799
1668417016773 132 28849
1668417028380 132 28860
1668417034819 132 28860
1668417047738 133 28899
1668417061291 133 28949
1668417074958 133 28999
1668417088614 133 29049
1668417104991 133 29077
1668417111337 133 29077
1668417119493 134 29099
1668417133140 134 29149
1668417146790 134 29199
1668417160471 134 29249
1668417181125 134 29294
1668417187575 134 29294
1668417190977 135 29299
1668417204822 135 29349
1668417218429 135 29399
1668417232073 135 29449
1668417245724 135 29499
1668417257622 135 29511
1668417264189 135 29511
1668417276803 136 29549
1668417290379 136 29599
1668417304067 136 29649
1668417317741 136 29699
1668417334009 136 29728
1668417340515 136 29728
1668417348364 137 29749
1668417362059 137 29799
1668417375691 137 29849
1668417389320 137 29899
1668417410210 137 29945
1668417416677 137 29945
1668417419822 138 29949
1668417433634 138 29999
1668417447241 138 30049
1668417460886 138 30099
1668417474507 138 30149
1668417486400 138 30162
1668417492772 138 30162
1668417505114 139 30199
1668417518654 139 30249
1668417532321 139 30299
1668417545983 139 30349
1668417562514 139 30379
1668417568962 139 30379
1668417576516 140 30399
1668417590182 140 30449
1668417603840 140 30499
1668417617493 140 30549
1668417639006 140 30596
1668417645388 140 30596
1668417648447 141 30599
1668417662300 141 30649
1668417675891 141 30699
1668417689572 141 30749
1668417703297 141 30799
1668417715789 141 30813
1668417722248 141 30813
1668417734379 142 30849
1668417747942 142 30899
1668417761605 142 30949
1668417775261 142 30999
1668417792115 142 31030
1668417798644 142 31030
1668417805955 143 31049
1668417819665 143 31099
1668417833316 143 31149
1668417846970 143 31199
1668417868409 143 31247
1668417874829 143 31247
1668417877444 144 31249
1668417891383 144 31299
1668417905017 144 31349
1668417918686 144 31399
1668417932338 144 31449
1668417945080 144 31464
1668417951507 144 31464
1668417963380 145 31499
1668417976931 145 31549
1668417990601 145 31599
1668418004264 145 31649
1668418021605 145 31681
1668418028106 145 31681
1668418035106 146 31699
1668418048818 146 31749
1668418062467 146 31799
1668418076140 146 31849
1668418098226 146 31898
1668418104705 146 31898
1668418107036 147 31899
1668418120817 147 31949
1668418134402 147 31999
1668418148059 147 32049
1668418161694 147 32099
1668418174800 147 32115
1668418181303 147 32115
1668418192881 148 32149
1668418206467 148 32199
1668418220206 148 32249
1668418233911 148 32299
1668418251669 148 32332
1668418258120 148 32332
1668418264957 149 32349
1668418278688 149 32399
1668418292366 149 32449
1668418306024 149 32499
1668418319515 149 32549
1668418328475 149 32549
1668418334894 149 32549
1668418350695 150 32599
1668418364277 150 32649
1668418377938 150 32699
1668418391603 150 32749
1668418404742 150 32766
1668418411207 150 32766
1668418422612 151 32799
1668418436144 151 32849
1668418449841 151 32899
1668418463537 151 32949
1668418481406 151 32983
1668418487889 151 32983
1668418494361 152 32999
1668418508059 152 33049
1668418521697 152 33099
1668418535356 152 33149
1668418549011 152 33199
1668418557859 152 33200
1668418564307 152 33200
1668418579909 153 33249
1668418593528 153 33299
1668418607268 153 33349
1668418620967 153 33399
1668418634305 153 33417
1668418640520 153 33417
1668418651527 154 33449
1668418665046 154 33499
1668418678698 154 33549
1668418692361 154 33599
1668418710181 154 33634
1668418716510 154 33634
1668418722626 155 33649
1668418736351 155 33699
1668418749997 155 33749
1668418763664 155 33799
1668418777330 155 33849
1668418786607 155 33851
1668418793105 155 33851
1668418808443 156 33899
1668418822024 156 33949
1668418835685 156 33999
1668418849358 156 34049
1668418863232 156 34068
1668418869757 156 34068
1668418880535 157 34099
1668418894063 157 34149
1668418907698 157 34199
1668418921356 157 34249
1668418939766 157 34285
1668418946223 157 34285
1668418952105 158 34299
1668418965911 158 34349
1668418979550 158 34399
1668418993222 158 34449
1668419006910 158 34499
1668419016584 158 34502
1668419022956 158 34502
1668419037948 159 34549
1668419051500 159 34599
1668419065143 159 34649
1668419078797 159 34699
1668419092606 159 34719
1668419099082 159 34719
1668419109536 160 34749
1668419123047 160 34799
1668419136680 160 34849
1668419150351 160 34899
1668419169116 160 34936
1668419175620 160 34936
1668419181216 161 34949
1668419194960 161 34999
1668419208626 161 35049
1668419222324 161 35099
1668419236027 161 35149
1668419246149 161 35153
1668419252563 161 35153
1668419267303 162 35199
1668419280861 162 35249
1668419294488 162 35299
1668419308156 162 35349
1668419322276 162 35370
1668419328638 162 35370
1668419338766 163 35399
1668419352270 163 35449
1668419365889 163 35499
1668419379562 163 35549
1668419398269 163 35587
1668419404664 163 35587
1668419409994 164 35599
1668419423767 164 35649
1668419437391 164 35699
1668419451046 164 35749
1668419464718 164 35799
1668419474659 164 35804
1668419481108 164 35804
1668419495599 165 35849
1668419509212 165 35899
1668419522881 165 35949
1668419536558 165 35999
1668419551175 165 36021
1668419557568 165 36021
1668419567449 166 36049
1668419580997 166 36099
1668419594618 166 36149
1668419608255 166 36199
1668419627593 166 36238
1668419634023 166 36238
1668419639078 167 36249
1668419653033 167 36299
1668419666649 167 36349
1668419680294 167 36399
1668419693939 167 36449
1668419704312 167 36455
1668419710703 167 36455
1668419724942 168 36499
1668419738518 168 36549
1668419752144 168 36599
1668419765796 168 36649
1668419780600 168 36672
1668419786972 168 36672
1668419796514 169 36699
1668419810189 169 36749
1668419823846 169 36799
1668419837501 169 36849
1668419857311 169 36889
1668419863767 169 36889
1668419868569 170 36899
1668419882350 170 36949
1668419895986 170 36999
1668419909636 170 37049
1668419923286 170 37099
1668419933340 170 37106
1668419939816 170 37106
1668419953821 171 37149
1668419967373 171 37199
1668419981022 171 37249
1668419994662 171 37299
1668420010089 171 37323
1668420016670 171 37323
1668420025923 172 37349
1668420039624 172 37399
1668420053273 172 37449
1668420066932 172 37499
1668420086309 172 37540
1668420092789 172 37540
1668420097318 173 37549
1668420111085 173 37599
1668420124755 173 37649
1668420138460 173 37699
1668420152150 173 37749
1668420162733 173 37757
1668420169311 173 37757
1668420183023 174 37799
1668420196727 174 37849
1668420210365 174 37899
1668420224082 174 37949
1668420239208 174 37974
1668420245704 174 37974
1668420254862 175 37999
1668420268458 175 38049
1668420282133 175 38099
1668420295792 175 38149
1668420315587 175 38191
1668420322099 175 38191
1668420326340 176 38199
1668420340101 176 38249
1668420353739 176 38299
1668420367418 176 38349
1668420381066 176 38399
1668420392415 176 38408
1668420398978 176 38408
1668420412523 177 38449
1668420426064 177 38499
1668420439705 177 38549
1668420453326 177 38599
1668420468920 177 38625
1668420475594 177 38625
1668420484386 178 38649
1668420497952 178 38699
1668420511617 178 38749
1668420525266 178 38799
1668420545544 178 38842
1668420552025 178 38842
1668420555974 179 38849
1668420569782 179 38899
1668420583405 179 38949
1668420597057 179 38999
1668420610705 179 39049
1668420622229 179 39059
1668420628628 179 39059
1668420641812 180 39099
1668420655464 180 39149
1668420669071 180 39199
1668420682735 180 39249
1668420698667 180 39276
1668420705088 180 39276
1668420713751 181 39299
1668420727491 181 39349
1668420741173 181 39399
1668420754805 181 39449
1668420775306 181 39493
1668420781714 181 39493
1668420785442 182 39499
1668420799330 182 39549
1668420812926 182 39599
1668420826582 182 39649
1668420840216 182 39699
1668420851906 182 39710
1668420858509 182 39710
1668420871460 183 39749
1668420885006 183 39799
1668420898644 183 39849
1668420912271 183 39899
1668420928751 183 39927
1668420935261 183 39927
1668420943375 184 39949
1668420957142 184 39999
1668420970785 184 40049
1668420984425 184 40099
1668421005432 184 40144
1668421011942 184 40144
1668421015376 185 40149
1668421029200 185 40199
1668421042792 185 40249
1668421056422 185 40299
1668421070047 185 40349
1668421082303 185 40361
1668421088796 185 40361
1668421101490 186 40399
1668421115040 186 40449
1668421128682 186 40499
1668421142338 186 40549
1668421158930 186 40578
1668421165352 186 40578
1668421173336 187 40599
1668421186992 187 40649
1668421200626 187 40699
1668421214260 187 40749
1668421235249 187 40795
1668421241652 187 40795
1668421244822 188 40799
1668421258634 188 40849
1668421272235 188 40899
1668421285898 188 40949
1668421299554 188 40999
1668421311879 188 41012
1668421318240 188 41012
1668421330597 189 41049
1668421344155 189 41099
1668421357834 189 41149
1668421371485 189 41199
1668421388206 189 41229
1668421394718 189 41229
1668421402387 190 41249
1668421416015 190 41299
1668421429630 190 41349
1668421443283 190 41399
1668421464578 190 41446
1668421471029 190 41446
1668421473969 191 41449
1668421487814 191 41499
1668421501430 191 41549
1668421515080 191 41599
1668421528720 191 41649
1668421541128 191 41663
1668421547510 191 41663
1668421559614 192 41699
1668421573209 192 41749
1668421586934 192 41799
1668421600645 192 41849
1668421617505 192 41880
1668421623884 192 41880
1668421631088 193 41899
1668421644851 193 41949
1668421658539 193 41999
1668421672217 193 42049
1668421693920 193 42097
1668421700398 193 42097
1668421703213 194 42099
1668421717039 194 42149
1668421730634 194 42199
1668421744272 194 42249
1668421757904 194 42299
1668421770386 194 42314
1668421776858 194 42314
1668421788771 195 42349
1668421802287 195 42399
1668421815944 195 42449
1668421829578 195 42499
1668421846725 195 42531
1668421853143 195 42531
1668421860082 196 42549
1668421873874 196 42599
1668421887540 196 42649
1668421901202 196 42699
1668421923090 196 42748
1668421929540 196 42748
1668421931914 197 42749
1668421945749 197 42799
1668421959331 197 42849
1668421972978 197 42899
1668421986620 197 42949
1668421999681 197 42965
1668422006163 197 42965
1668422017720 198 42999
1668422031246 198 43049
1668422044895 198 43099
1668422058527 198 43149
1668422076002 198 43182
1668422082442 198 43182
1668422089208 199 43199
1668422102926 199 43249
1668422116607 199 43299
1668422130305 199 43349
1668422143823 199 43399
1668422152482 199 43399
1668422159070 199 43399
1668422174876 200 43449
1668422188466 200 43499
1668422202110 200 43549
1668422215735 200 43599
1668422228599 200 43616
1668422235094 200 43616
1668422246361 201 43649
1668422259866 201 43699
1668422273535 201 43749
1668422287188 201 43799
1668422304995 201 43833
1668422311473 201 43833
1668422317964 202 43849
1668422331636 202 43899
1668422345305 202 43949
1668422358961 202 43999
1668422372625 202 44049
1668422381558 202 44050
1668422388089 202 44050
1668422403681 203 44099
1668422417328 203 44149
1668422431052 203 44199
1668422444734 203 44249
1668422458481 203 44267
1668422464951 203 44267
1668422476354 204 44299
1668422489868 204 44349
1668422503525 204 44399
1668422518200 204 44449
1668422536154 204 44484
1668422542313 204 44484
1668422548431 205 44499
1668422562199 205 44549
1668422575852 205 44599
1668422589511 205 44649
1668422603136 205 44699
1668422612311 205 44701
1668422618814 205 44701
1668422634323 206 44749
1668422647938 206 44799
1668422661626 206 44849
1668422675295 206 44899
1668422688817 206 44918
1668422695247 206 44918
1668422705950 207 44949
1668422719478 207 44999
1668422733126 207 45049
1668422746769 207 45099
1668422765173 207 45135
1668422771592 207 45135
1668422777775 208 45149
1668422791498 208 45199
1668422805187 208 45249
1668422818838 208 45299
1668422832472 208 45349
1668422841704 208 45352
1668422848208 208 45352
1668422863300 209 45399
1668422876871 209 45449
1668422890556 209 45499
1668422904230 209 45549
1668422918421 209 45569
1668422924804 209 45569
1668422935261 210 45599
1668422948786 210 45649
1668422962429 210 45699
1668422976100 210 45749
1668422994578 210 45786
1668423001192 210 45786
1668423006880 211 45799
1668423020645 211 45849
1668423034287 211 45899
1668423047940 211 45949
1668423061559 211 45999
1668423071170 211 46003
1668423077634 211 46003
1668423092402 212 46049
1668423105953 212 46099
1668423119627 212 46149
1668423133330 212 46199
1668423147605 212 46220
1668423154160 212 46220
1668423164365 213 46249
1668423177882 213 46299
1668423191524 213 46349
1668423205191 213 46399
1668423224144 213 46437
1668423230630 213 46437
1668423235955 214 46449
1668423249692 214 46499
1668423263305 214 46549
1668423276978 214 46599
1668423290643 214 46649
1668423300600 214 46654
1668423307009 214 46654
1668423321513 215 46699
1668423335082 215 46749
1668423348741 215 46799
1668423362409 215 46849
1668423377173 215 46871
1668423383730 215 46871
1668423393624 216 46899
1668423407163 216 46949
1668423420795 216 46999
1668423434471 216 47049
1668423453802 216 47088
1668423460206 216 47088
1668423465254 217 47099
1668423479039 217 47149
1668423492670 217 47199
1668423506331 217 47249
1668423519996 217 47299
1668423530121 217 47305
1668423536659 217 47305
1668423550966 218 47349
1668423564519 218 47399
1668423578191 218 47449
1668423591901 218 47499
1668423607043 218 47522
1668423613534 218 47522
1668423623024 219 47549
1668423636757 219 47599
1668423650447 219 47649
1668423664156 219 47699
1668423683600 219 47739
1668423690061 219 47739
1668423694889 220 47749
1668423708623 220 47799
1668423722249 220 47849
1668423735918 220 47899
1668423749582 220 47949
1668423760000 220 47956
1668423766412 220 47956
1668423780366 221 47999
1668423793929 221 48049
1668423807586 221 48099
1668423821264 221 48149
1668423836225 221 48173
1668423842845 221 48173
1668423852223 222 48199
1668423865847 222 48249
1668423879522 222 48299
1668423893208 222 48349
1668423912698 222 48390
1668423919102 222 48390
1668423923675 223 48399
1668423937612 223 48449
1668423951233 223 48499
1668423964899 223 48549
1668423978562 223 48599
1668423989515 223 48607
1668423995977 223 48607
1668424009646 224 48649
1668424023199 224 48699
1668424036830 224 48749
1668424050476 224 48799
1668424065799 224 48824
1668424072188 224 48824
1668424081170 225 48849
1668424094873 225 48899
1668424108509 225 48949
1668424122150 225 48999
1668424142172 225 49041
1668424148708 225 49041
1668424152956 226 49049
1668424166758 226 49099
1668424180361 226 49149
1668424194003 226 49199
1668424207662 226 49249
1668424218680 226 49258
1668424225186 226 49258
1668424238623 227 49299
1668424252186 227 49349
1668424265821 227 49399
1668424279466 227 49449
1668424295402 227 49475
1668424301905 227 49475
1668424310626 228 49499
1668424324361 228 49549
1668424338028 228 49599
1668424351679 228 49649
1668424372029 228 49692
1668424378457 228 49692
1668424382403 229 49699
1668424396176 229 49749
1668424409795 229 49799
1668424423446 229 49849
1668424437099 229 49899
1668424448429 229 49909
1668424454864 229 49909
1668424468092 230 49949
1668424481639 230 49999
1668424495302 230 50049
1668424508963 230 50099
1668424524827 230 50126
1668424531189 230 50126
1668424539688 231 50149
1668424553304 231 50199
1668424566967 231 50249
1668424580615 231 50299
1668424601222 231 50343
1668424607616 231 50343
1668424611284 232 50349
1668424625127 232 50399
1668424638738 232 50449
1668424652391 232 50499
1668424666021 232 50549
1668424677692 232 50560
1668424684266 232 50560
1668424697193 233 50599
1668424710770 233 50649
1668424724402 233 50699
1668424738041 233 50749
1668424754324 233 50777
1668424760795 233 50777
1668424769007 234 50799
1668424782661 234 50849
1668424796331 234 50899
1668424809955 234 50949
1668424830588 234 50994
1668424837091 234 50994
1668424840686 235 50999
1668424854555 235 51049
1668424868194 235 51099
1668424881877 235 51149
1668424895532 235 51199
1668424907319 235 51211
1668424913758 235 51211
1668424926479 236 51249
1668424940030 236 51299
1668424953691 236 51349
1668424967344 236 51399
1668424984053 236 51428
1668424990545 236 51428
1668424998397 237 51449
1668425012071 237 51499
1668425025720 237 51549
1668425039367 237 51599
1668425060510 237 51645
1668425067022 237 51645
1668425070194 238 51649
1668425084086 238 51699
1668425097705 238 51749
1668425111375 238 51799
1668425125016 238 51849
1668425137251 238 51862
1668425143928 238 51862
1668425156383 239 51899
1668425169941 239 51949
1668425183586 239 51999
1668425197235 239 52049
1668425214100 239 52079
1668425220699 239 52079
1668425228248 240 52099
1668425242057 240 52149
1668425255698 240 52199
1668425269337 240 52249
1668425290585 240 52296
1668425297072 240 52296
1668425300004 241 52299
1668425313868 241 52349
1668425327489 241 52399
1668425341200 241 52449
1668425354826 241 52499
1668425367187 241 52513
1668425373667 241 52513
1668425385836 242 52549
1668425399481 242 52599
1668425413136 242 52649
1668425426816 242 52699
1668425443497 242 52730
1668425449937 242 52730
1668425457173 243 52749
1668425470929 243 52799
1668425484595 243 52849
1668425498279 243 52899
1668425519958 243 52947
1668425526454 243 52947
1668425529085 244 52949
1668425542909 244 52999
1668425556543 244 53049
1668425570217 244 53099
1668425583880 244 53149
1668425596547 244 53164
1668425602948 244 53164
1668425614835 245 53199
1668425628413 245 53249
1668425642087 245 53299
1668425655779 245 53349
1668425673166 245 53381
1668425679597 245 53381
1668425686723 246 53399
1668425700400 246 53449
1668425714066 246 53499
1668425727719 246 53549
1668425749657 246 53598
1668425756046 246 53598
1668425758361 247 53599
1668425772220 247 53649
1668425785795 247 53699
1668425799437 247 53749
1668425813061 247 53799
1668425825906 247 53815
1668425832393 247 53815
1668425844079 248 53849
1668425857623 248 53899
1668425871279 248 53949
1668425884927 248 53999
1668425902654 248 54032
1668425909218 248 54032
1668425916117 249 54049
1668425929907 249 54099
1668425943626 249 54149
1668425957283 249 54199
1668425970761 249 54249
1668425979700 249 54249
1668425986111 249 54249
1668426001951 250 54299
1668426015566 250 54349
1668426029205 250 54399
1668426042840 250 54449
1668426055986 250 54466
1668426062486 250 54466
1668426073769 251 54499
1668426087303 251 54549
1668426100940 251 54599
1668426114588 251 54649
1668426132631 251 54683
1668426139042 251 54683
1668426145463 252 54699
1668426159271 252 54749
1668426172927 252 54799
1668426186580 252 54849
1668426200231 252 54899
1668426208850 252 54900
1668426215390 252 54900
1668426231008 253 54949
1668426244613 253 54999
1668426258255 253 55049
1668426271905 253 55099
1668426285342 253 55117
1668426291808 253 55117
1668426302910 254 55149
1668426316445 254 55199
1668426330113 254 55249
1668426343777 254 55299
1668426361706 254 55334
1668426368091 254 55334
1668426374311 255 55349
1668426388043 255 55399
1668426401695 255 55449
1668426415335 255 55499
1668426429471 255 55549
1668426438264 255 55551
1668426444513 255 55551
1668426459806 256 55599
1668426473413 256 55649
1668426487066 256 55699
1668426500716 256 55749
1668426514401 256 55768
1668426520845 256 55768
1668426531551 257 55799
1668426545080 257 55849
1668426558716 257 55899
1668426572348 257 55949
1668426590422 257 55985
1668426596827 257 55985
1668426602753 258 55999
1668426616518 258 56049
1668426630158 258 56099
1668426643808 258 56149
1668426657442 258 56199
1668426666643 258 56202
1668426673066 258 56202
1668426688124 259 56249
1668426701727 259 56299
1668426715413 259 56349
1668426729058 259 56399
1668426743098 259 56419
1668426749532 259 56419
1668426760025 260 56449
1668426773553 260 56499
1668426787214 260 56549
1668426800854 260 56599
1668426819665 260 56636
1668426826191 260 56636
1668426831740 261 56649
1668426845412 261 56699
1668426859037 261 56749
1668426872675 261 56799
1668426886304 261 56849
1668426895701 261 56853
1668426902164 261 56853
1668426916983 262 56899
1668426930591 262 56949
1668426944232 262 56999
1668426957854 262 57049
1668426972269 262 57070
1668426978808 262 57070
1668426988936 263 57099
1668427002547 263 57149
1668427016263 263 57199
1668427029920 263 57249
1668427049241 263 57287
1668427055682 263 57287
1668427060966 264 57299
1668427074787 264 57349
1668427088458 264 57399
1668427102129 264 57449
1668427115785 264 57499
1668427125931 264 57504
1668427132435 264 57504
1668427146954 265 57549
1668427160503 265 57599
1668427174166 265 57649
1668427187814 265 57699
1668427202625 265 57721
1668427209030 265 57721
1668427219000 266 57749
1668427232549 266 57799
1668427246227 266 57849
1668427259912 266 57899
1668427279127 266 57938
1668427285511 266 57938
1668427290591 267 57949
1668427304394 267 57999
1668427318023 267 58049
1668427331708 267 58099
1668427345361 267 58149
1668427355543 267 58155
1668427362014 267 58155
1668427376290 268 58199
1668427389838 268 58249
1668427403500 268 58299
1668427417155 268 58349
1668427431825 268 58372
1668427438343 268 58372
1668427447832 269 58399
1668427461517 269 58449
1668427475172 269 58499
1668427488839 269 58549
1668427508206 269 58589
1668427514634 269 58589
1668427519432 270 58599
1668427533167 270 58649
1668427546781 270 58699
1668427560449 270 58749
1668427574103 270 58799
1668427584638 270 58806
1668427591033 270 58806
1668427605055 271 58849
1668427618600 271 58899
1668427632262 271 58949
1668427645924 271 58999
1668427661003 271 59023
1668427667437 271 59023
1668427676749 272 59049
1668427690446 272 59099
1668427704108 272 59149
1668427717806 272 59199
1668427737610 272 59240
1668427744086 272 59240
1668427748595 273 59249
1668427762375 273 59299
1668427775990 273 59349
1668427789661 273 59399
1668427803305 273 59449
1668427814129 273 59457
1668427820507 273 59457
1668427834153 274 59499
1668427847814 274 59549
1668427861457 274 59599
1668427875116 274 59649
1668427890637 274 59674
1668427897122 274 59674
1668427906159 275 59699
1668427919685 275 59749
1668427933334 275 59799
1668427947007 275 59849
1668427967047 275 59891
1668427973440 275 59891
1668427977726 276 59899
1668427991541 276 59949
1668428005210 276 59999
1668428018860 276 60049
1668428032510 276 60099
1668428043732 276 60108
1668428050158 276 60108
1668428063607 277 60149
1668428077147 277 60199
1668428090780 277 60249
1668428104466 277 60299
1668428119959 277 60325
1668428126501 277 60325
1668428135159 278 60349
1668428148827 278 60399
1668428162442 278 60449
1668428176084 278 60499
1668428196031 278 60542
1668428202495 278 60542
1668428206454 279 60549
1668428220182 279 60599
1668428233793 279 60649
1668428247449 279 60699
1668428261126 279 60749
1668428272508 279 60759
1668428278904 279 60759
1668428292075 280 60799
1668428305613 280 60849
1668428319259 280 60899
1668428332929 280 60949
1668428348842 280 60976
1668428355261 280 60976
1668428363707 281 60999
1668428377412 281 61049
1668428391055 281 61099
1668428404703 281 61149
1668428424973 281 61193
1668428431393 281 61193
1668428435105 282 61199
1668428448912 282 61249
1668428462495 282 61299
1668428476121 282 61349
1668428489767 282 61399
1668428501150 282 61410
1668428507572 282 61410
1668428520654 283 61449
1668428534194 283 61499
1668428547827 283 61549
1668428561457 283 61599
1668428577355 283 61627
1668428583798 283 61627
1668428591938 284 61649
1668428605676 284 61699
1668428619308 284 61749
1668428632937 284 61799
1668428653653 284 61844
1668428660177 284 61844
1668428663602 285 61849
1668428677402 285 61899
1668428690995 285 61949
1668428704675 285 61999
1668428718341 285 62049
1668428730227 285 62061
1668428736675 285 62061
1668428749264 286 62099
1668428762802 286 62149
1668428776464 286 62199
1668428790106 286 62249
1668428806780 286 62278
1668428813314 286 62278
1668428821206 287 62299
1668428835003 287 62349
1668428848636 287 62399
1668428862274 287 62449
1668428883473 287 62495
1668428889967 287 62495
1668428893119 288 62499
1668428906963 288 62549
1668428920572 288 62599
1668428934239 288 62649
1668428947897 288 62699
1668428960068 288 62712
1668428966542 288 62712
1668428978873 289 62749
1668428992401 289 62799
1668429006039 289 62849
1668429019681 289 62899
1668429036400 289 62929
1668429042749 289 62929
1668429050211 290 62949
1668429064076 290 62999
1668429077721 290 63049
1668429091376 290 63099
1668429112853 290 63146
1668429119326 290 63146
1668429122216 291 63149
1668429135976 291 63199
1668429149568 291 63249
1668429163209 291 63299
1668429176844 291 63349
1668429189449 291 63363
1668429195881 291 63363
1668429208217 292 63399
1668429221752 292 63449
1668429235406 292 63499
1668429249049 292 63549
1668429266064 292 63580
1668429272623 292 63580
1668429280075 293 63599
1668429293710 293 63649
1668429307350 293 63699
1668429320994 293 63749
1668429342610 293 63797
1668429349190 293 63797
1668429351796 294 63799
1668429365562 294 63849
1668429379183 294 63899
1668429392861 294 63949
1668429406534 294 63999
1668429419087 294 64014
1668429425704 294 64014
1668429437568 295 64049
1668429451087 295 64099
1668429464729 295 64149
1668429478378 295 64199
1668429495883 295 64231
1668429502561 295 64231
1668429509591 296 64249
1668429523298 296 64299
1668429536935 296 64349
1668429550590 296 64399
1668429572586 296 64448
1668429579074 296 64448
1668429581412 297 64449
1668429595328 297 64499
1668429608931 297 64549
1668429622613 297 64599
1668429636265 297 64649
1668429649669 297 64665
1668429656263 297 64665
1668429667870 298 64699
1668429681390 298 64749
1668429695054 298 64799
1668429708706 298 64849
1668429726046 298 64882
1668429732539 298 64882
1668429739244 299 64899
1668429753077 299 64949
1668429766718 299 64999
1668429780385 299 65049
1668429793885 299 65099
1668429802562 299 65099
1668429808480 299 65099
