1668580844589 1.7206799743544519 49
1668580858132 2.0666290618292704 99
1668580871710 1.4878806194447278 149
1668580885318 1.6076785477379163 199
1668580910155 1.9496637607337528 249
1668580923812 1.415341825656779 299
1668580937347 1.4313580211394379 349
1668580950911 1.645413078110288 399
1668580976075 1.5218355637796015 449
1668580989625 1.2315621179936118 499
1668581003178 1.4180044174065833 549
1668581016745 1.6714583071772169 599
1668581030314 1.1785848509104235 649
1668581055481 1.7315223239885782 699
1668581069101 1.7120227292135022 749
1668581082711 1.341101723181032 799
1668581096328 1.3264505060239855 849
1668581121736 1.71460864399362 899
1668581135276 1.2757643802839231 949
1668581148827 1.4972080810180697 999
1668581162379 1.4616654140201661 1049
1668581187378 1.5375117882260847 1099
1668581200917 1.4424162663287303 1149
1668581214473 1.3768484227818067 1199
1668581228028 1.2590601958067302 1249
1668581241585 1.5641107755490764 1299
1668581266632 1.5250385198570686 1349
1668581280220 1.5921029751786777 1399
1668581293782 1.4724568769352475 1449
1668581307337 1.4979522695422953 1499
1668581332684 1.601311291029917 1549
1668581346241 1.4801942863082058 1599
1668581359804 1.6070831759752326 1649
1668581373356 1.4134810754258913 1699
1668581398520 1.4815732798651338 1749
1668581412079 1.487182725013675 1799
1668581425821 1.2629495512328917 1849
1668581439547 1.1346783162431042 1899
1668581453142 1.3198165651041918 1949
1668581478354 1.2956824380904945 1999
1668581492019 1.4434026201944734 2049
1668581505571 1.5551096401543982 2099
1668581519279 1.415411625535406 2149
1668581544392 1.478564929012502 2199
1668581557956 1.4887081319224227 2249
1668581571631 1.480311305606664 2299
1668581585281 1.1681099371946062 2349
1668581610364 1.5009041398845375 2399
1668581624088 1.4106756303289965 2449
1668581637747 1.5784750189584544 2499
1668581651308 1.646571287799317 2549
1668581665032 1.0314871593424537 2599
1668581690099 1.3440486563740501 2649
1668581703658 1.2926196393121576 2699
1668581717275 1.4630986809500237 2749
1668581730840 1.3127250035579334 2799
1668581755898 1.3381547962748412 2849
1668581769480 1.3990663638166336 2899
1668581783056 1.344880358065792 2949
1668581796704 1.4144735359218226 2999
1668581821811 1.5548185315378977 3049
1668581835363 1.2302573757012842 3099
1668581849128 1.2428097130542812 3149
1668581862750 1.3078688922019293 3199
1668581876304 1.3047533273325582 3249
1668581901345 1.3480905877481193 3299
1668581914917 1.40844788127745 3349
1668581928587 1.4084684357985082 3399
1668581942191 1.4196860611289206 3449
1668581967257 1.4315959706536903 3499
1668581980818 1.4670931388429016 3549
1668581994424 1.4273714550514431 3599
1668582008000 1.5861977599767465 3649
1668582033368 1.3264627796303792 3699
1668582046971 1.1778753341340558 3749
1668582060707 1.33461742333551 3799
1668582074315 1.397841263729493 3849
1668582087894 1.5717265836208347 3899
1668582113151 1.3308843885206194 3949
1668582126876 1.4925845529079271 3999
1668582140557 1.3370557746387575 4049
1668582154125 1.4512751044537322 4099
1668582179164 1.505276390452034 4149
1668582192740 1.213562282245953 4199
1668582206406 1.458843187878682 4249
1668582220022 1.3265587706201925 4299
1668582244963 1.2334126743512124 4349
1668582258539 1.2287375743469877 4399
1668582272145 1.4959035894411974 4449
1668582285727 1.545287683732269 4499
1668582299320 1.4634224875563813 4549
1668582324323 1.5301054104768832 4599
1668582337910 1.483020794771401 4649
1668582351463 1.4609902009749103 4699
1668582365062 1.3004693350175596 4749
1668582390255 1.2831467417874551 4799
1668582403892 1.2715335140569008 4849
1668582417456 1.4638005717996205 4899
1668582431045 1.3104503825716345 4949
1668582456177 1.3996952905228557 4999
1668582469737 1.4540934853971539 5049
1668582483308 1.4594349185087443 5099
1668582496923 1.3452200103529015 5149
1668582510555 1.2980747673023567 5199
1668582535876 1.2263409466911566 5249
1668582549662 1.4950922553730628 5299
1668582563267 1.4412338964354583 5349
1668582576875 1.2991674825509851 5399
1668582601991 1.3717489748065923 5449
1668582615581 1.3272028445375006 5499
1668582629166 1.4359802299204607 5549
1668582642721 1.4027922726477269 5599
1668582667793 1.2595355597760722 5649
1668582681345 1.436730350289314 5699
1668582694919 1.5991497377299548 5749
1668582708554 1.2828013235177498 5799
1668582722208 1.422673979186114 5849
1668582747404 1.2360685507536355 5899
1668582761002 1.3810012014433042 5949
1668582774634 1.263350254344584 5999
1668582788240 1.4301719252611516 6049
1668582813138 1.4022921629698422 6099
1668582826705 1.2021548183261883 6149
1668582840403 1.1926758318463153 6199
1668582854106 1.3542636055158763 6249
1668582879153 1.2926106471321355 6299
1668582892698 1.3728600468557892 6349
1668582906279 1.5374071366199487 6399
1668582919850 1.4045507804995405 6449
1668582933479 1.4015959173970398 6499
1668582958525 1.4570624426631238 6549
1668582972237 1.2459359165953512 6599
1668582985795 1.2624562465790587 6649
1668582999397 1.3910743511866324 6699
1668583024512 1.150037263554997 6749
1668583038072 1.2433786138128047 6799
1668583051716 1.4075032369162384 6849
1668583065437 1.3881152058981734 6899
1668583090741 1.3940497446812592 6949
1668583104308 1.4265555292473122 6999
1668583117878 1.3082384351929055 7049
1668583131523 1.492264222496282 7099
1668583145243 1.3214371755090872 7149
1668583170385 1.3598529520570155 7199
1668583183966 1.2998859144429555 7249
1668583197537 1.2643791737091585 7299
1668583211114 1.1876462022074104 7349
1668583236380 1.353850122767085 7399
1668583249936 1.306792630741084 7449
1668583263496 1.4372664328208025 7499
1668583277072 1.3280561734397396 7549
1668583301779 1.440664411662091 7599
1668583315383 1.4163019717602257 7649
1668583328986 1.5090183381017883 7699
1668583342548 1.4855230837279314 7749
1668583356141 1.2800899416417755 7799
1668583381487 1.1348630199101986 7849
1668583395138 1.3032609479080464 7899
1668583408864 1.4573887634050826 7949
1668583422573 1.4629751210285393 7999
1668583447681 1.3927414608615467 8049
1668583461261 1.4097594960774416 8099
1668583474908 1.3850937076333865 8149
1668583488599 1.2992727902268029 8199
1668583513717 1.4799446239150211 8249
1668583527395 1.3874909837837177 8299
1668583541191 1.2782961827067454 8349
1668583554815 1.3000270130571607 8399
1668583568388 1.443941234866612 8449
1668583593378 1.1931969346075084 8499
1668583607040 1.3653662947603848 8549
1668583620874 1.3540779477994005 8599
1668583634594 1.4986228165020297 8649
1668583659624 1.2252678879233254 8699
1668583673258 1.361698958701497 8749
1668583686830 1.4720820095981826 8799
1668583700697 1.4210166729264484 8849
1668583725987 1.4430537673497907 8899
1668583739549 1.3508341614561252 8949
1668583753104 1.4368745475535265 8999
1668583766684 1.4536289412715253 9049
1668583780443 1.226010194695538 9099
1668583805689 1.404077722413068 9149
1668583819259 1.4252687125957206 9199
1668583832831 1.3407121297467417 9249
1668583846479 1.4640115938987106 9299
1668583871731 1.4769783161303942 9349
1668583885337 1.2890921606342913 9399
1668583898916 1.3277064349094547 9449
1668583912629 1.4202602792056713 9499
1668583937854 1.4682948432578302 9549
1668583951405 1.2439977417845154 9599
1668583964965 1.1383140510656555 9649
1668583978568 1.3415569734478772 9699
1668583992245 1.3885728835935451 9749
1668584017605 1.4644811665363768 9799
1668584031321 1.3847194262087161 9849
1668584044879 1.3226232514348513 9899
1668584058466 1.429839376408394 9949
1668584083883 1.4360846219140602 9999
1668584097473 1.4018121793898095 10049
1668584111124 1.511721608907025 10099
1668584124689 1.1749726193508208 10149
1668584149780 1.229832909252134 10199
1668584163387 1.392652710530101 10249
1668584177009 1.296618757931878 10299
1668584190583 1.4431284339707662 10349
1668584204148 1.3215038058347166 10399
1668584229625 1.3866538111932463 10449
1668584243172 1.4498351118676278 10499
1668584256887 1.4461900357211261 10549
1668584270513 1.3184188754739141 10599
1668584295842 1.3910670503938385 10649
1668584309402 1.493461759060843 10699
1668584323011 1.3066317799663385 10749
1668584336583 1.4799616434115253 10799
1668584349993 1.0967560981808033 10849
1668584376090 1.4482637495812092 10899
1668584389656 1.3115838147312178 10949
1668584403224 1.3672342912489284 10999
1668584416786 1.4474645719315817 11049
1668584442703 1.3422670324429964 11099
1668584456267 1.352079805130483 11149
1668584469897 1.2218514702406693 11199
1668584483497 1.3223548363907787 11249
1668584508822 1.4489088921873514 11299
1668584522394 1.3552550067184914 11349
1668584536133 1.4100144055833415 11399
1668584549726 1.3824993193827453 11449
1668584563335 1.4284465345073802 11499
1668584588711 1.4017896458109373 11549
1668584602493 1.4312963781371706 11599
1668584616102 1.37093530567702 11649
1668584629666 1.3370390420334286 11699
1668584655055 1.3930452687151655 11749
1668584668620 1.2807441795708419 11799
1668584682236 1.4445022346312206 11849
1668584695785 1.3862155876477078 11899
1668584721667 1.2877830347696984 11949
1668584735234 1.2216068868223828 11999
1668584748808 1.2973616003440829 12049
1668584762510 1.3194734203729395 12099
1668584776084 1.1720410695440755 12149
1668584801370 1.551629523155153 12199
1668584814922 1.2237376389401433 12249
1668584828524 1.4284364813980153 12299
1668584842082 1.4194324630654638 12349
1668584867574 1.3013528696936714 12399
1668584881234 1.4769675729981562 12449
1668584894877 1.4361077254562336 12499
1668584908506 1.3564935463268903 12549
1668584933979 1.212019423289513 12599
1668584947564 1.2069270482639314 12649
1668584961117 1.1600956056247524 12699
1668584974761 1.1811101514468643 12749
1668584988339 1.4357146354671309 12799
1668585013711 1.296412388258666 12849
1668585027297 1.4826101927682371 12899
1668585040854 1.3929049353598373 12949
1668585054425 1.391489749207812 12999
1668585079949 1.28665024911143 13049
1668585093502 1.3181715755098806 13099
1668585107153 1.1966643160331953 13149
1668585120883 1.4632160839260324 13199
1668585146897 1.2695994727751168 13249
1668585160477 1.5192206939002482 13299
1668585174039 1.3381962760940649 13349
1668585187622 1.3576038801424581 13399
1668585201183 1.4096199938808454 13449
1668585226547 1.1971423467228126 13499
1668585240121 1.3815153075844107 13549
1668585253782 1.3993916491236242 13599
1668585267349 1.2970672592790917 13649
1668585292940 1.3795258849018768 13699
1668585306516 1.2751551937508432 13749
1668585320070 1.4548584212258926 13799
1668585333661 1.2742889607582775 13849
1668585359186 1.337120445406923 13899
1668585372747 1.4575829918892542 13949
1668585386315 1.5455562041183328 13999
1668585399902 1.3833793859069266 14049
1668585413470 1.233701797771313 14099
1668585439090 1.3832758644275767 14149
1668585452660 1.3475372682417865 14199
1668585466374 1.4180009859248823 14249
1668585480095 1.381819460754025 14299
1668585505707 1.5004118048098798 14349
1668585519305 1.3841047293832858 14399
1668585532890 1.453092681037179 14449
1668585546545 1.4761263487815768 14499
1668585572115 1.4713123871219145 14549
1668585585670 1.3817216005363735 14599
1668585599267 1.4232352807154038 14649
1668585612916 1.3484573280087684 14699
1668585626464 1.2818372832427858 14749
1668585652018 1.2489701282295287 14799
1668585665587 1.3474429304707072 14849
1668585679245 1.4209015391832722 14899
1668585692869 1.329813354154716 14949
1668585718385 1.4375661454302406 14999
1668585731947 1.3733118813631686 15049
1668585745498 1.3771391234789454 15099
1668585759063 1.3581184910528603 15149
1668585784499 1.3579440312089852 15199
1668585798083 1.4625353455208705 15249
1668585811652 1.3350127905131948 15299
1668585825240 1.3055896726812544 15349
1668585838837 1.5122461089013748 15399
1668585864348 1.4472833422701155 15449
1668585877913 1.3873311752170365 15499
1668585891468 1.5132960879570456 15549
1668585905012 1.310684394758408 15599
1668585930298 1.415835601299852 15649
1668585943859 1.2749316436315876 15699
1668585957409 1.3632854795857665 15749
1668585971061 1.4157702835576078 15799
1668585996594 1.3232565841229749 15849
1668586010177 1.2989736199488269 15899
1668586023722 1.3765110913019343 15949
1668586037327 1.3830517687305937 15999
1668586050891 1.2563916934466977 16049
1668586076385 1.401235283943587 16099
1668586089948 1.4439050440909025 16149
1668586103506 1.204878809418401 16199
1668586117183 1.2278229430379024 16249
1668586142576 1.3346044348410413 16299
1668586156140 1.4486654968530732 16349
1668586169708 1.4612511549894063 16399
1668586183273 1.3767552978096824 16449
1668586208873 1.2515674123419678 16499
1668586222629 1.2802979213748615 16549
1668586236348 1.4396846106766854 16599
1668586249949 1.4139095438973805 16649
1668586263509 1.3728763878860786 16699
1668586289047 1.201027558353747 16749
1668586302595 1.4256467271643323 16799
1668586316154 1.1422445228992997 16849
1668586329736 1.2714415030508284 16899
1668586355054 1.2652007690056655 16949
1668586368664 1.3880479273851167 16999
1668586382232 1.3979741726445953 17049
1668586395808 1.481618430901185 17099
1668586421243 1.4260055793949815 17149
1668586434826 1.3329834148544761 17199
1668586448424 1.401388713602893 17249
1668586461991 1.5584522007085058 17299
1668586475548 1.2610879159863866 17349
1668586500918 1.4638728420558706 17399
1668586514487 1.4333955683064952 17449
1668586528058 1.2949973701466142 17499
1668586541613 1.3960668943208852 17549
1668586567103 1.3327976889249091 17599
1668586580661 1.340438058431796 17649
1668586594304 1.311085903258277 17699
1668586607859 1.4189757536479604 17749
1668586633303 1.3875647951637595 17799
1668586646856 1.3455714264115497 17849
1668586660436 1.2342848094575565 17899
1668586673992 1.4873589956873472 17949
1668586687739 1.3277066519448693 17999
1668586713113 1.3751032620549108 18049
1668586726720 1.5057783497725978 18099
1668586740290 1.3513980383490467 18149
1668586753864 1.2966095410977054 18199
1668586779229 1.3307988658727554 18249
1668586792897 1.4651378150536634 18299
1668586806620 1.3900862050772216 18349
1668586820273 1.3057946712929154 18399
1668586845736 1.4650666123470395 18449
1668586859399 1.4450887258759484 18499
1668586873102 1.421992791979494 18549
1668586886647 1.4043656630851147 18599
1668586900202 1.2535995492793064 18649
1668586925753 1.3784135403656501 18699
1668586939325 1.491318019874614 18749
1668586952894 1.4726641003451535 18799
1668586966470 1.2840864714375053 18849
1668586991946 1.3606350815080943 18899
1668587005515 1.295120836200783 18949
1668587019076 1.3541134865911046 18999
1668587032651 1.4114515855370118 19049
1668587058078 1.4451657362733026 19099
1668587071631 1.362330950477424 19149
1668587085193 1.3646943546503743 19199
1668587098744 1.2869702175985196 19249
1668587112318 1.4459701996695098 19299
1668587137837 1.3498486156851586 19349
1668587151406 1.1307955892458192 19399
1668587164974 1.364727311696405 19449
1668587178580 1.4928953578405797 19499
1668587203969 1.2924288681173204 19549
1668587217532 1.36178542399058 19599
1668587231104 1.2870033000744447 19649
1668587244801 1.3609754317966924 19699
1668587270199 1.206858614638677 19749
1668587283790 1.3056994253072627 19799
1668587297395 1.287964104158045 19849
1668587310984 1.1844393183527449 19899
1668587324660 1.3947203179442884 19949
1668587350253 1.4563720456483171 19999
1668587363830 1.4839646067959558 20049
1668587377401 1.3982903249911645 20099
1668587390971 1.326003940017097 20149
1668587416502 1.4047630267045856 20199
1668587430215 1.4385175648355366 20249
1668587443938 1.1517824339108405 20299
1668587457567 1.453388893595477 20349
1668587483082 1.1632055604957068 20399
1668587496642 1.3579169720724702 20449
1668587510360 1.4144647518708937 20499
1668587524088 1.4323018411567472 20549
1668587537799 1.4557762696762573 20599
1668587563288 1.3226918838605173 20649
1668587577000 1.3887240217622505 20699
1668587590667 1.4730645060929217 20749
1668587604229 1.3235097865293177 20799
1668587629762 1.3303295313049626 20849
1668587643344 1.322725289106549 20899
1668587656908 1.2979302629286384 20949
1668587670627 1.448751264509438 20999
1668587696149 1.4278567926545036 21049
1668587709730 1.447214379877113 21099
1668587723310 1.4225488155048194 21149
1668587736886 1.3395629972521 21199
1668587750440 1.3422968220919598 21249
1668587776041 1.44463415133033 21299
1668587789614 1.50433301929083 21349
1668587803182 1.4206014255270507 21399
1668587816757 1.3893349523283995 21449
1668587842074 1.4897735195213175 21499
1668587855692 1.2538988636442394 21549
1668587869294 1.3104235724937694 21599
1668587882898 1.498401767925031 21649
1668587896323 1.5354046855949992 21699
1668587922307 1.349767953792253 21749
1668587935863 1.4451618989889536 21799
1668587949510 1.413873577444403 21849
1668587963124 1.459440862527721 21899
1668587988579 1.3674598959776745 21949
1668588002153 1.4645324336382002 21999
1668588015729 1.3623006346344275 22049
1668588029308 1.334716172520411 22099
1668588054675 1.2972060221871964 22149
1668588068259 1.2635652963613229 22199
1668588081901 1.4176012723536975 22249
1668588095532 1.356505489228795 22299
1668588109106 1.337342344773217 22349
1668588134399 1.4427124982808328 22399
1668588148010 1.3275603906622155 22449
1668588161638 1.4404656170637065 22499
1668588175198 1.4192074941318014 22549
1668588200687 1.4640140574217713 22599
1668588214260 1.3656400710605787 22649
1668588227825 1.2694639573063253 22699
1668588241539 1.2748747749693845 22749
1668588266977 1.1844899195898342 22799
1668588280572 1.3197859475827287 22849
1668588294142 1.328882032376347 22899
1668588307745 1.3437534232110249 22949
1668588321344 1.304858619566614 22999
1668588346642 1.33048602899379 23049
1668588360227 1.2300752688664889 23099
1668588373805 1.3528806367560189 23149
1668588387443 1.3641429529031448 23199
1668588412974 1.3698833532452426 23249
1668588426548 1.2769282247554181 23299
1668588440112 1.2978194470830964 23349
1668588453746 1.2260334258538121 23399
1668588479360 1.2973317816607577 23449
1668588492912 1.2117980963401807 23499
1668588506494 1.197535492384666 23549
1668588520065 1.2886758627122505 23599
1668588533625 1.3458297770334182 23649
1668588559212 1.4100924173365188 23699
1668588572791 1.5255414557661326 23749
1668588586464 1.3102148728290568 23799
1668588600089 1.4705220300740043 23849
1668588625743 1.3407779204981776 23899
1668588639353 1.3358182922487387 23949
1668588652993 1.363935488186388 23999
1668588666727 1.3677279333839207 24049
1668588692347 1.4554043205713643 24099
1668588705979 1.201208704504272 24149
1668588719711 1.3356890997970188 24199
1668588733380 1.3904025068497596 24249
1668588746971 1.386510024055566 24299
1668588772330 1.3417725183898206 24349
1668588785914 1.3860308860672115 24399
1668588799510 1.2003162237486165 24449
1668588813215 1.376078850860602 24499
1668588838991 1.3202097013955267 24549
1668588852570 1.4538712594518535 24599
1668588866154 1.3464227307356418 24649
1668588879726 1.4344311352755539 24699
1668588905331 1.3112259032791895 24749
1668588918900 1.261551275200176 24799
1668588932492 1.4668252168012434 24849
1668588946123 1.3514850873901172 24899
1668588959696 1.47039533442009 24949
1668588985173 1.3280588529767103 24999
1668588998740 1.3820487335213063 25049
1668589012308 1.3933643551655353 25099
1668589025875 1.4742907227225226 25149
1668589051463 1.134845119449957 25199
1668589065093 1.4743109676622819 25249
1668589078666 1.4186814658717612 25299
1668589092234 1.3229559950803838 25349
1668589117891 1.3162209179385376 25399
1668589131500 1.4396787930315809 25449
1668589145082 1.2583821997489784 25499
1668589158653 1.4406984763490858 25549
1668589172256 1.3570040157484766 25599
1668589197683 1.2273561410512381 25649
1668589211265 1.382491977944901 25699
1668589224845 1.4084853964302795 25749
1668589238443 1.3178247644213017 25799
1668589264014 1.3829959665487375 25849
1668589277594 1.3404753912124745 25899
1668589291184 1.2432808521993541 25949
1668589304766 1.384103270658303 25999
1668589330181 1.4145870252602513 26049
1668589343773 1.337663060709965 26099
1668589357392 1.3908819055383845 26149
1668589370988 1.226948308334221 26199
1668589384584 1.4451751783857514 26249
1668589410107 1.3156497492855463 26299
1668589423720 1.3523631202609323 26349
1668589437292 1.391189533779185 26399
1668589450872 1.3018747501695347 26449
1668589476553 1.436120427617484 26499
1668589490184 1.477611511341252 26549
1668589503762 1.4120125404390453 26599
1668589517401 1.2148055205179067 26649
1668589543141 1.3983317637900843 26699
1668589556797 1.363490985374937 26749
1668589570371 1.4215842318340608 26799
1668589583959 1.4096077815601296 26849
1668589597539 1.4439888373704333 26899
1668589622861 1.3042580368316048 26949
1668589636476 1.2340147445030678 26999
1668589650049 1.290743594200158 27049
1668589663622 1.303244163839703 27099
1668589689200 1.3234769265888588 27149
1668589702775 1.397185041851781 27199
1668589716344 1.3107995889128592 27249
1668589729909 1.346345406131379 27299
1668589755405 1.3002124936771282 27349
1668589769070 1.3942707157447636 27399
1668589782653 1.2950810986830301 27449
1668589796233 1.3160879279711573 27499
1668589809809 1.4081091196904212 27549
1668589835277 1.0591075128316771 27599
1668589848929 1.4556436022974073 27649
1668589862646 1.4153934016452097 27699
1668589876266 1.385650713453981 27749
1668589901644 1.4127993465046735 27799
1668589915245 1.3499244621660302 27849
1668589928830 1.4493853596806496 27899
1668589942393 1.2898964883794968 27949
1668589967667 1.3224471022250217 27999
1668589981252 1.4265229909642936 28049
1668589994841 1.4033897581074233 28099
1668590008434 1.4281230500748348 28149
1668590022005 1.206856003146069 28199
1668590047610 1.45612642266201 28249
1668590061182 1.4032787246276262 28299
1668590074770 1.4539886159123316 28349
1668590088399 1.3399678857462156 28399
1668590113999 1.3887165274546718 28449
1668590127587 1.4720289062986245 28499
1668590141191 1.2911538916282306 28549
1668590154761 1.3202860219027492 28599
1668590179981 1.4088107185220236 28649
1668590193560 1.200271678127747 28699
1668590207154 1.3644722756382999 28749
1668590220750 1.2098564724494865 28799
1668590234323 1.3692848439691927 28849
1668590259781 1.416786523183331 28899
1668590273380 1.2426449571442058 28949
1668590286974 1.3282624860553511 28999
1668590300558 1.3995134825723428 29049
1668590326010 1.4679848094027186 29099
1668590339609 1.4194008806890364 29149
1668590353259 1.466094110977032 29199
1668590366830 1.0397227455832518 29249
1668590392343 1.4403110146632252 29299
1668590405950 1.3784105654537322 29349
1668590419530 1.295281637259671 29399
1668590433103 1.436775429255433 29449
1668590446666 1.4521338742290775 29499
1668590472050 1.4148225337651064 29549
1668590485630 1.4447154662177724 29599
1668590499240 1.3892406869143912 29649
1668590512859 1.1921003749430152 29699
1668590538237 1.4305857116447287 29749
1668590551809 1.2957262863248946 29799
1668590565512 1.4358750840717933 29849
1668590579146 1.466603849226584 29899
1668590604658 1.3233211090368724 29949
1668590618329 1.3263785517701872 29999
1668590631918 1.3290975353363121 30049
1668590645486 1.4077193807821944 30099
1668590659062 1.2887985308899692 30149
1668590684628 1.4428834879999997 30199
1668590698326 1.4385646379967274 30249
1668590711917 1.2826053408427334 30299
1668590725510 1.264839176355732 30349
1668590750948 1.332256566553446 30399
1668590764515 1.4485418173721778 30449
1668590778213 1.2217086259995091 30499
1668590791791 1.2141793304950674 30549
1668590817385 1.304823051989258 30599
1668590830959 1.3820299430446723 30649
1668590844585 1.2552763280922217 30699
1668590858227 1.4620903181583376 30749
1668590871815 1.3484396129853582 30799
1668590897456 1.4360118979624064 30849
1668590911056 1.3643794157365188 30899
1668590924649 1.4375984167262112 30949
1668590938251 1.4299864617123392 30999
1668590963940 1.3112042490464715 31049
1668590977497 1.3709867835705853 31099
1668590991065 1.3518515897391539 31149
1668591004636 1.3487779060761718 31199
1668591030064 1.3228076650692913 31249
1668591043625 1.4148690103429091 31299
1668591057201 1.3583397466729998 31349
1668591070774 1.3533830177532218 31399
1668591084357 1.3931936579547677 31449
1668591109757 1.4468730291546303 31499
1668591123333 1.343213802478215 31549
1668591136903 1.3735785744863769 31599
1668591150522 1.3118363733631064 31649
1668591175969 1.48078345719553 31699
1668591189561 1.4282895237767628 31749
1668591203152 1.1182544810721393 31799
1668591216738 1.3406139472006025 31849
1668591242198 1.4202132544870198 31899
1668591255879 1.302713149448123 31949
1668591269492 1.4190032952480505 31999
1668591283064 1.3780966877200578 32049
1668591296635 1.2448888898697512 32099
1668591322316 1.3548806053141536 32149
1668591335933 1.3475022415368962 32199
1668591349591 1.4596286928635225 32249
1668591363188 1.3142771922802157 32299
1668591388638 1.2428340162871614 32349
1668591402230 1.3541124137319953 32399
1668591415794 1.292727993751321 32449
1668591429355 1.2645387780307524 32499
1668591442771 1.344384979945892 32549
1668591468408 1.3733992071409613 32599
1668591481980 1.4651769138928823 32649
1668591495637 1.340604564041712 32699
1668591509345 1.450779992545471 32749
1668591534994 1.2483661677289066 32799
1668591548677 1.1722252923069427 32849
1668591562247 1.3587200374747725 32899
1668591575947 1.3509605659192825 32949
1668591601658 1.4406436670376475 32999
1668591615230 1.3032069346315054 33049
1668591628799 1.349091700601159 33099
1668591642359 1.26614294176693 33149
1668591655919 1.4611823457581847 33199
1668591681357 1.4481613039462058 33249
1668591694954 1.3614387984453777 33299
1668591708528 1.4267165242082585 33349
1668591722110 1.3912135600788558 33399
1668591747400 1.4177075842620503 33449
1668591760966 1.4693551195228438 33499
1668591774556 1.3167166191287625 33549
1668591788124 1.2532312815340323 33599
1668591813591 1.4101038058270416 33649
1668591827171 1.2668710726821018 33699
1668591840751 1.4217671214723695 33749
1668591854332 1.3457886928519593 33799
1668591867905 1.3988295026379227 33849
1668591893273 1.4572967787138211 33899
1668591906953 1.3145972182443355 33949
1668591920668 1.4238412833625667 33999
1668591934375 1.4950363163116234 34049
1668591959876 1.4423781417761417 34099
1668591973517 1.3334191562543993 34149
1668591987118 1.22652132498113 34199
1668592000724 1.4596082302677598 34249
1668592025960 1.3403781852615515 34299
1668592039536 1.301535017394185 34349
1668592053137 1.2054636385455195 34399
1668592066700 1.2585261373451453 34449
1668592080280 1.3697250778659358 34499
1668592105730 1.3377295364314628 34549
1668592119309 1.4321075482687848 34599
1668592132902 1.429319169274243 34649
1668592146471 1.2390153927530714 34699
1668592171973 1.4348871509685674 34749
1668592185595 1.4261674980252526 34799
1668592199220 1.3564966514755907 34849
1668592212786 1.3316306199109622 34899
1668592238445 1.4824636080166727 34949
1668592252010 1.5120519460699073 34999
1668592265618 1.2496526618609056 35049
1668592279186 1.459038467502604 35099
1668592292765 1.4520381157138962 35149
1668592318447 1.2532657792944597 35199
1668592332025 1.2615622903292572 35249
1668592345595 1.3582786266824853 35299
1668592359205 1.4056511944237324 35349
1668592385217 1.1947855588498806 35399
1668592398804 1.3241573506166424 35449
1668592412394 1.3935966324444717 35499
1668592425962 1.3829818381299948 35549
1668592451492 1.428414768190257 35599
1668592465121 1.4148230922290925 35649
1668592478679 1.2968661490852442 35699
1668592492237 1.1669414700139642 35749
1668592505798 1.3047414573695808 35799
1668592531232 1.4257167716450567 35849
1668592544889 1.3923350335826439 35899
1668592558456 1.5155319225983286 35949
1668592572065 1.2134877900785626 35999
1668592597667 1.323304699912299 36049
1668592611245 1.4726112013338226 36099
1668592624834 1.3413169368329885 36149
1668592638406 1.419408241618287 36199
1668592663923 1.5010473646938918 36249
1668592677479 1.251851283805499 36299
1668592691073 1.4136315990265214 36349
1668592704679 1.4042041757672377 36399
1668592718301 1.3145708889769907 36449
1668592743822 1.485375649337874 36499
1668592757394 1.4634282561525958 36549
1668592771063 1.2582642893870248 36599
1668592784748 1.4220137352566904 36649
1668592810218 1.4021964098620487 36699
1668592823789 1.3051245540096423 36749
1668592837358 1.2354351444387093 36799
1668592850929 1.3802969758662005 36849
1668592876438 1.3518046738506615 36899
1668592890053 1.312660160329201 36949
1668592903676 1.375432052910026 36999
1668592917254 1.284441979347371 37049
1668592930830 1.3222098755303127 37099
1668592956404 1.5077627817255959 37149
1668592970028 1.4132533453613285 37199
1668592983609 1.1621364043812377 37249
1668592997178 1.2501489955072778 37299
1668593022678 1.3807099091028328 37349
1668593036246 1.3546408113216155 37399
1668593049816 1.4609879127476377 37449
1668593063474 1.220283951508452 37499
1668593089294 1.3736124636476679 37549
1668593103006 1.4267674408419853 37599
1668593116650 1.2867025416700029 37649
1668593130234 1.3441111301054907 37699
1668593143899 1.1909989444738436 37749
1668593169271 1.4736745919505274 37799
1668593182939 1.4309270981885096 37849
1668593196544 1.2746389597044943 37899
1668593210127 1.4288426933290173 37949
1668593235568 1.4854450022825745 37999
1668593249152 1.340705065872616 38049
1668593262776 1.3935246841181859 38099
1668593276362 1.395432603200252 38149
1668593301879 1.436758093718968 38199
1668593315557 1.2970305085118323 38249
1668593329137 1.4291201106701208 38299
1668593342752 1.4375031443611332 38349
1668593356321 1.4980456863764788 38399
1668593382074 1.3783824949310453 38449
1668593395771 1.3009694542812993 38499
1668593409478 1.284006467278949 38549
1668593423089 1.3408987832257666 38599
1668593448328 1.3407247796276764 38649
1668593461899 1.2135895648193156 38699
1668593475564 1.3270478410177549 38749
1668593489149 1.2168799286883294 38799
1668593514704 1.3774592448084984 38849
1668593528271 1.3726417815157093 38899
1668593541971 1.4607200189986322 38949
1668593555670 1.4451818693651937 38999
1668593569337 1.3687292390028873 39049
1668593594910 1.2181944999277268 39099
1668593608546 1.4827222988519455 39149
1668593622128 1.2745675817370388 39199
1668593635738 1.2645902068983872 39249
1668593661213 1.1526190847851832 39299
1668593674795 1.23642689964064 39349
1668593688404 1.4469119372533472 39399
1668593701986 1.351983904407753 39449
1668593727278 1.3595014145092224 39499
1668593740937 1.3647380706049472 39549
1668593754496 1.3269252582302191 39599
1668593768075 1.4066071818025632 39649
1668593781636 1.308255369011734 39699
1668593807469 1.3556656032705543 39749
1668593821051 1.3828273388739492 39799
1668593834674 1.4318975169047294 39849
1668593848366 1.495352428851829 39899
1668593873726 1.4617106651816276 39949
1668593887348 1.3585830929868865 39999
1668593900924 1.413808655650244 40049
1668593914570 1.4816892515240538 40099
1668593939998 1.3415838023564546 40149
1668593953572 1.4323115600517893 40199
1668593967150 1.3508853009055537 40249
1668593980746 1.331902231187802 40299
1668593994325 1.36815305377073 40349
1668594019801 1.3388694312947278 40399
1668594033452 1.374990411318581 40449
1668594047040 1.1639296333949112 40499
1668594060612 1.341339367003462 40549
1668594086015 1.2327057895587799 40599
1668594099586 1.4579179699299136 40649
1668594113152 1.3465250067038643 40699
1668594126801 1.2462299974036726 40749
1668594152334 1.3169294053637448 40799
1668594165907 1.4026097575574874 40849
1668594179521 1.3091088343917265 40899
1668594193098 1.4876817998316767 40949
1668594206658 1.504762550614869 40999
1668594232285 1.264471689819587 41049
1668594245862 1.3911700012448551 41099
1668594259440 1.3339754783321534 41149
1668594272996 1.3099890956563776 41199
1668594298512 1.413182734973316 41249
1668594312115 1.4659734427267426 41299
1668594325723 1.30743906333232 41349
1668594339310 1.2987909832859938 41399
1668594364820 1.2840653842373784 41449
1668594378405 1.3719950794386646 41499
1668594391983 1.2129391324165986 41549
1668594405566 1.3303686381370192 41599
1668594419147 1.415676427345493 41649
1668594444572 1.3857475410685023 41699
1668594458216 1.266426315924413 41749
1668594471877 1.2522268815911644 41799
1668594485465 1.309985197807877 41849
1668594510947 1.3583893990841598 41899
1668594524522 1.357624378565439 41949
1668594538103 1.3028266184369346 41999
1668594551700 1.4141853932630715 42049
1668594577091 1.3834473045174867 42099
1668594590667 1.338229207331317 42149
1668594604234 1.1788517282819617 42199
1668594617898 1.2531945584229482 42249
1668594631485 1.2132765103462844 42299
1668594656943 1.401776011763992 42349
1668594670700 1.1896084005247274 42399
1668594684282 1.4246664207631838 42449
1668594697857 1.3476969081738892 42499
1668594723322 1.3053881820640834 42549
1668594737093 1.4534469914219736 42599
1668594750731 1.4446726577925406 42649
1668594764371 1.4647163643714673 42699
1668594789936 1.419926727677539 42749
1668594803507 1.291288124814748 42799
1668594817065 1.4337464406584988 42849
1668594830724 1.3733552420113093 42899
1668594844404 1.4146669823257638 42949
1668594869972 1.3834731026429146 42999
1668594883557 1.3463125469481032 43049
1668594897203 1.188936194365152 43099
1668594910792 1.3149345793092873 43149
1668594936259 1.4916749939459966 43199
1668594949859 1.2688888869181216 43249
1668594963436 1.35346742490213 43299
1668594977010 1.3381981681593829 43349
1668594990456 1.4159695657521958 43399
1668595016113 1.2870883355679277 43449
1668595029801 1.156004950120531 43499
1668595043413 1.4871678070379037 43549
1668595057041 1.2416240988687801 43599
1668595082693 1.4515287921029782 43649
1668595096268 1.4083891485149835 43699
1668595109967 1.3567004299217378 43749
1668595123655 1.3112725553409075 43799
1668595149161 1.463061195837804 43849
1668595162787 1.303195902366714 43899
1668595176363 1.4620263139989698 43949
1668595189929 1.3389074359961732 43999
1668595203593 1.4098446217495224 44049
1668595229077 1.33943576961586 44099
1668595242728 1.3585011221193313 44149
1668595256456 1.2835059899981185 44199
1668595270137 1.3495155525765838 44249
1668595295849 1.4253775941835016 44299
1668595309432 1.3321914948946127 44349
1668595323073 1.3354486659758626 44399
1668595336698 1.3298117791292716 44449
1668595362123 1.1637636639684457 44499
1668595375808 1.3362931860373397 44549
1668595389490 1.370694586876301 44599
1668595403068 1.5037214295186134 44649
1668595416692 1.2080564260138245 44699
1668595442012 1.4900587240043248 44749
1668595455606 1.408511250291872 44799
1668595469177 1.3664052587251776 44849
1668595482749 1.3866193824263604 44899
1668595508157 1.276262620867825 44949
1668595521747 1.2609900638233074 44999
1668595535370 1.2189535921043557 45049
1668595548955 1.361042875459457 45099
1668595574457 1.2549922755540195 45149
1668595588089 1.371069314824223 45199
1668595601659 1.3134859772810668 45249
1668595615229 1.3236654359222149 45299
1668595628824 1.329103826516862 45349
1668595654346 1.4671441968969738 45399
1668595667909 1.3659449779957444 45449
1668595681469 1.2939620477909983 45499
1668595695052 1.1450355323171373 45549
1668595720593 1.2214250425695095 45599
1668595734289 1.2772893318368967 45649
1668595747868 1.3896567101139863 45699
1668595761427 1.4531301923584516 45749
1668595786759 1.4003990127318038 45799
1668595800327 1.351475766984303 45849
1668595813883 1.2742331267534786 45899
1668595827496 1.438277715313476 45949
1668595841044 1.2798731533386938 45999
1668595866730 1.3678243990848888 46049
1668595880379 1.4248523382269027 46099
1668595893954 1.4620481059444965 46149
1668595907514 1.3474055478132314 46199
1668595932946 1.4225064689641884 46249
1668595946539 1.3746611607574195 46299
1668595960095 1.367841434231586 46349
1668595973662 1.4638045903673298 46399
1668595998969 1.3743034086638954 46449
1668596012529 1.2343856145269654 46499
1668596026116 1.361187420094644 46549
1668596039683 1.4743356221063388 46599
1668596053257 1.3138231585779179 46649
1668596078787 1.4644338940002422 46699
1668596092371 1.4437514973642371 46749
1668596105970 1.4394205674718892 46799
1668596119621 1.4627060010601711 46849
1668596144995 1.3676403235995713 46899
1668596158603 1.2333757616909764 46949
1668596172226 1.2959956956320162 46999
1668596185866 1.1753815362827489 47049
1668596211393 1.2969326601864721 47099
1668596225025 1.4569012150360774 47149
1668596238605 1.3327610832334036 47199
1668596252161 1.3592703309725163 47249
1668596265710 1.489202855017913 47299
1668596291061 1.386139460761324 47349
1668596304689 1.4585738519088935 47399
1668596318252 1.2055566794170263 47449
1668596331824 1.3146610972288528 47499
1668596357265 1.2894395325459063 47549
1668596370925 1.3441561440345464 47599
1668596384527 1.223254160112313 47649
1668596398170 1.466165200315936 47699
1668596423850 1.3287628536673899 47749
1668596437433 1.3452087107633766 47799
1668596450991 1.3940111108503999 47849
1668596464659 1.3459991028064957 47899
1668596478268 1.31246744817732 47949
1668596503506 1.3740783247238144 47999
1668596517174 1.3329385773447684 48049
1668596530739 1.3585714224443075 48099
1668596544344 1.4422417983440774 48149
1668596570002 1.4273271459642194 48199
1668596583569 1.2260013280614852 48249
1668596597169 1.293379716235888 48299
1668596610819 1.439182646309101 48349
1668596636520 1.4843843148003035 48399
1668596650102 1.4453307454849509 48449
1668596663685 1.3475056103350882 48499
1668596677286 1.3669713226794395 48549
1668596690836 1.253816401152887 48599
1668596716206 1.4395769812958377 48649
1668596729763 1.2072304312630924 48699
1668596743321 1.3082075166212865 48749
1668596756897 1.2994514684201812 48799
1668596782286 1.272634048289209 48849
1668596795901 1.213107901980414 48899
1668596809482 1.4102719865920625 48949
1668596823070 1.3471383618565644 48999
1668596848293 1.4191144996405867 49049
1668596861857 1.5014612092667416 49099
1668596875478 1.4603698177747697 49149
1668596889047 1.2043126209963837 49199
1668596902661 1.449236787578044 49249
1668596928066 1.2558193609510382 49299
1668596941683 1.3973354415715025 49349
1668596955265 1.1186119446092224 49399
1668596968850 1.290696031052394 49449
1668596994280 1.373269405991341 49499
1668597007844 1.4671556376117798 49549
1668597021408 1.2859267701326493 49599
1668597034993 1.3728492618065669 49649
1668597060550 1.3300951898681352 49699
1668597074117 1.4540753098470771 49749
1668597087753 1.3735142096421984 49799
1668597101301 1.2577910566714614 49849
1668597114862 1.2282150489838948 49899
1668597140464 1.2313350030661958 49949
1668597154115 1.3313495588674054 49999
1668597167691 1.4556699379168494 50049
1668597181255 1.2450216071619495 50099
1668597206967 1.4438822347156661 50149
1668597220624 1.4373304362181565 50199
1668597234283 1.3400072629748525 50249
1668597247885 1.2258178486499007 50299
1668597273434 1.2047257140446366 50349
1668597286995 1.410572558295862 50399
1668597300550 1.2879582195082666 50449
1668597314193 1.2942474491811202 50499
1668597327885 1.2915061870558455 50549
1668597353283 1.38835716758475 50599
1668597366847 1.3142216048670186 50649
1668597380416 1.4265315700677619 50699
1668597393978 1.2951123439612047 50749
1668597419312 1.3991002250212987 50799
1668597432869 1.3739305771270318 50849
1668597446466 1.374324616742714 50899
1668597460098 1.4237715092011334 50949
1668597485470 1.320384323484178 50999
1668597498996 1.4761591138615762 51049
1668597512549 1.3342454904348457 51099
1668597526215 1.3724390255644812 51149
1668597539774 1.349725387503971 51199
1668597565118 1.2661072875319486 51249
1668597578711 1.1939113821559952 51299
1668597592261 1.1650063797676657 51349
1668597605888 1.357909072590304 51399
1668597631456 1.2105298300169718 51449
1668597645029 1.3671165253118422 51499
1668597658570 1.4052166006704299 51549
1668597672192 1.3925729966698959 51599
1668597697866 1.4552608798432325 51649
1668597711440 1.3241086670373736 51699
1668597725031 1.5322195077361538 51749
1668597738606 1.3523784583594765 51799
1668597752235 1.2413743135957986 51849
1668597777572 1.358402163958099 51899
1668597791138 1.3557579902725312 51949
1668597804732 1.4027023631516427 51999
1668597818293 1.4319117686811902 52049
1668597843790 1.480340683676947 52099
1668597857375 1.2271611637046418 52149
1668597870986 1.4104803607538674 52199
1668597884538 1.3681995976543848 52249
1668597909876 1.2914951601806317 52299
1668597923492 1.1567156246213033 52349
1668597937170 1.3977302051191483 52399
1668597950760 1.3734749276375544 52449
1668597964334 1.3922623821180222 52499
1668597989623 1.4424079946294985 52549
1668598003218 1.3792892693556638 52599
1668598016857 1.4399330096127918 52649
1668598030414 1.2010311052348566 52699
1668598055976 1.2505975097822122 52749
1668598069579 1.4207888139390679 52799
1668598083139 1.403048571301421 52849
1668598096709 1.2274077776094325 52899
1668598122349 1.3114305425012154 52949
1668598135917 1.2501768558957822 52999
1668598149595 1.4923536213589457 53049
1668598163148 1.2411682033862796 53099
1668598176700 1.4224564033384035 53149
1668598202278 1.4118015043331185 53199
1668598215902 1.319496736788301 53249
1668598229540 1.2205957685439284 53299
1668598243180 1.295031718720304 53349
1668598268781 1.3357653433873593 53399
1668598282495 1.3687868436383666 53449
1668598296095 1.3555347030836788 53499
1668598309850 1.3562725496564667 53549
1668598335202 1.3236512445198716 53599
1668598348828 1.4597917245825665 53649
1668598362408 1.4574686513487425 53699
1668598376064 1.231832915218537 53749
1668598389650 1.3852192311001714 53799
1668598415363 1.4527794229687219 53849
1668598428936 1.3141265097807322 53899
1668598442553 1.4169772119320014 53949
1668598456247 1.383568216855123 53999
1668598481899 1.3311766580713786 54049
1668598495442 1.376407717322778 54099
1668598509009 1.1833398737217984 54149
1668598522674 1.399936518085422 54199
1668598536050 1.4324215892234287 54249
1668598561596 1.2099904857758284 54299
1668598575204 1.324515694699208 54349
1668598588763 1.2039139469292035 54399
1668598602411 1.4206348272664713 54449
1668598628016 1.2855349012624089 54499
1668598641594 1.176319145317135 54549
1668598655249 1.3299452766893285 54599
1668598668812 1.293795984523305 54649
1668598694264 1.3131930709613422 54699
1668598707814 1.498967359653549 54749
1668598721381 1.399930629793672 54799
1668598734923 1.3939416829041362 54849
1668598748475 1.4467738577037375 54899
1668598773930 1.3601566185362153 54949
1668598787541 1.3098842370810733 54999
1668598801140 1.4507985447425895 55049
1668598814721 1.3054939701971064 55099
1668598840168 1.5508170732075743 55149
1668598853775 1.4635550383164742 55199
1668598867343 1.3751551714973278 55249
1668598880934 1.3111078949245254 55299
1668598906457 1.2765925623163634 55349
1668598920018 1.3678791974574191 55399
1668598933607 1.4360899695128189 55449
1668598947261 1.225181599830401 55499
1668598960832 1.4192699731846732 55549
1668598986228 1.289624762609631 55599
1668598999802 1.2405473363074362 55649
1668599013529 1.4294000495830206 55699
1668599027260 1.4526840778940686 55749
1668599052722 1.470591056132743 55799
1668599066312 1.378402755923767 55849
1668599079869 1.1626315179244022 55899
1668599093469 1.127873761052934 55949
1668599119022 1.352916975687978 55999
1668599132597 1.307171806909753 56049
1668599146166 1.4755982442922866 56099
1668599159722 1.5346908888071626 56149
1668599173377 1.3800732171391275 56199
1668599198619 1.2208840524448041 56249
1668599212278 1.3638493973825163 56299
1668599225836 1.312751449752648 56349
1668599239419 1.452027808283607 56399
1668599264749 1.4786338000385637 56449
1668599278336 1.4504396809159648 56499
1668599291929 1.3959629100364153 56549
1668599305489 1.4577979759205506 56599
1668599330953 1.4372215504112247 56649
1668599344510 1.4167535876036719 56699
1668599358090 1.2646433574088887 56749
1668599371666 1.4239461834560951 56799
1668599385268 1.4361915848242872 56849
1668599410677 1.2978517991233978 56899
1668599424241 1.2954670076525923 56949
1668599437831 1.4371042760502009 56999
1668599451396 1.3295588360392296 57049
1668599476733 1.3257101349939182 57099
1668599490318 1.326579708982849 57149
1668599503900 1.3596412296461655 57199
1668599517451 1.1532258950689331 57249
1668599542846 1.295299748571911 57299
1668599556403 1.1024055722735933 57349
1668599569972 1.3942465577560694 57399
1668599583675 1.421504084973927 57449
1668599597246 1.3375167914501565 57499
1668599622740 1.4717923530883121 57549
1668599636389 1.2792595235272646 57599
1668599649954 1.4674946432956824 57649
1668599663507 1.3590567152050277 57699
1668599688785 1.400994382134852 57749
1668599702420 1.3945572154527728 57799
1668599715998 1.4546694140027656 57849
1668599729552 1.4413420244562425 57899
1668599754957 1.4341341809913537 57949
1668599768508 1.2860899700696617 57999
1668599782075 1.195937044524781 58049
1668599795641 1.4647289592295036 58099
1668599809293 1.2339850335497435 58149
1668599834771 1.383632817935245 58199
1668599848345 1.433887744532934 58249
1668599862035 1.4219981957598953 58299
1668599875714 1.4866000880664578 58349
1668599901179 1.3947026867160204 58399
1668599914807 1.4137323620418982 58449
1668599928397 1.315159548868588 58499
1668599941954 1.3720966878570267 58549
1668599967593 1.4292615755630824 58599
1668599981154 1.3290475022328212 58649
1668599994709 1.3392463871811482 58699
1668600008331 1.2875639957456975 58749
1668600021891 1.40649918505181 58799
1668600047294 1.403695304201416 58849
1668600060883 1.247713760985329 58899
1668600074551 1.4003529185668286 58949
1668600088106 1.42233621808934 58999
1668600113637 1.477037410640912 59049
1668600127258 1.32515480701188 59099
1668600140832 1.3632268539640644 59149
1668600154391 1.3958706684492503 59199
1668600179892 1.3465762853387775 59249
1668600193480 1.4544456716433452 59299
1668600207085 1.406490390951448 59349
1668600220810 1.2224664762762276 59399
1668600234363 1.279872484608335 59449
1668600259741 1.3811517314567845 59499
1668600273394 1.414712386560895 59549
1668600286976 1.2452574502607208 59599
1668600300556 1.4604444577373235 59649
1668600325992 1.2783318202471565 59699
1668600339567 1.2248737039930153 59749
1668600353270 1.2780270605072135 59799
1668600366865 1.2715404541369542 59849
1668600392258 1.427252809792174 59899
1668600405841 1.4737052888276598 59949
1668600419545 1.497921081791307 59999
1668600433125 1.2943018221195297 60049
1668600446739 1.2849918667277396 60099
1668600472176 1.2138722793923966 60149
1668600485817 1.157494168799215 60199
1668600499379 1.287528776273139 60249
1668600512962 1.2661971420252494 60299
1668600538535 1.4568720976574154 60349
1668600552160 1.1553378686830897 60399
1668600565821 1.3485312127085556 60449
1668600579491 1.4586688454832912 60499
1668600605125 1.436160260587029 60549
1668600618702 1.3336912258780291 60599
1668600632269 1.3823097613190432 60649
1668600645823 1.3650063134778612 60699
1668600659421 1.3960836234916896 60749
1668600684819 1.387380097249596 60799
1668600698391 1.4606470626579187 60849
1668600711966 1.351430718772586 60899
1668600725542 1.2423044456789523 60949
1668600751121 1.4071808134240293 60999
1668600764668 1.4559485010287658 61049
1668600778249 1.4367887893768145 61099
1668600791810 1.3004564089491066 61149
1668600817363 1.279997653748096 61199
1668600830920 1.2307729515245402 61249
1668600844493 1.3228558716495191 61299
1668600858076 1.4088746973839792 61349
1668600871637 1.3357864406207005 61399
1668600897106 1.2428004329172446 61449
1668600910706 1.3383478643810673 61499
1668600924429 1.139788362926704 61549
1668600937991 1.2441382967781132 61599
1668600963790 1.458665287844904 61649
1668600977411 1.3630213685795427 61699
1668600991154 1.2291644652634206 61749
1668601004705 1.3054295543431302 61799
1668601030142 1.426645817489051 61849
1668601043677 1.338795799963297 61899
1668601057238 1.3446191916475518 61949
1668601070835 1.2840782311782186 61999
1668601084416 1.2783616642207476 62049
1668601109848 1.2680244699821916 62099
1668601123405 1.3031923994526862 62149
1668601136989 1.2045029539301524 62199
1668601150578 1.432379895044693 62249
1668601176052 1.4529934189146498 62299
1668601189681 1.321506151290536 62349
1668601203246 1.3122439822952225 62399
1668601216834 1.2521942260951042 62449
1668601242200 1.360578369462091 62499
1668601255751 1.4279457088517509 62549
1668601269378 1.1381969148830224 62599
1668601282927 1.4159238374301677 62649
1668601296497 1.2616250150270885 62699
1668601321727 1.3188091164534375 62749
1668601335286 1.4692946251598364 62799
1668601348855 1.426213579356635 62849
1668601362447 1.2678221543388855 62899
1668601388023 1.373332359299524 62949
1668601401579 1.4164521492398343 62999
1668601415157 1.1555158446546976 63049
1668601428729 1.2969978836052167 63099
1668601454003 1.2156108164401473 63149
1668601467557 1.384664621937228 63199
1668601481160 1.2555949030718165 63249
1668601494741 1.3110467930767253 63299
1668601508336 1.376200563411593 63349
1668601533916 1.303141902180636 63399
1668601547504 1.311522528312965 63449
1668601561199 1.278476505548579 63499
1668601574798 1.2064462079050182 63549
1668601600124 1.350049133704582 63599
1668601613699 1.3675287223293655 63649
1668601627261 1.3721825404762096 63699
1668601640817 1.456966528838968 63749
1668601666742 1.3501727313862435 63799
1668601680310 1.3566223501064771 63849
1668601693982 1.3251610379003496 63899
1668601707625 1.3705315795992654 63949
1668601721202 1.4345654397557401 63999
1668601746714 1.3010643014121053 64049
1668601760290 1.4088825349593685 64099
1668601773857 1.4400488899245025 64149
1668601787431 1.454645943531335 64199
1668601813173 1.3073322978392359 64249
1668601826854 1.420026390372537 64299
1668601840436 1.446636223520298 64349
1668601854167 1.332217664174248 64399
1668601879644 1.352814399421221 64449
1668601893198 1.3736836791722817 64499
1668601906792 1.187079888507181 64549
1668601920398 1.4405999239551015 64599
1668601933974 1.229403575402733 64649
1668601959609 1.2952785822268047 64699
1668601973173 1.387190289614607 64749
1668601986732 1.3145412928277653 64799
1668602000297 1.4381261609317753 64849
1668602025754 1.3356965487636132 64899
1668602039325 1.380640126189013 64949
1668602052889 1.2246244437754261 64999
1668602066566 1.362307875154447 65049
1668602080039 1.4104428935180446 65099
