1669360635923 0.6060115098953247 216
1669360711686 0.5947041511535645 433
1669360787107 0.602964460849762 650
1669360863074 0.6003219485282898 867
1669360938596 0.6100963354110718 1084
1669361014072 0.5785300731658936 1301
1669361089861 0.6093132495880127 1518
1669361165438 0.5811312198638916 1735
1669361241057 0.6120094060897827 1952
1669361316768 0.5995650887489319 2169
1669361392639 0.6275887489318848 2386
1669361469042 0.6183264255523682 2603
1669361544869 0.6134681701660156 2820
1669361620734 0.6082987785339355 3037
1669361696626 0.6355463266372681 3254
1669361772971 0.6344701051712036 3471
1669361849168 0.6341040730476379 3688
1669361925629 0.6500413417816162 3905
1669362001326 0.6530085802078247 4122
1669362077569 0.6479768753051758 4339
1669362153735 0.6536800861358643 4556
1669362229345 0.6565290689468384 4773
1669362305530 0.6746242046356201 4990
1669362381806 0.6806633472442627 5207
1669362457823 0.6815083026885986 5424
1669362533451 0.7001707553863525 5641
1669362609140 0.6969171166419983 5858
1669362685230 0.6942114233970642 6075
1669362760759 0.6985617280006409 6292
1669362836752 0.7118112444877625 6509
1669362912728 0.7195374369621277 6726
1669362988441 0.7361657023429871 6943
1669363064521 0.7288138270378113 7160
1669363140188 0.7295926809310913 7377
1669363216375 0.7348363399505615 7594
1669363292026 0.7297012805938721 7811
1669363368025 0.7248501181602478 8028
1669363443890 0.7404239177703857 8245
1669363519460 0.7378283143043518 8462
1669363595028 0.7209303379058838 8679
1669363670770 0.741457462310791 8896
1669363746474 0.7561492323875427 9113
1669363822524 0.7484792470932007 9330
1669363897990 0.7358766794204712 9547
1669363973988 0.7542237639427185 9764
1669364049651 0.7364712357521057 9981
1669364125960 0.7562016248703003 10198
1669364201527 0.7573795318603516 10415
1669364277120 0.7595762610435486 10632
1669364353012 0.7545430660247803 10849
1669364428702 0.7718111872673035 11066
1669364504177 0.7542582750320435 11283
1669364579992 0.7652410268783569 11500
1669364655552 0.7426590323448181 11717
1669364731497 0.759168803691864 11934
1669364807318 0.7661437392234802 12151
1669364883575 0.7606427669525146 12368
1669364959323 0.762147068977356 12585
1669365034942 0.7560542821884155 12802
1669365111333 0.7518771886825562 13019
1669365187271 0.7793999910354614 13236
1669365263000 0.7668085694313049 13453
1669365339008 0.7521263957023621 13670
1669365414667 0.7567822933197021 13887
1669365490228 0.7656495571136475 14104
1669365566116 0.7570191025733948 14321
1669365641824 0.7583141922950745 14538
1669365717449 0.7617533802986145 14755
1669365793045 0.756840169429779 14972
1669365868952 0.7659221291542053 15189
1669365944468 0.7658190131187439 15406
1669366020571 0.7693642377853394 15623
1669366096287 0.7642555832862854 15840
1669366172374 0.7734972238540649 16057
1669366248536 0.7691715359687805 16274
1669366324409 0.7589403390884399 16491
1669366400848 0.7486705183982849 16708
1669366476552 0.7562373280525208 16925
1669366552621 0.7653276324272156 17142
1669366628427 0.7682178020477295 17359
1669366704123 0.7704790234565735 17576
1669366780217 0.7597881555557251 17793
1669366856196 0.7636417746543884 18010
1669366932038 0.7668676972389221 18227
1669367007700 0.7797881364822388 18444
1669367083499 0.7668484449386597 18661
1669367159546 0.7681669592857361 18878
1669367235154 0.7629149556159973 19095
1669367311238 0.7722929120063782 19312
1669367386929 0.7683623433113098 19529
1669367462880 0.7614258527755737 19746
1669367538579 0.7730059027671814 19963
1669367614996 0.7606248259544373 20180
1669367690827 0.7701349854469299 20397
1669367766942 0.7721676826477051 20614
1669367843328 0.7639927864074707 20831
1669367919306 0.7840105295181274 21048
1669367995266 0.7663969397544861 21265
1669368070851 0.7596477270126343 21482
1669368146661 0.7667328715324402 21699
1669368222317 0.7684063911437988 21916
1669368298356 0.7575860619544983 22133
1669368374395 0.7564231753349304 22350
1669368450427 0.7726011872291565 22567
1669368526224 0.7599587440490723 22784
1669368602623 0.753217875957489 23001
1669368678837 0.7739114165306091 23218
1669368754964 0.7663390636444092 23435
1669368830970 0.765103280544281 23652
1669368906896 0.7750701904296875 23869
1669368982625 0.7790393829345703 24086
1669369058541 0.7669804692268372 24303
1669369134399 0.7739761471748352 24520
1669369210139 0.7644316554069519 24737
1669369286248 0.7767520546913147 24954
1669369362381 0.7734876275062561 25171
1669369438860 0.7729865312576294 25388
1669369514725 0.7758822441101074 25605
1669369590600 0.7699395418167114 25822
1669369667250 0.7591233849525452 26039
1669369742933 0.7656262516975403 26256
1669369818984 0.7617671489715576 26473
1669369895265 0.765645444393158 26690
1669369971312 0.7735425233840942 26907
1669370047326 0.7667824029922485 27124
1669370123435 0.762909471988678 27341
1669370199393 0.7638123631477356 27558
1669370274816 0.762753963470459 27775
1669370350774 0.7636417746543884 27992
1669370427201 0.7799587845802307 28209
1669370503131 0.7638537287712097 28426
1669370579185 0.7653840184211731 28643
1669370654676 0.7659428119659424 28860
1669370730713 0.7633939385414124 29077
1669370806817 0.7796779870986938 29294
1669370882559 0.7635452747344971 29511
1669370958428 0.7636679410934448 29728
1669371034244 0.7807321548461914 29945
1669371110133 0.7704018950462341 30162
1669371186171 0.7722819447517395 30379
1669371261858 0.7653565406799316 30596
1669371338021 0.7706359028816223 30813
1669371413783 0.765282154083252 31030
1669371490945 0.7693504691123962 31247
1669371567593 0.7770905494689941 31464
1669371644999 0.7667520046234131 31681
1669371722523 0.7691880464553833 31898
1669371800262 0.7619268298149109 32115
1669371876885 0.7657583355903625 32332
1669371953347 0.7738233208656311 32549
1669372029104 0.7707983255386353 32766
1669372104965 0.7714644074440002 32983
1669372180989 0.7797881364822388 33200
1669372256778 0.7738124132156372 33417
1669372333146 0.776022732257843 33634
1669372409695 0.7678998708724976 33851
1669372485630 0.766454815864563 34068
1669372561582 0.7704046964645386 34285
1669372638042 0.784717857837677 34502
1669372714114 0.7770795822143555 34719
1669372791413 0.7738344073295593 34936
1669372867324 0.753545343875885 35153
1669372943027 0.7762208580970764 35370
1669373019008 0.7734105587005615 35587
1669373094641 0.7573700547218323 35804
1669373170521 0.7723948359489441 36021
1669373246325 0.7796230912208557 36238
1669373322238 0.7753551602363586 36455
1669373398408 0.7677168250083923 36672
1669373474540 0.7667630910873413 36889
1669373550826 0.7693835496902466 37106
1669373627125 0.7847977876663208 37323
1669373703413 0.7701336145401001 37540
1669373779250 0.7561051845550537 37757
1669373855453 0.7719529867172241 37974
1669373931387 0.7709304094314575 38191
1669374007915 0.7709895968437195 38408
1669374084076 0.7713873386383057 38625
1669374159999 0.7603468894958496 38842
1669374236704 0.7764520049095154 39059
1669374312966 0.7732343077659607 39276
1669374389548 0.7750124931335449 39493
1669374465678 0.7777292132377625 39710
1669374542024 0.7594178915023804 39927
1669374618138 0.7689762115478516 40144
1669374693942 0.7601789832115173 40361
1669374770348 0.7600743770599365 40578
1669374846642 0.7719460725784302 40795
1669374922833 0.7814520597457886 41012
1669374998925 0.7700386047363281 41229
1669375074968 0.7882714867591858 41446
1669375151144 0.7844799160957336 41663
1669375227169 0.7728103399276733 41880
1669375303245 0.7725434303283691 42097
1669375379364 0.7874347567558289 42314
1669375455412 0.7731022238731384 42531
1669375531601 0.7806070446968079 42748
1669375607975 0.7791990637779236 42965
1669375683919 0.7715111970901489 43182
1669375759646 0.7658381462097168 43399
1669375835490 0.7714836597442627 43616
1669375911627 0.7716556787490845 43833
1669375988477 0.7748045325279236 44050
1669376064477 0.7525048851966858 44267
1669376140624 0.7679755687713623 44484
1669376216618 0.7624745965003967 44701
1669376292441 0.7654803991317749 44918
1669376368687 0.7753730416297913 45135
1669376444829 0.7736417055130005 45352
1669376520513 0.777398943901062 45569
1669376596659 0.7769460678100586 45786
1669376673137 0.7683623433113098 46003
1669376749328 0.7832164764404297 46220
1669376824964 0.778516411781311 46437
1669376900882 0.7593642473220825 46654
1669376977017 0.763603150844574 46871
1669377053241 0.7777649760246277 47088
1669377129220 0.7529054284095764 47305
1669377205222 0.7770232558250427 47522
1669377281306 0.7695157527923584 47739
1669377357346 0.7639775276184082 47956
1669377433383 0.7651445269584656 48173
1669377509572 0.7755395174026489 48390
1669377585405 0.7609661221504211 48607
1669377661128 0.7849862575531006 48824
1669377737286 0.7760694026947021 49041
1669377813200 0.7602395415306091 49258
1669377889225 0.7787091732025146 49475
1669377965645 0.7689334750175476 49692
1669378041607 0.7522599101066589 49909
1669378117707 0.7733691930770874 50126
1669378194004 0.7724525928497314 50343
1669378269948 0.764836311340332 50560
1669378345865 0.7637379765510559 50777
1669378422071 0.7743807435035706 50994
1669378497900 0.7727058529853821 51211
1669378574220 0.783369243144989 51428
1669378649987 0.779017448425293 51645
1669378726261 0.7739196419715881 51862
1669378802420 0.7860502004623413 52079
1669378878859 0.77637779712677 52296
1669378954754 0.763033390045166 52513
1669379030743 0.7894577980041504 52730
1669379106845 0.7675530910491943 52947
1669379183294 0.7781475782394409 53164
1669379259464 0.7816653251647949 53381
1669379335524 0.7750757932662964 53598
1669379411993 0.7848748564720154 53815
1669379487712 0.7680925130844116 54032
1669379564010 0.7643187642097473 54249
1669379639857 0.7698940634727478 54466
1669379716113 0.7712194919586182 54683
1669379791983 0.7770328521728516 54900
1669379867836 0.7816845178604126 55117
1669379943595 0.7677168250083923 55334
1669380019280 0.7792266011238098 55551
1669380095427 0.7650290131568909 55768
1669380171289 0.7738316655158997 55985
1669380247163 0.7673824429512024 56202
1669380322946 0.7715030312538147 56419
1669380398772 0.7719515562057495 56636
1669380474662 0.7597083449363708 56853
1669380550658 0.7720617055892944 57070
1669380626468 0.7696697115898132 57287
1669380702385 0.7689265608787537 57504
1669380778290 0.7742581963539124 57721
1669380853947 0.7757060527801514 57938
1669380930030 0.7769420742988586 58155
1669381006069 0.7702670693397522 58372
1669381081883 0.7702987194061279 58589
1669381157907 0.7774498462677002 58806
1669381234143 0.7679466605186462 59023
1669381309991 0.7818772792816162 59240
1669381386178 0.7764163017272949 59457
1669381462364 0.7707679867744446 59674
1669381538128 0.7777168154716492 59891
1669381614262 0.7765896916389465 60108
1669381690307 0.7735260725021362 60325
1669381766107 0.7905561327934265 60542
1669381842130 0.763195812702179 60759
1669381918198 0.7754501104354858 60976
1669381993957 0.752763569355011 61193
1669382069921 0.7760170698165894 61410
1669382145714 0.770187258720398 61627
1669382221991 0.7762510180473328 61844
1669382297628 0.7717149257659912 62061
1669382373589 0.7806965112686157 62278
1669382449297 0.775499701499939 62495
1669382525658 0.771153450012207 62712
1669382601534 0.7695706486701965 62929
1669382677510 0.7852903604507446 63146
1669382753369 0.7833223938941956 63363
1669382829497 0.7847784757614136 63580
1669382904947 0.7932921051979065 63797
1669382981080 0.7773960828781128 64014
1669383056824 0.7787408828735352 64231
1669383132965 0.7746409177780151 64448
1669383208670 0.7740848064422607 64665
1669383284370 0.7585825324058533 64882
1669383360208 0.7829067707061768 65099
