1669645438863 0.4202312231063843 216
1669645514284 0.426300585269928 433
1669645590341 0.426300585269928 650
1669645666009 0.41965317726135254 867
1669645742089 0.42210981249809265 1084
1669645818237 0.4166184961795807 1301
1669645894417 0.4203757345676422 1518
1669645970076 0.4226878583431244 1735
1669646046388 0.4223988354206085 1952
1669646122440 0.42572253942489624 2169
1669646198435 0.423554927110672 2386
1669646274470 0.43511560559272766 2603
1669646350535 0.44190752506256104 2820
1669646426680 0.4381502866744995 3037
1669646503031 0.4388728439807892 3254
1669646579167 0.43583816289901733 3471
1669646655416 0.4364161789417267 3688
1669646731625 0.42774567008018494 3905
1669646808015 0.4374277591705322 4122
1669646884115 0.4375722408294678 4339
1669646960218 0.44147399067878723 4556
1669647036554 0.44190752506256104 4773
1669647112795 0.43945086002349854 4990
1669647188536 0.42774567008018494 5207
1669647264661 0.43381503224372864 5424
1669647340913 0.44234102964401245 5641
1669647417735 0.44031792879104614 5858
1669647493724 0.44031792879104614 6075
1669647569730 0.4381502866744995 6292
1669647645754 0.4352601170539856 6509
1669647721576 0.4374277591705322 6726
1669647797890 0.43106937408447266 6943
1669647873944 0.426300585269928 7160
1669647950070 0.4410404562950134 7377
1669648026005 0.4384393095970154 7594
1669648102387 0.4247109889984131 7811
1669648178745 0.4315028786659241 8028
1669648255313 0.43540462851524353 8245
1669648331687 0.4242774546146393 8462
1669648408032 0.42947977781295776 8679
1669648484239 0.4315028786659241 8896
1669648560339 0.4336705207824707 9113
1669648636561 0.4328034818172455 9330
1669648712716 0.4372832477092743 9547
1669648788982 0.4300577938556671 9764
1669648865270 0.4260115623474121 9981
1669648941933 0.4271676242351532 10198
1669649018145 0.4320809245109558 10415
1669649094544 0.4296242892742157 10632
1669649171273 0.4356936514377594 10849
1669649247522 0.42572253942489624 11066
1669649323902 0.42976880073547363 11283
1669649399877 0.43179190158843994 11500
1669649475895 0.42543351650238037 11717
1669649552227 0.431647390127182 11934
1669649628545 0.4336705207824707 12151
1669649704889 0.4349710941314697 12368
1669649781176 0.4300577938556671 12585
1669649857257 0.4304913282394409 12802
1669649933492 0.4242774546146393 13019
1669650009454 0.4343930780887604 13236
1669650085839 0.430346816778183 13453
1669650162109 0.42528900504112244 13670
1669650238589 0.4247109889984131 13887
1669650314739 0.42817920446395874 14104
1669650391335 0.42861270904541016 14321
1669650467407 0.42456647753715515 14538
1669650544122 0.42861270904541016 14755
1669650620300 0.4352601170539856 14972
1669650696454 0.42658960819244385 15189
1669650772961 0.4283236861228943 15406
1669650849399 0.42008671164512634 15623
1669650925919 0.4251445233821869 15840
1669651002102 0.43338149785995483 16057
1669651078743 0.42658960819244385 16274
1669651154646 0.4271676242351532 16491
1669651231093 0.42789018154144287 16708
1669651307251 0.43063583970069885 16925
1669651383549 0.42731213569641113 17142
1669651459569 0.42933526635169983 17359
1669651536121 0.42543351650238037 17576
1669651612442 0.4238439202308655 17793
1669651688612 0.42731213569641113 18010
1669651764882 0.42369940876960754 18227
1669651841118 0.4307803511619568 18444
1669651917373 0.42687860131263733 18661
1669651993183 0.42933526635169983 18878
1669652069741 0.4219653308391571 19095
1669652145754 0.4264450967311859 19312
1669652222190 0.42138728499412537 19529
1669652298244 0.4238439202308655 19746
1669652374771 0.4239884316921234 19963
1669652450770 0.4323699474334717 20180
1669652527105 0.4231213927268982 20397
1669652603478 0.426300585269928 20614
1669652679625 0.4284681975841522 20831
1669652756065 0.42774567008018494 21048
1669652832143 0.42369940876960754 21265
1669652908577 0.42167630791664124 21482
1669652984789 0.42341041564941406 21699
1669653061323 0.4238439202308655 21916
1669653137595 0.4264450967311859 22133
1669653214227 0.4215317964553833 22350
1669653290408 0.4223988354206085 22567
1669653366754 0.4260115623474121 22784
1669653442882 0.4203757345676422 23001
1669653519099 0.4228323698043823 23218
1669653595226 0.42976880073547363 23435
1669653671735 0.43106937408447266 23652
1669653748111 0.42947977781295776 23869
1669653824237 0.4264450967311859 24086
1669653900769 0.4242774546146393 24303
1669653976785 0.4195086658000946 24520
1669654053201 0.42789018154144287 24737
1669654129603 0.4247109889984131 24954
1669654206026 0.4239884316921234 25171
1669654282282 0.4167630076408386 25388
1669654358565 0.423554927110672 25605
1669654434927 0.41965317726135254 25822
1669654511066 0.423554927110672 26039
1669654587844 0.42456647753715515 26256
1669654664093 0.4247109889984131 26473
1669654740395 0.42702311277389526 26690
1669654816712 0.4223988354206085 26907
1669654892763 0.42413294315338135 27124
1669654969037 0.42687860131263733 27341
1669655046200 0.4300577938556671 27558
1669655122552 0.42080923914909363 27775
1669655199010 0.4260115623474121 27992
1669655275529 0.42500001192092896 28209
1669655352384 0.42341041564941406 28426
1669655428785 0.42731213569641113 28643
1669655505269 0.4352601170539856 28860
1669655581996 0.43381503224372864 29077
1669655658620 0.431647390127182 29294
1669655735125 0.4283236861228943 29511
1669655812056 0.428901731967926 29728
1669655888704 0.42572253942489624 29945
1669655965266 0.43135836720466614 30162
1669656041659 0.42817920446395874 30379
1669656118252 0.41965317726135254 30596
1669656194433 0.41965317726135254 30813
1669656271274 0.4231213927268982 31030
1669656347631 0.42369940876960754 31247
1669656424375 0.42702311277389526 31464
1669656500651 0.4226878583431244 31681
1669656577628 0.4307803511619568 31898
1669656653769 0.41921964287757874 32115
1669656730684 0.4228323698043823 32332
1669656807003 0.4242774546146393 32549
1669656883837 0.42702311277389526 32766
1669656960013 0.42182081937789917 32983
1669657036560 0.4238439202308655 33200
1669657113002 0.42976880073547363 33417
1669657189234 0.43063583970069885 33634
1669657265717 0.4299132823944092 33851
1669657342151 0.42817920446395874 34068
1669657418711 0.42297688126564026 34285
1669657495360 0.42774567008018494 34502
1669657571834 0.4300577938556671 34719
1669657648396 0.4190751314163208 34936
1669657725031 0.4267340898513794 35153
1669657801957 0.4284681975841522 35370
1669657878298 0.4280346930027008 35587
1669657954864 0.426300585269928 35804
1669658031237 0.41893064975738525 36021
1669658107565 0.42413294315338135 36238
1669658184200 0.42861270904541016 36455
1669658260522 0.426300585269928 36672
1669658336591 0.41849711537361145 36889
1669658413191 0.42817920446395874 37106
1669658489827 0.42817920446395874 37323
1669658566245 0.4251445233821869 37540
1669658642713 0.42904624342918396 37757
1669658718956 0.42774567008018494 37974
1669658795222 0.43135836720466614 38191
1669658871893 0.42326590418815613 38408
1669658948591 0.4319364130496979 38625
1669659025206 0.42456647753715515 38842
1669659101501 0.42774567008018494 39059
1669659177614 0.42774567008018494 39276
1669659254306 0.4251445233821869 39493
1669659330749 0.42658960819244385 39710
1669659407224 0.42774567008018494 39927
1669659484046 0.4183526039123535 40144
1669659560238 0.4271676242351532 40361
1669659636853 0.4239884316921234 40578
1669659713421 0.4300577938556671 40795
1669659790206 0.4255780279636383 41012
1669659866523 0.43179190158843994 41229
1669659943072 0.42543351650238037 41446
1669660019996 0.42976880073547363 41663
1669660096542 0.42731213569641113 41880
1669660173014 0.428901731967926 42097
1669660249507 0.42456647753715515 42314
1669660325988 0.4320809245109558 42531
1669660402668 0.43381503224372864 42748
1669660479016 0.4283236861228943 42965
1669660555843 0.42745664715766907 43182
1669660632462 0.4239884316921234 43399
1669660709063 0.4315028786659241 43616
1669660785795 0.43135836720466614 43833
1669660862114 0.4339595437049866 44050
1669660938893 0.424855500459671 44267
1669661015253 0.43309247493743896 44484
1669661091902 0.4203757345676422 44701
1669661168654 0.4231213927268982 44918
1669661244821 0.41936415433883667 45135
1669661321696 0.4271676242351532 45352
1669661398036 0.43179190158843994 45569
1669661474661 0.43106937408447266 45786
1669661551444 0.43106937408447266 46003
1669661627998 0.426300585269928 46220
1669661704472 0.428901731967926 46437
1669661780862 0.4247109889984131 46654
1669661857657 0.4312138855457306 46871
1669661934082 0.43338149785995483 47088
1669662010733 0.42789018154144287 47305
1669662086967 0.4296242892742157 47522
1669662163373 0.4260115623474121 47739
1669662239709 0.42904624342918396 47956
1669662316112 0.42254334688186646 48173
1669662392794 0.4319364130496979 48390
1669662469690 0.4222543239593506 48607
1669662545968 0.4280346930027008 48824
1669662622674 0.42182081937789917 49041
1669662698962 0.4315028786659241 49258
1669662775310 0.42543351650238037 49475
1669662851796 0.4283236861228943 49692
1669662928592 0.4238439202308655 49909
1669663005113 0.42658960819244385 50126
1669663081620 0.4267340898513794 50343
1669663157997 0.42731213569641113 50560
1669663234344 0.42254334688186646 50777
1669663310718 0.4239884316921234 50994
1669663387338 0.4304913282394409 51211
1669663463694 0.426300585269928 51428
1669663539960 0.42687860131263733 51645
1669663616992 0.4365606904029846 51862
1669663693548 0.42687860131263733 52079
1669663770086 0.42687860131263733 52296
1669663846421 0.42976880073547363 52513
1669663922841 0.4251445233821869 52730
1669663999177 0.42789018154144287 52947
1669664075916 0.4255780279636383 53164
1669664152344 0.430346816778183 53381
1669664229025 0.43713873624801636 53598
1669664306100 0.4271676242351532 53815
1669664383143 0.43309247493743896 54032
1669664459836 0.4345375597476959 54249
1669664536039 0.4283236861228943 54466
1669664612704 0.4283236861228943 54683
1669664689232 0.4239884316921234 54900
1669664765724 0.43265897035598755 55117
1669664842037 0.42976880073547363 55334
1669664918518 0.42658960819244385 55551
1669664994812 0.4271676242351532 55768
1669665071402 0.41936415433883667 55985
1669665147662 0.4328034818172455 56202
1669665224225 0.430346816778183 56419
1669665300512 0.431647390127182 56636
1669665376597 0.42687860131263733 56853
1669665453106 0.41763004660606384 57070
1669665529624 0.4258670508861542 57287
1669665606557 0.42789018154144287 57504
1669665682691 0.43352600932121277 57721
1669665758992 0.4242774546146393 57938
1669665835495 0.42774567008018494 58155
1669665911938 0.4312138855457306 58372
1669665988061 0.4219653308391571 58589
1669666064566 0.43540462851524353 58806
1669666140983 0.43063583970069885 59023
1669666217271 0.44118496775627136 59240
1669666294035 0.42687860131263733 59457
1669666370370 0.42658960819244385 59674
1669666447179 0.4231213927268982 59891
1669666523546 0.426300585269928 60108
1669666600195 0.4258670508861542 60325
1669666676562 0.4287572205066681 60542
1669666753406 0.42687860131263733 60759
1669666829698 0.428901731967926 60976
1669666906317 0.4352601170539856 61193
1669666982644 0.42774567008018494 61410
1669667058967 0.42702311277389526 61627
1669667135306 0.4283236861228943 61844
1669667211885 0.42933526635169983 62061
1669667288374 0.4319364130496979 62278
1669667364940 0.4296242892742157 62495
1669667441267 0.43786126375198364 62712
1669667517734 0.4300577938556671 62929
1669667594570 0.4258670508861542 63146
1669667671071 0.4291907548904419 63363
1669667748075 0.4280346930027008 63580
1669667824251 0.4319364130496979 63797
1669667900947 0.4300577938556671 64014
1669667977515 0.4239884316921234 64231
1669668053966 0.43106937408447266 64448
1669668130598 0.4267340898513794 64665
1669668207028 0.4339595437049866 64882
1669668287786 0.42543351650238037 65099
