1669645438863 1.7493977938354786 216
1669645514284 1.7309400689152843 433
1669645590341 1.7065375282921604 650
1669645666009 1.6976616866101544 867
1669645742089 1.6860726284611824 1084
1669645818237 1.6835215197136755 1301
1669645894417 1.6778043340329327 1518
1669645970076 1.6770773433222945 1735
1669646046388 1.6741072345654064 1952
1669646122440 1.6758144172178011 2169
1669646198435 1.674083506281972 2386
1669646274470 1.6710435183523533 2603
1669646350535 1.6700270207498313 2820
1669646426680 1.6716036135468175 3037
1669646503031 1.6716406097295233 3254
1669646579167 1.6711716646376156 3471
1669646655416 1.669633846146584 3688
1669646731625 1.6679993666273307 3905
1669646808015 1.6700176957794297 4122
1669646884115 1.6684860007579365 4339
1669646960218 1.6663962469390723 4556
1669647036554 1.6651393502215335 4773
1669647112795 1.668513849492086 4990
1669647188536 1.6666126491591904 5207
1669647264661 1.6659467567728699 5424
1669647340913 1.6648714072674744 5641
1669647417735 1.6644988084843682 5858
1669647493724 1.6656126777024007 6075
1669647569730 1.664151359268508 6292
1669647645754 1.6634660539075814 6509
1669647721576 1.6635139164501538 6726
1669647797890 1.664776212689909 6943
1669647873944 1.6641352594530594 7160
1669647950070 1.663672476996981 7377
1669648026005 1.6625050813232491 7594
1669648102387 1.6625110112582615 7811
1669648178745 1.6607856934029126 8028
1669648255313 1.6596189036389124 8245
1669648331687 1.6629997790598807 8462
1669648408032 1.6601716469012164 8679
1669648484239 1.661188263951848 8896
1669648560339 1.6607437195587886 9113
1669648636561 1.659145850000601 9330
1669648712716 1.6595674216689145 9547
1669648788982 1.6592401058547668 9764
1669648865270 1.659045672728221 9981
1669648941933 1.6607470884611302 10198
1669649018145 1.6586870092266919 10415
1669649094544 1.6592081154087066 10632
1669649171273 1.6584389488224978 10849
1669649247522 1.6589747178064067 11066
1669649323902 1.6585698986002382 11283
1669649399877 1.6584665058339882 11500
1669649475895 1.6579768963768131 11717
1669649552227 1.6572402430527868 11934
1669649628545 1.6570178083282847 12151
1669649704889 1.6583312856324484 12368
1669649781176 1.6567556079095287 12585
1669649857257 1.6582159431418824 12802
1669649933492 1.6569998297708033 13019
1669650009454 1.6568233403342643 13236
1669650085839 1.6584881588085827 13453
1669650162109 1.657114906500037 13670
1669650238589 1.6569927690728459 13887
1669650314739 1.6567999949605883 14104
1669650391335 1.6580584348485061 14321
1669650467407 1.6556675529155807 14538
1669650544122 1.6558272980341857 14755
1669650620300 1.6563262834995498 14972
1669650696454 1.6573518457929024 15189
1669650772961 1.6563079223689976 15406
1669650849399 1.655311813884805 15623
1669650925919 1.6562468112720787 15840
1669651002102 1.656691013965919 16057
1669651078743 1.6566738145182607 16274
1669651154646 1.6559982011703733 16491
1669651231093 1.6541402153640934 16708
1669651307251 1.6549278112224506 16925
1669651383549 1.653948976685221 17142
1669651459569 1.6549055945942668 17359
1669651536121 1.6560560315327908 17576
1669651612442 1.653967138402652 17793
1669651688612 1.654907041378633 18010
1669651764882 1.6547890771557028 18227
1669651841118 1.6547435106180868 18444
1669651917373 1.6550490010818408 18661
1669651993183 1.6547404024515409 18878
1669652069741 1.6550068476096869 19095
1669652145754 1.6542084834090782 19312
1669652222190 1.6542998657210364 19529
1669652298244 1.654054342600053 19746
1669652374771 1.6546329467829926 19963
1669652450770 1.6531043006957344 20180
1669652527105 1.6543553496056047 20397
1669652603478 1.6539112653564798 20614
1669652679625 1.6540888997523073 20831
1669652756065 1.6528508412464904 21048
1669652832143 1.6531905242172424 21265
1669652908577 1.6539441406167532 21482
1669652984789 1.6546874495624009 21699
1669653061323 1.653269757730217 21916
1669653137595 1.6531221801533118 22133
1669653214227 1.6532874790969456 22350
1669653290408 1.653178610930856 22567
1669653366754 1.6530216653120224 22784
1669653442882 1.6528699793398294 23001
1669653519099 1.6521530067177193 23218
1669653595226 1.65395047785603 23435
1669653671735 1.6513442352418308 23652
1669653748111 1.6525852991342187 23869
1669653824237 1.6529500889250384 24086
1669653900769 1.652432559411957 24303
1669653976785 1.6531763172190004 24520
1669654053201 1.6520967660378068 24737
1669654129603 1.651134039167817 24954
1669654206026 1.6518701306252501 25171
1669654282282 1.6533378042725935 25388
1669654358565 1.6527473287081353 25605
1669654434927 1.6519625848378203 25822
1669654511066 1.6524022193658348 26039
1669654587844 1.6534243456964226 26256
1669654664093 1.6516110226078307 26473
1669654740395 1.651527638350932 26690
1669654816712 1.6526317610804575 26907
1669654892763 1.6514610757542019 27124
1669654969037 1.6503625085224716 27341
1669655046200 1.651700601124942 27558
1669655122552 1.6517727306299046 27775
1669655199010 1.6511547233953192 27992
1669655275529 1.6517332713047126 28209
1669655352384 1.6517652305653914 28426
1669655428785 1.6502511657175074 28643
1669655505269 1.6511122790502815 28860
1669655581996 1.6513973776597308 29077
1669655658620 1.6510401093736395 29294
1669655735125 1.651378877597201 29511
1669655812056 1.652638226599425 29728
1669655888704 1.6512869511347095 29945
1669655965266 1.6512289791335966 30162
1669656041659 1.6505023013631352 30379
1669656118252 1.6521303744802611 30596
1669656194433 1.6521143528763698 30813
1669656271274 1.6500170014436546 31030
1669656347631 1.650253119951012 31247
1669656424375 1.6503752107738396 31464
1669656500651 1.6516940515805858 31681
1669656577628 1.6495683031296584 31898
1669656653769 1.6511958561503495 32115
1669656730684 1.651400082690224 32332
1669656807003 1.650662451497889 32549
1669656883837 1.6504566358010986 32766
1669656960013 1.6509053591425906 32983
1669657036560 1.6504270870946276 33200
1669657113002 1.6491034893587417 33417
1669657189234 1.648861257091371 33634
1669657265717 1.649128152949235 33851
1669657342151 1.6504306487022344 34068
1669657418711 1.6512234246719986 34285
1669657495360 1.6496194505942643 34502
1669657571834 1.6506695489520307 34719
1669657648396 1.651904315128595 34936
1669657725031 1.6499741847929004 35153
1669657801957 1.6498264709023704 35370
1669657878298 1.6494297370756397 35587
1669657954864 1.6509238063704885 35804
1669658031237 1.6493775812558056 36021
1669658107565 1.6510068085168281 36238
1669658184200 1.6502605799383563 36455
1669658260522 1.6500915485812475 36672
1669658336591 1.6504793222299818 36889
1669658413191 1.650160183233798 37106
1669658489827 1.6501104217957518 37323
1669658566245 1.6504090266960008 37540
1669658642713 1.6489102184370303 37757
1669658718956 1.6503666739053406 37974
1669658795222 1.650010485826142 38191
1669658871893 1.649722495290632 38408
1669658948591 1.649941338096234 38625
1669659025206 1.650389903305355 38842
1669659101501 1.64889828150505 39059
1669659177614 1.6483860996126354 39276
1669659254306 1.6503239545394655 39493
1669659330749 1.6487593724745144 39710
1669659407224 1.6493017188206456 39927
1669659484046 1.6502652725970604 40144
1669659560238 1.6490182324433267 40361
1669659636853 1.6498364183104763 40578
1669659713421 1.6484322729080512 40795
1669659790206 1.6482729233780378 41012
1669659866523 1.6495092668064737 41229
1669659943072 1.6495090117582387 41446
1669660019996 1.6490273985738635 41663
1669660096542 1.6492776250413355 41880
1669660173014 1.6479427067256305 42097
1669660249507 1.648961005530352 42314
1669660325988 1.6487441608526434 42531
1669660402668 1.6481593199207685 42748
1669660479016 1.6483647719734102 42965
1669660555843 1.649917263079377 43182
1669660632462 1.6481279783600673 43399
1669660709063 1.6477830977680925 43616
1669660785795 1.6492611199284484 43833
1669660862114 1.6476566372795358 44050
1669660938893 1.6496125415275926 44267
1669661015253 1.6491724650164648 44484
1669661091902 1.650299711101684 44701
1669661168654 1.648632476889061 44918
1669661244821 1.649102079506959 45135
1669661321696 1.6493727983251987 45352
1669661398036 1.6484882304761124 45569
1669661474661 1.6486913392331064 45786
1669661551444 1.6478773950841792 46003
1669661627998 1.6487451832091264 46220
1669661704472 1.6481555646116894 46437
1669661780862 1.6496957627233297 46654
1669661857657 1.6479711462948885 46871
1669661934082 1.6483174474780806 47088
1669662010733 1.6480648511513252 47305
1669662086967 1.6484206829876709 47522
1669662163373 1.6476534118908475 47739
1669662239709 1.6487269485463334 47956
1669662316112 1.6467636189276262 48173
1669662392794 1.6478503431921063 48390
1669662469690 1.6491235376683169 48607
1669662545968 1.6489023309002964 48824
1669662622674 1.647284811243703 49041
1669662698962 1.646945876912058 49258
1669662775310 1.6481659607668129 49475
1669662851796 1.647572006631997 49692
1669662928592 1.6496183931044557 49909
1669663005113 1.6486949668641826 50126
1669663081620 1.6474642210127552 50343
1669663157997 1.6483917044430167 50560
1669663234344 1.6475922675747332 50777
1669663310718 1.6476740267867263 50994
1669663387338 1.647288096798273 51211
1669663463694 1.647819469978491 51428
1669663539960 1.646717877516467 51645
1669663616992 1.6473221172476396 51862
1669663693548 1.6473142722355487 52079
1669663770086 1.6480008837736357 52296
1669663846421 1.648071215788551 52513
1669663922841 1.6476645072529934 52730
1669663999177 1.6469844832406324 52947
1669664075916 1.6471976530744479 53164
1669664152344 1.646884767470031 53381
1669664229025 1.6453341020432803 53598
1669664306100 1.6467070601536362 53815
1669664383143 1.647705209718775 54032
1669664459836 1.6472484245140073 54249
1669664536039 1.6480649964556942 54466
1669664612704 1.6456469591315934 54683
1669664689232 1.647609197302353 54900
1669664765724 1.6461917044792318 55117
1669664842037 1.6484069512782193 55334
1669664918518 1.6477692039367386 55551
1669664994812 1.6478641629518942 55768
1669665071402 1.6483435001245261 55985
1669665147662 1.6481468087516837 56202
1669665224225 1.6464223301613217 56419
1669665300512 1.6479038852032986 56636
1669665376597 1.6473108314220275 56853
1669665453106 1.6468640831351118 57070
1669665529624 1.6470775039402574 57287
1669665606557 1.6470082225036766 57504
1669665682691 1.6470539609247588 57721
1669665758992 1.6476513316229613 57938
1669665835495 1.647532363855897 58155
1669665911938 1.6472517632834116 58372
1669665988061 1.648416732995878 58589
1669666064566 1.6465039458123643 58806
1669666140983 1.645890194786998 59023
1669666217271 1.6452739953987565 59240
1669666294035 1.6473242505429757 59457
1669666370370 1.647474860882065 59674
1669666447179 1.6481418206185454 59891
1669666523546 1.6469340749985677 60108
1669666600195 1.6463619551732322 60325
1669666676562 1.6460915419132314 60542
1669666753406 1.646598536302861 60759
1669666829698 1.6456389061779528 60976
1669666906317 1.6466850993301245 61193
1669666982644 1.6474362282024093 61410
1669667058967 1.6464752879693918 61627
1669667135306 1.6468475463924939 61844
1669667211885 1.646187513544676 62061
1669667288374 1.645639553336953 62278
1669667364940 1.6459581720854184 62495
1669667441267 1.6453081896732271 62712
1669667517734 1.6468897473595103 62929
1669667594570 1.6470164148841477 63146
1669667671071 1.6451919648469817 63363
1669667748075 1.6454097817245974 63580
1669667824251 1.6470939366970958 63797
1669667900947 1.6464770173347587 64014
1669667977515 1.6479111132228448 64231
1669668053966 1.6459001242977602 64448
1669668130598 1.6463199268759259 64665
1669668207028 1.6473375061513766 64882
1669668287786 1.64550900179123 65099
