1669645438863 0.588524580001831 216
1669645514284 0.5730662941932678 433
1669645590341 0.5693421363830566 650
1669645666009 0.5767285227775574 867
1669645742089 0.589691698551178 1084
1669645818237 0.5479521155357361 1301
1669645894417 0.5792361497879028 1518
1669645970076 0.5482383370399475 1735
1669646046388 0.5633952617645264 1952
1669646122440 0.5608946084976196 2169
1669646198435 0.5704183578491211 2386
1669646274470 0.5680180788040161 2603
1669646350535 0.572821319103241 2820
1669646426680 0.5533360242843628 3037
1669646503031 0.5740242004394531 3254
1669646579167 0.5546435117721558 3471
1669646655416 0.5553922057151794 3688
1669646731625 0.5637462139129639 3905
1669646808015 0.5674868822097778 4122
1669646884115 0.5569941997528076 4339
1669646960218 0.5559729933738708 4556
1669647036554 0.5502091646194458 4773
1669647112795 0.5543545484542847 4990
1669647188536 0.5576644539833069 5207
1669647264661 0.5631626844406128 5424
1669647340913 0.5676934123039246 5641
1669647417735 0.5589980483055115 5858
1669647493724 0.561204195022583 6075
1669647569730 0.5560184121131897 6292
1669647645754 0.5581503510475159 6509
1669647721576 0.5691522359848022 6726
1669647797890 0.5682657957077026 6943
1669647873944 0.5553894639015198 7160
1669647950070 0.5644260048866272 7377
1669648026005 0.5569611191749573 7594
1669648102387 0.5566611289978027 7811
1669648178745 0.550096333026886 8028
1669648255313 0.5593833923339844 8245
1669648331687 0.5556344389915466 8462
1669648408032 0.5454389452934265 8679
1669648484239 0.553386926651001 8896
1669648560339 0.5701981782913208 9113
1669648636561 0.574365496635437 9330
1669648712716 0.5573768019676208 9547
1669648788982 0.565068781375885 9764
1669648865270 0.5421634316444397 9981
1669648941933 0.5556536912918091 10198
1669649018145 0.5680896639823914 10415
1669649094544 0.5671291351318359 10632
1669649171273 0.5572433471679688 10849
1669649247522 0.5585823655128479 11066
1669649323902 0.5582080483436584 11283
1669649399877 0.550510585308075 11500
1669649475895 0.5502889752388 11717
1669649552227 0.573523223400116 11934
1669649628545 0.5544177889823914 12151
1669649704889 0.5512509942054749 12368
1669649781176 0.5673080086708069 12585
1669649857257 0.5453192591667175 12802
1669649933492 0.5544081926345825 13019
1669650009454 0.5662729740142822 13236
1669650085839 0.5524730682373047 13453
1669650162109 0.5540778636932373 13670
1669650238589 0.5548747181892395 13887
1669650314739 0.5643173456192017 14104
1669650391335 0.5600797533988953 14321
1669650467407 0.5545293092727661 14538
1669650544122 0.5582466125488281 14755
1669650620300 0.5568785667419434 14972
1669650696454 0.5489279627799988 15189
1669650772961 0.5588439106941223 15406
1669650849399 0.557051956653595 15623
1669650925919 0.5534104108810425 15840
1669651002102 0.5402601361274719 16057
1669651078743 0.5644989609718323 16274
1669651154646 0.5543931126594543 16491
1669651231093 0.5468978881835938 16708
1669651307251 0.5539361238479614 16925
1669651383549 0.5521675944328308 17142
1669651459569 0.5554624199867249 17359
1669651536121 0.5624194741249084 17576
1669651612442 0.5686512589454651 17793
1669651688612 0.5646820664405823 18010
1669651764882 0.5482906699180603 18227
1669651841118 0.5736993551254272 18444
1669651917373 0.5520849823951721 18661
1669651993183 0.5589691400527954 18878
1669652069741 0.5537214279174805 19095
1669652145754 0.5616570115089417 19312
1669652222190 0.5577841401100159 19529
1669652298244 0.5553536415100098 19746
1669652374771 0.5542746186256409 19963
1669652450770 0.5539292693138123 20180
1669652527105 0.5579767823219299 20397
1669652603478 0.5681694746017456 20614
1669652679625 0.5477332472801208 20831
1669652756065 0.559859573841095 21048
1669652832143 0.5591714382171631 21265
1669652908577 0.5561464428901672 21482
1669652984789 0.5431736707687378 21699
1669653061323 0.5606908798217773 21916
1669653137595 0.5521029233932495 22133
1669653214227 0.5386126637458801 22350
1669653290408 0.5557996034622192 22567
1669653366754 0.5414588451385498 22784
1669653442882 0.5534681677818298 23001
1669653519099 0.552697479724884 23218
1669653595226 0.558092474937439 23435
1669653671735 0.5524910688400269 23652
1669653748111 0.5639911890029907 23869
1669653824237 0.5663927793502808 24086
1669653900769 0.5549683570861816 24303
1669653976785 0.5595417022705078 24520
1669654053201 0.5603275299072266 24737
1669654129603 0.5610459446907043 24954
1669654206026 0.5507321357727051 25171
1669654282282 0.5584777593612671 25388
1669654358565 0.5647535920143127 25605
1669654434927 0.5509688854217529 25822
1669654511066 0.554990291595459 26039
1669654587844 0.5452601313591003 26256
1669654664093 0.5378639698028564 26473
1669654740395 0.5543930530548096 26690
1669654816712 0.5591660141944885 26907
1669654892763 0.5452986359596252 27124
1669654969037 0.5564064979553223 27341
1669655046200 0.5575171113014221 27558
1669655122552 0.5415001511573792 27775
1669655199010 0.5560597777366638 27992
1669655275529 0.5740489959716797 28209
1669655352384 0.5545085668563843 28426
1669655428785 0.5568180084228516 28643
1669655505269 0.5607184171676636 28860
1669655581996 0.5500329732894897 29077
1669655658620 0.5575090050697327 29294
1669655735125 0.5563363432884216 29511
1669655812056 0.5463390350341797 29728
1669655888704 0.5473025441169739 29945
1669655965266 0.5592402815818787 30162
1669656041659 0.5654500126838684 30379
1669656118252 0.561845600605011 30596
1669656194433 0.5422350168228149 30813
1669656271274 0.5708724856376648 31030
1669656347631 0.5513927936553955 31247
1669656424375 0.5673492550849915 31464
1669656500651 0.5519047379493713 31681
1669656577628 0.5580952167510986 31898
1669656653769 0.5573657751083374 32115
1669656730684 0.5478846430778503 32332
1669656807003 0.555166482925415 32549
1669656883837 0.5620203018188477 32766
1669656960013 0.5549132823944092 32983
1669657036560 0.5573217272758484 33200
1669657113002 0.5675860047340393 33417
1669657189234 0.5700550079345703 33634
1669657265717 0.5529177188873291 33851
1669657342151 0.5495375990867615 34068
1669657418711 0.5533332824707031 34285
1669657495360 0.565606951713562 34502
1669657571834 0.5698127746582031 34719
1669657648396 0.550886332988739 34936
1669657725031 0.5550095438957214 35153
1669657801957 0.5582851767539978 35370
1669657878298 0.5611835718154907 35587
1669657954864 0.546319842338562 35804
1669658031237 0.5527649521827698 36021
1669658107565 0.5618332028388977 36238
1669658184200 0.5608546733856201 36455
1669658260522 0.5416088104248047 36672
1669658336591 0.5624181032180786 36889
1669658413191 0.5609440207481384 37106
1669658489827 0.5669969320297241 37323
1669658566245 0.5596504211425781 37540
1669658642713 0.5570685267448425 37757
1669658718956 0.5615785717964172 37974
1669658795222 0.5495541095733643 38191
1669658871893 0.5496558547019958 38408
1669658948591 0.5595925450325012 38625
1669659025206 0.5514808893203735 38842
1669659101501 0.5577400922775269 39059
1669659177614 0.5543681979179382 39276
1669659254306 0.5521758794784546 39493
1669659330749 0.5691920518875122 39710
1669659407224 0.5514382123947144 39927
1669659484046 0.5479273200035095 40144
1669659560238 0.5479685664176941 40361
1669659636853 0.5584529638290405 40578
1669659713421 0.5608670115470886 40795
1669659790206 0.5511684417724609 41012
1669659866523 0.5597879886627197 41229
1669659943072 0.5601568222045898 41446
1669660019996 0.5577552914619446 41663
1669660096542 0.5488383769989014 41880
1669660173014 0.5648555159568787 42097
1669660249507 0.5496077537536621 42314
1669660325988 0.5531324148178101 42531
1669660402668 0.5555780529975891 42748
1669660479016 0.5624938011169434 42965
1669660555843 0.54659503698349 43182
1669660632462 0.5649517774581909 43399
1669660709063 0.5596435070037842 43616
1669660785795 0.5494397878646851 43833
1669660862114 0.5629727244377136 44050
1669660938893 0.5506743788719177 44267
1669661015253 0.5470106601715088 44484
1669661091902 0.5499476194381714 44701
1669661168654 0.5520120859146118 44918
1669661244821 0.5579245090484619 45135
1669661321696 0.5583429336547852 45352
1669661398036 0.5664932727813721 45569
1669661474661 0.5600425601005554 45786
1669661551444 0.5584200024604797 46003
1669661627998 0.5542898178100586 46220
1669661704472 0.5721001625061035 46437
1669661780862 0.5621441602706909 46654
1669661857657 0.5581172108650208 46871
1669661934082 0.5627167820930481 47088
1669662010733 0.5529905557632446 47305
1669662086967 0.5672928690910339 47522
1669662163373 0.562276303768158 47739
1669662239709 0.5433195233345032 47956
1669662316112 0.5463583469390869 48173
1669662392794 0.5532562136650085 48390
1669662469690 0.5628516674041748 48607
1669662545968 0.5598292946815491 48824
1669662622674 0.5559152364730835 49041
1669662698962 0.5567684769630432 49258
1669662775310 0.5538150072097778 49475
1669662851796 0.5584778189659119 49692
1669662928592 0.5512523651123047 49909
1669663005113 0.558152973651886 50126
1669663081620 0.5550330281257629 50343
1669663157997 0.5563198328018188 50560
1669663234344 0.550718367099762 50777
1669663310718 0.5593490600585938 50994
1669663387338 0.5593146085739136 51211
1669663463694 0.5585796236991882 51428
1669663539960 0.5604816675186157 51645
1669663616992 0.5546490550041199 51862
1669663693548 0.5632177591323853 52079
1669663770086 0.5625515580177307 52296
1669663846421 0.5443999171257019 52513
1669663922841 0.5658326148986816 52730
1669663999177 0.5624305009841919 52947
1669664075916 0.5587241053581238 53164
1669664152344 0.5572516322135925 53381
1669664229025 0.558942973613739 53598
1669664306100 0.556673526763916 53815
1669664383143 0.551117479801178 54032
1669664459836 0.5544012784957886 54249
1669664536039 0.5588342547416687 54466
1669664612704 0.5503206253051758 54683
1669664689232 0.5546600222587585 54900
1669664765724 0.5631461143493652 55117
1669664842037 0.5489595532417297 55334
1669664918518 0.5666968822479248 55551
1669664994812 0.5536801218986511 55768
1669665071402 0.5534599423408508 55985
1669665147662 0.5526561737060547 56202
1669665224225 0.5548940300941467 56419
1669665300512 0.5610349774360657 56636
1669665376597 0.5505422353744507 56853
1669665453106 0.5605009198188782 57070
1669665529624 0.5661271214485168 57287
1669665606557 0.556976318359375 57504
1669665682691 0.5572060942649841 57721
1669665758992 0.5587227940559387 57938
1669665835495 0.5574786067008972 58155
1669665911938 0.5551967620849609 58372
1669665988061 0.5395306944847107 58589
1669666064566 0.5702311992645264 58806
1669666140983 0.5599380135536194 59023
1669666217271 0.5615881681442261 59240
1669666294035 0.5513184666633606 59457
1669666370370 0.5625227093696594 59674
1669666447179 0.5632272958755493 59891
1669666523546 0.5576685667037964 60108
1669666600195 0.5563969612121582 60325
1669666676562 0.5555848479270935 60542
1669666753406 0.5592072606086731 60759
1669666829698 0.558212161064148 60976
1669666906317 0.5500426292419434 61193
1669666982644 0.5646407604217529 61410
1669667058967 0.5510349273681641 61627
1669667135306 0.5541866421699524 61844
1669667211885 0.5594027042388916 62061
1669667288374 0.5686044096946716 62278
1669667364940 0.5579630732536316 62495
1669667441267 0.5655161142349243 62712
1669667517734 0.5589346885681152 62929
1669667594570 0.5561574101448059 63146
1669667671071 0.5628942847251892 63363
1669667748075 0.5609248280525208 63580
1669667824251 0.5558215379714966 63797
1669667900947 0.5522047877311707 64014
1669667977515 0.5482203364372253 64231
1669668053966 0.5620147585868835 64448
1669668130598 0.5634104013442993 64665
1669668207028 0.5511918663978577 64882
1669668287786 0.5530663132667542 65099
