1669645438863 0.35974523425102234 216
1669645514284 0.3588092029094696 433
1669645590341 0.3571169078350067 650
1669645666009 0.3569313585758209 867
1669645742089 0.3604028522968292 1084
1669645818237 0.3414579927921295 1301
1669645894417 0.3566851019859314 1518
1669645970076 0.349062442779541 1735
1669646046388 0.35332372784614563 1952
1669646122440 0.3529820442199707 2169
1669646198435 0.3532769978046417 2386
1669646274470 0.36054304242134094 2603
1669646350535 0.3635587692260742 2820
1669646426680 0.35436755418777466 3037
1669646503031 0.3626995384693146 3254
1669646579167 0.3565919101238251 3471
1669646655416 0.35503190755844116 3688
1669646731625 0.3551957607269287 3905
1669646808015 0.3615671396255493 4122
1669646884115 0.3555634319782257 4339
1669646960218 0.3587355315685272 4556
1669647036554 0.3569205105304718 4773
1669647112795 0.35503536462783813 4990
1669647188536 0.351778507232666 5207
1669647264661 0.35815027356147766 5424
1669647340913 0.36266443133354187 5641
1669647417735 0.3565472960472107 5858
1669647493724 0.3592529594898224 6075
1669647569730 0.3562982380390167 6292
1669647645754 0.357411652803421 6509
1669647721576 0.3607774078845978 6726
1669647797890 0.35736796259880066 6943
1669647873944 0.3519180119037628 7160
1669647950070 0.3594134449958801 7377
1669648026005 0.35776522755622864 7594
1669648102387 0.3515412509441376 7811
1669648178745 0.3555387854576111 8028
1669648255313 0.3585362732410431 8245
1669648331687 0.3530246317386627 8462
1669648408032 0.35432150959968567 8679
1669648484239 0.3522999584674835 8896
1669648560339 0.36197352409362793 9113
1669648636561 0.3617381453514099 9330
1669648712716 0.35631102323532104 9547
1669648788982 0.3565245568752289 9764
1669648865270 0.3487679958343506 9981
1669648941933 0.3527558147907257 10198
1669649018145 0.3582749664783478 10415
1669649094544 0.3582181930541992 10632
1669649171273 0.3605988919734955 10849
1669649247522 0.35550862550735474 11066
1669649323902 0.35497361421585083 11283
1669649399877 0.3543126583099365 11500
1669649475895 0.352244108915329 11717
1669649552227 0.36134809255599976 11934
1669649628545 0.35486969351768494 12151
1669649704889 0.35521307587623596 12368
1669649781176 0.3598693609237671 12585
1669649857257 0.35539981722831726 12802
1669649933492 0.3513738214969635 13019
1669650009454 0.35965031385421753 13236
1669650085839 0.3542383909225464 13453
1669650162109 0.3525576591491699 13670
1669650238589 0.34990233182907104 13887
1669650314739 0.3567318618297577 14104
1669650391335 0.35453370213508606 14321
1669650467407 0.35155823826789856 14538
1669650544122 0.3546816408634186 14755
1669650620300 0.359005868434906 14972
1669650696454 0.35302942991256714 15189
1669650772961 0.3586762845516205 15406
1669650849399 0.3539775311946869 15623
1669650925919 0.3553835451602936 15840
1669651002102 0.3525105118751526 16057
1669651078743 0.356425017118454 16274
1669651154646 0.3561742305755615 16491
1669651231093 0.3588719964027405 16708
1669651307251 0.35301846265792847 16925
1669651383549 0.3544453978538513 17142
1669651459569 0.3556522727012634 17359
1669651536121 0.35635849833488464 17576
1669651612442 0.3574965000152588 17793
1669651688612 0.35752496123313904 18010
1669651764882 0.3522080183029175 18227
1669651841118 0.36176741123199463 18444
1669651917373 0.35196033120155334 18661
1669651993183 0.35381507873535156 18878
1669652069741 0.3505198359489441 19095
1669652145754 0.35303398966789246 19312
1669652222190 0.3533661365509033 19529
1669652298244 0.3530638813972473 19746
1669652374771 0.3533036708831787 19963
1669652450770 0.3582260012626648 20180
1669652527105 0.3550955653190613 20397
1669652603478 0.3570159673690796 20614
1669652679625 0.35430383682250977 20831
1669652756065 0.3563407361507416 21048
1669652832143 0.35391297936439514 21265
1669652908577 0.3518386781215668 21482
1669652984789 0.3530370891094208 21699
1669653061323 0.35711318254470825 21916
1669653137595 0.35226118564605713 22133
1669653214227 0.3477911353111267 22350
1669653290408 0.35120049118995667 22567
1669653366754 0.35289639234542847 22784
1669653442882 0.35216447710990906 23001
1669653519099 0.3541352152824402 23218
1669653595226 0.3538336455821991 23435
1669653671735 0.3545820713043213 23652
1669653748111 0.3577652871608734 23869
1669653824237 0.3578641712665558 24086
1669653900769 0.3558892011642456 24303
1669653976785 0.35343024134635925 24520
1669654053201 0.35956451296806335 24737
1669654129603 0.3544175922870636 24954
1669654206026 0.35379713773727417 25171
1669654282282 0.355302095413208 25388
1669654358565 0.3557760417461395 25605
1669654434927 0.3531099259853363 25822
1669654511066 0.3545965552330017 26039
1669654587844 0.35034623742103577 26256
1669654664093 0.353072851896286 26473
1669654740395 0.35455015301704407 26690
1669654816712 0.35421332716941833 26907
1669654892763 0.3515567183494568 27124
1669654969037 0.3570597469806671 27341
1669655046200 0.35706406831741333 27558
1669655122552 0.3476809561252594 27775
1669655199010 0.3586682379245758 27992
1669655275529 0.356495201587677 28209
1669655352384 0.35434290766716003 28426
1669655428785 0.3559827506542206 28643
1669655505269 0.35821282863616943 28860
1669655581996 0.35688239336013794 29077
1669655658620 0.35567507147789 29294
1669655735125 0.3544396460056305 29511
1669655812056 0.35303327441215515 29728
1669655888704 0.35468706488609314 29945
1669655965266 0.35987743735313416 30162
1669656041659 0.3542953431606293 30379
1669656118252 0.35346606373786926 30596
1669656194433 0.3486945927143097 30813
1669656271274 0.3567630350589752 31030
1669656347631 0.354861855506897 31247
1669656424375 0.3614470064640045 31464
1669656500651 0.35148635506629944 31681
1669656577628 0.3564060926437378 31898
1669656653769 0.3518269658088684 32115
1669656730684 0.35216253995895386 32332
1669656807003 0.35776329040527344 32549
1669656883837 0.35787656903266907 32766
1669656960013 0.35540544986724854 32983
1669657036560 0.35655373334884644 33200
1669657113002 0.36104655265808105 33417
1669657189234 0.3611222207546234 33634
1669657265717 0.35535722970962524 33851
1669657342151 0.35483673214912415 34068
1669657418711 0.3581661581993103 34285
1669657495360 0.3584476113319397 34502
1669657571834 0.36359021067619324 34719
1669657648396 0.353671669960022 34936
1669657725031 0.35716119408607483 35153
1669657801957 0.35697823762893677 35370
1669657878298 0.35762712359428406 35587
1669657954864 0.35749560594558716 35804
1669658031237 0.3539697527885437 36021
1669658107565 0.358737051486969 36238
1669658184200 0.35762956738471985 36455
1669658260522 0.3523542881011963 36672
1669658336591 0.3568483591079712 36889
1669658413191 0.3580476939678192 37106
1669658489827 0.35513079166412354 37323
1669658566245 0.3607545495033264 37540
1669658642713 0.36114048957824707 37757
1669658718956 0.3582783639431 37974
1669658795222 0.357511043548584 38191
1669658871893 0.35487139225006104 38408
1669658948591 0.35892900824546814 38625
1669659025206 0.3532716929912567 38842
1669659101501 0.35328030586242676 39059
1669659177614 0.3562883138656616 39276
1669659254306 0.35286176204681396 39493
1669659330749 0.35839131474494934 39710
1669659407224 0.356144517660141 39927
1669659484046 0.3526221215724945 40144
1669659560238 0.356196790933609 40361
1669659636853 0.35839325189590454 40578
1669659713421 0.3620368242263794 40795
1669659790206 0.35650327801704407 41012
1669659866523 0.3588862717151642 41229
1669659943072 0.35653528571128845 41446
1669660019996 0.3598058223724365 41663
1669660096542 0.35504665970802307 41880
1669660173014 0.3583988547325134 42097
1669660249507 0.353005975484848 42314
1669660325988 0.3555721640586853 42531
1669660402668 0.35976287722587585 42748
1669660479016 0.35777547955513 42965
1669660555843 0.3563973903656006 43182
1669660632462 0.3599669635295868 43399
1669660709063 0.359557181596756 43616
1669660785795 0.35420048236846924 43833
1669660862114 0.3560771346092224 44050
1669660938893 0.35167667269706726 44267
1669661015253 0.3580723702907562 44484
1669661091902 0.3516921103000641 44701
1669661168654 0.3552115559577942 44918
1669661244821 0.3553582727909088 45135
1669661321696 0.3586096167564392 45352
1669661398036 0.36202067136764526 45569
1669661474661 0.35974040627479553 45786
1669661551444 0.3576158881187439 46003
1669661627998 0.35305383801460266 46220
1669661704472 0.36233630776405334 46437
1669661780862 0.3593882918357849 46654
1669661857657 0.3592682182788849 46871
1669661934082 0.362880140542984 47088
1669662010733 0.3536711633205414 47305
1669662086967 0.36275577545166016 47522
1669662163373 0.3574431538581848 47739
1669662239709 0.3582635223865509 47956
1669662316112 0.3523210883140564 48173
1669662392794 0.3586404621601105 48390
1669662469690 0.35809117555618286 48607
1669662545968 0.3603007197380066 48824
1669662622674 0.3553100824356079 49041
1669662698962 0.3623068332672119 49258
1669662775310 0.35633042454719543 49475
1669662851796 0.3565353453159332 49692
1669662928592 0.35760772228240967 49909
1669663005113 0.3594740629196167 50126
1669663081620 0.3589172065258026 50343
1669663157997 0.3550803065299988 50560
1669663234344 0.35688289999961853 50777
1669663310718 0.3558902144432068 50994
1669663387338 0.36246076226234436 51211
1669663463694 0.35973748564720154 51428
1669663539960 0.35854801535606384 51645
1669663616992 0.3620315492153168 51862
1669663693548 0.3610292673110962 52079
1669663770086 0.361176073551178 52296
1669663846421 0.3585009276866913 52513
1669663922841 0.3627505600452423 52730
1669663999177 0.36234238743782043 52947
1669664075916 0.3567039966583252 53164
1669664152344 0.35950419306755066 53381
1669664229025 0.36462265253067017 53598
1669664306100 0.3570083677768707 53815
1669664383143 0.3608984351158142 54032
1669664459836 0.3624071180820465 54249
1669664536039 0.3579583466053009 54466
1669664612704 0.35721439123153687 54683
1669664689232 0.36130475997924805 54900
1669664765724 0.36360710859298706 55117
1669664842037 0.35697826743125916 55334
1669664918518 0.3623619079589844 55551
1669664994812 0.35869261622428894 55768
1669665071402 0.3542426526546478 55985
1669665147662 0.35954007506370544 56202
1669665224225 0.3550530970096588 56419
1669665300512 0.35995885729789734 56636
1669665376597 0.3576623499393463 56853
1669665453106 0.35592976212501526 57070
1669665529624 0.3574824929237366 57287
1669665606557 0.35974839329719543 57504
1669665682691 0.3622843325138092 57721
1669665758992 0.35308417677879333 57938
1669665835495 0.35891658067703247 58155
1669665911938 0.35745179653167725 58372
1669665988061 0.3499528765678406 58589
1669666064566 0.36453038454055786 58806
1669666140983 0.36322811245918274 59023
1669666217271 0.3661038279533386 59240
1669666294035 0.3553440570831299 59457
1669666370370 0.358964204788208 59674
1669666447179 0.3617531955242157 59891
1669666523546 0.36038821935653687 60108
1669666600195 0.358794629573822 60325
1669666676562 0.3580471873283386 60542
1669666753406 0.35653895139694214 60759
1669666829698 0.3600834906101227 60976
1669666906317 0.3590523898601532 61193
1669666982644 0.36086440086364746 61410
1669667058967 0.35846272110939026 61627
1669667135306 0.36175107955932617 61844
1669667211885 0.3627728521823883 62061
1669667288374 0.3625587821006775 62278
1669667364940 0.35871660709381104 62495
1669667441267 0.3651183247566223 62712
1669667517734 0.36080971360206604 62929
1669667594570 0.35580897331237793 63146
1669667671071 0.3599201440811157 63363
1669667748075 0.35584554076194763 63580
1669667824251 0.36045679450035095 63797
1669667900947 0.3604247272014618 64014
1669667977515 0.35340815782546997 64231
1669668053966 0.36092451214790344 64448
1669668130598 0.35831180214881897 64665
1669668207028 0.36381080746650696 64882
1669668287786 0.35569652915000916 65099
