1669645381641 0.3333333432674408 49
1669645396248 0.75 99
1669645411348 0.800000011920929 149
1669645425979 1.0 199
1669645453023 1.0 249
1669645467512 0.5 299
1669645482088 1.0 349
1669645496616 1.0 399
1669645523562 1.0 449
1669645538244 0.5 499
1669645552833 1.0 549
1669645567427 0.5 599
1669645581932 0.1666666716337204 649
1669645609094 0.6666666865348816 699
1669645623640 0.3333333432674408 749
1669645638158 0.5 799
1669645652658 0.0 849
1669645679919 1.0 899
1669645694722 0.0 949
1669645709504 0.5 999
1669645724011 0.0 1049
1669645751101 0.6666666865348816 1099
1669645765629 0.25 1149
1669645780168 0.5 1199
1669645794696 0.3333333432674408 1249
1669645809423 1.0 1299
1669645836858 0.6666666865348816 1349
1669645851603 0.5 1399
1669645866157 0.800000011920929 1449
1669645880713 1.0 1499
1669645908265 1.0 1549
1669645922815 0.3333333432674408 1599
1669645937534 0.3333333432674408 1649
1669645952292 0.5 1699
1669645979489 0.3333333432674408 1749
1669645994194 0.5 1799
1669646008763 0.5 1849
1669646023255 0.5 1899
1669646037935 0.3333333432674408 1949
1669646064970 0.0 1999
1669646079584 0.6666666865348816 2049
1669646094118 0.5 2099
1669646108979 1.0 2149
1669646136357 1.0 2199
1669646151225 0.5 2249
1669646165823 0.5 2299
1669646180417 0.0 2349
1669646207620 0.0 2399
1669646222188 1.0 2449
1669646236888 0.6000000238418579 2499
1669646251541 0.6000000238418579 2549
1669646266104 0.0 2599
1669646293228 0.5 2649
1669646307991 1.0 2699
1669646322599 1.0 2749
1669646337264 1.0 2799
1669646364314 1.0 2849
1669646379084 0.5 2899
1669646393795 0.0 2949
1669646408648 1.0 2999
1669646435735 0.6666666865348816 3049
1669646450259 0.6666666865348816 3099
1669646464916 0.5 3149
1669646479453 0.5 3199
1669646493982 0.6666666865348816 3249
1669646521012 0.0 3299
1669646535751 0.75 3349
1669646550321 0.0 3399
1669646565186 0.0 3449
1669646592138 0.5 3499
1669646606724 0.3333333432674408 3549
1669646621446 0.6666666865348816 3599
1669646636138 0.800000011920929 3649
1669646663289 1.0 3699
1669646677830 1.0 3749
1669646692655 0.6666666865348816 3799
1669646707326 0.6666666865348816 3849
1669646721898 0.800000011920929 3899
1669646749207 0.6666666865348816 3949
1669646763767 0.0 3999
1669646778668 0.75 4049
1669646793353 0.6000000238418579 4099
1669646820551 1.0 4149
1669646835080 0.6666666865348816 4199
1669646849633 0.5 4249
1669646864177 1.0 4299
1669646891302 0.0 4349
1669646906016 0.5 4399
1669646920776 0.6666666865348816 4449
1669646935401 0.75 4499
1669646950077 1.0 4549
1669646977455 0.800000011920929 4599
1669646991979 0.5 4649
1669647006524 0.0 4699
1669647021170 0.0 4749
1669647048438 0.0 4799
1669647063005 0.6666666865348816 4849
1669647077688 0.6666666865348816 4899
1669647092229 1.0 4949
1669647119428 0.5 4999
1669647134164 0.25 5049
1669647148856 0.0 5099
1669647163459 1.0 5149
1669647178360 0.3333333432674408 5199
1669647205559 1.0 5249
1669647220134 1.0 5299
1669647234695 0.6666666865348816 5349
1669647249246 0.5 5399
1669647276479 0.5 5449
1669647291161 0.6666666865348816 5499
1669647305719 0.800000011920929 5549
1669647320299 1.0 5599
1669647347292 0.0 5649
1669647361778 1.0 5699
1669647376305 0.800000011920929 5749
1669647390900 0.0 5799
1669647405624 0.0 5849
1669647433207 1.0 5899
1669647447737 1.0 5949
1669647462304 0.0 5999
1669647477083 0.0 6049
1669647504435 0.6666666865348816 6099
1669647518972 1.0 6149
1669647533500 1.0 6199
1669647548037 1.0 6249
1669647575338 0.5 6299
1669647589987 0.0 6349
1669647604696 0.5 6399
1669647619281 0.0 6449
1669647633879 1.0 6499
1669647661088 0.6666666865348816 6549
1669647675628 0.0 6599
1669647690132 1.0 6649
1669647704858 0.5 6699
1669647732161 1.0 6749
1669647746767 0.5 6799
1669647761259 1.0 6849
1669647775767 1.0 6899
1669647802884 0.3333333432674408 6949
1669647817445 0.5 6999
1669647832013 0.5 7049
1669647846849 0.6666666865348816 7099
1669647861834 1.0 7149
1669647888654 0.5 7199
1669647903216 1.0 7249
1669647917787 0.3333333432674408 7299
1669647932330 1.0 7349
1669647959582 0.5 7399
1669647974160 0.6666666865348816 7449
1669647988842 0.0 7499
1669648003708 1.0 7549
1669648031170 0.6666666865348816 7599
1669648045706 0.0 7649
1669648060270 0.6000000238418579 7699
1669648074825 0.3333333432674408 7749
1669648089474 0.0 7799
1669648116767 0.0 7849
1669648131492 1.0 7899
1669648146263 0.75 7949
1669648161128 0.800000011920929 7999
1669648188294 1.0 8049
1669648202859 1.0 8099
1669648217575 0.6666666865348816 8149
1669648232161 0.6666666865348816 8199
1669648259622 0.0 8249
1669648274308 0.3333333432674408 8299
1669648288926 0.5 8349
1669648303653 0.0 8399
1669648318170 0.0 8449
1669648345310 0.6666666865348816 8499
1669648359804 0.0 8549
1669648374458 1.0 8599
1669648388973 0.0 8649
1669648416630 0.0 8699
1669648431177 0.5 8749
1669648446181 0.0 8799
1669648460668 0.3333333432674408 8849
1669648487893 0.3333333432674408 8899
1669648502479 0.5 8949
1669648517305 0.3333333432674408 8999
1669648531816 0.0 9049
1669648546477 1.0 9099
1669648573791 0.3333333432674408 9149
1669648588560 1.0 9199
1669648603088 0.5 9249
1669648617720 0.75 9299
1669648645242 0.6666666865348816 9349
1669648659802 1.0 9399
1669648674387 0.5 9449
1669648689076 0.5 9499
1669648716649 0.5 9549
1669648731332 0.0 9599
1669648746127 1.0 9649
1669648760892 0.75 9699
1669648775601 0.6666666865348816 9749
1669648802857 0.75 9799
1669648817452 0.0 9849
1669648832172 0.3333333432674408 9899
1669648846758 0.800000011920929 9949
1669648874129 1.0 9999
1669648888697 0.3333333432674408 10049
1669648903460 0.6000000238418579 10099
1669648918012 1.0 10149
1669648945547 0.0 10199
1669648960112 1.0 10249
1669648974753 0.5 10299
1669648989327 0.5 10349
1669649003919 0.6666666865348816 10399
1669649031440 1.0 10449
1669649046111 0.5 10499
1669649060632 1.0 10549
1669649075198 1.0 10599
1669649102850 0.800000011920929 10649
1669649117393 0.75 10699
1669649132059 0.0 10749
1669649146549 1.0 10799
1669649160889 0.0 10849
1669649188396 0.0 10899
1669649202998 0.25 10949
1669649217604 0.75 10999
1669649232352 1.0 11049
1669649259809 0.0 11099
1669649274760 0.75 11149
1669649289285 0.0 11199
1669649303827 0.6666666865348816 11249
1669649331371 0.6666666865348816 11299
1669649346052 1.0 11349
1669649360635 1.0 11399
1669649375233 1.0 11449
1669649389736 1.0 11499
1669649417411 0.25 11549
1669649432010 1.0 11599
1669649446653 0.5 11649
1669649461427 0.5 11699
1669649489045 1.0 11749
1669649503734 0.6666666865348816 11799
1669649518437 0.0 11849
1669649533126 1.0 11899
1669649560595 0.0 11949
1669649575164 0.0 11999
1669649589978 0.5 12049
1669649604513 0.0 12099
1669649619082 1.0 12149
1669649646572 1.0 12199
1669649661135 0.5 12249
1669649675842 0.5 12299
1669649690401 1.0 12349
1669649717933 1.0 12399
1669649732578 0.6666666865348816 12449
1669649747265 1.0 12499
1669649761816 0.5 12549
1669649789271 0.5 12599
1669649804126 1.0 12649
1669649818972 0.5 12699
1669649833508 0.0 12749
1669649848071 0.75 12799
1669649875694 0.5 12849
1669649890283 0.5 12899
1669649904795 0.0 12949
1669649919312 0.75 12999
1669649946811 1.0 13049
1669649961547 1.0 13099
1669649976115 0.0 13149
1669649990860 0.5 13199
1669650018401 0.5 13249
1669650032965 0.5 13299
1669650047506 0.6666666865348816 13349
1669650062290 1.0 13399
1669650076868 0.6666666865348816 13449
1669650104464 1.0 13499
1669650119258 0.0 13549
1669650133817 1.0 13599
1669650148340 0.6666666865348816 13649
1669650175727 0.75 13699
1669650190481 1.0 13749
1669650205072 1.0 13799
1669650219702 0.0 13849
1669650247427 1.0 13899
1669650262094 1.0 13949
1669650276692 0.3333333432674408 13999
1669650291353 0.6666666865348816 14049
1669650305924 1.0 14099
1669650333362 1.0 14149
1669650347938 0.75 14199
1669650362792 0.6666666865348816 14249
1669650377476 1.0 14299
1669650404713 0.75 14349
1669650419379 1.0 14399
1669650433924 0.6666666865348816 14449
1669650448486 0.5 14499
1669650476099 0.6666666865348816 14549
1669650491014 1.0 14599
1669650505624 0.5 14649
1669650520226 1.0 14699
1669650534857 1.0 14749
1669650562426 1.0 14799
1669650577080 0.5 14849
1669650591763 1.0 14899
1669650606449 0.3333333432674408 14949
1669650633860 0.0 14999
1669650648382 1.0 15049
1669650663058 0.5 15099
1669650677793 0.3333333432674408 15149
1669650705138 0.0 15199
1669650719708 1.0 15249
1669650734308 0.5 15299
1669650749021 0.6666666865348816 15349
1669650763744 0.5 15399
1669650791037 0.6666666865348816 15449
1669650805615 0.5 15499
1669650820218 0.4000000059604645 15549
1669650834911 1.0 15599
1669650862393 0.6666666865348816 15649
1669650877118 0.3333333432674408 15699
1669650891816 0.6666666865348816 15749
1669650906337 0.25 15799
1669650933810 0.0 15849
1669650948343 0.6666666865348816 15899
1669650962898 0.75 15949
1669650977596 0.3333333432674408 15999
1669650992340 0.6666666865348816 16049
1669651019802 0.0 16099
1669651034386 1.0 16149
1669651049108 0.3333333432674408 16199
1669651063682 0.0 16249
1669651091105 0.0 16299
1669651105627 0.5 16349
1669651120179 0.3333333432674408 16399
1669651134988 0.5 16449
1669651162588 0.0 16499
1669651177158 1.0 16549
1669651191669 0.25 16599
1669651206232 0.5 16649
1669651220754 0.5 16699
1669651248455 0.6666666865348816 16749
1669651263166 0.0 16799
1669651277749 0.5 16849
1669651292440 0.5 16899
1669651319761 1.0 16949
1669651334404 0.0 16999
1669651348925 0.5 17049
1669651363466 0.5 17099
1669651391102 0.6666666865348816 17149
1669651405722 0.4000000059604645 17199
1669651420413 1.0 17249
1669651435182 0.6666666865348816 17299
1669651449757 0.5 17349
1669651477151 0.5 17399
1669651491723 0.5 17449
1669651506432 0.0 17499
1669651521031 0.5 17549
1669651548465 0.0 17599
1669651563021 0.0 17649
1669651577693 0.5 17699
1669651592210 0.6000000238418579 17749
1669651619670 0.75 17799
1669651634208 0.0 17849
1669651648860 0.5 17899
1669651663452 0.3333333432674408 17949
1669651678134 0.6666666865348816 17999
1669651705684 0.5 18049
1669651720269 0.0 18099
1669651734884 0.0 18149
1669651749573 1.0 18199
1669651777253 1.0 18249
1669651791847 1.0 18299
1669651806699 0.5 18349
1669651821277 0.6666666865348816 18399
1669651848744 0.5 18449
1669651863484 0.0 18499
1669651878087 1.0 18549
1669651892780 0.5 18599
1669651907510 0.0 18649
1669651934989 0.3333333432674408 18699
1669651949581 0.4000000059604645 18749
1669651964363 0.75 18799
1669651978930 0.5 18849
1669652006536 0.0 18899
1669652021536 0.6666666865348816 18949
1669652036146 1.0 18999
1669652050701 0.5 19049
1669652078073 0.6666666865348816 19099
1669652092816 0.3333333432674408 19149
1669652107415 0.5 19199
1669652121998 1.0 19249
1669652136583 0.0 19299
1669652164617 0.5 19349
1669652179182 0.5 19399
1669652193735 0.0 19449
1669652208395 1.0 19499
1669652235666 0.75 19549
1669652250368 0.0 19599
1669652265030 0.6666666865348816 19649
1669652279748 0.6666666865348816 19699
1669652307118 0.0 19749
1669652321832 1.0 19799
1669652336396 0.3333333432674408 19849
1669652350915 0.0 19899
1669652365457 0.6666666865348816 19949
1669652393244 1.0 19999
1669652408008 1.0 20049
1669652422787 0.6000000238418579 20099
1669652437395 0.6666666865348816 20149
1669652464995 0.6666666865348816 20199
1669652479612 0.5 20249
1669652494186 1.0 20299
1669652508719 0.5 20349
1669652536370 1.0 20399
1669652550962 0.5 20449
1669652565664 0.3333333432674408 20499
1669652580253 0.5 20549
1669652594897 0.3333333432674408 20599
1669652622488 0.5 20649
1669652637073 0.6666666865348816 20699
1669652651884 1.0 20749
1669652666588 0.0 20799
1669652694183 0.75 20849
1669652708793 0.0 20899
1669652723386 0.5 20949
1669652738445 0.6666666865348816 20999
1669652765919 0.5 21049
1669652780559 0.3333333432674408 21099
1669652795372 1.0 21149
1669652809972 0.6666666865348816 21199
1669652824517 0.3333333432674408 21249
1669652851883 0.6000000238418579 21299
1669652866624 0.6666666865348816 21349
1669652881205 0.0 21399
1669652895944 0.6666666865348816 21449
1669652923488 0.3333333432674408 21499
1669652938150 0.5 21549
1669652952840 0.800000011920929 21599
1669652967456 0.800000011920929 21649
1669652981866 0.0 21699
1669653009918 0.0 21749
1669653024524 0.6666666865348816 21799
1669653039116 0.0 21849
1669653053879 0.5 21899
1669653081165 0.4000000059604645 21949
1669653095752 0.6666666865348816 21999
1669653110462 0.6666666865348816 22049
1669653125196 0.5 22099
1669653152842 0.0 22149
1669653167377 0.0 22199
1669653181960 0.0 22249
1669653196534 0.0 22299
1669653211217 0.6000000238418579 22349
1669653238900 0.5 22399
1669653253783 1.0 22449
1669653268374 0.6666666865348816 22499
1669653282952 0.75 22549
1669653310407 0.5 22599
1669653324976 1.0 22649
1669653339768 0.0 22699
1669653354478 1.0 22749
1669653382077 1.0 22799
1669653396610 0.0 22849
1669653411150 1.0 22899
1669653425788 0.75 22949
1669653440310 0.6666666865348816 22999
1669653467736 0.0 23049
1669653482401 0.5 23099
1669653496961 0.75 23149
1669653511565 0.5 23199
1669653539123 1.0 23249
1669653553921 0.0 23299
1669653568506 0.75 23349
1669653583100 0.5 23399
1669653610713 1.0 23449
1669653625427 0.0 23499
1669653639958 1.0 23549
1669653654516 1.0 23599
1669653669271 1.0 23649
1669653696601 1.0 23699
1669653711355 0.5 23749
1669653726056 0.0 23799
1669653740774 1.0 23849
1669653768299 0.5 23899
1669653783025 0.0 23949
1669653797557 0.5 23999
1669653812224 0.0 24049
1669653840154 0.6666666865348816 24099
1669653854705 0.0 24149
1669653869248 0.0 24199
1669653883917 1.0 24249
1669653898409 0.0 24299
1669653926013 0.3333333432674408 24349
1669653940778 1.0 24399
1669653955384 0.5 24449
1669653970015 0.6666666865348816 24499
1669653997619 0.5 24549
1669654012302 1.0 24599
1669654026917 0.0 24649
1669654041645 0.6666666865348816 24699
1669654069101 0.0 24749
1669654083668 1.0 24799
1669654098435 0.0 24849
1669654113210 1.0 24899
1669654127765 0.0 24949
1669654155233 1.0 24999
1669654169943 1.0 25049
1669654184585 0.6666666865348816 25099
1669654199163 0.3333333432674408 25149
1669654226711 0.0 25199
1669654241395 0.5 25249
1669654255976 0.5 25299
1669654270508 1.0 25349
1669654298174 0.0 25399
1669654312875 0.5 25449
1669654327470 1.0 25499
1669654342040 0.3333333432674408 25549
1669654356577 0.6666666865348816 25599
1669654384182 1.0 25649
1669654398885 1.0 25699
1669654413430 0.5 25749
1669654428172 0.20000000298023224 25799
1669654455663 0.6666666865348816 25849
1669654470505 0.4000000059604645 25899
1669654485251 0.3333333432674408 25949
1669654499953 0.0 25999
1669654527539 0.5 26049
1669654542045 1.0 26099
1669654556594 0.5 26149
1669654571802 0.3333333432674408 26199
1669654586510 1.0 26249
1669654613867 1.0 26299
1669654628380 0.3333333432674408 26349
1669654643191 0.3333333432674408 26399
1669654657733 0.3333333432674408 26449
1669654685142 0.75 26499
1669654699779 0.75 26549
1669654714312 1.0 26599
1669654728854 1.0 26649
1669654756230 0.75 26699
1669654770888 1.0 26749
1669654785685 0.5 26799
1669654800249 0.6666666865348816 26849
1669654814826 1.0 26899
1669654842574 1.0 26949
1669654857145 0.0 26999
1669654871815 0.0 27049
1669654886383 0.0 27099
1669654913712 0.0 27149
1669654928528 1.0 27199
1669654943049 1.0 27249
1669654957750 0.0 27299
1669654985263 1.0 27349
1669654999844 0.0 27399
1669655014398 1.0 27449
1669655028970 0.0 27499
1669655043842 0.75 27549
1669655071304 0.0 27599
1669655085923 0.75 27649
1669655100716 0.6666666865348816 27699
1669655115350 0.6666666865348816 27749
1669655142748 0.6666666865348816 27799
1669655157263 0.5 27849
1669655171785 1.0 27899
1669655186568 1.0 27949
1669655213967 1.0 27999
1669655228796 0.3333333432674408 28049
1669655243358 0.6666666865348816 28099
1669655257964 0.75 28149
1669655272524 1.0 28199
1669655299965 0.6666666865348816 28249
1669655314539 1.0 28299
1669655329167 1.0 28349
1669655344007 1.0 28399
1669655371483 0.6666666865348816 28449
1669655386093 0.6666666865348816 28499
1669655400815 1.0 28549
1669655415419 1.0 28599
1669655442969 0.0 28649
1669655457642 0.5 28699
1669655472360 0.6666666865348816 28749
1669655487049 0.5 28799
1669655501627 0.6000000238418579 28849
1669655529212 0.3333333432674408 28899
1669655543825 0.6666666865348816 28949
1669655558524 1.0 28999
1669655573243 1.0 29049
1669655600738 0.0 29099
1669655615325 0.5 29149
1669655630234 0.0 29199
1669655644808 1.0 29249
1669655672308 0.5 29299
1669655686879 0.3333333432674408 29349
1669655701423 0.0 29399
1669655716076 1.0 29449
1669655730735 0.3333333432674408 29499
1669655758479 0.0 29549
1669655773110 0.3333333432674408 29599
1669655787876 0.0 29649
1669655802510 1.0 29699
1669655830010 0.5 29749
1669655844595 0.0 29799
1669655859338 0.75 29849
1669655873928 1.0 29899
1669655901690 1.0 29949
1669655916403 0.5 29999
1669655930948 1.0 30049
1669655945532 0.6666666865348816 30099
1669655960151 1.0 30149
1669655987582 0.6666666865348816 30199
1669656002362 0.6666666865348816 30249
1669656017249 0.5 30299
1669656031981 1.0 30349
1669656059378 0.0 30399
1669656073968 0.6000000238418579 30449
1669656088525 0.5 30499
1669656103063 0.25 30549
1669656130676 0.6666666865348816 30599
1669656145513 0.5 30649
1669656160213 1.0 30699
1669656174763 0.5 30749
1669656189474 0.3333333432674408 30799
1669656216856 0.6666666865348816 30849
1669656231415 1.0 30899
1669656246021 0.6666666865348816 30949
1669656260565 0.6666666865348816 30999
1669656288648 0.0 31049
1669656303183 0.5 31099
1669656317988 0.5 31149
1669656332621 1.0 31199
1669656360136 1.0 31249
1669656374656 1.0 31299
1669656389202 0.25 31349
1669656403765 1.0 31399
1669656418482 0.5 31449
1669656445838 0.5 31499
1669656460536 0.6666666865348816 31549
1669656475262 0.6666666865348816 31599
1669656489800 1.0 31649
1669656517193 0.5 31699
1669656531725 1.0 31749
1669656546312 0.0 31799
1669656561056 0.25 31849
1669656588355 0.25 31899
1669656603338 0.3333333432674408 31949
1669656617884 0.0 31999
1669656632453 0.25 32049
1669656647045 0.6666666865348816 32099
1669656674641 1.0 32149
1669656689289 0.6666666865348816 32199
1669656704047 0.5 32249
1669656718836 0.0 32299
1669656746584 1.0 32349
1669656761233 0.6666666865348816 32399
1669656775756 1.0 32449
1669656790327 0.0 32499
1669656804658 0.0 32549
1669656832155 1.0 32599
1669656846802 1.0 32649
1669656861493 0.5 32699
1669656876195 0.6666666865348816 32749
1669656903652 1.0 32799
1669656918359 0.5 32849
1669656932943 1.0 32899
1669656947475 0.25 32949
1669656974990 0.6666666865348816 32999
1669656989598 0.0 33049
1669657004161 1.0 33099
1669657018889 0.5 33149
1669657033576 0.5 33199
1669657061259 1.0 33249
1669657075788 0.5 33299
1669657090541 0.5 33349
1669657105080 0.0 33399
1669657132560 1.0 33449
1669657147183 0.6666666865348816 33499
1669657161954 1.0 33549
1669657176502 1.0 33599
1669657204092 0.0 33649
1669657218801 0.6666666865348816 33699
1669657233501 1.0 33749
1669657248014 0.75 33799
1669657262693 0.25 33849
1669657290080 1.0 33899
1669657304711 0.75 33949
1669657319453 0.0 33999
1669657334033 0.0 34049
1669657361715 0.5 34099
1669657376436 0.20000000298023224 34149
1669657391035 1.0 34199
1669657405699 1.0 34249
1669657433225 0.6666666865348816 34299
1669657447843 0.0 34349
1669657462404 0.6666666865348816 34399
1669657477134 1.0 34449
1669657491692 1.0 34499
1669657519274 0.5 34549
1669657533917 1.0 34599
1669657548479 0.4000000059604645 34649
1669657563196 0.5 34699
1669657590654 0.5 34749
1669657605435 0.0 34799
1669657620052 1.0 34849
1669657634731 0.5 34899
1669657662190 0.75 34949
1669657676870 0.0 34999
1669657691438 0.25 35049
1669657706526 0.5 35099
1669657721046 0.0 35149
1669657748539 1.0 35199
1669657763111 1.0 35249
1669657777633 0.0 35299
1669657792212 1.0 35349
1669657819921 1.0 35399
1669657834473 0.0 35449
1669657849043 0.0 35499
1669657863740 0.5 35549
1669657891369 0.5 35599
1669657906012 0.6000000238418579 35649
1669657920593 0.0 35699
1669657935160 0.3333333432674408 35749
1669657950008 0.0 35799
1669657977583 0.6666666865348816 35849
1669657992185 1.0 35899
1669658006768 0.5 35949
1669658021454 0.5 35999
1669658048982 0.3333333432674408 36049
1669658063555 1.0 36099
1669658078366 0.3333333432674408 36149
1669658092929 0.3333333432674408 36199
1669658120399 0.5 36249
1669658134952 1.0 36299
1669658149565 0.6666666865348816 36349
1669658164324 0.0 36399
1669658178889 0.0 36449
1669658206324 0.3333333432674408 36499
1669658220922 0.3333333432674408 36549
1669658235459 1.0 36599
1669658250320 0.5 36649
1669658277735 1.0 36699
1669658292293 1.0 36749
1669658306867 1.0 36799
1669658321704 0.25 36849
1669658349086 0.3333333432674408 36899
1669658363645 1.0 36949
1669658378280 1.0 36999
1669658393065 0.25 37049
1669658407865 1.0 37099
1669658435364 0.4000000059604645 37149
1669658450086 0.5 37199
1669658465026 0.3333333432674408 37249
1669658479626 0.0 37299
1669658507126 0.5 37349
1669658521744 0.3333333432674408 37399
1669658536592 1.0 37449
1669658551167 1.0 37499
1669658578812 0.6666666865348816 37549
1669658593383 0.6666666865348816 37599
1669658608113 0.0 37649
1669658622705 0.6666666865348816 37699
1669658637258 0.0 37749
1669658664767 0.25 37799
1669658679492 0.0 37849
1669658694182 0.5 37899
1669658708802 1.0 37949
1669658736411 0.6000000238418579 37999
1669658750962 0.0 38049
1669658765528 0.6666666865348816 38099
1669658780239 0.5 38149
1669658808238 1.0 38199
1669658823123 1.0 38249
1669658837777 0.0 38299
1669658852565 0.5 38349
1669658867202 0.0 38399
1669658894719 0.5 38449
1669658909254 1.0 38499
1669658923952 0.5 38549
1669658938507 1.0 38599
1669658966053 1.0 38649
1669658980835 0.5 38699
1669658995580 1.0 38749
1669659010140 0.4000000059604645 38799
1669659037762 0.5 38849
1669659052470 0.6666666865348816 38899
1669659067016 0.6666666865348816 38949
1669659081530 0.75 38999
1669659096180 0.0 39049
1669659123925 0.5 39099
1669659138493 0.5 39149
1669659153019 1.0 39199
1669659167645 0.6666666865348816 39249
1669659195141 0.0 39299
1669659209859 1.0 39349
1669659224423 1.0 39399
1669659239134 0.6666666865348816 39449
1669659266819 1.0 39499
1669659281353 0.5 39549
1669659295923 0.6666666865348816 39599
1669659310531 0.25 39649
1669659325078 0.5 39699
1669659352609 1.0 39749
1669659367354 1.0 39799
1669659382200 0.0 39849
1669659396926 0.75 39899
1669659424514 0.6000000238418579 39949
1669659439386 1.0 39999
1669659454068 0.6000000238418579 40049
1669659468648 0.5 40099
1669659496371 0.5 40149
1669659511025 1.0 40199
1669659525992 0.3333333432674408 40249
1669659540576 1.0 40299
1669659555142 1.0 40349
1669659582414 1.0 40399
1669659596989 1.0 40449
1669659611610 1.0 40499
1669659626255 0.0 40549
1669659653817 0.5 40599
1669659668501 0.75 40649
1669659683108 0.4000000059604645 40699
1669659697764 1.0 40749
1669659725329 0.0 40799
1669659739910 0.6666666865348816 40849
1669659754505 0.0 40899
1669659769296 1.0 40949
1669659783927 0.6000000238418579 40999
1669659811489 0.6666666865348816 41049
1669659826057 0.6666666865348816 41099
1669659840640 0.0 41149
1669659855463 0.75 41199
1669659883121 1.0 41249
1669659897860 0.3333333432674408 41299
1669659912681 0.25 41349
1669659927322 0.0 41399
1669659954851 1.0 41449
1669659969377 0.25 41499
1669659983927 1.0 41549
1669659998676 1.0 41599
1669660013227 0.75 41649
1669660040693 0.0 41699
1669660055395 0.5 41749
1669660070124 0.5 41799
1669660084813 0.5 41849
1669660112191 0.6666666865348816 41899
1669660126874 0.0 41949
1669660141438 0.5 41999
1669660156060 0.800000011920929 42049
1669660183460 0.5 42099
1669660198169 0.25 42149
1669660212884 0.0 42199
1669660227425 0.5 42249
1669660242024 0.3333333432674408 42299
1669660269823 0.5 42349
1669660284457 0.6666666865348816 42399
1669660299005 0.3333333432674408 42449
1669660313700 1.0 42499
1669660341202 0.5 42549
1669660355780 1.0 42599
1669660370516 0.5 42649
1669660385220 0.5 42699
1669660412792 0.6666666865348816 42749
1669660427408 0.6666666865348816 42799
1669660442130 1.0 42849
1669660456721 1.0 42899
1669660471282 1.0 42949
1669660498691 0.0 42999
1669660513366 0.6666666865348816 43049
1669660527885 1.0 43099
1669660542509 0.0 43149
1669660570188 0.5 43199
1669660584769 0.3333333432674408 43249
1669660599448 1.0 43299
1669660614061 1.0 43349
1669660628484 0.0 43399
1669660656087 1.0 43449
1669660670977 1.0 43499
1669660685590 1.0 43549
1669660700370 0.0 43599
1669660727859 0.5 43649
1669660742357 0.5 43699
1669660757336 0.5 43749
1669660771849 0.75 43799
1669660799326 0.6666666865348816 43849
1669660814048 0.0 43899
1669660828665 1.0 43949
1669660843353 0.3333333432674408 43999
1669660857917 0.3333333432674408 44049
1669660885455 1.0 44099
1669660900061 0.6666666865348816 44149
1669660914680 0.6666666865348816 44199
1669660929462 0.0 44249
1669660957095 0.5 44299
1669660971873 1.0 44349
1669660986457 0.6666666865348816 44399
1669661001016 1.0 44449
1669661028534 1.0 44499
1669661043136 1.0 44549
1669661058048 1.0 44599
1669661072899 0.6000000238418579 44649
1669661087542 0.4000000059604645 44699
1669661115173 0.3333333432674408 44749
1669661129878 0.0 44799
1669661144613 1.0 44849
1669661159192 0.0 44899
1669661186721 1.0 44949
1669661201418 0.75 44999
1669661216133 0.0 45049
1669661230691 1.0 45099
1669661258212 0.0 45149
1669661273105 0.75 45199
1669661287662 0.6666666865348816 45249
1669661302323 0.3333333432674408 45299
1669661316881 0.0 45349
1669661344374 0.0 45399
1669661359086 1.0 45449
1669661373807 0.0 45499
1669661388346 0.3333333432674408 45549
1669661415974 0.0 45599
1669661430586 0.0 45649
1669661445296 1.0 45699
1669661459900 1.0 45749
1669661487364 0.20000000298023224 45799
1669661501939 1.0 45849
1669661516571 1.0 45899
1669661531156 0.6666666865348816 45949
1669661545755 0.6666666865348816 45999
1669661573445 1.0 46049
1669661587984 0.5 46099
1669661602566 1.0 46149
1669661617177 0.5 46199
1669661644892 0.75 46249
1669661659434 0.6000000238418579 46299
1669661674047 0.0 46349
1669661688579 0.0 46399
1669661716425 1.0 46449
1669661731022 0.25 46499
1669661745618 0.800000011920929 46549
1669661760166 1.0 46599
1669661774956 1.0 46649
1669661802411 0.0 46699
1669661816957 0.5 46749
1669661831681 0.6666666865348816 46799
1669661846252 1.0 46849
1669661873637 0.6666666865348816 46899
1669661888346 0.6666666865348816 46949
1669661902913 1.0 46999
1669661917604 0.0 47049
1669661945008 0.0 47099
1669661959548 0.3333333432674408 47149
1669661974216 0.5 47199
1669661988781 0.0 47249
1669662003539 0.6666666865348816 47299
1669662030992 0.5 47349
1669662045584 0.6000000238418579 47399
1669662060257 0.5 47449
1669662074929 1.0 47499
1669662102493 0.5 47549
1669662117204 0.3333333432674408 47599
1669662131769 0.0 47649
1669662146476 0.5 47699
1669662174024 0.5 47749
1669662188877 0.25 47799
1669662203435 0.800000011920929 47849
1669662217999 1.0 47899
1669662232589 1.0 47949
1669662260190 1.0 47999
1669662274738 0.6666666865348816 48049
1669662289475 0.5 48099
1669662304023 0.5 48149
1669662331775 0.75 48199
1669662346379 0.0 48249
1669662360936 0.0 48299
1669662375535 0.3333333432674408 48349
1669662402941 0.75 48399
1669662417518 0.0 48449
1669662432271 1.0 48499
1669662446817 0.5 48549
1669662461411 1.0 48599
1669662489174 0.3333333432674408 48649
1669662503874 0.75 48699
1669662518631 0.5 48749
1669662533259 0.0 48799
1669662560903 0.3333333432674408 48849
1669662575481 0.5 48899
1669662590076 0.0 48949
1669662604812 0.6666666865348816 48999
1669662632341 0.75 49049
1669662646948 0.800000011920929 49099
1669662661600 0.3333333432674408 49149
1669662676200 1.0 49199
1669662690909 0.75 49249
1669662718579 0.5 49299
1669662733196 0.0 49349
1669662747972 1.0 49399
1669662762611 0.8333333134651184 49449
1669662790435 0.0 49499
1669662805057 1.0 49549
1669662819792 0.25 49599
1669662834468 1.0 49649
1669662862117 1.0 49699
1669662876671 1.0 49749
1669662891215 1.0 49799
1669662905953 0.0 49849
1669662920566 0.6666666865348816 49899
1669662948182 0.0 49949
1669662962858 0.6666666865348816 49999
1669662977463 0.75 50049
1669662992242 1.0 50099
1669663019773 0.6666666865348816 50149
1669663034340 0.6666666865348816 50199
1669663048887 0.75 50249
1669663063677 0.5 50299
1669663091398 0.5 50349
1669663105968 1.0 50399
1669663120540 0.8333333134651184 50449
1669663135063 1.0 50499
1669663149786 0.5 50549
1669663177181 1.0 50599
1669663191808 0.0 50649
1669663206474 1.0 50699
1669663221099 1.0 50749
1669663248669 0.5 50799
1669663263252 0.6666666865348816 50849
1669663277980 0.75 50899
1669663292662 0.5 50949
1669663320232 0.5 50999
1669663335034 0.5 51049
1669663349743 0.0 51099
1669663364326 1.0 51149
1669663378911 0.0 51199
1669663406315 0.3333333432674408 51249
1669663420877 1.0 51299
1669663435588 0.0 51349
1669663450294 1.0 51399
1669663477675 0.0 51449
1669663492275 0.0 51499
1669663506883 0.25 51549
1669663521519 0.75 51599
1669663549121 1.0 51649
1669663563897 0.5 51699
1669663578505 0.5 51749
1669663593138 0.5 51799
1669663607912 0.5 51849
1669663635437 0.6666666865348816 51899
1669663650087 0.3333333432674408 51949
1669663664763 0.0 51999
1669663679526 0.6666666865348816 52049
1669663707124 1.0 52099
1669663721758 0.75 52149
1669663736349 0.0 52199
1669663751207 1.0 52249
1669663778695 0.6666666865348816 52299
1669663793216 0.0 52349
1669663807891 0.0 52399
1669663822474 0.6666666865348816 52449
1669663837194 1.0 52499
1669663864483 0.6666666865348816 52549
1669663879209 0.5 52599
1669663893929 0.0 52649
1669663908477 0.6666666865348816 52699
1669663935901 0.5 52749
1669663950790 0.5 52799
1669663965518 0.3333333432674408 52849
1669663980109 1.0 52899
1669664007567 1.0 52949
1669664022291 0.0 52999
1669664037008 0.5 53049
1669664051595 0.6666666865348816 53099
1669664066204 1.0 53149
1669664093823 1.0 53199
1669664108442 0.5 53249
1669664122969 1.0 53299
1669664137797 0.25 53349
1669664165092 0.4000000059604645 53399
1669664179765 1.0 53449
1669664194279 1.0 53499
1669664208789 0.0 53549
1669664235972 1.0 53599
1669664250734 0.6666666865348816 53649
1669664265369 0.6666666865348816 53699
1669664280240 1.0 53749
1669664294799 1.0 53799
1669664322217 0.6666666865348816 53849
1669664336842 0.0 53899
1669664351534 1.0 53949
1669664366254 0.0 53999
1669664393749 0.25 54049
1669664408618 1.0 54099
1669664423167 1.0 54149
1669664437720 1.0 54199
1669664452156 1.0 54249
1669664480075 1.0 54299
1669664494646 0.4000000059604645 54349
1669664509329 0.5 54399
1669664523883 0.5 54449
1669664551825 1.0 54499
1669664566421 0.0 54549
1669664580980 0.6666666865348816 54599
1669664595561 0.0 54649
1669664623039 0.0 54699
1669664637724 0.6666666865348816 54749
1669664652232 0.6000000238418579 54799
1669664666767 0.5 54849
1669664681452 0.5 54899
1669664709131 0.0 54949
1669664723761 0.5 54999
1669664738430 0.0 55049
1669664753073 0.3333333432674408 55099
1669664780565 0.0 55149
1669664795304 0.75 55199
1669664809994 0.0 55249
1669664824563 0.5 55299
1669664852067 1.0 55349
1669664866778 1.0 55399
1669664881402 0.5 55449
1669664896038 1.0 55499
1669664910820 0.0 55549
1669664938507 0.0 55599
1669664953040 0.5 55649
1669664967694 1.0 55699
1669664982242 1.0 55749
1669665009747 0.75 55799
1669665024291 0.5 55849
1669665038813 1.0 55899
1669665053379 1.0 55949
1669665081394 0.75 55999
1669665096142 0.0 56049
1669665110720 0.6666666865348816 56099
1669665125296 0.6666666865348816 56149
1669665139821 1.0 56199
1669665167423 1.0 56249
1669665181968 0.3333333432674408 56299
1669665196560 0.3333333432674408 56349
1669665211152 1.0 56399
1669665238918 1.0 56449
1669665253517 0.0 56499
1669665268233 1.0 56549
1669665282810 0.0 56599
1669665310442 1.0 56649
1669665325017 0.4000000059604645 56699
1669665339709 1.0 56749
1669665354245 0.3333333432674408 56799
1669665368941 0.0 56849
1669665396436 0.6000000238418579 56899
1669665411156 1.0 56949
1669665425731 0.5 56999
1669665440435 1.0 57049
1669665467836 0.3333333432674408 57099
1669665482518 1.0 57149
1669665497067 1.0 57199
1669665511775 1.0 57249
1669665539369 0.5 57299
1669665554160 1.0 57349
1669665568893 0.0 57399
1669665583481 0.0 57449
1669665598050 0.25 57499
1669665625620 1.0 57549
1669665640277 0.25 57599
1669665654838 0.3333333432674408 57649
1669665669488 0.6666666865348816 57699
1669665697234 0.5 57749
1669665711757 1.0 57799
1669665726362 1.0 57849
1669665740931 1.0 57899
1669665768298 0.0 57949
1669665782872 1.0 57999
1669665797574 0.0 58049
1669665812426 1.0 58099
1669665827020 0.25 58149
1669665854467 0.5 58199
1669665869143 1.0 58249
1669665883814 1.0 58299
1669665898373 0.6000000238418579 58349
1669665926141 0.3333333432674408 58399
1669665940875 0.6666666865348816 58449
1669665955612 1.0 58499
1669665970150 0.4000000059604645 58549
1669665997669 1.0 58599
1669666012228 1.0 58649
1669666026840 0.75 58699
1669666041572 0.0 58749
1669666056099 0.0 58799
1669666083593 0.5 58849
1669666098375 0.75 58899
1669666112953 0.5 58949
1669666127500 0.5 58999
1669666154896 1.0 59049
1669666169428 1.0 59099
1669666183959 1.0 59149
1669666198498 1.0 59199
1669666226500 0.3333333432674408 59249
1669666241057 0.6666666865348816 59299
1669666255625 0.5 59349
1669666270217 0.75 59399
1669666284792 0.5 59449
1669666312163 0.5 59499
1669666326742 0.0 59549
1669666341372 0.0 59599
1669666356201 0.6666666865348816 59649
1669666383724 0.3333333432674408 59699
1669666398307 0.5 59749
1669666412862 0.5 59799
1669666427481 0.0 59849
1669666454800 0.0 59899
1669666469358 0.3333333432674408 59949
1669666484107 0.6666666865348816 59999
1669666499050 0.5 60049
1669666513633 0.6000000238418579 60099
1669666541116 0.6666666865348816 60149
1669666555677 1.0 60199
1669666570431 1.0 60249
1669666584995 0.25 60299
1669666612324 1.0 60349
1669666627009 0.5 60399
1669666641678 0.75 60449
1669666656363 0.3333333432674408 60499
1669666683997 1.0 60549
1669666698625 0.6666666865348816 60599
1669666713302 0.6666666865348816 60649
1669666727875 0.0 60699
1669666742472 1.0 60749
1669666769854 0.5 60799
1669666784650 1.0 60849
1669666799506 0.5 60899
1669666814232 0.0 60949
1669666841818 1.0 60999
1669666856394 0.6666666865348816 61049
1669666870939 0.5 61099
1669666885492 0.0 61149
1669666912958 0.0 61199
1669666927840 0.75 61249
1669666942514 1.0 61299
1669666957211 1.0 61349
1669666971720 0.0 61399
1669666999215 0.5 61449
1669667013914 0.5 61499
1669667028474 0.0 61549
1669667043049 1.0 61599
1669667070661 1.0 61649
1669667085383 0.6666666865348816 61699
1669667100300 1.0 61749
1669667114870 0.5 61799
1669667142197 0.6666666865348816 61849
1669667156745 0.3333333432674408 61899
1669667171364 0.5 61949
1669667186034 0.6666666865348816 61999
1669667200885 1.0 62049
1669667228466 1.0 62099
1669667243134 0.5 62149
1669667257754 0.5 62199
1669667272294 1.0 62249
1669667299785 0.5 62299
1669667314349 1.0 62349
1669667328901 0.5 62399
1669667343505 0.5 62449
1669667371789 1.0 62499
1669667386396 1.0 62549
1669667400981 1.0 62599
1669667415610 0.6666666865348816 62649
1669667430241 0.3333333432674408 62699
1669667457754 0.8333333134651184 62749
1669667472390 1.0 62799
1669667487317 1.0 62849
1669667502118 0.25 62899
1669667529941 0.800000011920929 62949
1669667544524 0.5 62999
1669667559113 0.0 63049
1669667573661 0.3333333432674408 63099
1669667601118 0.5 63149
1669667615704 0.0 63199
1669667630269 0.5 63249
1669667645297 1.0 63299
1669667659966 0.3333333432674408 63349
1669667687409 1.0 63399
1669667702018 1.0 63449
1669667716520 0.0 63499
1669667731022 0.0 63549
1669667758859 0.6666666865348816 63599
1669667773787 0.3333333432674408 63649
1669667788548 0.4000000059604645 63699
1669667803093 1.0 63749
1669667830608 0.5 63799
1669667845129 0.0 63849
1669667859744 1.0 63899
1669667874377 1.0 63949
1669667888955 1.0 63999
1669667916631 0.6666666865348816 64049
1669667931365 0.6666666865348816 64099
1669667945968 0.6666666865348816 64149
1669667960511 0.5 64199
1669667988042 0.0 64249
1669668002602 1.0 64299
1669668017315 0.0 64349
1669668032147 0.6666666865348816 64399
1669668059592 0.5 64449
1669668074297 1.0 64499
1669668088996 0.5 64549
1669668103695 0.25 64599
1669668118323 0.6666666865348816 64649
1669668145837 1.0 64699
1669668160685 0.75 64749
1669668175256 1.0 64799
1669668189839 0.3333333432674408 64849
1669668217395 0.5 64899
1669668232085 1.0 64949
1669668246816 1.0 64999
1669668261480 0.5 65049
1669668276021 0.0 65099
