1669645442788 0.35843947529792786 216
1669645518282 0.35917001962661743 433
1669645594237 0.3484386205673218 650
1669645669713 0.3509184420108795 867
1669645746059 0.3511694073677063 1084
1669645821858 0.3381897211074829 1301
1669645898163 0.342539519071579 1518
1669645974704 0.33874744176864624 1735
1669646050585 0.3443125784397125 1952
1669646127010 0.33954817056655884 2169
1669646202977 0.3430421054363251 2386
1669646279090 0.3421418368816376 2603
1669646355192 0.3403246998786926 2820
1669646431567 0.33925309777259827 3037
1669646507100 0.340789258480072 3254
1669646583342 0.3416188359260559 3471
1669646659414 0.33851322531700134 3688
1669646735743 0.3408416211605072 3905
1669646812007 0.342681348323822 4122
1669646887712 0.3383069634437561 4339
1669646964029 0.3369084894657135 4556
1669647040140 0.34085920453071594 4773
1669647116159 0.33668622374534607 4990
1669647192533 0.33614102005958557 5207
1669647268451 0.34245091676712036 5424
1669647344252 0.3400819003582001 5641
1669647420507 0.3369190990924835 5858
1669647496749 0.3391691744327545 6075
1669647572558 0.3370172083377838 6292
1669647648704 0.33417630195617676 6509
1669647724807 0.3401775658130646 6726
1669647800416 0.3368653655052185 6943
1669647876655 0.3377794325351715 7160
1669647952551 0.3366395831108093 7377
1669648029021 0.3339870274066925 7594
1669648105014 0.33285415172576904 7811
1669648181495 0.33504271507263184 8028
1669648257766 0.3375539779663086 8245
1669648333919 0.33392101526260376 8462
1669648409870 0.33518609404563904 8679
1669648486355 0.33399710059165955 8896
1669648562670 0.33735284209251404 9113
1669648638749 0.3367133140563965 9330
1669648715359 0.3343559801578522 9547
1669648791949 0.33112117648124695 9764
1669648868130 0.3329465985298157 9981
1669648944532 0.3343433439731598 10198
1669649020819 0.3364199101924896 10415
1669649097203 0.3369781970977783 10632
1669649173025 0.3353637754917145 10849
1669649249493 0.3320246934890747 11066
1669649325945 0.33577626943588257 11283
1669649402339 0.3327709436416626 11500
1669649479049 0.33351075649261475 11717
1669649555507 0.33980002999305725 11934
1669649631768 0.33434340357780457 12151
1669649708172 0.33165398240089417 12368
1669649784544 0.33541175723075867 12585
1669649861279 0.3337863087654114 12802
1669649937261 0.3318101167678833 13019
1669650013824 0.33811038732528687 13236
1669650090260 0.3330448567867279 13453
1669650166634 0.33288446068763733 13670
1669650243140 0.32956168055534363 13887
1669650319508 0.3329679071903229 14104
1669650395804 0.333880752325058 14321
1669650472193 0.3305538594722748 14538
1669650548972 0.3347213864326477 14755
1669650625321 0.3318592309951782 14972
1669650701565 0.3295256793498993 15189
1669650777865 0.33167794346809387 15406
1669650854014 0.3331182301044464 15623
1669650930479 0.33281609416007996 15840
1669651006708 0.33139485120773315 16057
1669651083136 0.33255183696746826 16274
1669651159597 0.3357899487018585 16491
1669651235603 0.3364131450653076 16708
1669651312072 0.3310900330543518 16925
1669651388335 0.3330792784690857 17142
1669651464763 0.334370881319046 17359
1669651541180 0.3312404453754425 17576
1669651617253 0.3320842683315277 17793
1669651693675 0.3355639576911926 18010
1669651769939 0.33074578642845154 18227
1669651846595 0.33634164929389954 18444
1669651923218 0.3338896334171295 18661
1669651999729 0.33574309945106506 18878
1669652076226 0.3308005630970001 19095
1669652152980 0.3270043730735779 19312
1669652229137 0.33259835839271545 19529
1669652305509 0.33199000358581543 19746
1669652381782 0.33337071537971497 19963
1669652458643 0.3312501013278961 20180
1669652535058 0.3346530795097351 20397
1669652611592 0.3319398760795593 20614
1669652688237 0.3295683264732361 20831
1669652764938 0.3315083086490631 21048
1669652841273 0.3309095799922943 21265
1669652917782 0.3346060812473297 21482
1669652994296 0.3282119035720825 21699
1669653070872 0.33344703912734985 21916
1669653147358 0.3330332040786743 22133
1669653223754 0.3260095715522766 22350
1669653300458 0.33194610476493835 22567
1669653376859 0.33120784163475037 22784
1669653452954 0.33354365825653076 23001
1669653529420 0.33378997445106506 23218
1669653605950 0.3330533802509308 23435
1669653682297 0.3303133249282837 23652
1669653758893 0.33310917019844055 23869
1669653835638 0.3348027169704437 24086
1669653911711 0.3312608599662781 24303
1669653988458 0.3352399468421936 24520
1669654064949 0.33416321873664856 24737
1669654141448 0.333256334066391 24954
1669654217720 0.3335021734237671 25171
1669654294106 0.3359706997871399 25388
1669654370502 0.3318866491317749 25605
1669654447079 0.33136487007141113 25822
1669654523931 0.33002597093582153 26039
1669654600637 0.3319849967956543 26256
1669654676740 0.32945534586906433 26473
1669654752892 0.32991981506347656 26690
1669654829665 0.3306952118873596 26907
1669654905766 0.3285277485847473 27124
1669654982199 0.330615371465683 27341
1669655058578 0.330692857503891 27558
1669655135054 0.3286117613315582 27775
1669655211252 0.33145609498023987 27992
1669655287584 0.33207443356513977 28209
1669655364098 0.3344709873199463 28426
1669655440499 0.3322247862815857 28643
1669655517216 0.3330892324447632 28860
1669655593633 0.3316914737224579 29077
1669655670146 0.3317341208457947 29294
1669655746410 0.3302134871482849 29511
1669655823268 0.3332890272140503 29728
1669655899794 0.3340732455253601 29945
1669655976105 0.33263030648231506 30162
1669656052883 0.33007586002349854 30379
1669656129083 0.3329728841781616 30596
1669656205688 0.32895034551620483 30813
1669656282277 0.3317613899707794 31030
1669656358822 0.3328101634979248 31247
1669656434955 0.3358543813228607 31464
1669656511297 0.3346632122993469 31681
1669656587361 0.3336176574230194 31898
1669656664069 0.33464276790618896 32115
1669656740856 0.3300410807132721 32332
1669656816931 0.3317964971065521 32549
1669656893399 0.3322282135486603 32766
1669656969658 0.33216357231140137 32983
1669657046316 0.33334243297576904 33200
1669657122528 0.33527401089668274 33417
1669657198951 0.3342794179916382 33634
1669657275444 0.3335014283657074 33851
1669657352004 0.33310434222221375 34068
1669657428428 0.334587961435318 34285
1669657504876 0.33788448572158813 34502
1669657581258 0.3377780318260193 34719
1669657657727 0.3319392502307892 34936
1669657734496 0.33204519748687744 35153
1669657810649 0.3333408534526825 35370
1669657887020 0.3330765962600708 35587
1669657963670 0.33358222246170044 35804
1669658040193 0.3335704505443573 36021
1669658116478 0.336049348115921 36238
1669658192834 0.32970133423805237 36455
1669658269233 0.3310261070728302 36672
1669658345493 0.334442138671875 36889
1669658422006 0.33553382754325867 37106
1669658498834 0.3346351981163025 37323
1669658575450 0.3358091711997986 37540
1669658651812 0.33415111899375916 37757
1669658728421 0.3363601267337799 37974
1669658804888 0.3334580957889557 38191
1669658882061 0.3329227864742279 38408
1669658958421 0.33308568596839905 38625
1669659035029 0.3325258195400238 38842
1669659111429 0.3306126296520233 39059
1669659187798 0.33346688747406006 39276
1669659264360 0.3291942775249481 39493
1669659340614 0.3356173634529114 39710
1669659417397 0.3335399031639099 39927
1669659494127 0.3354908525943756 40144
1669659570565 0.33175739645957947 40361
1669659647014 0.33094522356987 40578
1669659723532 0.33425772190093994 40795
1669659800062 0.33008575439453125 41012
1669659876521 0.3329809904098511 41229
1669659953301 0.33202454447746277 41446
1669660029523 0.3353450298309326 41663
1669660105951 0.33352649211883545 41880
1669660182177 0.3332093358039856 42097
1669660258712 0.3322257101535797 42314
1669660335238 0.3335050642490387 42531
1669660411776 0.332192063331604 42748
1669660488126 0.33943653106689453 42965
1669660564428 0.3283485472202301 43182
1669660640728 0.33488452434539795 43399
1669660717513 0.3346404433250427 43616
1669660793864 0.331608384847641 43833
1669660870423 0.3306557834148407 44050
1669660946934 0.3329150676727295 44267
1669661023471 0.33145925402641296 44484
1669661100510 0.3328523635864258 44701
1669661176966 0.3338991105556488 44918
1669661253442 0.33337998390197754 45135
1669661329989 0.33577126264572144 45352
1669661406417 0.3358987867832184 45569
1669661482890 0.33654946088790894 45786
1669661559075 0.33383384346961975 46003
1669661635713 0.3311358392238617 46220
1669661712266 0.3367217183113098 46437
1669661788671 0.3382379114627838 46654
1669661864846 0.33342182636260986 46871
1669661941090 0.3389756679534912 47088
1669662017503 0.3326527774333954 47305
1669662093867 0.33536267280578613 47522
1669662170473 0.33557412028312683 47739
1669662246964 0.3324141502380371 47956
1669662323364 0.33251410722732544 48173
1669662399492 0.33396196365356445 48390
1669662476201 0.3344307839870453 48607
1669662552875 0.331697016954422 48824
1669662629272 0.33466458320617676 49041
1669662705932 0.3345351815223694 49258
1669662782638 0.33449748158454895 49475
1669662859237 0.3309380114078522 49692
1669662935807 0.33295944333076477 49909
1669663012379 0.3339710831642151 50126
1669663088873 0.3337840139865875 50343
1669663165119 0.33374735713005066 50560
1669663241405 0.3341921865940094 50777
1669663318065 0.3337894082069397 50994
1669663394615 0.33558645844459534 51211
1669663470865 0.33676832914352417 51428
1669663547260 0.3355593681335449 51645
1669663624007 0.33684343099594116 51862
1669663700592 0.33581867814064026 52079
1669663777139 0.3358854055404663 52296
1669663853260 0.3371562957763672 52513
1669663929741 0.33376947045326233 52730
1669664006266 0.3372650742530823 52947
1669664082810 0.33601880073547363 53164
1669664159182 0.3377440571784973 53381
1669664235073 0.33641061186790466 53598
1669664311667 0.33350762724876404 53815
1669664388153 0.3367510735988617 54032
1669664464603 0.3341326117515564 54249
1669664541363 0.33464860916137695 54466
1669664617627 0.3351942002773285 54683
1669664693832 0.33836182951927185 54900
1669664770455 0.3376768231391907 55117
1669664847037 0.33616870641708374 55334
1669664923839 0.3353457748889923 55551
1669665000016 0.33534741401672363 55768
1669665076586 0.33782824873924255 55985
1669665152852 0.3328809440135956 56202
1669665229494 0.3319588899612427 56419
1669665305964 0.33600348234176636 56636
1669665382332 0.3326314687728882 56853
1669665458736 0.3350808620452881 57070
1669665535178 0.33395421504974365 57287
1669665611863 0.3340592682361603 57504
1669665688228 0.3360025882720947 57721
1669665764376 0.33478301763534546 57938
1669665840956 0.3351040482521057 58155
1669665917384 0.334221750497818 58372
1669665993945 0.33029904961586 58589
1669666070310 0.3370741605758667 58806
1669666146678 0.33733078837394714 59023
1669666223198 0.33504733443260193 59240
1669666299294 0.33503231406211853 59457
1669666375706 0.333979994058609 59674
1669666451796 0.3405363857746124 59891
1669666528418 0.3342209756374359 60108
1669666604692 0.3367263674736023 60325
1669666681295 0.33423736691474915 60542
1669666757547 0.3326825201511383 60759
1669666834391 0.3360985815525055 60976
1669666910513 0.3328070640563965 61193
1669666987166 0.3364391028881073 61410
1669667063600 0.33485153317451477 61627
1669667140074 0.3363035023212433 61844
1669667216524 0.33823147416114807 62061
1669667293036 0.3394083082675934 62278
1669667369643 0.3376685380935669 62495
1669667446302 0.33762869238853455 62712
1669667523235 0.33957618474960327 62929
1669667599556 0.3356323540210724 63146
1669667676235 0.33602577447891235 63363
1669667752655 0.3336729407310486 63580
1669667829394 0.3374011814594269 63797
1669667905689 0.3370496928691864 64014
1669667982057 0.33160868287086487 64231
1669668058606 0.33661890029907227 64448
1669668135091 0.33253538608551025 64665
1669668211638 0.33726298809051514 64882
1669668288455 0.333732932806015 65099
