1668580887797 0.5611367225646973 216
1668580958335 0.5797302722930908 433
1668581028679 0.541050136089325 650
1668581099189 0.5208092331886292 867
1668581169903 0.4898844063282013 1084
1668581240422 0.48554912209510803 1301
1668581310979 0.5189788341522217 1518
1668581381449 0.5164739489555359 1735
1668581452019 0.5038535594940186 1952
1668581522512 0.5187475681304932 2169
1668581592991 0.5217245221138 2386
1668581663600 0.5240848064422607 2603
1668581734084 0.5270712971687317 2820
1668581804572 0.5295953750610352 3037
1668581875106 0.5368208289146423 3254
1668581945812 0.5241425633430481 3471
1668582016483 0.5376685857772827 3688
1668582086918 0.5303274989128113 3905
1668582157476 0.5427745580673218 4122
1668582228200 0.5441425442695618 4339
1668582298880 0.5470327138900757 4556
1668582369629 0.5352407693862915 4773
1668582440186 0.5515606999397278 4990
1668582510930 0.5657225251197815 5207
1668582581500 0.5483621954917908 5424
1668582652081 0.5413293838500977 5641
1668582722764 0.5265510678291321 5858
1668582793061 0.5247591137886047 6075
1668582863692 0.547938346862793 6292
1668582934375 0.5293063521385193 6509
1668583004934 0.5596916675567627 6726
1668583075600 0.5419268012046814 6943
1668583146027 0.536560595035553 7160
1668583216684 0.5402312278747559 7377
1668583287457 0.539499044418335 7594
1668583358276 0.5534874796867371 7811
1668583428800 0.553179144859314 8028
1668583499059 0.573795735836029 8245
1668583569984 0.5234681963920593 8462
1668583640652 0.5559729933738708 8679
1668583711465 0.5374951958656311 8896
1668583782232 0.5465317368507385 9113
1668583852943 0.5621387362480164 9330
1668583923824 0.5568400621414185 9547
1668583994425 0.5300577878952026 9764
1668584065366 0.5392678380012512 9981
1668584136181 0.5472254157066345 10198
1668584206852 0.5421579480171204 10415
1668584277631 0.5549710988998413 10632
1668584348680 0.5525047779083252 10849
1668584419354 0.5546435117721558 11066
1668584490245 0.5450866222381592 11283
1668584561040 0.5695183277130127 11500
1668584631873 0.5608863234519958 11717
1668584702958 0.5528901815414429 11934
1668584773898 0.5485548973083496 12151
1668584844624 0.5667822360992432 12368
1668584915765 0.5726974606513977 12585
1668584986583 0.5507899522781372 12802
1668585057457 0.5570327639579773 13019
1668585128455 0.5458381175994873 13236
1668585199237 0.5308477282524109 13453
1668585270172 0.5586897730827332 13670
1668585340963 0.5563583374023438 13887
1668585411933 0.5558766722679138 14104
1668585482884 0.5556454658508301 14321
1668585554038 0.5398073196411133 14538
1668585624885 0.5571291446685791 14755
1668585695644 0.5332562327384949 14972
1668585766579 0.5454720258712769 15189
1668585837385 0.5545279383659363 15406
1668585908354 0.5551059246063232 15623
1668585979234 0.5515992045402527 15840
1668586049806 0.5563583970069885 16057
1668586120776 0.5410404205322266 16274
1668586191667 0.550635814666748 16491
1668586262607 0.5430635809898376 16708
1668586333406 0.5572254061698914 16925
1668586404154 0.5484585165977478 17142
1668586474885 0.5347205996513367 17359
1668586545649 0.5481695532798767 17576
1668586616527 0.5485356450080872 17793
1668586687378 0.5594797730445862 18010
1668586758044 0.5357995629310608 18227
1668586828476 0.550192654132843 18444
1668586899157 0.5341039896011353 18661
1668586970192 0.5457610487937927 18878
1668587041075 0.5421001315116882 19095
1668587111773 0.556541383266449 19312
1668587182583 0.5487475991249084 19529
1668587253657 0.5517340898513794 19746
1668587324763 0.5438342690467834 19963
1668587395641 0.56196528673172 20180
1668587466508 0.5582080483436584 20397
1668587537446 0.5602118968963623 20614
1668587608424 0.5345087051391602 20831
1668587679271 0.5436223745346069 21048
1668587750164 0.5423120856285095 21265
1668587821019 0.5201156139373779 21482
1668587891837 0.5523699522018433 21699
1668587962665 0.5563583970069885 21916
1668588033548 0.5772639513015747 22133
1668588104287 0.5560693740844727 22350
1668588175178 0.5751444697380066 22567
1668588245942 0.5611753463745117 22784
1668588316693 0.5648362040519714 23001
1668588387550 0.5283236503601074 23218
1668588458526 0.5631020665168762 23435
1668588529843 0.5388824343681335 23652
1668588600806 0.5525047779083252 23869
1668588671694 0.5464354753494263 24086
1668588742545 0.5570134520530701 24303
1668588813325 0.551117479801178 24520
1668588884126 0.5529865622520447 24737
1668588954974 0.5804238319396973 24954
1668589025834 0.5317726135253906 25171
1668589096912 0.5647398829460144 25388
1668589167950 0.5373603105545044 25605
1668589238692 0.5698072910308838 25822
1668589309572 0.5564547181129456 26039
1668589380421 0.5381090044975281 26256
1668589451225 0.5353564023971558 26473
1668589522047 0.5448747277259827 26690
1668589592590 0.5588631629943848 26907
1668589663175 0.5585260391235352 27124
1668589733834 0.5604239106178284 27341
1668589804826 0.5574759244918823 27558
1668589875777 0.5576878190040588 27775
1668589946612 0.5700384974479675 27992
1668590017798 0.5368015170097351 28209
1668590088661 0.5434681177139282 28426
1668590159892 0.5625130534172058 28643
1668590230769 0.5494990348815918 28860
1668590301743 0.5480924844741821 29077
1668590372665 0.5563391447067261 29294
1668590443698 0.5516377091407776 29511
1668590514547 0.5330250263214111 29728
1668590585343 0.5721579790115356 29945
1668590656365 0.5654142498970032 30162
1668590727254 0.5674373507499695 30379
1668590798366 0.5425047874450684 30596
1668590869269 0.5416281223297119 30813
1668590939890 0.5480731725692749 31030
1668591010765 0.5529093742370605 31247
1668591081606 0.5569033622741699 31464
1668591152485 0.5431599617004395 31681
1668591223344 0.5332370400428772 31898
1668591294253 0.5479961633682251 32115
1668591365033 0.5391136407852173 32332
1668591435812 0.5594412088394165 32549
1668591506504 0.5300385355949402 32766
1668591577256 0.5420038104057312 32983
1668591648269 0.5497109293937683 33200
1668591719005 0.5349903702735901 33417
1668591789875 0.5369556546211243 33634
1668591860731 0.5533718466758728 33851
1668591931544 0.5306165218353271 34068
1668592002512 0.5440269708633423 34285
1668592073668 0.56011563539505 34502
1668592144796 0.5358574390411377 34719
1668592215849 0.5495375394821167 34936
1668592286925 0.5547783970832825 35153
1668592357663 0.5423891544342041 35370
1668592428427 0.5630635619163513 35587
1668592499421 0.5362234711647034 35804
1668592570243 0.535915195941925 36021
1668592641087 0.5457032918930054 36238
1668592711654 0.5320809483528137 36455
1668592782399 0.565703272819519 36672
1668592853203 0.5573700070381165 36889
1668592924002 0.5514065623283386 37106
1668592994844 0.5390173196792603 37323
1668593065717 0.5537571907043457 37540
1668593136575 0.5364354252815247 37757
1668593207385 0.5419653058052063 37974
1668593278319 0.5513968467712402 38191
1668593349310 0.555009663105011 38408
1668593420132 0.5430635809898376 38625
1668593490990 0.5578034520149231 38842
1668593561894 0.5481694936752319 39059
1668593632742 0.5671483874320984 39276
1668593703388 0.5558766722679138 39493
1668593774265 0.5530828237533569 39710
1668593845058 0.5544316172599792 39927
1668593915845 0.5541618466377258 40144
1668593987038 0.54219651222229 40361
1668594058099 0.5499999523162842 40578
1668594129033 0.5414450764656067 40795
1668594199802 0.5612716674804688 41012
1668594270488 0.5565124750137329 41229
1668594341276 0.562157928943634 41446
1668594412146 0.5589594841003418 41663
1668594482963 0.5302504897117615 41880
1668594553807 0.5596916675567627 42097
1668594624841 0.5650289058685303 42314
1668594695792 0.5479961633682251 42531
1668594766792 0.5427937507629395 42748
1668594837725 0.5427746176719666 42965
1668594908496 0.5469171404838562 43182
1668594979399 0.555105984210968 43399
1668595050377 0.5443834066390991 43616
1668595121115 0.5446049571037292 43833
1668595191950 0.5403661131858826 44050
1668595262779 0.5410597324371338 44267
1668595333704 0.5469171404838562 44484
1668595404457 0.5359922647476196 44701
1668595475157 0.5576107501983643 44918
1668595546087 0.5543545484542847 45135
1668595617133 0.5458574295043945 45352
1668595688186 0.5499421954154968 45569
1668595759161 0.5504623651504517 45786
1668595829951 0.5558767318725586 46003
1668595900673 0.5526589751243591 46220
1668595971548 0.5600385665893555 46437
1668596042354 0.5570712685585022 46654
1668596113332 0.5578034520149231 46871
1668596184193 0.5524277091026306 47088
1668596255101 0.548788845539093 47305
1668596325976 0.5585741400718689 47522
1668596396775 0.5553950071334839 47739
1668596467606 0.5649325251579285 47956
1668596538466 0.5528901815414429 48173
1668596609498 0.5426011085510254 48390
1668596680294 0.5444508194923401 48607
1668596751071 0.5491328835487366 48824
1668596821807 0.5474951863288879 49041
1668596892802 0.5389595031738281 49258
1668596963505 0.5431406497955322 49475
1668597034382 0.539595365524292 49692
1668597105212 0.539691686630249 49909
1668597175938 0.5423699617385864 50126
1668597246966 0.569036602973938 50343
1668597317928 0.5447013974189758 50560
1668597388802 0.5476493239402771 50777
1668597459588 0.5570327043533325 50994
1668597530559 0.5349711179733276 51211
1668597601499 0.5666474103927612 51428
1668597672289 0.5606936812400818 51645
1668597743156 0.556473970413208 51862
1668597814191 0.5655105710029602 52079
1668597884928 0.5361464023590088 52296
1668597955955 0.5615221261978149 52513
1668598026678 0.5573988556861877 52730
1668598097688 0.5514258146286011 52947
1668598168537 0.5454334616661072 53164
1668598239409 0.5302504897117615 53381
1668598310306 0.5426782369613647 53598
1668598381130 0.5563583970069885 53815
1668598452038 0.5664354562759399 54032
1668598523019 0.5386897325515747 54249
1668598593903 0.5492292642593384 54466
1668598664669 0.5267822742462158 54683
1668598735659 0.5671483874320984 54900
1668598806456 0.5612716674804688 55117
1668598877368 0.5400770306587219 55334
1668598948224 0.5314065217971802 55551
1668599019036 0.5491328835487366 55768
1668599089855 0.5499036312103271 55985
1668599160954 0.5729287266731262 56202
1668599231834 0.5231791138648987 56419
1668599302809 0.5569556355476379 56636
1668599373552 0.5478805303573608 56853
1668599444560 0.5706165432929993 57070
1668599515479 0.5312138199806213 57287
1668599586515 0.5583044290542603 57504
1668599657378 0.545086681842804 57721
1668599728382 0.5611753463745117 57938
1668599799139 0.5474181175231934 58155
1668599869851 0.5394605398178101 58372
1668599940539 0.5634874105453491 58589
1668600011370 0.5488438606262207 58806
1668600082162 0.5385355949401855 59023
1668600152981 0.5450674295425415 59240
1668600223883 0.5502312183380127 59457
1668600294862 0.5547398328781128 59674
1668600365718 0.5482273101806641 59891
1668600436888 0.5570327043533325 60108
1668600507774 0.555587649345398 60325
1668600578637 0.5382466316223145 60542
1668600649439 0.5602312088012695 60759
1668600720299 0.5531406402587891 60976
1668600791724 0.5538535118103027 61193
1668600862896 0.5534682273864746 61410
1668600933791 0.5383429527282715 61627
1668601004527 0.5558766722679138 61844
1668601075581 0.5248554944992065 62061
1668601146360 0.5355491042137146 62278
1668601217589 0.5547783970832825 62495
1668601288504 0.5413872599601746 62712
1668601359235 0.5562235116958618 62929
1668601430023 0.5504431128501892 63146
1668601500822 0.537976861000061 63363
1668601571839 0.5547398924827576 63580
1668601643144 0.5364161729812622 63797
1668601713966 0.5341618061065674 64014
1668601784869 0.5393834114074707 64231
1668601855680 0.5655298829078674 64448
1668601926732 0.5523121356964111 64665
1668601997495 0.5366088151931763 64882
1668602068739 0.5576107501983643 65099
