1669360591604 0 49
1669360606055 0 99
1669360620929 0 149
1669360635375 0 199
1669360647790 0 216
1669360652291 1 216
1669360662510 1 249
1669360676996 1 299
1669360691514 1 349
1669360706025 1 399
1669360722908 1 433
1669360727721 2 433
1669360733087 2 449
1669360747760 2 499
1669360762423 2 549
1669360777085 2 599
1669360791754 2 649
1669360799106 2 650
1669360803919 3 650
1669360818880 3 699
1669360833389 3 749
1669360847888 3 799
1669360862406 3 849
1669360874550 3 867
1669360879498 4 867
1669360889575 4 899
1669360904258 4 949
1669360918897 4 999
1669360933513 4 1049
1669360950704 4 1084
1669360955562 5 1084
1669360960590 5 1099
1669360975078 5 1149
1669360989629 5 1199
1669361004140 5 1249
1669361018802 5 1299
1669361026672 5 1301
1669361031474 6 1301
1669361046120 6 1349
1669361060968 6 1399
1669361075524 6 1449
1669361090117 6 1499
1669361102854 6 1518
1669361107719 7 1518
1669361117352 7 1549
1669361131821 7 1599
1669361146262 7 1649
1669361160741 7 1699
1669361178450 7 1735
1669361183279 8 1735
1669361188199 8 1749
1669361202831 8 1799
1669361217288 8 1849
1669361231775 8 1899
1669361246213 8 1949
1669361254180 8 1952
1669361259009 9 1952
1669361273300 9 1999
1669361287826 9 2049
1669361302312 9 2099
1669361316799 9 2149
1669361329990 9 2169
1669361334839 10 2169
1669361344549 10 2199
1669361359067 10 2249
1669361373567 10 2299
1669361388093 10 2349
1669361405844 10 2386
1669361410614 11 2386
1669361415094 11 2399
1669361429789 11 2449
1669361444443 11 2499
1669361459087 11 2549
1669361473613 11 2599
1669361481962 11 2603
1669361486853 12 2603
1669361501228 12 2649
1669361515736 12 2699
1669361530233 12 2749
1669361544709 12 2799
1669361558041 12 2820
1669361562939 13 2820
1669361572059 13 2849
1669361586548 13 2899
1669361601239 13 2949
1669361615704 13 2999
1669361633886 13 3037
1669361638765 14 3037
1669361643108 14 3049
1669361657629 14 3099
1669361672153 14 3149
1669361686727 14 3199
1669361701231 14 3249
1669361709785 14 3254
1669361714585 15 3254
1669361728538 15 3299
1669361743225 15 3349
1669361757869 15 3399
1669361772336 15 3449
1669361785972 15 3471
1669361790846 16 3471
1669361799650 16 3499
1669361814204 16 3549
1669361828796 16 3599
1669361843365 16 3649
1669361862197 16 3688
1669361867117 17 3688
1669361871185 17 3699
1669361885683 17 3749
1669361900374 17 3799
1669361915006 17 3849
1669361929506 17 3899
1669361938472 17 3905
1669361943388 18 3905
1669361956828 18 3949
1669361971394 18 3999
1669361985926 18 4049
1669362000436 18 4099
1669362014178 18 4122
1669362019156 19 4122
1669362027673 19 4149
1669362042415 19 4199
1669362057158 19 4249
1669362071689 19 4299
1669362090574 19 4339
1669362095353 20 4339
1669362099012 20 4349
1669362113578 20 4399
1669362128208 20 4449
1669362142919 20 4499
1669362157631 20 4549
1669362166811 20 4556
1669362171643 21 4556
1669362184950 21 4599
1669362199502 21 4649
1669362214193 21 4699
1669362228783 21 4749
1669362242968 21 4773
1669362247895 22 4773
1669362256089 22 4799
1669362270692 22 4849
1669362285265 22 4899
1669362299933 22 4949
1669362318902 22 4990
1669362323651 23 4990
1669362326981 23 4999
1669362341476 23 5049
1669362356150 23 5099
1669362370819 23 5149
1669362385289 23 5199
1669362394694 23 5207
1669362399636 24 5207
1669362412504 24 5249
1669362427002 24 5299
1669362441811 24 5349
1669362456321 24 5399
1669362470686 24 5424
1669362475553 25 5424
1669362483495 25 5449
1669362498126 25 5499
1669362512731 25 5549
1669362527301 25 5599
1669362546558 25 5641
1669362551476 26 5641
1669362554547 26 5649
1669362569073 26 5699
1669362583742 26 5749
1669362598442 26 5799
1669362613138 26 5849
1669362622926 26 5858
1669362627726 27 5858
1669362640451 27 5899
1669362654934 27 5949
1669362669511 27 5999
1669362684024 27 6049
1669362698757 27 6075
1669362703583 28 6075
1669362711223 28 6099
1669362725873 28 6149
1669362740457 28 6199
1669362755136 28 6249
1669362774989 28 6292
1669362779802 29 6292
1669362782541 29 6299
1669362797111 29 6349
1669362811659 29 6399
1669362826227 29 6449
1669362840944 29 6499
1669362851054 29 6509
1669362855938 30 6509
1669362868194 30 6549
1669362882728 30 6599
1669362897210 30 6649
1669362911839 30 6699
1669362926979 30 6726
1669362931845 31 6726
1669362939198 31 6749
1669362953838 31 6799
1669362968491 31 6849
1669362983160 31 6899
1669363002939 31 6943
1669363007773 32 6943
1669363010252 32 6949
1669363024762 32 6999
1669363039267 32 7049
1669363053905 32 7099
1669363068560 32 7149
1669363078884 32 7160
1669363083818 33 7160
1669363095923 33 7199
1669363110585 33 7249
1669363125101 33 7299
1669363139609 33 7349
1669363154798 33 7377
1669363159673 34 7377
1669363166928 34 7399
1669363181488 34 7449
1669363196306 34 7499
1669363210989 34 7549
1669363231035 34 7594
1669363235988 35 7594
1669363238114 35 7599
1669363252767 35 7649
1669363267440 35 7699
1669363281976 35 7749
1669363296478 35 7799
1669363307216 35 7811
1669363312144 36 7811
1669363323921 36 7849
1669363338665 36 7899
1669363353253 36 7949
1669363367881 36 7999
1669363383517 36 8028
1669363388436 37 8028
1669363395317 37 8049
1669363409843 37 8099
1669363424428 37 8149
1669363438969 37 8199
1669363459703 37 8245
1669363464525 38 8245
1669363466400 38 8249
1669363480927 38 8299
1669363495433 38 8349
1669363510006 38 8399
1669363524513 38 8449
1669363535511 38 8462
1669363540292 39 8462
1669363551694 39 8499
1669363566372 39 8549
1669363580913 39 8599
1669363595766 39 8649
1669363611665 39 8679
1669363616468 40 8679
1669363623049 40 8699
1669363637623 40 8749
1669363652153 40 8799
1669363666689 40 8849
1669363687459 40 8896
1669363692318 41 8896
1669363693924 41 8899
1669363708403 41 8949
1669363723213 41 8999
1669363737855 41 9049
1669363752395 41 9099
1669363763627 41 9113
1669363768505 42 9113
1669363779802 42 9149
1669363794310 42 9199
1669363808818 42 9249
1669363823317 42 9299
1669363839268 42 9330
1669363844128 43 9330
1669363850604 43 9349
1669363865164 43 9399
1669363879811 43 9449
1669363894279 43 9499
1669363915351 43 9547
1669363920157 44 9547
1669363921764 44 9549
1669363936283 44 9599
1669363950783 44 9649
1669363965422 44 9699
1669363979905 44 9749
1669363991653 44 9764
1669363996688 45 9764
1669364007606 45 9799
1669364022133 45 9849
1669364036612 45 9899
1669364051095 45 9949
1669364067578 45 9981
1669364072421 46 9981
1669364078334 46 9999
1669364092995 46 10049
1669364107637 46 10099
1669364122286 46 10149
1669364143702 46 10198
1669364148570 47 10198
1669364149558 47 10199
1669364164125 47 10249
1669364178740 47 10299
1669364193353 47 10349
1669364207895 47 10399
1669364219750 47 10415
1669364224587 48 10415
1669364235250 48 10449
1669364249858 48 10499
1669364264340 48 10549
1669364279137 48 10599
1669364295808 48 10632
1669364300727 49 10632
1669364306368 49 10649
1669364320901 49 10699
1669364335497 49 10749
1669364350004 49 10799
1669364364343 49 10849
1669364371703 49 10849
1669364376733 50 10849
1669364392243 50 10899
1669364406938 50 10949
1669364421660 50 10999
1669364436199 50 11049
1669364448323 50 11066
1669364453211 51 11066
1669364463513 51 11099
1669364478129 51 11149
1669364492653 51 11199
1669364507173 51 11249
1669364524319 51 11283
1669364529276 52 11283
1669364534604 52 11299
1669364549234 52 11349
1669364564105 52 11399
1669364578607 52 11449
1669364593061 52 11499
1669364600482 52 11500
1669364605291 53 11500
1669364620393 53 11549
1669364635080 53 11599
1669364649764 53 11649
1669364664376 53 11699
1669364676814 53 11717
1669364681682 54 11717
1669364691648 54 11749
1669364706135 54 11799
1669364720936 54 11849
1669364735428 54 11899
1669364752731 54 11934
1669364757620 55 11934
1669364762720 55 11949
1669364777417 55 11999
1669364791999 55 12049
1669364806743 55 12099
1669364821255 55 12149
1669364829067 55 12151
1669364833906 56 12151
1669364848556 56 12199
1669364863234 56 12249
1669364877756 56 12299
1669364892477 56 12349
1669364905127 56 12368
1669364909922 57 12368
1669364919580 57 12399
1669364934281 57 12449
1669364948884 57 12499
1669364963488 57 12549
1669364981307 57 12585
1669364986197 58 12585
1669364991136 58 12599
1669365005794 58 12649
1669365020283 58 12699
1669365034776 58 12749
1669365049248 58 12799
1669365057441 58 12802
1669365062488 59 12802
1669365076918 59 12849
1669365091568 59 12899
1669365106197 59 12949
1669365120724 59 12999
1669365133960 59 13019
1669365138893 60 13019
1669365148319 60 13049
1669365162825 60 13099
1669365177335 60 13149
1669365191829 60 13199
1669365209831 60 13236
1669365214889 61 13236
1669365219522 61 13249
1669365234041 61 13299
1669365248578 61 13349
1669365263229 61 13399
1669365277724 61 13449
1669365286214 61 13453
1669365291053 62 13453
1669365305182 62 13499
1669365319724 62 13549
1669365334506 62 13599
1669365349042 62 13649
1669365362274 62 13670
1669365367111 63 13670
1669365376382 63 13699
1669365390971 63 13749
1669365405610 63 13799
1669365420132 63 13849
1669365438351 63 13887
1669365443197 64 13887
1669365447436 64 13899
1669365462336 64 13949
1669365477085 64 13999
1669365491637 64 14049
1669365506172 64 14099
1669365514795 64 14104
1669365519606 65 14104
1669365533566 65 14149
1669365548108 65 14199
1669365562639 65 14249
1669365577188 65 14299
1669365591065 65 14321
1669365596015 66 14321
1669365604957 66 14349
1669365619510 66 14399
1669365634210 66 14449
1669365648729 66 14499
1669365667419 66 14538
1669365672252 67 14538
1669365676222 67 14549
1669365690912 67 14599
1669365705672 67 14649
1669365720330 67 14699
1669365734856 67 14749
1669365744039 67 14755
1669365748952 68 14755
1669365762367 68 14799
1669365776892 68 14849
1669365791421 68 14899
1669365806084 68 14949
1669365819855 68 14972
1669365824773 69 14972
1669365833313 69 14999
1669365848027 69 15049
1669365862639 69 15099
1669365877387 69 15149
1669365896239 69 15189
1669365901124 70 15189
1669365904752 70 15199
1669365919312 70 15249
1669365933994 70 15299
1669365948562 70 15349
1669365963268 70 15399
1669365972671 70 15406
1669365977502 71 15406
1669365990606 71 15449
1669366005090 71 15499
1669366019885 71 15549
1669366034409 71 15599
1669366048556 71 15623
1669366053413 72 15623
1669366061674 72 15649
1669366076246 72 15699
1669366090802 72 15749
1669366105482 72 15799
1669366124662 72 15840
1669366129487 73 15840
1669366132752 73 15849
1669366147549 73 15899
1669366162208 73 15949
1669366176714 73 15999
1669366191217 73 16049
1669366200744 73 16057
1669366205543 74 16057
1669366218643 74 16099
1669366233455 74 16149
1669366248085 74 16199
1669366262644 74 16249
1669366277259 74 16274
1669366282044 75 16274
1669366290017 75 16299
1669366304657 75 16349
1669366319287 75 16399
1669366333814 75 16449
1669366353205 75 16491
1669366358033 76 16491
1669366361241 76 16499
1669366375861 76 16549
1669366390389 76 16599
1669366404890 76 16649
1669366419520 76 16699
1669366429339 76 16708
1669366434106 77 16708
1669366446839 77 16749
1669366461325 77 16799
1669366475997 77 16849
1669366490491 77 16899
1669366505141 77 16925
1669366510007 78 16925
1669366517800 78 16949
1669366532302 78 16999
1669366546796 78 17049
1669366561452 78 17099
1669366581070 78 17142
1669366585855 79 17142
1669366588629 79 17149
1669366603297 79 17199
1669366617827 79 17249
1669366632369 79 17299
1669366646895 79 17349
1669366656965 79 17359
1669366661770 80 17359
1669366674370 80 17399
1669366689204 80 17449
1669366703890 80 17499
1669366718431 80 17549
1669366733663 80 17576
1669366738585 81 17576
1669366745957 81 17599
1669366760517 81 17649
1669366775136 81 17699
1669366789634 81 17749
1669366809594 81 17793
1669366814389 82 17793
1669366816825 82 17799
1669366831484 82 17849
1669366846164 82 17899
1669366860714 82 17949
1669366875536 82 17999
1669366885911 82 18010
1669366890799 83 18010
1669366902771 83 18049
1669366917271 83 18099
1669366931795 83 18149
1669366946332 83 18199
1669366961716 83 18227
1669366966615 84 18227
1669366973734 84 18249
1669366988441 84 18299
1669367003109 84 18349
1669367017801 84 18399
1669367038163 84 18444
1669367043119 85 18444
1669367045275 85 18449
1669367059784 85 18499
1669367074301 85 18549
1669367089016 85 18599
1669367103669 85 18649
1669367114399 85 18661
1669367119242 86 18661
1669367130906 86 18699
1669367145587 86 18749
1669367160099 86 18799
1669367174743 86 18849
1669367190227 86 18878
1669367195001 87 18878
1669367201777 87 18899
1669367216317 87 18949
1669367230868 87 18999
1669367245534 87 19049
1669367266432 87 19095
1669367271367 88 19095
1669367273242 88 19099
1669367287809 88 19149
1669367302510 88 19199
1669367317070 88 19249
1669367331566 88 19299
1669367342592 88 19312
1669367347448 89 19312
1669367358839 89 19349
1669367373487 89 19399
1669367388139 89 19449
1669367402660 89 19499
1669367418639 89 19529
1669367423587 90 19529
1669367430053 90 19549
1669367444751 90 19599
1669367459288 90 19649
1669367473819 90 19699
1669367494704 90 19746
1669367499514 91 19746
1669367501076 91 19749
1669367515719 91 19799
1669367530360 91 19849
1669367544996 91 19899
1669367559528 91 19949
1669367571013 91 19963
1669367575941 92 19963
1669367587139 92 19999
1669367601692 92 20049
1669367616312 92 20099
1669367630857 92 20149
1669367647324 92 20180
1669367652169 93 20180
1669367658334 93 20199
1669367672987 93 20249
1669367687517 93 20299
1669367702065 93 20349
1669367723315 93 20397
1669367728244 94 20397
1669367729544 94 20399
1669367744049 94 20449
1669367758588 94 20499
1669367773255 94 20549
1669367787794 94 20599
1669367799457 94 20614
1669367804269 95 20614
1669367815350 95 20649
1669367830078 95 20699
1669367844678 95 20749
1669367859309 95 20799
1669367875827 95 20831
1669367880675 96 20831
1669367886594 96 20849
1669367901122 96 20899
1669367915801 96 20949
1669367930329 96 20999
1669367951880 96 21048
1669367956752 97 21048
1669367957756 97 21049
1669367972413 97 21099
1669367987038 97 21149
1669368001541 97 21199
1669368016052 97 21249
1669368027825 97 21265
1669368032600 98 21265
1669368043273 98 21299
1669368057961 98 21349
1669368072606 98 21399
1669368087159 98 21449
1669368104024 98 21482
1669368108963 99 21482
1669368114646 99 21499
1669368129398 99 21549
1669368143973 99 21599
1669368158533 99 21649
1669368173002 99 21699
1669368180447 99 21699
1669368185396 100 21699
1669368200649 100 21749
1669368215167 100 21799
1669368229976 100 21849
1669368244932 100 21899
1669368257123 100 21916
1669368262023 101 21916
1669368272304 101 21949
1669368286973 101 21999
1669368301635 101 22049
1669368316170 101 22099
1669368333223 101 22133
1669368338130 102 22133
1669368343439 102 22149
1669368358290 102 22199
1669368372847 102 22249
1669368387527 102 22299
1669368402317 102 22349
1669368409794 102 22350
1669368414678 103 22350
1669368429600 103 22399
1669368444477 103 22449
1669368459155 103 22499
1669368473722 103 22549
1669368486227 103 22567
1669368491122 104 22567
1669368501081 104 22599
1669368515793 104 22649
1669368530646 104 22699
1669368545514 104 22749
1669368562970 104 22784
1669368567876 105 22784
1669368572931 105 22799
1669368587501 105 22849
1669368602063 105 22899
1669368616604 105 22949
1669368631149 105 22999
1669368639333 105 23001
1669368644255 106 23001
1669368658909 106 23049
1669368673539 106 23099
1669368688357 106 23149
1669368703075 106 23199
1669368715745 106 23218
1669368720570 107 23218
1669368730229 107 23249
1669368744902 107 23299
1669368759492 107 23349
1669368774022 107 23399
1669368791539 107 23435
1669368796362 108 23435
1669368801102 108 23449
1669368815931 108 23499
1669368830682 108 23549
1669368845237 108 23599
1669368859931 108 23649
1669368867898 108 23652
1669368872685 109 23652
1669368887065 109 23699
1669368901644 109 23749
1669368916209 109 23799
1669368930787 109 23849
1669368944030 109 23869
1669368948824 110 23869
1669368958476 110 23899
1669368973012 110 23949
1669368987523 110 23999
1669369002056 110 24049
1669369020139 110 24086
1669369025016 111 24086
1669369029510 111 24099
1669369044027 111 24149
1669369058736 111 24199
1669369073274 111 24249
1669369088114 111 24299
1669369096459 111 24303
1669369101314 112 24303
1669369115389 112 24349
1669369129948 112 24399
1669369144660 112 24449
1669369159238 112 24499
1669369172564 112 24520
1669369177398 113 24520
1669369186477 113 24549
1669369200977 113 24599
1669369215791 113 24649
1669369230344 113 24699
1669369248833 113 24737
1669369253628 114 24737
1669369257815 114 24749
1669369272357 114 24799
1669369286884 114 24849
1669369301543 114 24899
1669369316146 114 24949
1669369324855 114 24954
1669369329843 115 24954
1669369343867 115 24999
1669369359580 115 25049
1669369374176 115 25099
1669369388750 115 25149
1669369402307 115 25171
1669369406984 116 25171
1669369415863 116 25199
1669369430568 116 25249
1669369445119 116 25299
1669369459731 116 25349
1669369478413 116 25388
1669369483020 117 25388
1669369486876 117 25399
1669369501613 117 25449
1669369516617 117 25499
1669369531105 117 25549
1669369545598 117 25599
1669369554737 117 25605
1669369559725 118 25605
1669369573230 118 25649
1669369587860 118 25699
1669369602527 118 25749
1669369617401 118 25799
1669369631584 118 25822
1669369636321 119 25822
1669369645059 119 25849
1669369659592 119 25899
1669369674139 119 25949
1669369688804 119 25999
1669369707688 119 26039
1669369712568 120 26039
1669369716199 120 26049
1669369730834 120 26099
1669369745350 120 26149
1669369759940 120 26199
1669369774440 120 26249
1669369783890 120 26256
1669369788681 121 26256
1669369802010 121 26299
1669369816542 121 26349
1669369831123 121 26399
1669369845664 121 26449
1669369859940 121 26473
1669369864825 122 26473
1669369873039 122 26499
1669369887688 122 26549
1669369902194 122 26599
1669369916870 122 26649
1669369936031 122 26690
1669369940933 123 26690
1669369944412 123 26699
1669369959117 123 26749
1669369973722 123 26799
1669369988369 123 26849
1669370003358 123 26899
1669370013084 123 26907
1669370017894 124 26907
1669370030851 124 26949
1669370045392 124 26999
1669370059938 124 27049
1669370074816 124 27099
1669370089484 124 27124
1669370094411 125 27124
1669370102384 125 27149
1669370116954 125 27199
1669370131673 125 27249
1669370146216 125 27299
1669370165667 125 27341
1669370170604 126 27341
1669370173650 126 27349
1669370188228 126 27399
1669370202754 126 27449
1669370217646 126 27499
1669370232315 126 27549
1669370242247 126 27558
1669370247140 127 27558
1669370259710 127 27599
1669370274200 127 27649
1669370288948 127 27699
1669370303494 127 27749
1669370318301 127 27775
1669370323189 128 27775
1669370330875 128 27799
1669370345460 128 27849
1669370360163 128 27899
1669370374973 128 27949
1669370394756 128 27992
1669370399625 129 27992
1669370402602 129 27999
1669370417129 129 28049
1669370431676 129 28099
1669370446235 129 28149
1669370460845 129 28199
1669370471129 129 28209
1669370476000 130 28209
1669370488285 130 28249
1669370503100 130 28299
1669370517802 130 28349
1669370532475 130 28399
1669370547517 130 28426
1669370552437 131 28426
1669370559853 131 28449
1669370574413 131 28499
1669370589039 131 28549
1669370603616 131 28599
1669370623853 131 28643
1669370628752 132 28643
1669370631336 132 28649
1669370646052 132 28699
1669370660893 132 28749
1669370675416 132 28799
1669370689942 132 28849
1669370700307 132 28860
1669370705210 133 28860
1669370717302 133 28899
1669370731814 133 28949
1669370746407 133 28999
1669370761039 133 29049
1669370776725 133 29077
1669370781666 134 29077
1669370789045 134 29099
1669370803799 134 29149
1669370818366 134 29199
1669370833201 134 29249
1669370853563 134 29294
1669370858435 135 29294
1669370860633 135 29299
1669370875174 135 29349
1669370889861 135 29399
1669370904403 135 29449
1669370918943 135 29499
1669370929678 135 29511
1669370934633 136 29511
1669370946558 136 29549
1669370961302 136 29599
1669370975881 136 29649
1669370990463 136 29699
1669371006297 136 29728
1669371011148 137 29728
1669371017979 137 29749
1669371032714 137 29799
1669371047395 137 29849
1669371061971 137 29899
1669371082651 137 29945
1669371087428 138 29945
1669371089344 138 29949
1669371103907 138 29999
1669371118926 138 30049
1669371133470 138 30099
1669371148007 138 30149
1669371159142 138 30162
1669371163977 139 30162
1669371175538 139 30199
1669371190178 139 30249
1669371204817 139 30299
1669371219419 139 30349
1669371235577 139 30379
1669371240538 140 30379
1669371247110 140 30399
1669371261980 140 30449
1669371276693 140 30499
1669371291233 140 30549
1669371312200 140 30596
1669371317117 141 30596
1669371318834 141 30599
1669371333398 141 30649
1669371347977 141 30699
1669371362545 141 30749
1669371377298 141 30799
1669371388763 141 30813
1669371393603 142 30813
1669371405065 142 30849
1669371419783 142 30899
1669371434415 142 30949
1669371448978 142 30999
1669371465528 142 31030
1669371470349 143 31030
1669371476670 143 31049
1669371491284 143 31099
1669371505859 143 31149
1669371520441 143 31199
1669371542173 143 31247
1669371547208 144 31247
1669371548526 144 31249
1669371563262 144 31299
1669371577911 144 31349
1669371592482 144 31399
1669371607099 144 31449
1669371618842 144 31464
1669371623843 145 31464
1669371635238 145 31499
1669371649830 145 31549
1669371664796 145 31599
1669371679356 145 31649
1669371696194 145 31681
1669371701082 146 31681
1669371707000 146 31699
1669371721574 146 31749
1669371736159 146 31799
1669371750871 146 31849
1669371772374 146 31898
1669371777197 147 31898
1669371778213 147 31899
1669371792964 147 31949
1669371810052 147 31999
1669371824925 147 32049
1669371839517 147 32099
1669371851473 147 32115
1669371856390 148 32115
1669371866970 148 32149
1669371881552 148 32199
1669371896251 148 32249
1669371910962 148 32299
1669371927907 148 32332
1669371932845 149 32332
1669371938488 149 32349
1669371953351 149 32399
1669371967957 149 32449
1669371982554 149 32499
1669371997011 149 32549
1669372004618 149 32549
1669372009550 150 32549
1669372024802 150 32599
1669372039479 150 32649
1669372054157 150 32699
1669372068818 150 32749
1669372081011 150 32766
1669372085869 151 32766
1669372096160 151 32799
1669372110837 151 32849
1669372125394 151 32899
1669372139941 151 32949
1669372157208 151 32983
1669372162081 152 32983
1669372167419 152 32999
1669372181919 152 33049
1669372196582 152 33099
1669372211336 152 33149
1669372225933 152 33199
1669372233596 152 33200
1669372238471 153 33200
1669372253586 153 33249
1669372268277 153 33299
1669372283068 153 33349
1669372297780 153 33399
1669372310219 153 33417
1669372315110 154 33417
1669372325205 154 33449
1669372339859 154 33499
1669372354537 154 33549
1669372369101 154 33599
1669372386580 154 33634
1669372391422 155 33634
1669372396723 155 33649
1669372411297 155 33699
1669372425845 155 33749
1669372440382 155 33799
1669372455067 155 33849
1669372463142 155 33851
1669372468002 156 33851
1669372482562 156 33899
1669372497195 156 33949
1669372511744 156 33999
1669372526292 156 34049
1669372539067 156 34068
1669372543958 157 34068
1669372553838 157 34099
1669372568405 157 34149
1669372582957 157 34199
1669372597513 157 34249
1669372615629 157 34285
1669372620512 158 34285
1669372625322 158 34299
1669372639986 158 34349
1669372654553 158 34399
1669372669041 158 34449
1669372683596 158 34499
1669372691765 158 34502
1669372696663 159 34502
1669372711278 159 34549
1669372726019 159 34599
1669372740843 159 34649
1669372755526 159 34699
1669372768708 159 34719
1669372773505 160 34719
1669372782974 160 34749
1669372797677 160 34799
1669372812245 160 34849
1669372826792 160 34899
1669372845052 160 34936
1669372849914 161 34936
1669372854413 161 34949
1669372869127 161 34999
1669372883716 161 35049
1669372898443 161 35099
1669372912996 161 35149
1669372921493 161 35153
1669372926426 162 35153
1669372940595 162 35199
1669372955290 162 35249
1669372969972 162 35299
1669372984666 162 35349
1669372998175 162 35370
1669373002996 163 35370
1669373012092 163 35399
1669373026682 163 35449
1669373041438 163 35499
1669373056286 163 35549
1669373074707 163 35587
1669373079448 164 35587
1669373083591 164 35599
1669373098267 164 35649
1669373113051 164 35699
1669373127761 164 35749
1669373142299 164 35799
1669373151000 164 35804
1669373155931 165 35804
1669373169843 165 35849
1669373184373 165 35899
1669373198892 165 35949
1669373213403 165 35999
1669373227339 165 36021
1669373232201 166 36021
1669373241233 166 36049
1669373255745 166 36099
1669373270244 166 36149
1669373284862 166 36199
1669373303664 166 36238
1669373308633 167 36238
1669373312584 167 36249
1669373327065 167 36299
1669373341582 167 36349
1669373356347 167 36399
1669373371073 167 36449
1669373380173 167 36455
1669373384960 168 36455
1669373398436 168 36499
1669373413253 168 36549
1669373427953 168 36599
1669373442551 168 36649
1669373456428 168 36672
1669373461362 169 36672
1669373469918 169 36699
1669373484473 169 36749
1669373499265 169 36799
1669373513822 169 36849
1669373532867 169 36889
1669373537777 170 36889
1669373541391 170 36899
1669373556063 170 36949
1669373570717 170 36999
1669373585250 170 37049
1669373599795 170 37099
1669373609121 170 37106
1669373613973 171 37106
1669373627248 171 37149
1669373641826 171 37199
1669373656601 171 37249
1669373671172 171 37299
1669373685568 171 37323
1669373690342 172 37323
1669373698958 172 37349
1669373713599 172 37399
1669373728291 172 37449
1669373742873 172 37499
1669373762353 172 37540
1669373767260 173 37540
1669373770587 173 37549
1669373785054 173 37599
1669373799683 173 37649
1669373814202 173 37699
1669373828841 173 37749
1669373838431 173 37757
1669373843372 174 37757
1669373856397 174 37799
1669373870933 174 37849
1669373885479 174 37899
1669373900186 174 37949
1669373914772 174 37974
1669373919676 175 37974
1669373927713 175 37999
1669373942330 175 38049
1669373957254 175 38099
1669373971887 175 38149
1669373991605 175 38191
1669373996496 176 38191
1669373999679 176 38199
1669374014191 176 38249
1669374028704 176 38299
1669374043374 176 38349
1669374057893 176 38399
1669374067887 176 38408
1669374072701 177 38408
1669374085258 177 38449
1669374099779 177 38499
1669374114309 177 38549
1669374129118 177 38599
1669374143898 177 38625
1669374148643 178 38625
1669374156466 178 38649
1669374170997 178 38699
1669374185541 178 38749
1669374200095 178 38799
1669374220060 178 38842
1669374224930 179 38842
1669374227819 179 38849
1669374242419 179 38899
1669374256952 179 38949
1669374271681 179 38999
1669374286328 179 39049
1669374296639 179 39059
1669374301435 180 39059
1669374313722 180 39099
1669374328264 180 39149
1669374342995 180 39199
1669374357547 180 39249
1669374372850 180 39276
1669374377674 181 39276
1669374385075 181 39299
1669374399617 181 39349
1669374414326 181 39399
1669374429024 181 39449
1669374449205 181 39493
1669374454138 182 39493
1669374456599 182 39499
1669374471084 182 39549
1669374485763 182 39599
1669374500390 182 39649
1669374514904 182 39699
1669374525608 182 39710
1669374530361 183 39710
1669374542445 183 39749
1669374557113 183 39799
1669374571866 183 39849
1669374586483 183 39899
1669374601884 183 39927
1669374606696 184 39927
1669374613909 184 39949
1669374628634 184 39999
1669374643325 184 40049
1669374657876 184 40099
1669374678517 184 40144
1669374683519 185 40144
1669374685671 185 40149
1669374700217 185 40199
1669374714991 185 40249
1669374729549 185 40299
1669374744088 185 40349
1669374755088 185 40361
1669374759885 186 40361
1669374771735 186 40399
1669374786360 186 40449
1669374801031 186 40499
1669374815591 186 40549
1669374831295 186 40578
1669374836211 187 40578
1669374843138 187 40599
1669374857689 187 40649
1669374872239 187 40699
1669374887197 187 40749
1669374907934 187 40795
1669374912869 188 40795
1669374914682 188 40799
1669374929245 188 40849
1669374943972 188 40899
1669374958530 188 40949
1669374973134 188 40999
1669374984186 188 41012
1669374988955 189 41012
1669375000597 189 41049
1669375015276 189 41099
1669375029960 189 41149
1669375044537 189 41199
1669375060589 189 41229
1669375065740 190 41229
1669375072311 190 41249
1669375086929 190 41299
1669375101536 190 41349
1669375116136 190 41399
1669375137114 190 41446
1669375142020 191 41446
1669375143640 191 41449
1669375158519 191 41499
1669375173230 191 41549
1669375187823 191 41599
1669375202531 191 41649
1669375214010 191 41663
1669375218843 192 41663
1669375230074 192 41699
1669375244638 192 41749
1669375259222 192 41799
1669375273918 192 41849
1669375290190 192 41880
1669375295418 193 41880
1669375301830 193 41899
1669375316367 193 41949
1669375331067 193 41999
1669375345737 193 42049
1669375367031 193 42097
1669375371952 194 42097
1669375373233 194 42099
1669375387732 194 42149
1669375402402 194 42199
1669375416939 194 42249
1669375431652 194 42299
1669375443324 194 42314
1669375448161 195 42314
1669375459310 195 42349
1669375473853 195 42399
1669375488539 195 42449
1669375503082 195 42499
1669375519674 195 42531
1669375524549 196 42531
1669375530743 196 42549
1669375545271 196 42599
1669375559937 196 42649
1669375574479 196 42699
1669375596108 196 42748
1669375600923 197 42748
1669375601961 197 42749
1669375616509 197 42799
1669375631136 197 42849
1669375645734 197 42899
1669375660273 197 42949
1669375672263 197 42965
1669375677128 198 42965
1669375687728 198 42999
1669375702281 198 43049
1669375716962 198 43099
1669375731612 198 43149
1669375748662 198 43182
1669375753710 199 43182
1669375759491 199 43199
1669375774115 199 43249
1669375788648 199 43299
1669375803202 199 43349
1669375817691 199 43399
1669375825203 199 43399
1669375830020 200 43399
1669375845218 200 43449
1669375859973 200 43499
1669375874747 200 43549
1669375889342 200 43599
1669375901528 200 43616
1669375906509 201 43616
1669375916816 201 43649
1669375931512 201 43699
1669375946074 201 43749
1669375960673 201 43799
1669375977979 201 43833
1669375982759 202 43833
1669375988134 202 43849
1669376002675 202 43899
1669376017511 202 43949
1669376032044 202 43999
1669376046798 202 44049
1669376054165 202 44050
1669376059132 203 44050
1669376074083 203 44099
1669376088617 203 44149
1669376103254 203 44199
1669376117893 203 44249
1669376130675 203 44267
1669376135563 204 44267
1669376145628 204 44299
1669376160430 204 44349
1669376174938 204 44399
1669376189450 204 44449
1669376207054 204 44484
1669376211937 205 44484
1669376217027 205 44499
1669376231796 205 44549
1669376246299 205 44599
1669376260810 205 44649
1669376275303 205 44699
1669376283389 205 44701
1669376288309 206 44701
1669376303013 206 44749
1669376317664 206 44799
1669376332278 206 44849
1669376346792 206 44899
1669376359538 206 44918
1669376364537 207 44918
1669376374239 207 44949
1669376388747 207 44999
1669376403412 207 45049
1669376417957 207 45099
1669376436307 207 45135
1669376441235 208 45135
1669376445978 208 45149
1669376460538 208 45199
1669376475405 208 45249
1669376489969 208 45299
1669376504551 208 45349
1669376512638 208 45352
1669376517557 209 45352
1669376531879 209 45399
1669376546455 209 45449
1669376561254 209 45499
1669376575723 209 45549
1669376588778 209 45569
1669376593662 210 45569
1669376603110 210 45599
1669376617760 210 45649
1669376632300 210 45699
1669376646923 210 45749
1669376665112 210 45786
1669376670018 211 45786
1669376674494 211 45799
1669376689274 211 45849
1669376703893 211 45899
1669376718524 211 45949
1669376733146 211 45999
1669376741787 211 46003
1669376746807 212 46003
1669376761082 212 46049
1669376775644 212 46099
1669376790382 212 46149
1669376804922 212 46199
1669376818363 212 46220
1669376823330 213 46220
1669376832418 213 46249
1669376847091 213 46299
1669376861619 213 46349
1669376876157 213 46399
1669376894758 213 46437
1669376899640 214 46437
1669376903829 214 46449
1669376918346 214 46499
1669376933202 214 46549
1669376947738 214 46599
1669376962434 214 46649
1669376971241 214 46654
1669376976270 215 46654
1669376989945 215 46699
1669377004446 215 46749
1669377018904 215 46799
1669377033526 215 46849
1669377047302 215 46871
1669377052207 216 46871
1669377061017 216 46899
1669377075698 216 46949
1669377090243 216 46999
1669377104814 216 47049
1669377123663 216 47088
1669377128592 217 47088
1669377132518 217 47099
1669377147140 217 47149
1669377161864 217 47199
1669377176773 217 47249
1669377191380 217 47299
1669377200486 217 47305
1669377205300 218 47305
1669377218781 218 47349
1669377233530 218 47399
1669377248064 218 47449
1669377262601 218 47499
1669377276765 218 47522
1669377281720 219 47522
1669377290296 219 47549
1669377304971 219 47599
1669377319537 219 47649
1669377334290 219 47699
1669377353388 219 47739
1669377358405 220 47739
1669377362066 220 47749
1669377376619 220 47799
1669377391190 220 47849
1669377405740 220 47899
1669377420402 220 47949
1669377429931 220 47956
1669377434705 221 47956
1669377447884 221 47999
1669377462664 221 48049
1669377477291 221 48099
1669377491946 221 48149
1669377506235 221 48173
1669377511121 222 48173
1669377519560 222 48199
1669377534107 222 48249
1669377548783 222 48299
1669377563359 222 48349
1669377582752 222 48390
1669377587606 223 48390
1669377591090 223 48399
1669377605603 223 48449
1669377620093 223 48499
1669377634615 223 48549
1669377649293 223 48599
1669377658923 223 48607
1669377663717 224 48607
1669377676631 224 48649
1669377691187 224 48699
1669377706016 224 48749
1669377720553 224 48799
1669377735214 224 48824
1669377740185 225 48824
1669377748147 225 48849
1669377762669 225 48899
1669377777185 225 48949
1669377791878 225 48999
1669377811215 225 49041
1669377816231 226 49041
1669377819333 226 49049
1669377833904 226 49099
1669377848641 226 49149
1669377863224 226 49199
1669377877793 226 49249
1669377887959 226 49258
1669377892819 227 49258
1669377905584 227 49299
1669377920326 227 49349
1669377934933 227 49399
1669377949523 227 49449
1669377964417 227 49475
1669377969220 228 49475
1669377976944 228 49499
1669377991642 228 49549
1669378006176 228 49599
1669378020805 228 49649
1669378040839 228 49692
1669378045740 229 49692
1669378048729 229 49699
1669378063258 229 49749
1669378077797 229 49799
1669378092282 229 49849
1669378106797 229 49899
1669378117104 229 49909
1669378122003 230 49909
1669378134300 230 49949
1669378148808 230 49999
1669378163305 230 50049
1669378177974 230 50099
1669378193391 230 50126
1669378198355 231 50126
1669378205736 231 50149
1669378220267 231 50199
1669378234817 231 50249
1669378249358 231 50299
1669378269517 231 50343
1669378274334 232 50343
1669378276770 232 50349
1669378291271 232 50399
1669378305811 232 50449
1669378320772 232 50499
1669378335358 232 50549
1669378345809 232 50560
1669378350642 233 50560
1669378362610 233 50599
1669378377124 233 50649
1669378391731 233 50699
1669378406238 233 50749
1669378421708 233 50777
1669378426737 234 50777
1669378433929 234 50799
1669378448589 234 50849
1669378463382 234 50899
1669378478027 234 50949
1669378498593 234 50994
1669378503539 235 50994
1669378505732 235 50999
1669378520262 235 51049
1669378534767 235 51099
1669378549384 235 51149
1669378563908 235 51199
1669378574625 235 51211
1669378579415 236 51211
1669378591156 236 51249
1669378605851 236 51299
1669378620547 236 51349
1669378635198 236 51399
1669378650997 236 51428
1669378655830 237 51428
1669378662614 237 51449
1669378677244 237 51499
1669378691745 237 51549
1669378706246 237 51599
1669378727026 237 51645
1669378731854 238 51645
1669378733768 238 51649
1669378748288 238 51699
1669378762777 238 51749
1669378777644 238 51799
1669378792184 238 51849
1669378803048 238 51862
1669378807954 239 51862
1669378819407 239 51899
1669378834084 239 51949
1669378848779 239 51999
1669378863345 239 52049
1669378879258 239 52079
1669378884218 240 52079
1669378890759 240 52099
1669378905240 240 52149
1669378919878 240 52199
1669378934451 240 52249
1669378955413 240 52296
1669378960253 241 52296
1669378961811 241 52299
1669378976426 241 52349
1669378990928 241 52399
1669379005565 241 52449
1669379020264 241 52499
1669379031587 241 52513
1669379036484 242 52513
1669379047754 242 52549
1669379062255 242 52599
1669379076920 242 52649
1669379091489 242 52699
1669379107862 242 52730
1669379112744 243 52730
1669379118933 243 52749
1669379133468 243 52799
1669379148154 243 52849
1669379162878 243 52899
1669379184039 243 52947
1669379188843 244 52947
1669379190161 244 52949
1669379204864 244 52999
1669379219439 244 53049
1669379234024 244 53099
1669379248567 244 53149
1669379260106 244 53164
1669379265053 245 53164
1669379275992 245 53199
1669379290641 245 53249
1669379305139 245 53299
1669379319779 245 53349
1669379336544 245 53381
1669379341436 246 53381
1669379347391 246 53399
1669379362001 246 53449
1669379376754 246 53499
1669379391358 246 53549
1669379413016 246 53598
1669379417864 247 53598
1669379418851 247 53599
1669379433427 247 53649
1669379448076 247 53699
1669379462731 247 53749
1669379477232 247 53799
1669379489222 247 53815
1669379494043 248 53815
1669379504567 248 53849
1669379519089 248 53899
1669379533588 248 53949
1669379548088 248 53999
1669379564865 248 54032
1669379569700 249 54032
1669379575344 249 54049
1669379590232 249 54099
1669379604735 249 54149
1669379619313 249 54199
1669379633652 249 54249
1669379641010 249 54249
1669379645956 250 54249
1669379661262 250 54299
1669379675812 250 54349
1669379690360 250 54399
1669379705118 250 54449
1669379717510 250 54466
1669379722344 251 54466
1669379732762 251 54499
1669379747285 251 54549
1669379761845 251 54599
1669379776498 251 54649
1669379793637 251 54683
1669379798524 252 54683
1669379803933 252 54699
1669379818445 252 54749
1669379832977 252 54799
1669379847649 252 54849
1669379862345 252 54899
1669379869938 252 54900
1669379874746 253 54900
1669379889728 253 54949
1669379904465 253 54999
1669379918987 253 55049
1669379933550 253 55099
1669379945885 253 55117
1669379950746 254 55117
1669379960805 254 55149
1669379975261 254 55199
1669379990021 254 55249
1669380004711 254 55299
1669380022068 254 55334
1669380026997 255 55334
1669380032061 255 55349
1669380046836 255 55399
1669380061410 255 55449
1669380075980 255 55499
1669380090536 255 55549
1669380098419 255 55551
1669380103218 256 55551
1669380117951 256 55599
1669380132761 256 55649
1669380147287 256 55699
1669380161841 256 55749
1669380174737 256 55768
1669380179682 257 55768
1669380189377 257 55799
1669380203904 257 55849
1669380218418 257 55899
1669380232944 257 55949
1669380250712 257 55985
1669380255580 258 55985
1669380260493 258 55999
1669380275048 258 56049
1669380289734 258 56099
1669380304286 258 56149
1669380318957 258 56199
1669380327068 258 56202
1669380332019 259 56202
1669380346280 259 56249
1669380360788 259 56299
1669380375303 259 56349
1669380389968 259 56399
1669380403135 259 56419
1669380407984 260 56419
1669380417559 260 56449
1669380432041 260 56499
1669380446544 260 56549
1669380461029 260 56599
1669380478964 260 56636
1669380483880 261 56636
1669380488318 261 56649
1669380502934 261 56699
1669380517855 261 56749
1669380532479 261 56799
1669380547122 261 56849
1669380555621 261 56853
1669380560476 262 56853
1669380574540 262 56899
1669380589159 262 56949
1669380603856 262 56999
1669380618523 262 57049
1669380632094 262 57070
1669380636922 263 57070
1669380646068 263 57099
1669380660593 263 57149
1669380675516 263 57199
1669380690034 263 57249
1669380708299 263 57287
1669380713153 264 57287
1669380717450 264 57299
1669380732028 264 57349
1669380746573 264 57399
1669380761090 264 57449
1669380775601 264 57499
1669380784506 264 57504
1669380789509 265 57504
1669380803395 265 57549
1669380817999 265 57599
1669380832455 265 57649
1669380847079 265 57699
1669380860759 265 57721
1669380865600 266 57721
1669380874410 266 57749
1669380889136 266 57799
1669380903694 266 57849
1669380918225 266 57899
1669380937219 266 57938
1669380942111 267 57938
1669380946070 267 57949
1669380960621 267 57999
1669380975302 267 58049
1669380989827 267 58099
1669381004348 267 58149
1669381013356 267 58155
1669381018256 268 58155
1669381031814 268 58199
1669381046324 268 58249
1669381060822 268 58299
1669381075467 268 58349
1669381089397 268 58372
1669381094227 269 58372
1669381103058 269 58399
1669381117568 269 58449
1669381132118 269 58499
1669381146643 269 58549
1669381165522 269 58589
1669381170375 270 58589
1669381174027 270 58599
1669381188537 270 58649
1669381203183 270 58699
1669381217720 270 58749
1669381232498 270 58799
1669381241813 270 58806
1669381246777 271 58806
1669381259961 271 58849
1669381274534 271 58899
1669381289110 271 58949
1669381303660 271 58999
1669381317886 271 59023
1669381322780 272 59023
1669381330982 272 59049
1669381345684 272 59099
1669381360268 272 59149
1669381374979 272 59199
1669381394492 272 59240
1669381399410 273 59240
1669381402750 273 59249
1669381417278 273 59299
1669381431825 273 59349
1669381446374 273 59399
1669381461005 273 59449
1669381470576 273 59457
1669381475484 274 59457
1669381488577 274 59499
1669381503146 274 59549
1669381517719 274 59599
1669381532505 274 59649
1669381547212 274 59674
1669381552070 275 59674
1669381560061 275 59699
1669381574596 275 59749
1669381589140 275 59799
1669381603666 275 59849
1669381623345 275 59891
1669381628194 276 59891
1669381631395 276 59899
1669381645993 276 59949
1669381660538 276 59999
1669381675389 276 60049
1669381689987 276 60099
1669381699994 276 60108
1669381704926 277 60108
1669381717489 277 60149
1669381732004 277 60199
1669381746573 277 60249
1669381761207 277 60299
1669381776082 277 60325
1669381780897 278 60325
1669381788607 278 60349
1669381803273 278 60399
1669381817896 278 60449
1669381832413 278 60499
1669381852272 278 60542
1669381857143 279 60542
1669381859940 279 60549
1669381874497 279 60599
1669381889042 279 60649
1669381903603 279 60699
1669381918312 279 60749
1669381928830 279 60759
1669381933744 280 60759
1669381946048 280 60799
1669381960648 280 60849
1669381975217 280 60899
1669381989945 280 60949
1669382004942 280 60976
1669382009824 281 60976
1669382017177 281 60999
1669382031697 281 61049
1669382046228 281 61099
1669382061181 281 61149
1669382081185 281 61193
1669382086078 282 61193
1669382088522 282 61199
1669382103032 282 61249
1669382117514 282 61299
1669382132185 282 61349
1669382146706 282 61399
1669382157187 282 61410
1669382162042 283 61410
1669382174108 283 61449
1669382188904 283 61499
1669382203570 283 61549
1669382218100 283 61599
1669382233594 283 61627
1669382238406 284 61627
1669382245481 284 61649
1669382259972 284 61699
1669382274505 284 61749
1669382289181 284 61799
1669382309463 284 61844
1669382314415 285 61844
1669382316577 285 61849
1669382331300 285 61899
1669382346076 285 61949
1669382360567 285 61999
1669382375094 285 62049
1669382385784 285 62061
1669382390693 286 62061
1669382402545 286 62099
1669382417083 286 62149
1669382431603 286 62199
1669382446273 286 62249
1669382462019 286 62278
1669382466837 287 62278
1669382473650 287 62299
1669382488464 287 62349
1669382503032 287 62399
1669382517642 287 62449
1669382538572 287 62495
1669382543448 288 62495
1669382545425 288 62499
1669382560066 288 62549
1669382574794 288 62599
1669382589429 288 62649
1669382604051 288 62699
1669382615343 288 62712
1669382620293 289 62712
1669382631704 289 62749
1669382646315 289 62799
1669382660861 289 62849
1669382675421 289 62899
1669382691227 289 62929
1669382696173 290 62929
1669382702875 290 62949
1669382717535 290 62999
1669382732246 290 63049
1669382746815 290 63099
1669382767970 290 63146
1669382772914 291 63146
1669382774490 291 63149
1669382789062 291 63199
1669382803881 291 63249
1669382818433 291 63299
1669382832975 291 63349
1669382844473 291 63363
1669382849375 292 63363
1669382860628 292 63399
1669382875149 292 63449
1669382889799 292 63499
1669382904452 292 63549
1669382920750 292 63580
1669382925693 293 63580
1669382931859 293 63599
1669382946389 293 63649
1669382960932 293 63699
1669382975484 293 63749
1669382996755 293 63797
1669383001763 294 63797
1669383003097 294 63799
1669383017594 294 63849
1669383032080 294 63899
1669383046865 294 63949
1669383061348 294 63999
1669383072934 294 64014
1669383077800 295 64014
1669383088658 295 64049
1669383103330 295 64099
1669383117923 295 64149
1669383132599 295 64199
1669383149278 295 64231
1669383154084 296 64231
1669383160087 296 64249
1669383174766 296 64299
1669383189463 296 64349
1669383204010 296 64399
1669383225484 296 64448
1669383230481 297 64448
1669383231552 297 64449
1669383246063 297 64499
1669383260662 297 64549
1669383275283 297 64599
1669383289839 297 64649
1669383301896 297 64665
1669383306745 298 64665
1669383317337 298 64699
1669383332009 298 64749
1669383346509 298 64799
1669383361014 298 64849
1669383377786 298 64882
1669383382620 299 64882
1669383388290 299 64899
1669383403028 299 64949
1669383417792 299 64999
1669383432391 299 65049
1669383446938 299 65099
1669383454305 299 65099
1669383458949 300 65099
