1669360591604 0.3333333432674408 49
1669360606055 0.75 99
1669360620929 1.0 149
1669360635375 1.0 199
1669360662510 0.800000011920929 249
1669360676996 1.0 299
1669360691514 0.3333333432674408 349
1669360706025 1.0 399
1669360733087 1.0 449
1669360747760 0.5 499
1669360762423 0.6666666865348816 549
1669360777085 1.0 599
1669360791754 0.1666666716337204 649
1669360818880 0.6666666865348816 699
1669360833389 0.6666666865348816 749
1669360847888 0.5 799
1669360862406 0.0 849
1669360889575 0.6666666865348816 899
1669360904258 0.0 949
1669360918897 0.5 999
1669360933513 0.5 1049
1669360960590 0.6666666865348816 1099
1669360975078 0.25 1149
1669360989629 0.5 1199
1669361004140 0.3333333432674408 1249
1669361018802 1.0 1299
1669361046120 0.6666666865348816 1349
1669361060968 0.5 1399
1669361075524 0.800000011920929 1449
1669361090117 1.0 1499
1669361117352 1.0 1549
1669361131821 0.3333333432674408 1599
1669361146262 0.3333333432674408 1649
1669361160741 0.5 1699
1669361188199 0.3333333432674408 1749
1669361202831 0.5 1799
1669361217288 0.0 1849
1669361231775 0.5 1899
1669361246213 0.3333333432674408 1949
1669361273300 0.0 1999
1669361287826 0.6666666865348816 2049
1669361302312 0.5 2099
1669361316799 0.0 2149
1669361344549 1.0 2199
1669361359067 0.5 2249
1669361373567 0.5 2299
1669361388093 0.0 2349
1669361415094 0.0 2399
1669361429789 1.0 2449
1669361444443 0.6000000238418579 2499
1669361459087 0.6000000238418579 2549
1669361473613 0.0 2599
1669361501228 0.5 2649
1669361515736 1.0 2699
1669361530233 1.0 2749
1669361544709 1.0 2799
1669361572059 1.0 2849
1669361586548 0.5 2899
1669361601239 0.0 2949
1669361615704 1.0 2999
1669361643108 0.6666666865348816 3049
1669361657629 0.3333333432674408 3099
1669361672153 0.5 3149
1669361686727 0.5 3199
1669361701231 0.3333333432674408 3249
1669361728538 0.0 3299
1669361743225 0.75 3349
1669361757869 0.0 3399
1669361772336 0.0 3449
1669361799650 0.5 3499
1669361814204 0.3333333432674408 3549
1669361828796 0.6666666865348816 3599
1669361843365 0.800000011920929 3649
1669361871185 1.0 3699
1669361885683 1.0 3749
1669361900374 0.3333333432674408 3799
1669361915006 0.6666666865348816 3849
1669361929506 0.800000011920929 3899
1669361956828 1.0 3949
1669361971394 0.0 3999
1669361985926 0.5 4049
1669362000436 0.6000000238418579 4099
1669362027673 1.0 4149
1669362042415 0.3333333432674408 4199
1669362057158 0.5 4249
1669362071689 0.5 4299
1669362099012 0.0 4349
1669362113578 0.5 4399
1669362128208 0.6666666865348816 4449
1669362142919 0.75 4499
1669362157631 0.5 4549
1669362184950 1.0 4599
1669362199502 0.5 4649
1669362214193 0.0 4699
1669362228783 1.0 4749
1669362256089 0.0 4799
1669362270692 0.6666666865348816 4849
1669362285265 0.6666666865348816 4899
1669362299933 1.0 4949
1669362326981 0.5 4999
1669362341476 0.25 5049
1669362356150 0.0 5099
1669362370819 1.0 5149
1669362385289 1.0 5199
1669362412504 1.0 5249
1669362427002 1.0 5299
1669362441811 0.6666666865348816 5349
1669362456321 0.5 5399
1669362483495 0.5 5449
1669362498126 0.6666666865348816 5499
1669362512731 0.6000000238418579 5549
1669362527301 1.0 5599
1669362554547 0.0 5649
1669362569073 1.0 5699
1669362583742 0.800000011920929 5749
1669362598442 0.0 5799
1669362613138 0.0 5849
1669362640451 1.0 5899
1669362654934 1.0 5949
1669362669511 0.0 5999
1669362684024 1.0 6049
1669362711223 0.6666666865348816 6099
1669362725873 1.0 6149
1669362740457 1.0 6199
1669362755136 1.0 6249
1669362782541 0.5 6299
1669362797111 0.0 6349
1669362811659 0.5 6399
1669362826227 0.5 6449
1669362840944 1.0 6499
1669362868194 0.6666666865348816 6549
1669362882728 1.0 6599
1669362897210 1.0 6649
1669362911839 1.0 6699
1669362939198 1.0 6749
1669362953838 0.0 6799
1669362968491 0.75 6849
1669362983160 0.6666666865348816 6899
1669363010252 1.0 6949
1669363024762 0.5 6999
1669363039267 0.5 7049
1669363053905 0.6666666865348816 7099
1669363068560 1.0 7149
1669363095923 0.75 7199
1669363110585 1.0 7249
1669363125101 0.3333333432674408 7299
1669363139609 1.0 7349
1669363166928 1.0 7399
1669363181488 0.3333333432674408 7449
1669363196306 0.0 7499
1669363210989 1.0 7549
1669363238114 1.0 7599
1669363252767 0.0 7649
1669363267440 0.6000000238418579 7699
1669363281976 0.3333333432674408 7749
1669363296478 0.0 7799
1669363323921 0.0 7849
1669363338665 1.0 7899
1669363353253 1.0 7949
1669363367881 0.800000011920929 7999
1669363395317 1.0 8049
1669363409843 1.0 8099
1669363424428 1.0 8149
1669363438969 0.6666666865348816 8199
1669363466400 0.0 8249
1669363480927 0.0 8299
1669363495433 0.5 8349
1669363510006 0.0 8399
1669363524513 0.0 8449
1669363551694 0.3333333432674408 8499
1669363566372 0.5 8549
1669363580913 1.0 8599
1669363595766 0.0 8649
1669363623049 0.0 8699
1669363637623 0.5 8749
1669363652153 0.5 8799
1669363666689 0.3333333432674408 8849
1669363693924 0.3333333432674408 8899
1669363708403 0.75 8949
1669363723213 0.6666666865348816 8999
1669363737855 0.0 9049
1669363752395 0.5 9099
1669363779802 0.6666666865348816 9149
1669363794310 1.0 9199
1669363808818 1.0 9249
1669363823317 1.0 9299
1669363850604 0.6666666865348816 9349
1669363865164 0.0 9399
1669363879811 0.5 9449
1669363894279 0.0 9499
1669363921764 0.5 9549
1669363936283 0.0 9599
1669363950783 0.5 9649
1669363965422 0.75 9699
1669363979905 0.6666666865348816 9749
1669364007606 0.75 9799
1669364022133 0.0 9849
1669364036612 0.6666666865348816 9899
1669364051095 0.800000011920929 9949
1669364078334 0.6666666865348816 9999
1669364092995 0.3333333432674408 10049
1669364107637 0.6000000238418579 10099
1669364122286 1.0 10149
1669364149558 0.0 10199
1669364164125 1.0 10249
1669364178740 0.0 10299
1669364193353 0.5 10349
1669364207895 0.3333333432674408 10399
1669364235250 1.0 10449
1669364249858 0.5 10499
1669364264340 1.0 10549
1669364279137 0.5 10599
1669364306368 0.800000011920929 10649
1669364320901 0.75 10699
1669364335497 0.5 10749
1669364350004 0.5 10799
1669364364343 0.0 10849
1669364392243 0.5 10899
1669364406938 0.5 10949
1669364421660 0.75 10999
1669364436199 0.5 11049
1669364463513 0.0 11099
1669364478129 0.5 11149
1669364492653 0.0 11199
1669364507173 0.3333333432674408 11249
1669364534604 0.5 11299
1669364549234 1.0 11349
1669364564105 1.0 11399
1669364578607 1.0 11449
1669364593061 1.0 11499
1669364620393 0.5 11549
1669364635080 1.0 11599
1669364649764 0.25 11649
1669364664376 0.5 11699
1669364691648 1.0 11749
1669364706135 0.6666666865348816 11799
1669364720936 0.0 11849
1669364735428 1.0 11899
1669364762720 0.0 11949
1669364777417 0.5 11999
1669364791999 0.5 12049
1669364806743 1.0 12099
1669364821255 1.0 12149
1669364848556 0.75 12199
1669364863234 0.5 12249
1669364877756 0.5 12299
1669364892477 1.0 12349
1669364919580 1.0 12399
1669364934281 0.6666666865348816 12449
1669364948884 1.0 12499
1669364963488 0.5 12549
1669364991136 0.5 12599
1669365005794 1.0 12649
1669365020283 1.0 12699
1669365034776 1.0 12749
1669365049248 0.75 12799
1669365076918 1.0 12849
1669365091568 0.5 12899
1669365106197 0.6666666865348816 12949
1669365120724 0.75 12999
1669365148319 1.0 13049
1669365162825 1.0 13099
1669365177335 0.3333333432674408 13149
1669365191829 0.75 13199
1669365219522 0.5 13249
1669365234041 0.5 13299
1669365248578 0.6666666865348816 13349
1669365263229 1.0 13399
1669365277724 0.6666666865348816 13449
1669365305182 1.0 13499
1669365319724 0.0 13549
1669365334506 1.0 13599
1669365349042 0.3333333432674408 13649
1669365376382 0.75 13699
1669365390971 1.0 13749
1669365405610 0.5 13799
1669365420132 0.0 13849
1669365447436 1.0 13899
1669365462336 1.0 13949
1669365477085 0.0 13999
1669365491637 1.0 14049
1669365506172 0.6666666865348816 14099
1669365533566 1.0 14149
1669365548108 0.75 14199
1669365562639 0.3333333432674408 14249
1669365577188 1.0 14299
1669365604957 0.75 14349
1669365619510 0.6666666865348816 14399
1669365634210 0.6666666865348816 14449
1669365648729 0.75 14499
1669365676222 0.6666666865348816 14549
1669365690912 0.5 14599
1669365705672 1.0 14649
1669365720330 1.0 14699
1669365734856 0.0 14749
1669365762367 0.0 14799
1669365776892 1.0 14849
1669365791421 0.6666666865348816 14899
1669365806084 0.3333333432674408 14949
1669365833313 0.0 14999
1669365848027 1.0 15049
1669365862639 0.5 15099
1669365877387 0.3333333432674408 15149
1669365904752 0.0 15199
1669365919312 1.0 15249
1669365933994 0.5 15299
1669365948562 0.6666666865348816 15349
1669365963268 0.0 15399
1669365990606 0.6666666865348816 15449
1669366005090 0.5 15499
1669366019885 0.800000011920929 15549
1669366034409 1.0 15599
1669366061674 0.3333333432674408 15649
1669366076246 0.6666666865348816 15699
1669366090802 0.3333333432674408 15749
1669366105482 0.5 15799
1669366132752 1.0 15849
1669366147549 0.3333333432674408 15899
1669366162208 0.75 15949
1669366176714 0.3333333432674408 15999
1669366191217 0.6666666865348816 16049
1669366218643 0.0 16099
1669366233455 1.0 16149
1669366248085 0.0 16199
1669366262644 1.0 16249
1669366290017 0.5 16299
1669366304657 0.5 16349
1669366319287 0.6666666865348816 16399
1669366333814 1.0 16449
1669366361241 0.0 16499
1669366375861 1.0 16549
1669366390389 0.25 16599
1669366404890 1.0 16649
1669366419520 0.5 16699
1669366446839 0.6666666865348816 16749
1669366461325 1.0 16799
1669366475997 0.5 16849
1669366490491 0.75 16899
1669366517800 1.0 16949
1669366532302 0.0 16999
1669366546796 0.5 17049
1669366561452 0.5 17099
1669366588629 0.6666666865348816 17149
1669366603297 0.4000000059604645 17199
1669366617827 1.0 17249
1669366632369 1.0 17299
1669366646895 0.0 17349
1669366674370 0.75 17399
1669366689204 0.5 17449
1669366703890 0.0 17499
1669366718431 0.5 17549
1669366745957 0.0 17599
1669366760517 0.0 17649
1669366775136 0.75 17699
1669366789634 0.800000011920929 17749
1669366816825 0.25 17799
1669366831484 0.0 17849
1669366846164 0.5 17899
1669366860714 0.5 17949
1669366875536 0.6666666865348816 17999
1669366902771 0.25 18049
1669366917271 0.0 18099
1669366931795 0.0 18149
1669366946332 1.0 18199
1669366973734 1.0 18249
1669366988441 1.0 18299
1669367003109 1.0 18349
1669367017801 0.3333333432674408 18399
1669367045275 0.5 18449
1669367059784 0.0 18499
1669367074301 1.0 18549
1669367089016 0.5 18599
1669367103669 0.0 18649
1669367130906 0.0 18699
1669367145587 0.4000000059604645 18749
1669367160099 0.75 18799
1669367174743 0.75 18849
1669367201777 0.0 18899
1669367216317 0.6666666865348816 18949
1669367230868 0.0 18999
1669367245534 1.0 19049
1669367273242 0.3333333432674408 19099
1669367287809 0.3333333432674408 19149
1669367302510 0.5 19199
1669367317070 0.5 19249
1669367331566 0.25 19299
1669367358839 0.5 19349
1669367373487 1.0 19399
1669367388139 0.0 19449
1669367402660 0.75 19499
1669367430053 1.0 19549
1669367444751 0.0 19599
1669367459288 1.0 19649
1669367473819 0.6666666865348816 19699
1669367501076 0.0 19749
1669367515719 1.0 19799
1669367530360 0.6666666865348816 19849
1669367544996 0.0 19899
1669367559528 0.3333333432674408 19949
1669367587139 1.0 19999
1669367601692 1.0 20049
1669367616312 0.800000011920929 20099
1669367630857 0.6666666865348816 20149
1669367658334 1.0 20199
1669367672987 0.5 20249
1669367687517 0.0 20299
1669367702065 0.5 20349
1669367729544 0.5 20399
1669367744049 0.5 20449
1669367758588 0.3333333432674408 20499
1669367773255 0.5 20549
1669367787794 1.0 20599
1669367815350 0.5 20649
1669367830078 0.6666666865348816 20699
1669367844678 0.5 20749
1669367859309 0.0 20799
1669367886594 0.75 20849
1669367901122 1.0 20899
1669367915801 0.0 20949
1669367930329 1.0 20999
1669367957756 0.5 21049
1669367972413 0.3333333432674408 21099
1669367987038 1.0 21149
1669368001541 0.6666666865348816 21199
1669368016052 0.3333333432674408 21249
1669368043273 0.4000000059604645 21299
1669368057961 0.6666666865348816 21349
1669368072606 0.0 21399
1669368087159 0.0 21449
1669368114646 0.6666666865348816 21499
1669368129398 1.0 21549
1669368143973 0.6000000238418579 21599
1669368158533 0.6000000238418579 21649
1669368173002 0.0 21699
1669368200649 1.0 21749
1669368215167 0.6666666865348816 21799
1669368229976 1.0 21849
1669368244932 0.5 21899
1669368272304 0.6000000238418579 21949
1669368286973 0.6666666865348816 21999
1669368301635 0.6666666865348816 22049
1669368316170 0.5 22099
1669368343439 0.0 22149
1669368358290 0.0 22199
1669368372847 0.0 22249
1669368387527 0.0 22299
1669368402317 0.6000000238418579 22349
1669368429600 0.5 22399
1669368444477 1.0 22449
1669368459155 0.6666666865348816 22499
1669368473722 0.5 22549
1669368501081 0.5 22599
1669368515793 0.0 22649
1669368530646 0.0 22699
1669368545514 1.0 22749
1669368572931 1.0 22799
1669368587501 0.0 22849
1669368602063 0.5 22899
1669368616604 0.75 22949
1669368631149 0.6666666865348816 22999
1669368658909 0.0 23049
1669368673539 1.0 23099
1669368688357 1.0 23149
1669368703075 0.0 23199
1669368730229 1.0 23249
1669368744902 0.0 23299
1669368759492 0.75 23349
1669368774022 0.5 23399
1669368801102 0.5 23449
1669368815931 0.0 23499
1669368830682 0.0 23549
1669368845237 0.5 23599
1669368859931 1.0 23649
1669368887065 1.0 23699
1669368901644 0.5 23749
1669368916209 0.5 23799
1669368930787 1.0 23849
1669368958476 0.0 23899
1669368973012 0.0 23949
1669368987523 0.5 23999
1669369002056 0.0 24049
1669369029510 0.6666666865348816 24099
1669369044027 0.0 24149
1669369058736 0.5 24199
1669369073274 0.6666666865348816 24249
1669369088114 0.0 24299
1669369115389 0.3333333432674408 24349
1669369129948 1.0 24399
1669369144660 0.5 24449
1669369159238 0.6666666865348816 24499
1669369186477 0.25 24549
1669369200977 0.6666666865348816 24599
1669369215791 0.0 24649
1669369230344 1.0 24699
1669369257815 0.0 24749
1669369272357 1.0 24799
1669369286884 0.5 24849
1669369301543 1.0 24899
1669369316146 0.0 24949
1669369343867 0.6666666865348816 24999
1669369359580 1.0 25049
1669369374176 0.6666666865348816 25099
1669369388750 0.0 25149
1669369415863 0.0 25199
1669369430568 0.5 25249
1669369445119 1.0 25299
1669369459731 1.0 25349
1669369486876 0.0 25399
1669369501613 0.5 25449
1669369516617 1.0 25499
1669369531105 0.6666666865348816 25549
1669369545598 0.6666666865348816 25599
1669369573230 1.0 25649
1669369587860 1.0 25699
1669369602527 0.75 25749
1669369617401 0.4000000059604645 25799
1669369645059 0.6666666865348816 25849
1669369659592 0.6000000238418579 25899
1669369674139 0.6666666865348816 25949
1669369688804 0.0 25999
1669369716199 0.5 26049
1669369730834 1.0 26099
1669369745350 0.5 26149
1669369759940 0.3333333432674408 26199
1669369774440 1.0 26249
1669369802010 0.0 26299
1669369816542 0.3333333432674408 26349
1669369831123 0.3333333432674408 26399
1669369845664 1.0 26449
1669369873039 0.75 26499
1669369887688 0.75 26549
1669369902194 1.0 26599
1669369916870 1.0 26649
1669369944412 0.75 26699
1669369959117 1.0 26749
1669369973722 0.5 26799
1669369988369 0.6666666865348816 26849
1669370003358 1.0 26899
1669370030851 1.0 26949
1669370045392 0.3333333432674408 26999
1669370059938 0.0 27049
1669370074816 0.0 27099
1669370102384 0.0 27149
1669370116954 1.0 27199
1669370131673 1.0 27249
1669370146216 0.0 27299
1669370173650 1.0 27349
1669370188228 0.5 27399
1669370202754 1.0 27449
1669370217646 0.0 27499
1669370232315 0.75 27549
1669370259710 0.0 27599
1669370274200 0.5 27649
1669370288948 0.6666666865348816 27699
1669370303494 0.3333333432674408 27749
1669370330875 0.6666666865348816 27799
1669370345460 0.0 27849
1669370360163 1.0 27899
1669370374973 0.5 27949
1669370402602 1.0 27999
1669370417129 0.6666666865348816 28049
1669370431676 0.6666666865348816 28099
1669370446235 0.5 28149
1669370460845 1.0 28199
1669370488285 0.6666666865348816 28249
1669370503100 1.0 28299
1669370517802 0.6666666865348816 28349
1669370532475 1.0 28399
1669370559853 1.0 28449
1669370574413 1.0 28499
1669370589039 0.0 28549
1669370603616 1.0 28599
1669370631336 0.0 28649
1669370646052 0.5 28699
1669370660893 0.6666666865348816 28749
1669370675416 1.0 28799
1669370689942 0.6000000238418579 28849
1669370717302 0.3333333432674408 28899
1669370731814 1.0 28949
1669370746407 1.0 28999
1669370761039 0.6666666865348816 29049
1669370789045 0.3333333432674408 29099
1669370803799 1.0 29149
1669370818366 1.0 29199
1669370833201 1.0 29249
1669370860633 1.0 29299
1669370875174 0.5 29349
1669370889861 0.0 29399
1669370904403 1.0 29449
1669370918943 0.3333333432674408 29499
1669370946558 1.0 29549
1669370961302 0.3333333432674408 29599
1669370975881 0.0 29649
1669370990463 1.0 29699
1669371017979 0.5 29749
1669371032714 0.5 29799
1669371047395 0.75 29849
1669371061971 1.0 29899
1669371089344 1.0 29949
1669371103907 0.75 29999
1669371118926 1.0 30049
1669371133470 0.6666666865348816 30099
1669371148007 1.0 30149
1669371175538 0.6666666865348816 30199
1669371190178 0.6666666865348816 30249
1669371204817 1.0 30299
1669371219419 1.0 30349
1669371247110 0.0 30399
1669371261980 0.6000000238418579 30449
1669371276693 0.5 30499
1669371291233 0.5 30549
1669371318834 1.0 30599
1669371333398 0.75 30649
1669371347977 0.6666666865348816 30699
1669371362545 0.5 30749
1669371377298 0.3333333432674408 30799
1669371405065 0.6666666865348816 30849
1669371419783 1.0 30899
1669371434415 0.6666666865348816 30949
1669371448978 0.6666666865348816 30999
1669371476670 0.0 31049
1669371491284 0.5 31099
1669371505859 0.5 31149
1669371520441 1.0 31199
1669371548526 1.0 31249
1669371563262 1.0 31299
1669371577911 0.5 31349
1669371592482 1.0 31399
1669371607099 0.75 31449
1669371635238 1.0 31499
1669371649830 1.0 31549
1669371664796 1.0 31599
1669371679356 1.0 31649
1669371707000 0.5 31699
1669371721574 1.0 31749
1669371736159 0.0 31799
1669371750871 0.25 31849
1669371778213 0.5 31899
1669371792964 0.3333333432674408 31949
1669371810052 0.0 31999
1669371824925 0.5 32049
1669371839517 0.6666666865348816 32099
1669371866970 1.0 32149
1669371881552 1.0 32199
1669371896251 0.5 32249
1669371910962 1.0 32299
1669371938488 0.0 32349
1669371953351 1.0 32399
1669371967957 1.0 32449
1669371982554 0.0 32499
1669371997011 0.0 32549
1669372024802 1.0 32599
1669372039479 1.0 32649
1669372054157 1.0 32699
1669372068818 0.6666666865348816 32749
1669372096160 1.0 32799
1669372110837 0.5 32849
1669372125394 1.0 32899
1669372139941 0.75 32949
1669372167419 1.0 32999
1669372181919 0.0 33049
1669372196582 1.0 33099
1669372211336 0.5 33149
1669372225933 0.5 33199
1669372253586 1.0 33249
1669372268277 0.5 33299
1669372283068 0.75 33349
1669372297780 0.0 33399
1669372325205 1.0 33449
1669372339859 0.6666666865348816 33499
1669372354537 1.0 33549
1669372369101 1.0 33599
1669372396723 0.0 33649
1669372411297 0.6666666865348816 33699
1669372425845 1.0 33749
1669372440382 1.0 33799
1669372455067 0.5 33849
1669372482562 1.0 33899
1669372497195 0.75 33949
1669372511744 0.5 33999
1669372526292 0.0 34049
1669372553838 0.5 34099
1669372568405 0.4000000059604645 34149
1669372582957 1.0 34199
1669372597513 1.0 34249
1669372625322 0.6666666865348816 34299
1669372639986 0.5 34349
1669372654553 0.6666666865348816 34399
1669372669041 1.0 34449
1669372683596 1.0 34499
1669372711278 0.0 34549
1669372726019 1.0 34599
1669372740843 0.4000000059604645 34649
1669372755526 0.5 34699
1669372782974 0.5 34749
1669372797677 0.0 34799
1669372812245 1.0 34849
1669372826792 0.5 34899
1669372854413 0.75 34949
1669372869127 0.0 34999
1669372883716 0.5 35049
1669372898443 0.5 35099
1669372912996 0.0 35149
1669372940595 1.0 35199
1669372955290 1.0 35249
1669372969972 0.0 35299
1669372984666 1.0 35349
1669373012092 1.0 35399
1669373026682 0.0 35449
1669373041438 0.0 35499
1669373056286 0.5 35549
1669373083591 0.5 35599
1669373098267 0.4000000059604645 35649
1669373113051 1.0 35699
1669373127761 0.3333333432674408 35749
1669373142299 0.0 35799
1669373169843 1.0 35849
1669373184373 1.0 35899
1669373198892 0.5 35949
1669373213403 0.5 35999
1669373241233 0.0 36049
1669373255745 1.0 36099
1669373270244 0.3333333432674408 36149
1669373284862 0.3333333432674408 36199
1669373312584 0.0 36249
1669373327065 1.0 36299
1669373341582 0.6666666865348816 36349
1669373356347 0.0 36399
1669373371073 0.5 36449
1669373398436 0.3333333432674408 36499
1669373413253 0.3333333432674408 36549
1669373427953 1.0 36599
1669373442551 0.5 36649
1669373469918 1.0 36699
1669373484473 1.0 36749
1669373499265 1.0 36799
1669373513822 0.75 36849
1669373541391 0.3333333432674408 36899
1669373556063 1.0 36949
1669373570717 1.0 36999
1669373585250 0.25 37049
1669373599795 1.0 37099
1669373627248 0.6000000238418579 37149
1669373641826 0.5 37199
1669373656601 0.6666666865348816 37249
1669373671172 0.0 37299
1669373698958 0.5 37349
1669373713599 0.3333333432674408 37399
1669373728291 1.0 37449
1669373742873 1.0 37499
1669373770587 0.6666666865348816 37549
1669373785054 0.3333333432674408 37599
1669373799683 0.0 37649
1669373814202 1.0 37699
1669373828841 0.0 37749
1669373856397 0.5 37799
1669373870933 0.0 37849
1669373885479 0.5 37899
1669373900186 1.0 37949
1669373927713 0.800000011920929 37999
1669373942330 1.0 38049
1669373957254 0.6666666865348816 38099
1669373971887 0.5 38149
1669373999679 1.0 38199
1669374014191 1.0 38249
1669374028704 0.0 38299
1669374043374 0.5 38349
1669374057893 0.5 38399
1669374085258 0.5 38449
1669374099779 1.0 38499
1669374114309 0.5 38549
1669374129118 1.0 38599
1669374156466 1.0 38649
1669374170997 0.0 38699
1669374185541 0.6666666865348816 38749
1669374200095 0.6000000238418579 38799
1669374227819 0.0 38849
1669374242419 1.0 38899
1669374256952 0.6666666865348816 38949
1669374271681 0.75 38999
1669374286328 0.0 39049
1669374313722 1.0 39099
1669374328264 0.5 39149
1669374342995 1.0 39199
1669374357547 1.0 39249
1669374385075 0.0 39299
1669374399617 1.0 39349
1669374414326 1.0 39399
1669374429024 0.6666666865348816 39449
1669374456599 1.0 39499
1669374471084 0.5 39549
1669374485763 1.0 39599
1669374500390 0.25 39649
1669374514904 0.0 39699
1669374542445 1.0 39749
1669374557113 1.0 39799
1669374571866 0.0 39849
1669374586483 0.75 39899
1669374613909 0.4000000059604645 39949
1669374628634 0.5 39999
1669374643325 0.4000000059604645 40049
1669374657876 0.5 40099
1669374685671 0.5 40149
1669374700217 0.5 40199
1669374714991 0.6666666865348816 40249
1669374729549 1.0 40299
1669374744088 1.0 40349
1669374771735 1.0 40399
1669374786360 1.0 40449
1669374801031 1.0 40499
1669374815591 1.0 40549
1669374843138 0.0 40599
1669374857689 0.75 40649
1669374872239 0.20000000298023224 40699
1669374887197 1.0 40749
1669374914682 0.0 40799
1669374929245 0.6666666865348816 40849
1669374943972 0.0 40899
1669374958530 1.0 40949
1669374973134 0.4000000059604645 40999
1669375000597 0.6666666865348816 41049
1669375015276 0.6666666865348816 41099
1669375029960 0.0 41149
1669375044537 0.75 41199
1669375072311 0.5 41249
1669375086929 1.0 41299
1669375101536 0.75 41349
1669375116136 1.0 41399
1669375143640 1.0 41449
1669375158519 0.5 41499
1669375173230 1.0 41549
1669375187823 0.6666666865348816 41599
1669375202531 0.75 41649
1669375230074 0.0 41699
1669375244638 0.5 41749
1669375259222 0.5 41799
1669375273918 0.5 41849
1669375301830 0.6666666865348816 41899
1669375316367 0.0 41949
1669375331067 0.5 41999
1669375345737 0.800000011920929 42049
1669375373233 0.5 42099
1669375387732 0.5 42149
1669375402402 0.0 42199
1669375416939 0.5 42249
1669375431652 0.3333333432674408 42299
1669375459310 0.5 42349
1669375473853 1.0 42399
1669375488539 0.6666666865348816 42449
1669375503082 1.0 42499
1669375530743 0.5 42549
1669375545271 1.0 42599
1669375559937 0.75 42649
1669375574479 1.0 42699
1669375601961 0.6666666865348816 42749
1669375616509 0.6666666865348816 42799
1669375631136 1.0 42849
1669375645734 1.0 42899
1669375660273 1.0 42949
1669375687728 0.0 42999
1669375702281 0.6666666865348816 43049
1669375716962 1.0 43099
1669375731612 0.0 43149
1669375759491 0.75 43199
1669375774115 0.3333333432674408 43249
1669375788648 1.0 43299
1669375803202 1.0 43349
1669375817691 0.0 43399
1669375845218 1.0 43449
1669375859973 1.0 43499
1669375874747 0.75 43549
1669375889342 0.5 43599
1669375916816 0.5 43649
1669375931512 0.5 43699
1669375946074 0.5 43749
1669375960673 0.75 43799
1669375988134 0.5 43849
1669376002675 0.0 43899
1669376017511 1.0 43949
1669376032044 0.6666666865348816 43999
1669376046798 0.3333333432674408 44049
1669376074083 1.0 44099
1669376088617 0.6666666865348816 44149
1669376103254 1.0 44199
1669376117893 0.0 44249
1669376145628 1.0 44299
1669376160430 1.0 44349
1669376174938 0.6666666865348816 44399
1669376189450 1.0 44449
1669376217027 0.5 44499
1669376231796 1.0 44549
1669376246299 1.0 44599
1669376260810 0.800000011920929 44649
1669376275303 0.20000000298023224 44699
1669376303013 0.3333333432674408 44749
1669376317664 0.0 44799
1669376332278 1.0 44849
1669376346792 0.0 44899
1669376374239 1.0 44949
1669376388747 0.75 44999
1669376403412 0.0 45049
1669376417957 1.0 45099
1669376445978 0.25 45149
1669376460538 0.5 45199
1669376475405 1.0 45249
1669376489969 0.6666666865348816 45299
1669376504551 1.0 45349
1669376531879 0.3333333432674408 45399
1669376546455 0.0 45449
1669376561254 0.0 45499
1669376575723 0.6666666865348816 45549
1669376603110 0.0 45599
1669376617760 0.5 45649
1669376632300 1.0 45699
1669376646923 0.5 45749
1669376674494 0.20000000298023224 45799
1669376689274 1.0 45849
1669376703893 1.0 45899
1669376718524 0.6666666865348816 45949
1669376733146 0.3333333432674408 45999
1669376761082 1.0 46049
1669376775644 0.5 46099
1669376790382 1.0 46149
1669376804922 0.25 46199
1669376832418 0.75 46249
1669376847091 0.6000000238418579 46299
1669376861619 0.0 46349
1669376876157 0.0 46399
1669376903829 0.0 46449
1669376918346 0.5 46499
1669376933202 0.6000000238418579 46549
1669376947738 1.0 46599
1669376962434 0.5 46649
1669376989945 0.0 46699
1669377004446 0.5 46749
1669377018904 0.6666666865348816 46799
1669377033526 1.0 46849
1669377061017 1.0 46899
1669377075698 0.6666666865348816 46949
1669377090243 1.0 46999
1669377104814 0.0 47049
1669377132518 0.3333333432674408 47099
1669377147140 0.3333333432674408 47149
1669377161864 0.5 47199
1669377176773 0.0 47249
1669377191380 0.3333333432674408 47299
1669377218781 0.5 47349
1669377233530 0.6000000238418579 47399
1669377248064 0.5 47449
1669377262601 1.0 47499
1669377290296 0.5 47549
1669377304971 0.3333333432674408 47599
1669377319537 1.0 47649
1669377334290 0.5 47699
1669377362066 1.0 47749
1669377376619 0.5 47799
1669377391190 1.0 47849
1669377405740 0.6666666865348816 47899
1669377420402 1.0 47949
1669377447884 1.0 47999
1669377462664 0.6666666865348816 48049
1669377477291 0.75 48099
1669377491946 0.5 48149
1669377519560 0.5 48199
1669377534107 0.0 48249
1669377548783 0.0 48299
1669377563359 0.6666666865348816 48349
1669377591090 0.75 48399
1669377605603 0.0 48449
1669377620093 1.0 48499
1669377634615 1.0 48549
1669377649293 0.5 48599
1669377676631 0.3333333432674408 48649
1669377691187 0.5 48699
1669377706016 1.0 48749
1669377720553 0.0 48799
1669377748147 0.3333333432674408 48849
1669377762669 0.0 48899
1669377777185 0.25 48949
1669377791878 0.3333333432674408 48999
1669377819333 0.75 49049
1669377833904 0.800000011920929 49099
1669377848641 0.6666666865348816 49149
1669377863224 1.0 49199
1669377877793 1.0 49249
1669377905584 0.5 49299
1669377920326 0.0 49349
1669377934933 1.0 49399
1669377949523 0.6666666865348816 49449
1669377976944 0.0 49499
1669377991642 1.0 49549
1669378006176 0.25 49599
1669378020805 1.0 49649
1669378048729 1.0 49699
1669378063258 1.0 49749
1669378077797 1.0 49799
1669378092282 0.0 49849
1669378106797 0.3333333432674408 49899
1669378134300 0.0 49949
1669378148808 0.6666666865348816 49999
1669378163305 0.75 50049
1669378177974 0.0 50099
1669378205736 0.6666666865348816 50149
1669378220267 0.6666666865348816 50199
1669378234817 0.75 50249
1669378249358 0.5 50299
1669378276770 0.25 50349
1669378291271 1.0 50399
1669378305811 0.6666666865348816 50449
1669378320772 0.6666666865348816 50499
1669378335358 0.5 50549
1669378362610 1.0 50599
1669378377124 0.0 50649
1669378391731 1.0 50699
1669378406238 1.0 50749
1669378433929 0.5 50799
1669378448589 0.6666666865348816 50849
1669378463382 0.75 50899
1669378478027 1.0 50949
1669378505732 0.5 50999
1669378520262 0.5 51049
1669378534767 0.0 51099
1669378549384 0.5 51149
1669378563908 0.0 51199
1669378591156 0.0 51249
1669378605851 1.0 51299
1669378620547 1.0 51349
1669378635198 1.0 51399
1669378662614 0.0 51449
1669378677244 0.0 51499
1669378691745 0.25 51549
1669378706246 0.75 51599
1669378733768 1.0 51649
1669378748288 0.5 51699
1669378762777 0.5 51749
1669378777644 0.75 51799
1669378792184 0.5 51849
1669378819407 0.6666666865348816 51899
1669378834084 0.6666666865348816 51949
1669378848779 0.0 51999
1669378863345 1.0 52049
1669378890759 1.0 52099
1669378905240 1.0 52149
1669378919878 0.0 52199
1669378934451 1.0 52249
1669378961811 0.3333333432674408 52299
1669378976426 1.0 52349
1669378990928 0.0 52399
1669379005565 0.6666666865348816 52449
1669379020264 0.5 52499
1669379047754 0.6666666865348816 52549
1669379062255 0.5 52599
1669379076920 0.5 52649
1669379091489 0.6666666865348816 52699
1669379118933 0.5 52749
1669379133468 1.0 52799
1669379148154 0.3333333432674408 52849
1669379162878 1.0 52899
1669379190161 1.0 52949
1669379204864 0.0 52999
1669379219439 0.0 53049
1669379234024 0.3333333432674408 53099
1669379248567 0.6666666865348816 53149
1669379275992 0.6666666865348816 53199
1669379290641 1.0 53249
1669379305139 1.0 53299
1669379319779 0.75 53349
1669379347391 0.20000000298023224 53399
1669379362001 0.5 53449
1669379376754 0.0 53499
1669379391358 1.0 53549
1669379418851 1.0 53599
1669379433427 0.6666666865348816 53649
1669379448076 0.6666666865348816 53699
1669379462731 1.0 53749
1669379477232 1.0 53799
1669379504567 0.6666666865348816 53849
1669379519089 0.0 53899
1669379533588 1.0 53949
1669379548088 0.0 53999
1669379575344 0.0 54049
1669379590232 1.0 54099
1669379604735 1.0 54149
1669379619313 1.0 54199
1669379633652 1.0 54249
1669379661262 1.0 54299
1669379675812 0.800000011920929 54349
1669379690360 0.5 54399
1669379705118 0.5 54449
1669379732762 1.0 54499
1669379747285 0.0 54549
1669379761845 0.6666666865348816 54599
1669379776498 1.0 54649
1669379803933 0.75 54699
1669379818445 1.0 54749
1669379832977 0.800000011920929 54799
1669379847649 0.5 54849
1669379862345 0.5 54899
1669379889728 0.5 54949
1669379904465 0.5 54999
1669379918987 0.0 55049
1669379933550 0.3333333432674408 55099
1669379960805 0.0 55149
1669379975261 0.75 55199
1669379990021 0.0 55249
1669380004711 0.5 55299
1669380032061 0.0 55349
1669380046836 1.0 55399
1669380061410 0.75 55449
1669380075980 1.0 55499
1669380090536 0.0 55549
1669380117951 0.0 55599
1669380132761 0.5 55649
1669380147287 1.0 55699
1669380161841 1.0 55749
1669380189377 0.75 55799
1669380203904 0.0 55849
1669380218418 1.0 55899
1669380232944 1.0 55949
1669380260493 0.75 55999
1669380275048 0.0 56049
1669380289734 0.6666666865348816 56099
1669380304286 0.6666666865348816 56149
1669380318957 0.3333333432674408 56199
1669380346280 1.0 56249
1669380360788 0.6666666865348816 56299
1669380375303 0.3333333432674408 56349
1669380389968 1.0 56399
1669380417559 0.0 56449
1669380432041 1.0 56499
1669380446544 0.6666666865348816 56549
1669380461029 0.0 56599
1669380488318 1.0 56649
1669380502934 0.6000000238418579 56699
1669380517855 1.0 56749
1669380532479 0.3333333432674408 56799
1669380547122 0.3333333432674408 56849
1669380574540 0.6000000238418579 56899
1669380589159 1.0 56949
1669380603856 0.5 56999
1669380618523 1.0 57049
1669380646068 0.6666666865348816 57099
1669380660593 1.0 57149
1669380675516 1.0 57199
1669380690034 1.0 57249
1669380717450 0.5 57299
1669380732028 1.0 57349
1669380746573 0.0 57399
1669380761090 1.0 57449
1669380775601 0.25 57499
1669380803395 1.0 57549
1669380817999 0.5 57599
1669380832455 0.3333333432674408 57649
1669380847079 0.6666666865348816 57699
1669380874410 0.5 57749
1669380889136 0.6666666865348816 57799
1669380903694 1.0 57849
1669380918225 1.0 57899
1669380946070 0.0 57949
1669380960621 0.6666666865348816 57999
1669380975302 0.0 58049
1669380989827 1.0 58099
1669381004348 0.5 58149
1669381031814 0.75 58199
1669381046324 1.0 58249
1669381060822 1.0 58299
1669381075467 1.0 58349
1669381103058 0.6666666865348816 58399
1669381117568 0.3333333432674408 58449
1669381132118 0.5 58499
1669381146643 0.6000000238418579 58549
1669381174027 0.5 58599
1669381188537 0.5 58649
1669381203183 1.0 58699
1669381217720 0.0 58749
1669381232498 0.5 58799
1669381259961 0.5 58849
1669381274534 0.5 58899
1669381289110 0.5 58949
1669381303660 0.3333333432674408 58999
1669381330982 1.0 59049
1669381345684 1.0 59099
1669381360268 1.0 59149
1669381374979 1.0 59199
1669381402750 1.0 59249
1669381417278 0.6666666865348816 59299
1669381431825 1.0 59349
1669381446374 0.75 59399
1669381461005 0.75 59449
1669381488577 0.0 59499
1669381503146 0.0 59549
1669381517719 0.0 59599
1669381532505 1.0 59649
1669381560061 1.0 59699
1669381574596 0.5 59749
1669381589140 0.5 59799
1669381603666 0.0 59849
1669381631395 0.0 59899
1669381645993 0.3333333432674408 59949
1669381660538 0.6666666865348816 59999
1669381675389 0.5 60049
1669381689987 0.6000000238418579 60099
1669381717489 0.6666666865348816 60149
1669381732004 1.0 60199
1669381746573 0.6666666865348816 60249
1669381761207 0.25 60299
1669381788607 1.0 60349
1669381803273 0.5 60399
1669381817896 0.75 60449
1669381832413 0.3333333432674408 60499
1669381859940 0.5 60549
1669381874497 0.6666666865348816 60599
1669381889042 0.6666666865348816 60649
1669381903603 0.0 60699
1669381918312 1.0 60749
1669381946048 0.0 60799
1669381960648 1.0 60849
1669381975217 0.5 60899
1669381989945 0.0 60949
1669382017177 1.0 60999
1669382031697 0.6666666865348816 61049
1669382046228 0.5 61099
1669382061181 0.0 61149
1669382088522 0.0 61199
1669382103032 0.75 61249
1669382117514 1.0 61299
1669382132185 0.6666666865348816 61349
1669382146706 0.0 61399
1669382174108 1.0 61449
1669382188904 0.5 61499
1669382203570 0.0 61549
1669382218100 0.6666666865348816 61599
1669382245481 1.0 61649
1669382259972 0.3333333432674408 61699
1669382274505 0.5 61749
1669382289181 0.5 61799
1669382316577 0.6666666865348816 61849
1669382331300 0.3333333432674408 61899
1669382346076 0.5 61949
1669382360567 0.6666666865348816 61999
1669382375094 1.0 62049
1669382402545 1.0 62099
1669382417083 0.0 62149
1669382431603 0.0 62199
1669382446273 1.0 62249
1669382473650 0.5 62299
1669382488464 1.0 62349
1669382503032 0.5 62399
1669382517642 0.5 62449
1669382545425 1.0 62499
1669382560066 1.0 62549
1669382574794 1.0 62599
1669382589429 0.5 62649
1669382604051 0.6666666865348816 62699
1669382631704 0.8333333134651184 62749
1669382646315 1.0 62799
1669382660861 1.0 62849
1669382675421 0.0 62899
1669382702875 0.6000000238418579 62949
1669382717535 1.0 62999
1669382732246 1.0 63049
1669382746815 0.3333333432674408 63099
1669382774490 0.75 63149
1669382789062 0.0 63199
1669382803881 1.0 63249
1669382818433 1.0 63299
1669382832975 0.3333333432674408 63349
1669382860628 1.0 63399
1669382875149 1.0 63449
1669382889799 1.0 63499
1669382904452 1.0 63549
1669382931859 1.0 63599
1669382946389 0.3333333432674408 63649
1669382960932 0.4000000059604645 63699
1669382975484 1.0 63749
1669383003097 1.0 63799
1669383017594 1.0 63849
1669383032080 1.0 63899
1669383046865 1.0 63949
1669383061348 1.0 63999
1669383088658 0.6666666865348816 64049
1669383103330 0.6666666865348816 64099
1669383117923 0.6666666865348816 64149
1669383132599 0.5 64199
1669383160087 0.0 64249
1669383174766 1.0 64299
1669383189463 0.0 64349
1669383204010 1.0 64399
1669383231552 0.25 64449
1669383246063 1.0 64499
1669383260662 0.5 64549
1669383275283 0.25 64599
1669383289839 0.3333333432674408 64649
1669383317337 1.0 64699
1669383332009 0.75 64749
1669383346509 1.0 64799
1669383361014 0.6666666865348816 64849
1669383388290 1.0 64899
1669383403028 1.0 64949
1669383417792 1.0 64999
1669383432391 0.75 65049
1669383446938 0.0 65099
