1669360652291 1.646810259794976 216
1669360727721 1.6234652500238227 433
1669360803919 1.6060385091202554 650
1669360879498 1.5900717697617512 867
1669360955562 1.5779599349378648 1084
1669361031474 1.5723188089625764 1301
1669361107719 1.5684356520541114 1518
1669361183279 1.5651165922921697 1735
1669361259009 1.562175464899491 1952
1669361334839 1.5565355781212407 2169
1669361410614 1.5563298634264862 2386
1669361486853 1.5520629982624496 2603
1669361562939 1.5516542531335096 2820
1669361638765 1.5513521088272482 3037
1669361714585 1.5495400300452324 3254
1669361790846 1.550554970199505 3471
1669361867117 1.5472518159601538 3688
1669361943388 1.5477667104819537 3905
1669362019156 1.5437379801550546 4122
1669362095353 1.54640142810416 4339
1669362171643 1.5467434022352093 4556
1669362247895 1.5461495427689527 4773
1669362323651 1.5458187500525185 4990
1669362399636 1.5461562870246774 5207
1669362475553 1.544323405023806 5424
1669362551476 1.5436883339014837 5641
1669362627726 1.542528602647375 5858
1669362703583 1.541946831956101 6075
1669362779802 1.542511651519647 6292
1669362855938 1.5409332277022758 6509
1669362931845 1.5430372829558565 6726
1669363007773 1.5415724208209325 6943
1669363083818 1.5413175874889824 7160
1669363159673 1.542123191595268 7377
1669363235988 1.5402862288054666 7594
1669363312144 1.5380672022911086 7811
1669363388436 1.538834696646707 8028
1669363464525 1.5395296497514468 8245
1669363540292 1.5404465325289778 8462
1669363616468 1.539272471800434 8679
1669363692318 1.5390646303798232 8896
1669363768505 1.5374325433604141 9113
1669363844128 1.539430725783808 9330
1669363920157 1.5387896186273495 9547
1669363996688 1.5384774509231915 9764
1669364072421 1.5389535988037903 9981
1669364148570 1.5376970822637734 10198
1669364224587 1.537376905853271 10415
1669364300727 1.5373944124264507 10632
1669364376733 1.536508563825181 10849
1669364453211 1.5373384917844666 11066
1669364529276 1.536740582207161 11283
1669364605291 1.5347653613212342 11500
1669364681682 1.536072337037028 11717
1669364757620 1.5371914594473304 11934
1669364833906 1.5350064518256399 12151
1669364909922 1.5364929306912556 12368
1669364986197 1.5353508032016778 12585
1669365062488 1.536706752396334 12802
1669365138893 1.5358598919519129 13019
1669365214889 1.5361663782365695 13236
1669365291053 1.535523659483246 13453
1669365367111 1.5358168721616996 13670
1669365443197 1.53639103515725 13887
1669365519606 1.5365759202106788 14104
1669365596015 1.5375970401661245 14321
1669365672252 1.5353466513879184 14538
1669365748952 1.5360158558069934 14755
1669365824773 1.534585555317884 14972
1669365901124 1.5348076290748032 15189
1669365977502 1.5337010969119627 15406
1669366053413 1.5346371666871435 15623
1669366129487 1.5327075771633762 15840
1669366205543 1.535530637860813 16057
1669366282044 1.5356998526424022 16274
1669366358033 1.5340978962741594 16491
1669366434106 1.5342256056684547 16708
1669366510007 1.5348184856796772 16925
1669366585855 1.5331268519177461 17142
1669366661770 1.5346822121676966 17359
1669366738585 1.5328506439376504 17576
1669366814389 1.5325028854578324 17793
1669366890799 1.5333041068668927 18010
1669366966615 1.5327936367979509 18227
1669367043119 1.5337090194639116 18444
1669367119242 1.5345077327672592 18661
1669367195001 1.5333537931775734 18878
1669367271367 1.5328392883150679 19095
1669367347448 1.5326101530389884 19312
1669367423587 1.5333021811379008 19529
1669367499514 1.5335321430858568 19746
1669367575941 1.533759727810908 19963
1669367652169 1.533464711322374 20180
1669367728244 1.5316897066369002 20397
1669367804269 1.5320406816297554 20614
1669367880675 1.533057363997774 20831
1669367956752 1.5338405610184542 21048
1669368032600 1.5320405504863381 21265
1669368108963 1.5301747594447606 21482
1669368185396 1.531675760045446 21699
1669368262023 1.5324933560428196 21916
1669368338130 1.5314213332953759 22133
1669368414678 1.5318819243831578 22350
1669368491122 1.5320496431506683 22567
1669368567876 1.5317420831241357 22784
1669368644255 1.5318458646038482 23001
1669368720570 1.5312359472617951 23218
1669368796362 1.5321086366318069 23435
1669368872685 1.5313292066402804 23652
1669368948824 1.5300821914249414 23869
1669369025016 1.5308079580831955 24086
1669369101314 1.5318321364551892 24303
1669369177398 1.5340779618908622 24520
1669369253628 1.5323830806548044 24737
1669369329843 1.530460868148298 24954
1669369406984 1.531493819679263 25171
1669369483020 1.5327514745646234 25388
1669369559725 1.5317482748151676 25605
1669369636321 1.5314935147215447 25822
1669369712568 1.529815607327749 26039
1669369788681 1.5311575602673213 26256
1669369864825 1.5313579155554011 26473
1669369940933 1.530539207897021 26690
1669370017894 1.5296491826906597 26907
1669370094411 1.530432793154073 27124
1669370170604 1.5298170835634517 27341
1669370247140 1.531237698300805 27558
1669370323189 1.5314732385197845 27775
1669370399625 1.5294677497241882 27992
1669370476000 1.5305431268700898 28209
1669370552437 1.53105521469054 28426
1669370628752 1.5304739702305623 28643
1669370705210 1.5297902566591883 28860
1669370781666 1.530073139515334 29077
1669370858435 1.53064716039275 29294
1669370934633 1.5303556889686862 29511
1669371011148 1.5293990065922485 29728
1669371087428 1.529378828371884 29945
1669371163977 1.5308453892101863 30162
1669371240538 1.5304764365984553 30379
1669371317117 1.5300547053219897 30596
1669371393603 1.5294519916923468 30813
1669371470349 1.5314493479215623 31030
1669371547208 1.5297869572097607 31247
1669371623843 1.5285645535964187 31464
1669371701082 1.5306141803834337 31681
1669371777197 1.5297896639759305 31898
1669371856390 1.5302999631913767 32115
1669371932845 1.5297797602037773 32332
1669372009550 1.5298878080382048 32549
1669372085869 1.5321856377535146 32766
1669372162081 1.5286676308880103 32983
1669372238471 1.5286789239658873 33200
1669372315110 1.5297111601385114 33417
1669372391422 1.5291019668397732 33634
1669372468002 1.5307234018259157 33851
1669372543958 1.5298227305009389 34068
1669372620512 1.5286880115582013 34285
1669372696663 1.5305638789983986 34502
1669372773505 1.5282135228655198 34719
1669372849914 1.5297102066879886 34936
1669372926426 1.5296253006639773 35153
1669373002996 1.5299708989301846 35370
1669373079448 1.5298537397081617 35587
1669373155931 1.5289606621682559 35804
1669373232201 1.5283618947964555 36021
1669373308633 1.528504025157107 36238
1669373384960 1.5287810144456 36455
1669373461362 1.530041100764571 36672
1669373537777 1.5302670108153238 36889
1669373613973 1.5285253627311624 37106
1669373690342 1.5282214270275871 37323
1669373767260 1.5302942098146044 37540
1669373843372 1.5297671993570712 37757
1669373919676 1.5306496066953754 37974
1669373996496 1.5296076593660761 38191
1669374072701 1.5295298236726536 38408
1669374148643 1.5287079917586543 38625
1669374224930 1.528127203488973 38842
1669374301435 1.530089053832175 39059
1669374377674 1.5295858942131189 39276
1669374454138 1.5294817927157458 39493
1669374530361 1.5282782288531316 39710
1669374606696 1.5293912704767278 39927
1669374683519 1.529605118130532 40144
1669374759885 1.5297941298692057 40361
1669374836211 1.5302944446607532 40578
1669374912869 1.5274062734014262 40795
1669374988955 1.5293281514731294 41012
1669375065740 1.5289354431145177 41229
1669375142020 1.527668704992008 41446
1669375218843 1.5288656295988505 41663
1669375295418 1.5291059483761602 41880
1669375371952 1.5291010604999389 42097
1669375448161 1.5281078243722879 42314
1669375524549 1.5288670465497878 42531
1669375600923 1.5292328472754608 42748
1669375677128 1.528299541296336 42965
1669375753710 1.5267747260017437 43182
1669375830020 1.5293927485004548 43399
1669375906509 1.528566859562515 43616
1669375982759 1.5284016183277613 43833
1669376059132 1.528314664188574 44050
1669376135563 1.5279038202962758 44267
1669376211937 1.529654974445153 44484
1669376288309 1.5268936168550746 44701
1669376364537 1.5282816156857035 44918
1669376441235 1.5274219506298492 45135
1669376517557 1.5282602710197206 45352
1669376593662 1.5277048804207658 45569
1669376670018 1.5272228025650703 45786
1669376746807 1.5285170232162533 46003
1669376823330 1.5288129598474707 46220
1669376899640 1.5273343605597607 46437
1669376976270 1.5294631046987694 46654
1669377052207 1.5281245604253166 46871
1669377128592 1.5277290468027056 47088
1669377205300 1.5279926301437543 47305
1669377281720 1.5271648378708333 47522
1669377358405 1.5285286144686312 47739
1669377434705 1.5276528582962572 47956
1669377511121 1.5281037565928897 48173
1669377587606 1.528385552853098 48390
1669377663717 1.5281422529464843 48607
1669377740185 1.5288537936205915 48824
1669377816231 1.5269730215726796 49041
1669377892819 1.5287043454127842 49258
1669377969220 1.5277141445877562 49475
1669378045740 1.5270018111332277 49692
1669378122003 1.5275702640441677 49909
1669378198355 1.528066020763522 50126
1669378274334 1.5286983547413602 50343
1669378350642 1.5284216784781972 50560
1669378426737 1.526553138827556 50777
1669378503539 1.526528501397921 50994
1669378579415 1.5285856744153903 51211
1669378655830 1.527761767629598 51428
1669378731854 1.527031023392224 51645
1669378807954 1.527312812667133 51862
1669378884218 1.5263220113178881 52079
1669378960253 1.5276848967465293 52296
1669379036484 1.5283685189666838 52513
1669379112744 1.5273003841251218 52730
1669379188843 1.5277273764082633 52947
1669379265053 1.5260253372735377 53164
1669379341436 1.5264491085758396 53381
1669379417864 1.5275740013358743 53598
1669379494043 1.5279099172626105 53815
1669379569700 1.5271516195230308 54032
1669379645956 1.5275458825356916 54249
1669379722344 1.5271288075681946 54466
1669379798524 1.526466075544497 54683
1669379874746 1.5264787494723395 54900
1669379950746 1.5268302785044485 55117
1669380026997 1.5284430700931235 55334
1669380103218 1.5269652203055253 55551
1669380179682 1.5268957251542745 55768
1669380255580 1.5280891263683034 55985
1669380332019 1.527164322012657 56202
1669380407984 1.5268769685750305 56419
1669380483880 1.526137132371925 56636
1669380560476 1.5272641444976578 56853
1669380636922 1.5262872720342413 57070
1669380713153 1.5276224299897876 57287
1669380789509 1.5268113536675092 57504
1669380865600 1.5266937931494529 57721
1669380942111 1.5266515490336978 57938
1669381018256 1.527255281917534 58155
1669381094227 1.527362407973754 58372
1669381170375 1.5268429885281616 58589
1669381246777 1.5263333732516415 58806
1669381322780 1.526726407566373 59023
1669381399410 1.526750903108526 59240
1669381475484 1.527530235754673 59457
1669381552070 1.527833059341858 59674
1669381628194 1.5267856591790858 59891
1669381704926 1.5270524677334085 60108
1669381780897 1.526672482036452 60325
1669381857143 1.526023512982062 60542
1669381933744 1.526191798735175 60759
1669382009824 1.5279426242337126 60976
1669382086078 1.5266619541258313 61193
1669382162042 1.5260295791255012 61410
1669382238406 1.5272078823517614 61627
1669382314415 1.5264057413077115 61844
1669382390693 1.5270501064136115 62061
1669382466837 1.5270556522101073 62278
1669382543448 1.5277212623157845 62495
1669382620293 1.5260851616166144 62712
1669382696173 1.5268250430060628 62929
1669382772914 1.5269504137244034 63146
1669382849375 1.5265592427725632 63363
1669382925693 1.5268387808839008 63580
1669383001763 1.5267574049852703 63797
1669383077800 1.525720417309957 64014
1669383154084 1.5261919946572275 64231
1669383230481 1.5255430180099088 64448
1669383306745 1.5269533252052667 64665
1669383382620 1.5270440554463434 64882
1669383458949 1.526454167442162 65099
