1668429912614 199.5 216
1668429988244 132.25 433
1668430064292 202.5 650
1668430140461 216.5 867
1668430216869 216.5 1084
1668430293246 217.0 1301
1668430369591 217.0 1518
1668430445764 216.25 1735
1668430521928 215.75 1952
1668430598339 213.75 2169
1668430674689 213.75 2386
1668430750680 215.25 2603
1668430826905 216.25 2820
1668430903224 216.25 3037
1668430979736 216.0 3254
1668431056384 216.25 3471
1668431132911 217.0 3688
1668431209292 216.75 3905
1668431285759 216.25 4122
1668431362015 216.75 4339
1668431438599 216.5 4556
1668431515062 215.5 4773
1668431591540 216.75 4990
1668431668031 216.75 5207
1668431744219 216.75 5424
1668431820721 216.75 5641
1668431897462 216.75 5858
1668431974377 216.75 6075
1668432050523 216.75 6292
1668432126804 216.75 6509
1668432203357 216.25 6726
1668432279483 216.75 6943
1668432356028 217.0 7160
1668432432185 216.75 7377
1668432508369 216.75 7594
1668432584911 216.75 7811
1668432661385 216.75 8028
1668432737833 216.75 8245
1668432814151 216.75 8462
1668432890284 216.75 8679
1668432966721 216.75 8896
1668433043803 216.75 9113
1668433120226 216.75 9330
1668433196470 216.75 9547
1668433272963 216.75 9764
1668433348999 216.75 9981
1668433425353 216.25 10198
1668433501791 216.75 10415
1668433578061 216.75 10632
1668433654642 216.75 10849
1668433731159 216.0 11066
1668433807313 216.75 11283
1668433883486 216.5 11500
1668433959756 216.75 11717
1668434035907 216.75 11934
1668434112180 216.5 12151
1668434188468 216.25 12368
1668434265494 216.75 12585
1668434342293 216.25 12802
1668434418871 215.75 13019
1668434495604 215.75 13236
1668434572042 216.75 13453
1668434648490 216.25 13670
1668434724728 216.75 13887
1668434801494 216.0 14104
1668434877852 216.75 14321
1668434954083 216.25 14538
1668435030447 216.75 14755
1668435107222 215.75 14972
1668435183698 216.75 15189
1668435261851 216.75 15406
1668435338176 216.75 15623
1668435414455 216.25 15840
1668435490949 216.75 16057
1668435567227 216.0 16274
1668435643543 216.25 16491
1668435720207 216.0 16708
1668435796789 216.0 16925
1668435873301 216.5 17142
1668435950107 216.75 17359
1668436026315 216.75 17576
1668436102587 215.75 17793
1668436179115 216.0 18010
1668436255685 215.75 18227
1668436332079 216.75 18444
1668436408516 216.0 18661
1668436484779 216.25 18878
1668436561407 215.75 19095
1668436637647 216.75 19312
1668436714389 216.75 19529
1668436790689 216.0 19746
1668436867202 216.0 19963
1668436943850 216.75 20180
1668437020335 215.75 20397
1668437096629 216.5 20614
1668437172877 216.5 20831
1668437249506 215.75 21048
1668437325896 215.75 21265
1668437401983 216.5 21482
1668437478804 216.5 21699
1668437555131 216.0 21916
1668437632168 215.75 22133
1668437708593 215.75 22350
1668437784403 215.75 22567
1668437860768 216.0 22784
1668437937253 216.25 23001
1668438013781 215.75 23218
1668438090342 216.75 23435
1668438166585 216.75 23652
1668438242710 216.0 23869
1668438319165 215.75 24086
1668438395844 216.25 24303
1668438472540 216.75 24520
1668438549495 215.75 24737
1668438626558 216.5 24954
1668438703353 216.75 25171
1668438779915 216.75 25388
1668438856462 216.25 25605
1668438933217 216.0 25822
1668439009922 216.0 26039
1668439086418 216.5 26256
1668439162797 215.75 26473
1668439239870 215.75 26690
1668439316212 215.75 26907
1668439392994 215.75 27124
1668439469265 215.75 27341
1668439545704 215.75 27558
1668439622099 215.75 27775
1668439699233 215.75 27992
1668439776511 216.0 28209
1668439852951 215.75 28426
1668439929527 215.75 28643
1668440005813 215.75 28860
1668440082530 216.0 29077
1668440159086 216.0 29294
1668440235834 215.75 29511
1668440312300 215.75 29728
1668440389172 215.5 29945
1668440465497 216.25 30162
1668440542097 216.25 30379
1668440618794 216.25 30596
1668440695132 215.75 30813
1668440771584 216.0 31030
1668440847959 215.75 31247
1668440924628 215.5 31464
1668441001354 215.5 31681
1668441077777 216.0 31898
1668441154579 216.75 32115
1668441231537 215.75 32332
1668441307781 215.5 32549
1668441384344 215.0 32766
1668441460776 215.0 32983
1668441536846 215.5 33200
1668441614192 215.5 33417
1668441690703 215.75 33634
1668441767748 216.5 33851
1668441844092 216.0 34068
1668441920220 215.75 34285
1668441997000 217.0 34502
1668442073356 215.75 34719
1668442150256 215.75 34936
1668442226990 216.25 35153
1668442303852 216.0 35370
1668442380726 216.25 35587
1668442457485 216.5 35804
1668442534514 215.75 36021
1668442611109 216.0 36238
1668442687480 215.75 36455
1668442763694 215.75 36672
1668442840388 216.5 36889
1668442917480 216.5 37106
1668442994234 216.0 37323
1668443070602 215.5 37540
1668443147308 215.75 37757
1668443223738 216.0 37974
1668443300086 215.75 38191
1668443376575 215.5 38408
1668443453119 215.75 38625
1668443529927 215.0 38842
1668443606187 214.75 39059
1668443682613 214.75 39276
1668443759149 214.75 39493
1668443835925 214.75 39710
1668443912553 214.75 39927
1668443988920 214.75 40144
1668444065373 215.0 40361
1668444142097 214.75 40578
1668444218400 215.0 40795
1668444294810 215.5 41012
1668444371417 214.75 41229
1668444448036 214.75 41446
1668444524654 215.5 41663
1668444601038 214.75 41880
1668444677446 214.75 42097
1668444753828 214.75 42314
1668444830463 214.75 42531
1668444907336 215.0 42748
1668444984034 215.75 42965
1668445060212 215.0 43182
1668445136525 215.75 43399
1668445213528 216.0 43616
1668445290570 215.5 43833
1668445367120 215.5 44050
1668445443463 215.0 44267
1668445520317 215.0 44484
1668445596342 215.5 44701
1668445673107 215.5 44918
1668445749275 216.0 45135
1668445825874 216.25 45352
1668445902349 215.5 45569
1668445978417 215.5 45786
1668446054891 215.5 46003
1668446131434 216.5 46220
1668446207946 215.75 46437
1668446284307 216.0 46654
1668446360983 216.25 46871
1668446437383 216.25 47088
1668446513864 216.75 47305
1668446590460 216.5 47522
1668446667013 215.75 47739
1668446743645 215.0 47956
1668446820000 215.75 48173
1668446896865 215.75 48390
1668446973739 215.25 48607
1668447050628 215.0 48824
1668447127527 215.75 49041
1668447204293 215.75 49258
1668447280966 215.5 49475
1668447357529 215.5 49692
1668447434382 215.75 49909
1668447511026 215.75 50126
1668447587622 215.5 50343
1668447665205 215.25 50560
1668447741758 214.0 50777
1668447818262 215.0 50994
1668447895190 215.25 51211
1668447971735 214.75 51428
1668448047907 214.75 51645
1668448124352 215.5 51862
1668448201040 215.0 52079
1668448277556 215.0 52296
1668448354255 213.75 52513
1668448430556 214.5 52730
1668448506937 214.75 52947
1668448583425 214.5 53164
1668448660246 215.25 53381
1668448736342 215.25 53598
1668448812992 215.0 53815
1668448889396 215.75 54032
1668448965900 215.25 54249
1668449042115 215.75 54466
1668449118735 215.75 54683
1668449195276 215.75 54900
1668449271726 216.25 55117
1668449348304 216.0 55334
1668449424390 215.75 55551
1668449500768 216.25 55768
1668449577570 216.0 55985
1668449654053 215.75 56202
1668449730559 216.25 56419
1668449807261 215.0 56636
1668449883502 216.25 56853
1668449959842 215.0 57070
1668450036427 215.75 57287
1668450112665 215.25 57504
1668450189567 215.75 57721
1668450266039 215.5 57938
1668450342514 215.5 58155
1668450418879 216.25 58372
1668450495917 216.0 58589
1668450572315 216.25 58806
1668450648581 216.75 59023
1668450724927 216.75 59240
1668450801328 216.0 59457
1668450878020 216.0 59674
1668450954403 215.0 59891
1668451031089 215.75 60108
1668451107752 215.25 60325
1668451184551 216.75 60542
1668451261473 216.25 60759
1668451338380 214.25 60976
1668451415154 215.25 61193
1668451491454 214.75 61410
1668451568044 215.25 61627
1668451644755 214.75 61844
1668451721558 215.25 62061
1668451798440 215.25 62278
1668451874505 215.25 62495
1668451951545 215.0 62712
1668452028093 215.25 62929
1668452104606 215.25 63146
1668452181162 215.5 63363
1668452257740 215.75 63580
1668452334561 215.5 63797
1668452411214 215.75 64014
1668452487820 216.0 64231
1668452564715 216.0 64448
1668452640958 216.25 64665
1668452717048 216.0 64882
1668452793245 215.5 65099
