1668429857937 0.0 49
1668429871604 0.75 99
1668429885623 0.800000011920929 149
1668429899420 1.0 199
1668429929830 0.6000000238418579 249
1668429943293 1.0 299
1668429956853 0.6666666865348816 349
1668429970516 0.5 399
1668430000941 1.0 449
1668430014663 0.25 499
1668430028372 1.0 549
1668430042178 0.5 599
1668430055877 0.3333333432674408 649
1668430086107 0.6666666865348816 699
1668430099779 1.0 749
1668430113456 1.0 799
1668430127127 0.0 849
1668430157974 0.6666666865348816 899
1668430171508 0.0 949
1668430185184 0.0 999
1668430198973 0.5 1049
1668430229326 1.0 1099
1668430243112 0.5 1149
1668430256704 0.0 1199
1668430270567 0.6666666865348816 1249
1668430284234 1.0 1299
1668430314934 0.0 1349
1668430328562 0.5 1399
1668430342237 0.4000000059604645 1449
1668430355952 1.0 1499
1668430386577 0.25 1549
1668430400085 0.3333333432674408 1599
1668430413691 0.3333333432674408 1649
1668430427483 0.5 1699
1668430457932 0.6666666865348816 1749
1668430471646 0.5 1799
1668430485232 0.0 1849
1668430498923 0.0 1899
1668430512583 0.3333333432674408 1949
1668430543307 0.5 1999
1668430556932 0.6666666865348816 2049
1668430570623 0.75 2099
1668430584231 0.0 2149
1668430615083 0.0 2199
1668430628807 1.0 2249
1668430642504 0.5 2299
1668430656193 0.5 2349
1668430686610 1.0 2399
1668430700438 0.5 2449
1668430714016 0.4000000059604645 2499
1668430727667 0.800000011920929 2549
1668430741334 0.0 2599
1668430771761 0.5 2649
1668430785411 0.0 2699
1668430799079 1.0 2749
1668430812846 1.0 2799
1668430843494 1.0 2849
1668430857064 0.5 2899
1668430870669 0.6666666865348816 2949
1668430884476 0.0 2999
1668430915052 0.6666666865348816 3049
1668430928942 0.3333333432674408 3099
1668430942521 0.5 3149
1668430956291 0.5 3199
1668430969917 0.3333333432674408 3249
1668431000626 1.0 3299
1668431014272 0.75 3349
1668431028092 0.0 3399
1668431041898 0.0 3449
1668431072713 1.0 3499
1668431086405 0.6666666865348816 3549
1668431100129 0.3333333432674408 3599
1668431113936 1.0 3649
1668431144347 0.5 3699
1668431158111 0.5 3749
1668431171714 0.6666666865348816 3799
1668431185346 0.3333333432674408 3849
1668431199018 0.6000000238418579 3899
1668431230034 0.3333333432674408 3949
1668431243573 1.0 3999
1668431257239 0.25 4049
1668431270930 0.6000000238418579 4099
1668431301644 1.0 4149
1668431315225 0.0 4199
1668431328872 0.25 4249
1668431342520 0.5 4299
1668431373176 0.0 4349
1668431387081 0.0 4399
1668431400720 0.6666666865348816 4449
1668431414414 0.75 4499
1668431428115 0.5 4549
1668431458985 0.4000000059604645 4599
1668431472522 0.5 4649
1668431486305 0.6666666865348816 4699
1668431500036 0.0 4749
1668431530671 1.0 4799
1668431544234 0.0 4849
1668431557870 0.3333333432674408 4899
1668431571508 0.0 4949
1668431602331 1.0 4999
1668431616176 0.25 5049
1668431629833 0.6666666865348816 5099
1668431643585 0.0 5149
1668431657365 0.0 5199
1668431688085 0.0 5249
1668431701620 0.5 5299
1668431715263 0.6666666865348816 5349
1668431728908 1.0 5399
1668431759604 0.0 5449
1668431773386 0.6666666865348816 5499
1668431787020 0.0 5549
1668431800691 0.25 5599
1668431831508 0.0 5649
1668431845374 0.0 5699
1668431859111 1.0 5749
1668431872885 0.0 5799
1668431886569 0.0 5849
1668431917583 1.0 5899
1668431931201 0.3333333432674408 5949
1668431944867 0.0 5999
1668431958594 0.0 6049
1668431989534 0.6666666865348816 6099
1668432003128 1.0 6149
1668432016730 0.5 6199
1668432030378 0.5 6249
1668432060742 0.5 6299
1668432074569 0.0 6349
1668432088204 0.6666666865348816 6399
1668432101888 0.0 6449
1668432115551 0.5 6499
1668432146365 0.6666666865348816 6549
1668432160054 1.0 6599
1668432173766 0.0 6649
1668432187429 0.0 6699
1668432217927 0.0 6749
1668432231594 0.5 6799
1668432245268 0.0 6849
1668432258984 0.3333333432674408 6899
1668432289565 0.3333333432674408 6949
1668432303533 0.0 6999
1668432317342 0.0 7049
1668432331020 1.0 7099
1668432344675 0.5 7149
1668432375292 0.25 7199
1668432388830 1.0 7249
1668432402467 0.6666666865348816 7299
1668432416115 0.0 7349
1668432446778 1.0 7399
1668432460480 0.6666666865348816 7449
1668432474098 0.0 7499
1668432487792 0.5 7549
1668432518156 0.3333333432674408 7599
1668432531975 0.0 7649
1668432545557 0.4000000059604645 7699
1668432559270 0.6666666865348816 7749
1668432573003 0.0 7799
1668432604009 0.0 7849
1668432617611 1.0 7899
1668432631242 0.25 7949
1668432644878 0.20000000298023224 7999
1668432675598 0.5 8049
1668432689272 1.0 8099
1668432702999 0.3333333432674408 8149
1668432716730 0.0 8199
1668432747301 1.0 8249
1668432761092 0.3333333432674408 8299
1668432774697 0.5 8349
1668432788363 0.0 8399
1668432802017 0.5 8449
1668432832681 0.6666666865348816 8499
1668432846244 1.0 8549
1668432859892 1.0 8599
1668432873538 0.5 8649
1668432904417 0.0 8699
1668432918097 0.0 8749
1668432931718 0.5 8799
1668432945406 0.0 8849
1668432976050 0.6666666865348816 8899
1668432989844 0.5 8949
1668433003549 0.3333333432674408 8999
1668433017233 0.0 9049
1668433030901 0.0 9099
1668433062307 0.3333333432674408 9149
1668433075883 0.0 9199
1668433089525 1.0 9249
1668433103157 0.25 9299
1668433133824 1.0 9349
1668433147584 0.0 9399
1668433161196 0.0 9449
1668433174839 0.0 9499
1668433205389 0.5 9549
1668433219262 0.0 9599
1668433232924 0.0 9649
1668433246572 0.5 9699
1668433260221 0.0 9749
1668433291139 0.5 9799
1668433304678 0.0 9849
1668433318320 0.6666666865348816 9899
1668433331963 0.4000000059604645 9949
1668433362357 0.3333333432674408 9999
1668433376013 0.6666666865348816 10049
1668433389687 0.6000000238418579 10099
1668433403324 1.0 10149
1668433433985 0.0 10199
1668433447824 0.0 10249
1668433461392 0.0 10299
1668433475044 0.5 10349
1668433488709 0.3333333432674408 10399
1668433519631 1.0 10449
1668433533142 0.25 10499
1668433546786 0.3333333432674408 10549
1668433560420 0.0 10599
1668433591136 0.6000000238418579 10649
1668433604898 0.75 10699
1668433618595 0.5 10749
1668433632397 0.0 10799
1668433645900 0.0 10849
1668433676921 0.5 10899
1668433690507 0.5 10949
1668433704211 0.75 10999
1668433717929 0.0 11049
1668433748515 1.0 11099
1668433762058 0.75 11149
1668433775751 0.0 11199
1668433789501 0.3333333432674408 11249
1668433820099 0.5 11299
1668433833810 1.0 11349
1668433847471 1.0 11399
1668433861107 0.0 11449
1668433874750 1.0 11499
1668433905515 0.25 11549
1668433919067 0.5 11599
1668433932723 0.0 11649
1668433946357 0.0 11699
1668433977050 0.0 11749
1668433990563 0.0 11799
1668434004348 0.5 11849
1668434018003 1.0 11899
1668434048374 0.0 11949
1668434062200 0.0 11999
1668434076009 0.5 12049
1668434089657 0.0 12099
1668434103377 0.0 12149
1668434133773 0.5 12199
1668434147412 0.5 12249
1668434161149 0.5 12299
1668434174857 1.0 12349
1668434205628 0.0 12399
1668434219182 1.0 12449
1668434232826 0.5 12499
1668434246500 0.5 12549
1668434277774 0.5 12599
1668434291598 0.0 12649
1668434305270 0.5 12699
1668434319096 0.0 12749
1668434332738 0.25 12799
1668434363932 0.0 12849
1668434377493 1.0 12899
1668434391152 0.0 12949
1668434404814 0.5 12999
1668434435618 1.0 13049
1668434449166 0.0 13099
1668434462894 0.3333333432674408 13149
1668434476855 0.5 13199
1668434507722 0.5 13249
1668434521424 1.0 13299
1668434535136 0.6666666865348816 13349
1668434548924 0.3333333432674408 13399
1668434562547 0.3333333432674408 13449
1668434593194 0.5 13499
1668434606757 1.0 13549
1668434620394 0.5 13599
1668434634056 0.3333333432674408 13649
1668434665180 0.75 13699
1668434678713 0.0 13749
1668434692426 0.5 13799
1668434706088 0.0 13849
1668434736477 0.0 13899
1668434750194 0.6666666865348816 13949
1668434763903 0.3333333432674408 13999
1668434777600 0.0 14049
1668434791359 0.3333333432674408 14099
1668434822246 1.0 14149
1668434835831 0.75 14199
1668434849607 0.6666666865348816 14249
1668434863269 0.0 14299
1668434894207 0.0 14349
1668434907768 0.0 14399
1668434921393 1.0 14449
1668434935090 0.5 14499
1668434965503 0.0 14549
1668434979337 0.5 14599
1668434992961 0.0 14649
1668435006679 0.5 14699
1668435020351 1.0 14749
1668435051287 0.0 14799
1668435064857 0.5 14849
1668435078542 0.0 14899
1668435092259 0.0 14949
1668435123207 1.0 14999
1668435136729 0.0 15049
1668435150409 0.5 15099
1668435164087 0.3333333432674408 15149
1668435194914 0.0 15199
1668435208704 1.0 15249
1668435222394 0.5 15299
1668435236111 0.6666666865348816 15349
1668435249830 0.5 15399
1668435282253 0.3333333432674408 15449
1668435295811 1.0 15499
1668435309461 0.4000000059604645 15549
1668435323078 0.0 15599
1668435354025 0.0 15649
1668435367554 1.0 15699
1668435381196 0.3333333432674408 15749
1668435394850 0.0 15799
1668435425272 0.0 15849
1668435438997 0.0 15899
1668435452630 0.5 15949
1668435466359 0.6666666865348816 15999
1668435480050 0.0 16049
1668435511048 0.5 16099
1668435524591 0.5 16149
1668435538343 0.3333333432674408 16199
1668435552011 0.0 16249
1668435582807 0.0 16299
1668435596481 1.0 16349
1668435610127 0.6666666865348816 16399
1668435623794 0.0 16449
1668435654157 1.0 16499
1668435668127 1.0 16549
1668435681753 0.5 16599
1668435695558 0.5 16649
1668435709219 0.0 16699
1668435740147 0.6666666865348816 16749
1668435753697 0.0 16799
1668435767414 0.5 16849
1668435781063 0.25 16899
1668435811792 0.5 16949
1668435825467 1.0 16999
1668435839103 0.0 17049
1668435852831 0.5 17099
1668435883726 0.6666666865348816 17149
1668435897555 0.6000000238418579 17199
1668435911189 0.0 17249
1668435924872 0.6666666865348816 17299
1668435938615 0.5 17349
1668435969572 0.75 17399
1668435983122 0.5 17449
1668435996765 0.0 17499
1668436010433 0.5 17549
1668436041216 0.0 17599
1668436054891 0.0 17649
1668436068540 0.5 17699
1668436082218 0.4000000059604645 17749
1668436112897 0.25 17799
1668436126704 0.0 17849
1668436140336 0.0 17899
1668436154011 0.5 17949
1668436167648 0.3333333432674408 17999
1668436198404 0.25 18049
1668436211943 1.0 18099
1668436225828 0.0 18149
1668436239476 0.6666666865348816 18199
1668436270436 0.6666666865348816 18249
1668436284003 1.0 18299
1668436297630 0.5 18349
1668436311252 0.3333333432674408 18399
1668436341823 0.25 18449
1668436355684 0.0 18499
1668436369385 0.0 18549
1668436383039 0.25 18599
1668436396709 0.3333333432674408 18649
1668436427586 0.3333333432674408 18699
1668436441105 0.6000000238418579 18749
1668436454772 0.5 18799
1668436468455 0.25 18849
1668436499138 0.0 18899
1668436512964 0.3333333432674408 18949
1668436526603 0.0 18999
1668436540248 0.0 19049
1668436570992 0.3333333432674408 19099
1668436584773 0.6666666865348816 19149
1668436598426 0.0 19199
1668436612080 0.5 19249
1668436625747 0.5 19299
1668436656449 0.5 19349
1668436670020 0.5 19399
1668436683742 1.0 19449
1668436697393 0.5 19499
1668436728325 0.75 19549
1668436742013 0.0 19599
1668436755677 0.3333333432674408 19649
1668436769326 0.6666666865348816 19699
1668436799909 0.0 19749
1668436813714 0.5 19799
1668436827337 0.0 19849
1668436840983 0.0 19899
1668436854639 0.6666666865348816 19949
1668436885773 0.6666666865348816 19999
1668436899351 0.75 20049
1668436913108 0.800000011920929 20099
1668436926832 0.0 20149
1668436957855 0.3333333432674408 20199
1668436971494 0.25 20249
1668436985180 0.0 20299
1668436998828 1.0 20349
1668437029251 0.5 20399
1668437043122 0.5 20449
1668437056699 0.0 20499
1668437070358 0.0 20549
1668437084007 0.3333333432674408 20599
1668437114850 0.5 20649
1668437128466 0.6666666865348816 20699
1668437142106 0.5 20749
1668437155750 0.5 20799
1668437186549 0.75 20849
1668437200182 0.0 20899
1668437213825 0.0 20949
1668437227492 0.3333333432674408 20999
1668437258231 0.25 21049
1668437272058 0.3333333432674408 21099
1668437285657 0.0 21149
1668437299328 0.6666666865348816 21199
1668437312974 0.3333333432674408 21249
1668437343818 0.4000000059604645 21299
1668437357342 0.3333333432674408 21349
1668437371041 0.0 21399
1668437384689 0.0 21449
1668437415057 0.6666666865348816 21499
1668437428962 0.0 21549
1668437442757 0.6000000238418579 21599
1668437456482 0.4000000059604645 21649
1668437470033 0.0 21699
1668437501046 0.0 21749
1668437514634 0.6666666865348816 21799
1668437528289 0.0 21849
1668437541917 1.0 21899
1668437572810 0.0 21949
1668437586359 0.6666666865348816 21999
1668437600115 0.3333333432674408 22049
1668437613922 0.5 22099
1668437644965 0.5 22149
1668437658807 0.0 22199
1668437672427 1.0 22249
1668437686093 0.0 22299
1668437699775 0.800000011920929 22349
1668437730135 1.0 22399
1668437743733 0.5 22449
1668437757497 0.3333333432674408 22499
1668437771195 0.5 22549
1668437801923 0.25 22599
1668437815439 0.0 22649
1668437829087 0.0 22699
1668437842750 1.0 22749
1668437873290 1.0 22799
1668437887044 0.0 22849
1668437900757 0.5 22899
1668437914428 0.25 22949
1668437928124 0.0 22999
1668437959144 0.5 23049
1668437972718 0.5 23099
1668437986438 0.25 23149
1668438000087 0.0 23199
1668438030811 0.0 23249
1668438044323 0.0 23299
1668438058039 0.5 23349
1668438071842 0.5 23399
1668438102641 0.0 23449
1668438116401 0.5 23499
1668438130057 0.0 23549
1668438143787 0.0 23599
1668438157440 0.0 23649
1668438188156 1.0 23699
1668438201723 0.5 23749
1668438215348 0.5 23799
1668438228978 1.0 23849
1668438259613 0.0 23899
1668438273166 1.0 23949
1668438286811 0.5 23999
1668438300555 0.0 24049
1668438331101 0.3333333432674408 24099
1668438344984 0.0 24149
1668438358639 0.5 24199
1668438372324 0.0 24249
1668438386007 0.5 24299
1668438417110 0.6666666865348816 24349
1668438430792 0.6666666865348816 24399
1668438444476 0.0 24449
1668438458105 0.3333333432674408 24499
1668438489311 0.25 24549
1668438502801 0.6666666865348816 24599
1668438516442 0.0 24649
1668438530193 0.6666666865348816 24699
1668438561451 1.0 24749
1668438575281 1.0 24799
1668438588956 1.0 24849
1668438602630 0.0 24899
1668438616323 0.0 24949
1668438647649 0.0 24999
1668438661209 0.0 25049
1668438674877 1.0 25099
1668438688561 0.3333333432674408 25149
1668438719737 0.0 25199
1668438733271 0.5 25249
1668438746913 0.5 25299
1668438760678 0.6666666865348816 25349
1668438791561 0.0 25399
1668438805376 0.5 25449
1668438818992 0.0 25499
1668438832667 0.6666666865348816 25549
1668438846324 0.3333333432674408 25599
1668438877273 1.0 25649
1668438890836 1.0 25699
1668438904498 0.75 25749
1668438918195 0.4000000059604645 25799
1668438949400 0.3333333432674408 25849
1668438962924 0.4000000059604645 25899
1668438976560 0.0 25949
1668438990250 0.0 25999
1668439021275 0.3333333432674408 26049
1668439034991 1.0 26099
1668439048593 0.5 26149
1668439062253 0.0 26199
1668439075953 0.25 26249
1668439106718 0.0 26299
1668439120275 1.0 26349
1668439133930 0.3333333432674408 26399
1668439147582 0.3333333432674408 26449
1668439178773 0.5 26499
1668439192442 0.75 26549
1668439206277 1.0 26599
1668439219946 0.0 26649
1668439250737 0.25 26699
1668439264551 0.5 26749
1668439278265 0.5 26799
1668439291908 0.3333333432674408 26849
1668439305635 1.0 26899
1668439336337 1.0 26949
1668439349914 0.3333333432674408 26999
1668439363576 1.0 27049
1668439377257 0.0 27099
1668439408391 1.0 27149
1668439421930 1.0 27199
1668439435609 1.0 27249
1668439449257 1.0 27299
1668439479840 1.0 27349
1668439493591 0.0 27399
1668439507319 1.0 27449
1668439520985 0.0 27499
1668439534640 0.75 27549
1668439565680 0.0 27599
1668439579223 0.0 27649
1668439592884 0.6666666865348816 27699
1668439606689 0.0 27749
1668439637193 0.6666666865348816 27799
1668439650822 0.0 27849
1668439664571 0.6666666865348816 27899
1668439678321 0.0 27949
1668439709753 1.0 27999
1668439723635 0.0 28049
1668439737248 1.0 28099
1668439750973 0.25 28149
1668439764716 1.0 28199
1668439796069 1.0 28249
1668439809648 1.0 28299
1668439823427 0.3333333432674408 28349
1668439837149 0.6666666865348816 28399
1668439867930 0.3333333432674408 28449
1668439881513 0.3333333432674408 28499
1668439895170 0.0 28549
1668439908852 1.0 28599
1668439939608 0.0 28649
1668439953485 0.0 28699
1668439967094 1.0 28749
1668439980807 0.0 28799
1668439994443 0.4000000059604645 28849
1668440025065 0.3333333432674408 28899
1668440038686 0.6666666865348816 28949
1668440052443 0.5 28999
1668440066112 0.0 29049
1668440096945 0.3333333432674408 29099
1668440110707 0.0 29149
1668440124345 1.0 29199
1668440138028 1.0 29249
1668440168961 0.5 29299
1668440182817 0.3333333432674408 29349
1668440196454 0.0 29399
1668440210120 0.5 29449
1668440223775 0.6666666865348816 29499
1668440254857 1.0 29549
1668440268405 0.3333333432674408 29599
1668440282128 0.0 29649
1668440295760 0.0 29699
1668440326979 0.0 29749
1668440340551 0.5 29799
1668440354243 0.0 29849
1668440367946 1.0 29899
1668440398710 0.5 29949
1668440412772 0.25 29999
1668440426353 0.5 30049
1668440440005 0.0 30099
1668440453660 0.0 30149
1668440484252 0.3333333432674408 30199
1668440497894 0.6666666865348816 30249
1668440511559 0.5 30299
1668440525222 1.0 30349
1668440556063 0.0 30399
1668440569727 0.20000000298023224 30449
1668440583380 0.5 30499
1668440597034 0.25 30549
1668440628000 0.3333333432674408 30599
1668440641818 0.5 30649
1668440655450 0.6666666865348816 30699
1668440669118 0.75 30749
1668440682780 1.0 30799
1668440713768 0.6666666865348816 30849
1668440727281 1.0 30899
1668440740917 0.3333333432674408 30949
1668440754577 0.6666666865348816 30999
1668440785460 0.0 31049
1668440799074 0.5 31099
1668440812720 0.5 31149
1668440826369 0.5 31199
1668440856864 1.0 31249
1668440870730 0.0 31299
1668440884417 0.5 31349
1668440898143 0.0 31399
1668440911860 0.25 31449
1668440942825 0.5 31499
1668440956374 1.0 31549
1668440970031 0.0 31599
1668440983746 0.3333333432674408 31649
1668441014988 0.5 31699
1668441028702 0.0 31749
1668441042349 0.0 31799
1668441056025 0.75 31849
1668441086645 0.5 31899
1668441100616 0.0 31949
1668441114204 0.6666666865348816 31999
1668441127890 0.25 32049
1668441141555 0.3333333432674408 32099
1668441172718 0.5 32149
1668441186236 1.0 32199
1668441199914 0.5 32249
1668441213610 1.0 32299
1668441244736 0.0 32349
1668441258474 0.3333333432674408 32399
1668441272114 1.0 32449
1668441285775 1.0 32499
1668441299272 0.0 32549
1668441330088 0.0 32599
1668441343693 0.4000000059604645 32649
1668441357347 0.0 32699
1668441371009 0.3333333432674408 32749
1668441401862 0.0 32799
1668441415382 0.5 32849
1668441429023 0.6666666865348816 32899
1668441442710 0.25 32949
1668441473484 0.3333333432674408 32999
1668441487294 0.0 33049
1668441500963 0.5 33099
1668441514626 0.5 33149
1668441528278 0.5 33199
1668441559059 0.5 33249
1668441572804 0.0 33299
1668441587339 0.25 33349
1668441600979 1.0 33399
1668441631528 1.0 33449
1668441645046 0.6666666865348816 33499
1668441658810 0.0 33549
1668441672466 0.0 33599
1668441703323 0.0 33649
1668441717220 0.3333333432674408 33699
1668441730993 0.0 33749
1668441744755 0.5 33799
1668441758470 0.0 33849
1668441789489 0.5 33899
1668441803080 0.5 33949
1668441816743 0.5 33999
1668441830418 1.0 34049
1668441861207 0.0 34099
1668441874723 0.0 34149
1668441888478 1.0 34199
1668441902173 0.6666666865348816 34249
1668441932623 0.6666666865348816 34299
1668441946404 0.0 34349
1668441960159 0.3333333432674408 34399
1668441973895 0.0 34449
1668441987539 1.0 34499
1668442018585 0.5 34549
1668442032175 0.5 34599
1668442045842 0.20000000298023224 34649
1668442059502 0.5 34699
1668442090271 0.0 34749
1668442103798 0.0 34799
1668442117438 0.5 34849
1668442131106 0.0 34899
1668442162462 0.25 34949
1668442176263 0.0 34999
1668442190065 0.5 35049
1668442203810 0.5 35099
1668442217477 0.0 35149
1668442248187 0.0 35199
1668442261907 0.5 35249
1668442275554 1.0 35299
1668442289218 1.0 35349
1668442320338 0.5 35399
1668442333923 0.0 35449
1668442347574 0.25 35499
1668442361650 0.25 35549
1668442392662 0.5 35599
1668442406446 0.4000000059604645 35649
1668442420134 1.0 35699
1668442433874 0.3333333432674408 35749
1668442447518 0.0 35799
1668442478449 0.6666666865348816 35849
1668442492056 0.0 35899
1668442505746 0.3333333432674408 35949
1668442519422 1.0 35999
1668442550941 0.6666666865348816 36049
1668442564568 0.75 36099
1668442578305 0.0 36149
1668442591983 0.3333333432674408 36199
1668442622635 0.0 36249
1668442636440 0.0 36299
1668442650059 0.6666666865348816 36349
1668442663696 0.0 36399
1668442677330 0.5 36449
1668442708316 0.6666666865348816 36499
1668442721884 1.0 36549
1668442735573 0.5 36599
1668442749231 0.0 36649
1668442779812 1.0 36699
1668442793365 1.0 36749
1668442807047 0.0 36799
1668442820787 0.5 36849
1668442851495 0.6666666865348816 36899
1668442865584 0.0 36949
1668442879567 0.5 36999
1668442893319 1.0 37049
1668442907029 0.6666666865348816 37099
1668442937948 0.6000000238418579 37149
1668442951513 0.5 37199
1668442965197 0.3333333432674408 37249
1668442978855 0.0 37299
1668443009875 0.25 37349
1668443023557 0.3333333432674408 37399
1668443037260 0.6666666865348816 37449
1668443050931 1.0 37499
1668443081494 0.6666666865348816 37549
1668443095300 0.6666666865348816 37599
1668443109075 0.0 37649
1668443122794 1.0 37699
1668443136649 0.0 37749
1668443167518 0.75 37799
1668443181064 1.0 37849
1668443194716 0.5 37899
1668443208364 1.0 37949
1668443239051 0.4000000059604645 37999
1668443252825 0.0 38049
1668443266505 0.3333333432674408 38099
1668443280161 0.5 38149
1668443310621 1.0 38199
1668443324449 1.0 38249
1668443338053 0.5 38299
1668443351920 0.5 38349
1668443365616 0.0 38399
1668443396595 1.0 38449
1668443410161 0.0 38499
1668443423869 0.5 38549
1668443437492 0.0 38599
1668443468411 1.0 38649
1668443482070 0.5 38699
1668443495781 0.3333333432674408 38749
1668443509464 0.6000000238418579 38799
1668443540214 0.5 38849
1668443554040 0.0 38899
1668443567658 0.3333333432674408 38949
1668443581301 0.75 38999
1668443594963 1.0 39049
1668443625702 0.5 39099
1668443639295 0.0 39149
1668443653023 1.0 39199
1668443666681 0.3333333432674408 39249
1668443697580 1.0 39299
1668443711281 0.3333333432674408 39349
1668443724968 1.0 39399
1668443738648 0.6666666865348816 39449
1668443769170 1.0 39499
1668443783002 0.5 39549
1668443796936 0.3333333432674408 39599
1668443810621 0.75 39649
1668443824381 0.0 39699
1668443855212 0.0 39749
1668443868911 1.0 39799
1668443882557 1.0 39849
1668443896244 0.5 39899
1668443927311 0.6000000238418579 39949
1668443940905 0.5 39999
1668443954591 0.4000000059604645 40049
1668443968224 1.0 40099
1668443998830 0.5 40149
1668444012654 0.5 40199
1668444026278 0.0 40249
1668444039943 0.5 40299
1668444053599 0.0 40349
1668444084426 0.5 40399
1668444098047 1.0 40449
1668444111703 1.0 40499
1668444125412 0.0 40549
1668444156516 1.0 40599
1668444170234 0.5 40649
1668444183903 0.6000000238418579 40699
1668444197526 0.0 40749
1668444228025 0.0 40799
1668444241854 0.6666666865348816 40849
1668444255499 0.0 40899
1668444269148 0.6666666865348816 40949
1668444282868 0.4000000059604645 40999
1668444313906 0.6666666865348816 41049
1668444327428 0.3333333432674408 41099
1668444341087 0.0 41149
1668444354735 0.5 41199
1668444385518 0.0 41249
1668444399207 0.3333333432674408 41299
1668444412891 0.25 41349
1668444426663 0.0 41399
1668444457460 0.0 41449
1668444471321 0.5 41499
1668444484939 0.5 41549
1668444498600 0.3333333432674408 41599
1668444512276 0.25 41649
1668444543144 0.0 41699
1668444556676 0.75 41749
1668444570314 1.0 41799
1668444583958 0.5 41849
1668444614779 0.0 41899
1668444628537 0.0 41949
1668444642239 1.0 41999
1668444655918 0.20000000298023224 42049
1668444686569 1.0 42099
1668444700609 0.75 42149
1668444714189 0.0 42199
1668444727880 0.5 42249
1668444741570 0.6666666865348816 42299
1668444772207 0.75 42349
1668444785799 0.0 42399
1668444799459 0.6666666865348816 42449
1668444813095 1.0 42499
1668444843956 0.0 42549
1668444857675 0.5 42599
1668444871327 0.25 42649
1668444884987 0.5 42699
1668444916235 1.0 42749
1668444930173 0.6666666865348816 42799
1668444943849 1.0 42849
1668444957624 1.0 42899
1668444971284 0.25 42949
1668445002027 0.0 42999
1668445015569 0.3333333432674408 43049
1668445029225 1.0 43099
1668445042905 0.0 43149
1668445073387 0.75 43199
1668445087197 0.6666666865348816 43249
1668445100910 0.5 43299
1668445114573 0.0 43349
1668445128067 0.0 43399
1668445159088 1.0 43449
1668445172715 0.5 43499
1668445186374 0.5 43549
1668445200125 1.0 43599
1668445231536 1.0 43649
1668445245170 0.0 43699
1668445258823 0.75 43749
1668445272477 0.0 43799
1668445303464 0.8333333134651184 43849
1668445317227 0.0 43899
1668445330886 0.6666666865348816 43949
1668445344528 0.0 43999
1668445358174 0.3333333432674408 44049
1668445389163 0.6666666865348816 44099
1668445402766 1.0 44149
1668445416394 0.6666666865348816 44199
1668445430100 0.5 44249
1668445461049 0.5 44299
1668445474611 1.0 44349
1668445488531 0.6666666865348816 44399
1668445502175 0.5 44449
1668445532487 0.5 44499
1668445546343 0.3333333432674408 44549
1668445560027 0.25 44599
1668445573723 1.0 44649
1668445587403 0.20000000298023224 44699
1668445618204 0.6666666865348816 44749
1668445631940 0.25 44799
1668445645596 0.0 44849
1668445659354 0.0 44899
1668445690370 1.0 44949
1668445703905 0.5 44999
1668445717545 0.0 45049
1668445731183 1.0 45099
1668445761643 0.25 45149
1668445775611 0.5 45199
1668445789225 0.0 45249
1668445802873 0.3333333432674408 45299
1668445816517 1.0 45349
1668445847470 0.3333333432674408 45399
1668445861058 1.0 45449
1668445874771 1.0 45499
1668445888427 0.3333333432674408 45549
1668445919116 0.0 45599
1668445932642 0.0 45649
1668445946269 0.0 45699
1668445959914 0.5 45749
1668445990539 0.20000000298023224 45799
1668446004349 0.0 45849
1668446017976 0.5 45899
1668446031721 0.3333333432674408 45949
1668446045362 0.6666666865348816 45999
1668446076133 0.6000000238418579 46049
1668446089787 0.5 46099
1668446103464 1.0 46149
1668446117140 0.5 46199
1668446148038 0.5 46249
1668446161635 0.6000000238418579 46299
1668446175338 0.0 46349
1668446189099 0.6666666865348816 46399
1668446219596 0.0 46449
1668446233347 0.5 46499
1668446247021 0.6000000238418579 46549
1668446260681 1.0 46599
1668446274325 0.0 46649
1668446305234 0.3333333432674408 46699
1668446318911 1.0 46749
1668446332603 0.6666666865348816 46799
1668446346288 0.5 46849
1668446377295 0.6666666865348816 46899
1668446390869 0.6666666865348816 46949
1668446404509 0.5 46999
1668446418147 1.0 47049
1668446448800 0.3333333432674408 47099
1668446462774 0.6666666865348816 47149
1668446476411 0.5 47199
1668446490061 0.0 47249
1668446503691 0.3333333432674408 47299
1668446534461 0.25 47349
1668446548035 0.800000011920929 47399
1668446561837 1.0 47449
1668446575536 0.5 47499
1668446606462 0.0 47549
1668446620084 0.6666666865348816 47599
1668446633789 0.0 47649
1668446647571 1.0 47699
1668446678244 0.5 47749
1668446692167 0.0 47799
1668446705798 0.0 47849
1668446719452 0.6666666865348816 47899
1668446733317 0.0 47949
1668446764097 0.0 47999
1668446777696 0.3333333432674408 48049
1668446791341 0.25 48099
1668446805105 0.25 48149
1668446835754 0.25 48199
1668446849404 0.0 48249
1668446863184 1.0 48299
1668446876919 0.0 48349
1668446907781 0.5 48399
1668446921688 0.0 48449
1668446935425 0.3333333432674408 48499
1668446949285 0.0 48549
1668446963080 0.5 48599
1668446994164 0.3333333432674408 48649
1668447007715 0.75 48699
1668447021350 0.5 48749
1668447035003 0.0 48799
1668447066229 0.3333333432674408 48849
1668447079988 0.0 48899
1668447093747 0.5 48949
1668447107371 0.0 48999
1668447138292 0.5 49049
1668447152105 0.800000011920929 49099
1668447165830 0.6666666865348816 49149
1668447179540 0.0 49199
1668447193196 0.5 49249
1668447224194 0.75 49299
1668447237787 1.0 49349
1668447251460 0.5 49399
1668447265197 0.0 49449
1668447296124 0.0 49499
1668447309836 0.5 49549
1668447323544 0.5 49599
1668447337231 0.0 49649
1668447367936 0.0 49699
1668447381791 1.0 49749
1668447395418 0.3333333432674408 49799
1668447409182 0.0 49849
1668447422856 0.3333333432674408 49899
1668447454053 0.3333333432674408 49949
1668447467621 0.3333333432674408 49999
1668447481279 0.25 50049
1668447495021 1.0 50099
1668447525824 0.3333333432674408 50149
1668447539490 0.3333333432674408 50199
1668447553158 0.5 50249
1668447566956 0.5 50299
1668447597870 0.75 50349
1668447611752 0.0 50399
1668447625350 0.3333333432674408 50449
1668447639582 0.0 50499
1668447653612 0.5 50549
1668447684543 0.0 50599
1668447698193 0.0 50649
1668447711844 1.0 50699
1668447725529 0.0 50749
1668447756436 1.0 50799
1668447770143 0.6666666865348816 50849
1668447783849 0.5 50899
1668447797553 0.0 50949
1668447828200 1.0 50999
1668447842099 0.5 51049
1668447855771 0.0 51099
1668447869582 0.0 51149
1668447883413 0.0 51199
1668447914089 0.6666666865348816 51249
1668447927679 0.0 51299
1668447941351 0.0 51349
1668447955087 0.0 51399
1668447985942 0.5 51449
1668447999624 0.0 51499
1668448013301 1.0 51549
1668448026990 0.5 51599
1668448057339 0.5 51649
1668448071178 0.5 51699
1668448084790 0.75 51749
1668448098434 0.5 51799
1668448112216 1.0 51849
1668448143417 1.0 51899
1668448156955 0.0 51949
1668448170590 0.0 51999
1668448184330 0.6666666865348816 52049
1668448215067 0.5 52099
1668448228807 0.75 52149
1668448242461 0.0 52199
1668448256112 0.75 52249
1668448286863 0.0 52299
1668448300876 0.0 52349
1668448314496 1.0 52399
1668448328177 0.6666666865348816 52449
1668448341820 0.5 52499
1668448372745 0.3333333432674408 52549
1668448386285 0.0 52599
1668448399949 0.5 52649
1668448413600 0.6666666865348816 52699
1668448444208 0.0 52749
1668448457976 0.0 52799
1668448471705 0.6666666865348816 52849
1668448485405 0.0 52899
1668448515935 0.0 52949
1668448529769 0.0 52999
1668448543476 0.0 53049
1668448557247 0.0 53099
1668448571043 0.3333333432674408 53149
1668448601705 0.3333333432674408 53199
1668448615334 0.5 53249
1668448629036 1.0 53299
1668448642781 0.25 53349
1668448673734 0.20000000298023224 53399
1668448687431 0.5 53449
1668448701069 0.0 53499
1668448714716 1.0 53549
1668448745073 1.0 53599
1668448758896 0.6666666865348816 53649
1668448772612 0.3333333432674408 53699
1668448786260 0.0 53749
1668448799887 0.5 53799
1668448830995 0.6666666865348816 53849
1668448844517 0.0 53899
1668448858183 1.0 53949
1668448871828 0.0 53999
1668448902479 0.75 54049
1668448916296 1.0 54099
1668448929953 0.5 54149
1668448943596 0.0 54199
1668448957076 0.0 54249
1668448988041 0.5 54299
1668449001617 0.6000000238418579 54349
1668449015349 0.5 54399
1668449028983 0.5 54449
1668449059690 0.0 54499
1668449073276 0.0 54549
1668449086935 0.0 54599
1668449100586 0.0 54649
1668449131619 0.0 54699
1668449145387 0.5 54749
1668449159087 0.20000000298023224 54799
1668449172845 1.0 54849
1668449186500 0.5 54899
1668449217251 0.5 54949
1668449230861 0.0 54999
1668449244514 1.0 55049
1668449258183 0.0 55099
1668449289172 0.0 55149
1668449302703 0.0 55199
1668449316338 0.0 55249
1668449329986 0.0 55299
1668449360852 0.0 55349
1668449374611 0.0 55399
1668449388238 0.25 55449
1668449401879 1.0 55499
1668449415531 0.0 55549
1668449446198 0.0 55599
1668449459796 0.0 55649
1668449473481 0.5 55699
1668449487185 0.5 55749
1668449518046 0.75 55799
1668449531701 0.5 55849
1668449545348 1.0 55899
1668449559101 0.0 55949
1668449590037 0.75 55999
1668449603811 0.0 56049
1668449617415 0.3333333432674408 56099
1668449631045 0.3333333432674408 56149
1668449644686 0.0 56199
1668449675729 1.0 56249
1668449689312 0.6666666865348816 56299
1668449702980 0.6666666865348816 56349
1668449716628 0.3333333432674408 56399
1668449747557 0.0 56449
1668449761098 0.0 56499
1668449774772 0.0 56549
1668449788453 0.0 56599
1668449819414 0.3333333432674408 56649
1668449833209 0.4000000059604645 56699
1668449846838 0.0 56749
1668449860480 0.3333333432674408 56799
1668449874147 0.3333333432674408 56849
1668449904736 1.0 56899
1668449918349 0.6666666865348816 56949
1668449931988 1.0 56999
1668449945748 1.0 57049
1668449976386 0.3333333432674408 57099
1668449990056 0.3333333432674408 57149
1668450003693 0.6000000238418579 57199
1668450017388 0.0 57249
1668450048152 0.5 57299
1668450062006 0.0 57349
1668450075624 0.0 57399
1668450089318 1.0 57449
1668450103040 0.25 57499
1668450133752 0.75 57549
1668450147431 0.25 57599
1668450161059 0.6666666865348816 57649
1668450174894 0.3333333432674408 57699
1668450205961 0.25 57749
1668450219537 0.3333333432674408 57799
1668450233209 0.3333333432674408 57849
1668450246878 0.5 57899
1668450277476 0.6666666865348816 57949
1668450291374 0.0 57999
1668450304990 0.0 58049
1668450318683 0.6666666865348816 58099
1668450332326 0.5 58149
1668450363192 0.5 58199
1668450376786 1.0 58249
1668450390458 0.0 58299
1668450404163 0.4000000059604645 58349
1668450435104 0.6666666865348816 58399
1668450448719 0.3333333432674408 58449
1668450462403 0.0 58499
1668450476110 0.800000011920929 58549
1668450507147 0.0 58599
1668450520912 0.5 58649
1668450534525 0.5 58699
1668450548155 1.0 58749
1668450561788 0.0 58799
1668450592884 0.5 58849
1668450606433 0.25 58899
1668450620151 1.0 58949
1668450633794 0.6666666865348816 58999
1668450664357 0.5 59049
1668450677951 0.6666666865348816 59099
1668450691626 0.3333333432674408 59149
1668450705275 1.0 59199
1668450735900 0.6666666865348816 59249
1668450749693 0.6666666865348816 59299
1668450763359 1.0 59349
1668450777019 0.5 59399
1668450790684 0.5 59449
1668450821594 0.0 59499
1668450835156 0.0 59549
1668450848794 0.0 59599
1668450862432 0.3333333432674408 59649
1668450893412 0.0 59699
1668450907014 0.0 59749
1668450920653 0.5 59799
1668450934302 0.0 59849
1668450964975 0.0 59899
1668450978770 1.0 59949
1668450992392 0.6666666865348816 59999
1668451006040 0.5 60049
1668451019699 0.0 60099
1668451051104 0.6666666865348816 60149
1668451064869 0.0 60199
1668451078539 0.3333333432674408 60249
1668451092258 0.25 60299
1668451123145 0.5 60349
1668451136769 0.75 60399
1668451150435 0.0 60449
1668451164098 0.6666666865348816 60499
1668451195063 0.0 60549
1668451209108 0.6666666865348816 60599
1668451222730 1.0 60649
1668451236370 0.0 60699
1668451250070 1.0 60749
1668451281041 0.0 60799
1668451294601 0.3333333432674408 60849
1668451308418 0.5 60899
1668451322093 1.0 60949
1668451353265 1.0 60999
1668451366889 0.3333333432674408 61049
1668451380574 1.0 61099
1668451394234 1.0 61149
1668451425242 0.0 61199
1668451439008 0.5 61249
1668451452625 0.5 61299
1668451466285 0.6666666865348816 61349
1668451479934 0.0 61399
1668451510898 0.5 61449
1668451524428 0.5 61499
1668451538062 0.0 61549
1668451551679 0.3333333432674408 61599
1668451582785 0.5 61649
1668451596453 0.6666666865348816 61699
1668451610106 0.0 61749
1668451623759 0.0 61799
1668451654792 0.0 61849
1668451668628 1.0 61899
1668451682252 0.75 61949
1668451695924 0.3333333432674408 61999
1668451709602 1.0 62049
1668451740721 0.0 62099
1668451754268 0.5 62149
1668451768049 0.5 62199
1668451781861 1.0 62249
1668451812526 0.25 62299
1668451826204 0.3333333432674408 62349
1668451839821 1.0 62399
1668451853453 0.5 62449
1668451884368 0.0 62499
1668451898297 0.0 62549
1668451912000 1.0 62599
1668451925747 0.3333333432674408 62649
1668451939508 0.0 62699
1668451970436 0.3333333432674408 62749
1668451984009 0.5 62799
1668451997641 0.5 62849
1668452011287 0.0 62899
1668452042247 0.4000000059604645 62949
1668452055834 0.5 62999
1668452069513 1.0 63049
1668452083141 0.6666666865348816 63099
1668452113907 0.25 63149
1668452127719 1.0 63199
1668452141312 0.5 63249
1668452154947 0.5 63299
1668452168586 0.3333333432674408 63349
1668452199560 0.5 63399
1668452213110 0.0 63449
1668452226855 0.0 63499
1668452240550 0.0 63549
1668452271493 0.6666666865348816 63599
1668452285460 0.3333333432674408 63649
1668452299188 0.6000000238418579 63699
1668452312837 0.0 63749
1668452343629 0.5 63799
1668452357490 0.0 63849
1668452371100 0.0 63899
1668452384917 0.0 63949
1668452398588 0.0 63999
1668452429446 1.0 64049
1668452442967 1.0 64099
1668452456601 1.0 64149
1668452470236 0.5 64199
1668452501482 0.0 64249
1668452515242 0.0 64299
1668452528894 0.0 64349
1668452542647 0.3333333432674408 64399
1668452573482 0.0 64449
1668452587293 0.3333333432674408 64499
1668452600880 0.5 64549
1668452614598 0.5 64599
1668452628215 0.0 64649
1668452659117 1.0 64699
1668452672650 0.5 64749
1668452686310 1.0 64799
1668452699944 0.3333333432674408 64849
1668452730237 0.5 64899
1668452744040 1.0 64949
1668452757661 1.0 64999
1668452771278 0.5 65049
1668452784737 0.0 65099
