1668668087539 0.10565471649169922 167
1668668149193 0.17748016119003296 335
1668668210936 0.20595242083072662 503
1668668272659 0.22683529555797577 671
1668668334358 0.23973216116428375 839
1668668396094 0.2612103521823883 1007
1668668457629 0.2622024416923523 1175
1668668516538 0.28754958510398865 1343
1668668578455 0.2883928418159485 1511
1668668640256 0.3034721612930298 1679
1668668701900 0.3048115372657776 1847
1668668763629 0.3129463791847229 2015
1668668822582 0.3175099194049835 2183
1668668884551 0.33035707473754883 2351
1668668946436 0.332986056804657 2519
1668669008132 0.3412202000617981 2687
1668669069987 0.32971227169036865 2855
1668669128933 0.3441963195800781 3023
1668669188033 0.3267360329627991 3191
1668669250081 0.3575892150402069 3359
1668669311809 0.3502975404262543 3527
1668669370649 0.3499007523059845 3695
1668669429775 0.3622022867202759 3863
1668669491674 0.36512890458106995 4031
1668669553489 0.3661705553531647 4199
1668669612422 0.37232130765914917 4367
1668669671604 0.3686507046222687 4535
1668669730836 0.389781653881073 4703
1668669792825 0.3629958927631378 4871
1668669851724 0.3850197494029999 5039
1668669910854 0.3892856240272522 5207
1668669972830 0.37336307764053345 5375
1668670031755 0.387549489736557 5543
1668670093707 0.39776772260665894 5711
1668670155493 0.39518845081329346 5879
1668670214447 0.40337294340133667 6047
1668670273688 0.3890376091003418 6215
1668670332765 0.3980654180049896 6383
1668670391963 0.38695427775382996 6551
1668670453817 0.3997023105621338 6719
1668670512778 0.40262892842292786 6887
1668670574918 0.4128967225551605 7055
1668670636755 0.40381932258605957 7223
1668670695719 0.40525782108306885 7391
1668670757721 0.4074404239654541 7559
1668670816675 0.3997023105621338 7727
1668670878649 0.4083333909511566 7895
1668670940509 0.4057042896747589 8063
1668670999469 0.4068946838378906 8231
1668671058683 0.4198908507823944 8399
1668671117865 0.41026777029037476 8567
1668671177028 0.4148313105106354 8735
1668671239123 0.41086307168006897 8903
1668671298037 0.41056546568870544 9071
1668671357163 0.40505948662757874 9239
1668671419174 0.41899794340133667 9407
1668671478164 0.41254955530166626 9575
1668671540171 0.41974201798439026 9743
1668671599122 0.40729159116744995 9911
1668671658293 0.4107142388820648 10079
1668671720319 0.4181050658226013 10247
1668671779360 0.41259902715682983 10415
1668671838511 0.4213292598724365 10583
1668671897771 0.40788692235946655 10751
1668671956883 0.42832332849502563 10919
1668672016047 0.4201388359069824 11087
1668672078012 0.4319443106651306 11255
1668672136998 0.4190475344657898 11423
1668672196207 0.4256943464279175 11591
1668672255466 0.42395827174186707 11759
1668672314624 0.4244542419910431 11927
1668672373827 0.42137888073921204 12095
1668672435800 0.43427574634552 12263
1668672494747 0.4223213791847229 12431
1668672553900 0.42217251658439636 12599
1668672613093 0.4288194179534912 12767
1668672675073 0.42048606276512146 12935
1668672736876 0.435267835855484 13103
1668672795883 0.4270336627960205 13271
1668672855052 0.4310019910335541 13439
1668672914241 0.4395832419395447 13607
1668672973434 0.44345226883888245 13775
1668673032669 0.4353669583797455 13943
1668673091898 0.43328362703323364 14111
1668673153940 0.42266857624053955 14279
1668673212961 0.43179556727409363 14447
1668673272177 0.4297618269920349 14615
1668673331526 0.43209317326545715 14783
1668673390850 0.4460316598415375 14951
1668673452859 0.4252479076385498 15119
1668673511784 0.43412697315216064 15287
1668673571055 0.440128892660141 15455
1668673633133 0.428472101688385 15623
1668673692055 0.43447408080101013 15791
1668673754069 0.42594239115715027 15959
1668673812985 0.4374503195285797 16127
1668673872118 0.44176584482192993 16295
1668673934186 0.4386904239654541 16463
1668673993125 0.43154749274253845 16631
1668674052326 0.4476189613342285 16799
1668674111525 0.44548606872558594 16967
1668674173628 0.43903759121894836 17135
1668674232691 0.4499007761478424 17303
1668674294800 0.4305058419704437 17471
1668674353852 0.4440476596355438 17639
1668674415925 0.4466269314289093 17807
1668674474860 0.44940462708473206 17975
1668674536871 0.4525792598724365 18143
1668674595942 0.43953365087509155 18311
1668674655023 0.4546130299568176 18479
1668674714224 0.44350188970565796 18647
1668674773447 0.4485118091106415 18815
1668674832643 0.4484127163887024 18983
1668674891851 0.4513393044471741 19151
1668674951047 0.44999998807907104 19319
1668675010247 0.44816458225250244 19487
1668675069551 0.45937493443489075 19655
1668675131654 0.4454860985279083 19823
1668675190651 0.4530753493309021 19991
1668675252715 0.45153769850730896 20159
1668675311746 0.45128965377807617 20327
1668675370889 0.4483133852481842 20495
1668675430065 0.4511904716491699 20663
1668675489302 0.4555058181285858 20831
1668675548550 0.45099198818206787 20999
1668675607809 0.43958330154418945 21167
1668675666948 0.4512895941734314 21335
1668675729100 0.44523802399635315 21503
1668675788100 0.4496031701564789 21671
1668675850124 0.44583332538604736 21839
1668675911728 0.4589284360408783 22007
1668675970707 0.454513818025589 22175
1668676030036 0.4451884329319 22343
1668676089342 0.4538689851760864 22511
1668676148480 0.4667658507823944 22679
1668676207663 0.4470237195491791 22847
1668676266888 0.4588293433189392 23015
1668676325984 0.44980156421661377 23183
1668676385194 0.44717249274253845 23351
1668676444386 0.4505951404571533 23519
1668676503735 0.4658729135990143 23687
1668676562977 0.46517854928970337 23855
1668676622207 0.47088292241096497 24023
1668676681477 0.45773810148239136 24191
1668676743622 0.4564979374408722 24359
1668676802615 0.4637400209903717 24527
1668676861869 0.4660217761993408 24695
1668676921169 0.461706280708313 24863
1668676980449 0.4679562747478485 25031
1668677039600 0.4706844985485077 25199
1668677098758 0.45639875531196594 25367
1668677157920 0.46433520317077637 25535
1668677217282 0.45992058515548706 25703
1668677276504 0.4693451523780823 25871
1668677335721 0.4623015522956848 26039
1668677394936 0.4727679491043091 26207
1668677454258 0.4610614776611328 26375
1668677513520 0.462698370218277 26543
1668677572715 0.4694443643093109 26711
1668677632014 0.4647817313671112 26879
1668677691211 0.4551090598106384 27047
1668677753222 0.4716765284538269 27215
1668677812235 0.4573412239551544 27383
1668677871500 0.45744040608406067 27551
1668677930822 0.46631935238838196 27719
1668677990038 0.4742063581943512 27887
1668678049293 0.47038692235946655 28055
1668678108466 0.4649800956249237 28223
1668678167636 0.45952388644218445 28391
1668678226831 0.4624007046222687 28559
1668678286015 0.46517857909202576 28727
1668678345332 0.47286704182624817 28895
1668678407347 0.4629959464073181 29063
1668678466263 0.458234041929245 29231
1668678525582 0.4550594091415405 29399
1668678584748 0.4700396955013275 29567
1668678643920 0.456745982170105 29735
1668678706023 0.4791170358657837 29903
1668678765026 0.4773809611797333 30071
1668678824277 0.46592259407043457 30239
1668678883465 0.4597221314907074 30407
1668678942708 0.4669146239757538 30575
1668679001966 0.46542656421661377 30743
1668679061124 0.46552574634552 30911
1668679120216 0.4727182686328888 31079
1668679179345 0.4753968119621277 31247
1668679238525 0.4706844389438629 31415
1668679297837 0.46582338213920593 31583
1668679356981 0.4749007225036621 31751
1668679416175 0.47921621799468994 31919
1668679475402 0.46865078806877136 32087
1668679534684 0.48105156421661377 32255
1668679593882 0.471626877784729 32423
1668679653073 0.4662202298641205 32591
1668679712167 0.4710317552089691 32759
1668679771389 0.47227180004119873 32927
1668679830675 0.47485119104385376 33095
1668679889942 0.46488091349601746 33263
1668679949019 0.490476131439209 33431
1668680008151 0.4771825075149536 33599
1668680067273 0.46537694334983826 33767
1668680126422 0.46889883279800415 33935
1668680185630 0.47157734632492065 34103
1668680247457 0.4697420597076416 34271
1668680306376 0.46656733751296997 34439
1668680365585 0.4654760956764221 34607
1668680424923 0.4731646180152893 34775
1668680484043 0.47748008370399475 34943
1668680543246 0.46567457914352417 35111
1668680602442 0.4724206328392029 35279
1668680661650 0.4836309850215912 35447
1668680720763 0.46686503291130066 35615
1668680779919 0.4858134686946869 35783
1668680839164 0.48149794340133667 35951
1668680898283 0.47311508655548096 36119
1668680957390 0.48417651653289795 36287
1668681016590 0.47519832849502563 36455
1668681075786 0.48690471053123474 36623
1668681134947 0.4669146239757538 36791
1668681194162 0.47797611355781555 36959
1668681253295 0.47271814942359924 37127
1668681312434 0.48194438219070435 37295
1668681371595 0.4739583432674408 37463
1668681430737 0.4679563045501709 37631
1668681489931 0.48397815227508545 37799
1668681549073 0.4771824777126312 37967
1668681611049 0.4788194000720978 38135
1668681670058 0.4726189970970154 38303
1668681729287 0.4751983880996704 38471
1668681788491 0.48219242691993713 38639
1668681847648 0.47752976417541504 38807
1668681909629 0.48690468072891235 38975
1668681968529 0.47405749559402466 39143
1668682027735 0.4811011254787445 39311
1668682087067 0.47301584482192993 39479
1668682146211 0.47876983880996704 39647
1668682205419 0.47053563594818115 39815
1668682264585 0.48571425676345825 39983
1668682326664 0.47628968954086304 40151
1668682385644 0.4808531701564789 40319
1668682444772 0.4802580177783966 40487
1668682503923 0.4856646656990051 40655
1668682563068 0.45932537317276 40823
1668682622277 0.4818947911262512 40991
1668682681453 0.4882439970970154 41159
1668682740607 0.4838293492794037 41327
1668682799845 0.4772322177886963 41495
1668682859012 0.49092257022857666 41663
1668682918121 0.48665672540664673 41831
1668682977303 0.4902777373790741 41999
1668683036497 0.4954860508441925 42167
1668683095689 0.47728171944618225 42335
1668683154949 0.4848710298538208 42503
1668683214166 0.47589290142059326 42671
1668683273417 0.48382940888404846 42839
1668683332586 0.47708332538604736 43007
1668683391847 0.4824901223182678 43175
1668683451003 0.4893849492073059 43343
1668683510268 0.48764875531196594 43511
1668683569536 0.4807043671607971 43679
1668683631585 0.4846726059913635 43847
1668683690507 0.4854166507720947 44015
1668683752370 0.47499996423721313 44183
1668683811352 0.48000991344451904 44351
1668683873326 0.48273807764053345 44519
1668683932262 0.4886409342288971 44687
1668683991417 0.4851189851760864 44855
1668684050621 0.48526784777641296 45023
1668684109797 0.47981151938438416 45191
1668684169025 0.47480159997940063 45359
1668684228264 0.4788193702697754 45527
1668684290216 0.4851686656475067 45695
1668684349147 0.48938488960266113 45863
1668684408339 0.4853174388408661 46031
1668684467660 0.49265873432159424 46199
1668684526806 0.47931548953056335 46367
1668684585926 0.48244044184684753 46535
1668684645203 0.48715266585350037 46703
1668684704578 0.49414679408073425 46871
1668684763726 0.49285706877708435 47039
1668684822918 0.4936011731624603 47207
1668684882180 0.4863095283508301 47375
1668684941328 0.486855149269104 47543
1668685000623 0.482291579246521 47711
1668685059833 0.4917658865451813 47879
1668685119044 0.48943451046943665 48047
1668685178255 0.4916170537471771 48215
1668685237407 0.49771833419799805 48383
1668685296613 0.4888392984867096 48551
1668685355874 0.49434521794319153 48719
1668685415058 0.4841269254684448 48887
1668685474450 0.4847222566604614 49055
1668685533732 0.48323410749435425 49223
1668685592943 0.4890376627445221 49391
1668685652161 0.4906250238418579 49559
1668685711392 0.5010417103767395 49727
1668685770633 0.4952380359172821 49895
1668685829870 0.49260905385017395 50063
1668685889053 0.486855149269104 50231
1668685948339 0.49712300300598145 50399
