1668406919285 164.25 216
1668406994846 100.0 433
1668407070944 134.0 650
1668407147864 182.0 867
1668407223284 135.25 1084
1668407299257 211.75 1301
1668407375383 214.25 1518
1668407451373 201.0 1735
1668407527407 194.75 1952
1668407603236 168.75 2169
1668407679118 167.0 2386
1668407755218 183.75 2603
1668407830738 202.5 2820
1668407906881 204.75 3037
1668407982622 191.25 3254
1668408058304 202.0 3471
1668408134062 205.0 3688
1668408209965 207.75 3905
1668408286077 196.75 4122
1668408362081 206.5 4339
1668408437940 208.25 4556
1668408513934 172.5 4773
1668408589722 211.5 4990
1668408665846 213.25 5207
1668408741922 210.25 5424
1668408817574 212.0 5641
1668408893538 212.75 5858
1668408969055 209.75 6075
1668409044905 212.5 6292
1668409120715 207.75 6509
1668409196530 195.5 6726
1668409272650 210.25 6943
1668409348434 215.25 7160
1668409424115 209.0 7377
1668409499996 207.5 7594
1668409576083 214.5 7811
1668409651848 209.0 8028
1668409727612 199.25 8245
1668409803425 199.5 8462
1668409879130 214.0 8679
1668409955168 204.25 8896
1668410031453 206.5 9113
1668410107498 212.25 9330
1668410183298 203.0 9547
1668410259480 214.0 9764
1668410335418 210.5 9981
1668410411483 195.0 10198
1668410487335 208.25 10415
1668410563356 215.5 10632
1668410639414 214.0 10849
1668410715599 201.25 11066
1668410792137 211.0 11283
1668410867654 204.0 11500
1668410943734 211.0 11717
1668411019402 207.0 11934
1668411095434 205.5 12151
1668411171810 205.75 12368
1668411247329 210.75 12585
1668411323327 199.75 12802
1668411399545 198.0 13019
1668411475630 199.0 13236
1668411551940 208.25 13453
1668411627972 207.0 13670
1668411704351 211.75 13887
1668411780113 199.0 14104
1668411856099 209.25 14321
1668411932146 204.75 14538
1668412008062 215.25 14755
1668412084011 201.0 14972
1668412159977 211.0 15189
1668412236376 215.75 15406
1668412312554 212.75 15623
1668412388652 208.25 15840
1668412464591 208.0 16057
1668412540409 204.0 16274
1668412616539 210.0 16491
1668412692648 207.25 16708
1668412768509 207.5 16925
1668412844895 210.5 17142
1668412920879 213.5 17359
1668412996792 215.5 17576
1668413073204 193.5 17793
1668413149341 205.5 18010
1668413225651 199.75 18227
1668413301479 214.75 18444
1668413377682 205.0 18661
1668413454002 206.0 18878
1668413529834 198.5 19095
1668413605584 209.25 19312
1668413681834 208.5 19529
1668413757964 202.75 19746
1668413833954 202.25 19963
1668413910002 214.25 20180
1668413986436 197.0 20397
1668414062921 205.5 20614
1668414139037 213.75 20831
1668414214924 206.75 21048
1668414291166 200.0 21265
1668414367471 206.0 21482
1668414443651 206.75 21699
1668414519618 205.5 21916
1668414595288 199.5 22133
1668414671508 197.25 22350
1668414747225 196.25 22567
1668414823135 198.0 22784
1668414899150 206.75 23001
1668414975242 198.0 23218
1668415051393 208.0 23435
1668415127388 213.5 23652
1668415203717 207.5 23869
1668415279746 194.5 24086
1668415356186 206.0 24303
1668415432660 212.0 24520
1668415508756 197.0 24737
1668415585344 207.25 24954
1668415661060 215.25 25171
1668415737030 209.25 25388
1668415813204 205.75 25605
1668415889458 207.25 25822
1668415965405 205.0 26039
1668416041462 207.25 26256
1668416117861 198.25 26473
1668416193761 199.25 26690
1668416270023 203.0 26907
1668416346415 191.5 27124
1668416422616 192.75 27341
1668416498857 193.0 27558
1668416575014 197.25 27775
1668416651109 200.75 27992
1668416726787 200.25 28209
1668416802602 192.0 28426
1668416878721 200.75 28643
1668416954887 199.5 28860
1668417030881 211.25 29077
1668417107122 212.0 29294
1668417182898 196.75 29511
1668417258976 189.5 29728
1668417335058 192.0 29945
1668417410726 201.5 30162
1668417487015 212.0 30379
1668417563011 203.25 30596
1668417639011 196.0 30813
1668417714635 205.75 31030
1668417790659 204.75 31247
1668417866900 201.0 31464
1668417942980 196.0 31681
1668418019947 200.0 31898
1668418095672 212.25 32115
1668418171948 204.0 32332
1668418247955 191.5 32549
1668418324046 199.75 32766
1668418400386 193.0 32983
1668418476494 194.0 33200
1668418552702 190.0 33417
1668418628368 200.0 33634
1668418704438 201.0 33851
1668418780823 197.0 34068
1668418857012 199.5 34285
1668418933392 215.25 34502
1668419009362 192.25 34719
1668419085385 204.25 34936
1668419161357 205.0 35153
1668419237196 190.5 35370
1668419313295 199.75 35587
1668419389302 205.0 35804
1668419465606 201.5 36021
1668419541967 203.75 36238
1668419617687 196.0 36455
1668419693622 186.75 36672
1668419769939 204.25 36889
1668419846536 204.25 37106
1668419922800 201.75 37323
1668419998722 194.25 37540
1668420074958 201.0 37757
1668420150685 202.75 37974
1668420226950 198.75 38191
1668420302991 201.75 38408
1668420379002 203.0 38625
1668420454752 193.0 38842
1668420531120 195.0 39059
1668420606729 194.75 39276
1668420682638 194.5 39493
1668420758751 200.25 39710
1668420835056 188.75 39927
1668420911598 194.25 40144
1668420987753 192.0 40361
1668421063696 188.75 40578
1668421140017 196.75 40795
1668421215916 189.5 41012
1668421291858 194.5 41229
1668421368107 195.75 41446
1668421444147 198.75 41663
1668421520253 181.5 41880
1668421596634 193.5 42097
1668421672689 187.75 42314
1668421748696 195.75 42531
1668421825171 193.5 42748
1668421901455 196.25 42965
1668421977433 190.0 43182
1668422054044 196.0 43399
1668422130024 207.5 43616
1668422205948 205.25 43833
1668422281932 205.0 44050
1668422357592 196.0 44267
1668422433689 197.75 44484
1668422509694 198.5 44701
1668422585995 198.0 44918
1668422662363 205.0 45135
1668422738386 207.0 45352
1668422814814 194.5 45569
1668422890817 196.75 45786
1668422966847 199.0 46003
1668423043089 204.0 46220
1668423119289 199.0 46437
1668423195433 191.0 46654
1668423271856 200.0 46871
1668423347735 203.75 47088
1668423423734 206.0 47305
1668423499665 201.5 47522
1668423575697 197.75 47739
1668423651728 196.75 47956
1668423727463 197.5 48173
1668423803494 205.5 48390
1668423879424 198.25 48607
1668423955082 193.25 48824
1668424031017 203.0 49041
1668424107024 207.0 49258
1668424183109 200.0 49475
1668424258987 200.75 49692
1668424334912 196.75 49909
1668424410641 198.5 50126
1668424486641 204.5 50343
1668424562603 197.75 50560
1668424638564 187.0 50777
1668424714968 188.5 50994
1668424791080 199.5 51211
1668424866962 195.75 51428
1668424943123 191.25 51645
1668425019310 199.0 51862
1668425095615 193.5 52079
1668425171516 191.25 52296
1668425247573 191.5 52513
1668425323658 188.5 52730
1668425399553 191.5 52947
1668425475732 192.5 53164
1668425551487 201.0 53381
1668425627623 200.0 53598
1668425703811 198.5 53815
1668425779880 204.25 54032
1668425855866 198.25 54249
1668425932287 201.5 54466
1668426008572 207.0 54683
1668426084484 203.0 54900
1668426160673 208.0 55117
1668426236573 199.75 55334
1668426312470 200.0 55551
1668426388378 201.25 55768
1668426463976 199.75 55985
1668426539776 205.75 56202
1668426615726 203.0 56419
1668426691756 191.25 56636
1668426767667 201.5 56853
1668426843891 193.25 57070
1668426920055 204.5 57287
1668426996279 198.75 57504
1668427072412 200.25 57721
1668427148435 203.5 57938
1668427224346 193.75 58155
1668427300428 203.5 58372
1668427376403 203.5 58589
1668427452394 202.75 58806
1668427528543 209.25 59023
1668427604449 208.5 59240
1668427680408 201.25 59457
1668427756462 201.5 59674
1668427832600 200.0 59891
1668427908851 200.0 60108
1668427984886 192.75 60325
1668428060971 208.25 60542
1668428136853 205.0 60759
1668428213133 189.5 60976
1668428289229 202.25 61193
1668428364971 194.75 61410
1668428440986 199.5 61627
1668428516754 196.5 61844
1668428592918 199.5 62061
1668428668868 205.25 62278
1668428744561 205.0 62495
1668428820681 204.75 62712
1668428896897 206.5 62929
1668428972841 198.75 63146
1668429048785 203.25 63363
1668429124978 203.75 63580
1668429201215 200.75 63797
1668429277339 204.0 64014
1668429352992 202.25 64231
1668429429200 197.25 64448
1668429505274 202.75 64665
1668429581281 201.5 64882
1668429657260 200.5 65099
