1668406925384 0.44036513566970825 216
1668407001197 0.4366319477558136 433
1668407077327 0.4436686933040619 650
1668407154223 0.42867231369018555 867
1668407229638 0.4292314052581787 1084
1668407305525 0.42335617542266846 1301
1668407381660 0.43888843059539795 1518
1668407457720 0.4372366666793823 1735
1668407533698 0.43614572286605835 1952
1668407609616 0.4400007128715515 2169
1668407685626 0.44235876202583313 2386
1668407761590 0.4492277204990387 2603
1668407837010 0.4514395594596863 2820
1668407913242 0.42802464962005615 3037
1668407988844 0.4499994218349457 3254
1668408064724 0.4388299286365509 3471
1668408140307 0.4406042695045471 3688
1668408216449 0.44914981722831726 3905
1668408292320 0.4420057237148285 4122
1668408368246 0.44423165917396545 4339
1668408444185 0.4426637291908264 4556
1668408520202 0.44100746512413025 4773
1668408596171 0.4466089606285095 4990
1668408672239 0.4369610548019409 5207
1668408748248 0.4464891254901886 5424
1668408823778 0.4424479305744171 5641
1668408899838 0.44127699732780457 5858
1668408975461 0.4323761463165283 6075
1668409051183 0.44433993101119995 6292
1668409127008 0.4404297471046448 6509
1668409202832 0.4488998055458069 6726
1668409278894 0.463228315114975 6943
1668409354637 0.44099825620651245 7160
1668409430481 0.4492594301700592 7377
1668409506310 0.43601325154304504 7594
1668409582483 0.4507352113723755 7811
1668409658164 0.44164520502090454 8028
1668409733930 0.45628872513771057 8245
1668409809749 0.44224458932876587 8462
1668409885438 0.4434850513935089 8679
1668409961558 0.4531823992729187 8896
1668410037870 0.43984079360961914 9113
1668410113958 0.4589162766933441 9330
1668410189700 0.4534887373447418 9547
1668410265949 0.43859460949897766 9764
1668410341785 0.4447706639766693 9981
1668410417759 0.45120763778686523 10198
1668410493616 0.45495322346687317 10415
1668410569672 0.45401695370674133 10632
1668410645696 0.43801307678222656 10849
1668410721940 0.44781458377838135 11066
1668410798237 0.4463426470756531 11283
1668410873920 0.45101967453956604 11500
1668410950118 0.4457852840423584 11717
1668411025663 0.4559899568557739 11934
1668411101848 0.4550181031227112 12151
1668411178006 0.45762670040130615 12368
1668411253609 0.45970073342323303 12585
1668411329675 0.4546689987182617 12802
1668411405799 0.4636062979698181 13019
1668411481982 0.44767534732818604 13236
1668411558295 0.4491592049598694 13453
1668411634277 0.4476947486400604 13670
1668411710559 0.4419284462928772 13887
1668411786387 0.4499913156032562 14104
1668411862402 0.4375247657299042 14321
1668411938430 0.4545270502567291 14538
1668412014336 0.45865902304649353 14755
1668412090250 0.44419509172439575 14972
1668412166538 0.4416537880897522 15189
1668412242642 0.45857155323028564 15406
1668412318888 0.4408273696899414 15623
1668412394907 0.4455163776874542 15840
1668412470786 0.4637729227542877 16057
1668412546727 0.45123133063316345 16274
1668412622812 0.45310133695602417 16491
1668412698962 0.4528006613254547 16708
1668412774993 0.4632982313632965 16925
1668412851393 0.4512312412261963 17142
1668412927246 0.4384998083114624 17359
1668413003317 0.45686227083206177 17576
1668413079492 0.45144370198249817 17793
1668413155881 0.4570567011833191 18010
1668413231928 0.45070549845695496 18227
1668413307897 0.45250964164733887 18444
1668413384035 0.4450746476650238 18661
1668413460293 0.4427174925804138 18878
1668413536147 0.4368318021297455 19095
1668413611927 0.4626142680644989 19312
1668413688173 0.4654569923877716 19529
1668413764219 0.4548438489437103 19746
1668413840194 0.46048107743263245 19963
1668413916292 0.4536394476890564 20180
1668413992817 0.46555596590042114 20397
1668414069369 0.46189409494400024 20614
1668414145358 0.4556815028190613 20831
1668414221276 0.4487517178058624 21048
1668414297474 0.4598768949508667 21265
1668414373849 0.4436432719230652 21482
1668414449940 0.4568178951740265 21699
1668414526007 0.45917636156082153 21916
1668414601556 0.46494555473327637 22133
1668414677499 0.4508114755153656 22350
1668414753584 0.46515077352523804 22567
1668414829464 0.44130393862724304 22784
1668414905394 0.45250463485717773 23001
1668414981647 0.45976242423057556 23218
1668415057681 0.4555244445800781 23435
1668415133842 0.4543105661869049 23652
1668415209959 0.4587899148464203 23869
1668415286168 0.4610308110713959 24086
1668415362605 0.45254284143447876 24303
1668415438896 0.4566284120082855 24520
1668415515217 0.4633769094944 24737
1668415591842 0.4527023136615753 24954
1668415667428 0.4375436007976532 25171
1668415743379 0.45804721117019653 25388
1668415819496 0.463522732257843 25605
1668415895755 0.4604177474975586 25822
1668415971682 0.45710107684135437 26039
1668416047684 0.4534158408641815 26256
1668416124155 0.45130184292793274 26473
1668416199966 0.45886775851249695 26690
1668416276278 0.47066009044647217 26907
1668416352806 0.4487808346748352 27124
1668416428973 0.4497489333152771 27341
1668416505174 0.4628105163574219 27558
1668416581290 0.44716790318489075 27775
1668416657397 0.4479525089263916 27992
1668416733148 0.45298007130622864 28209
1668416808967 0.4587222635746002 28426
1668416885108 0.4703695476055145 28643
1668416961146 0.45660772919654846 28860
1668417037439 0.44969049096107483 29077
1668417113372 0.45559993386268616 29294
1668417189170 0.4483672082424164 29511
1668417265387 0.4515440762042999 29728
1668417341280 0.46726194024086 29945
1668417417083 0.45609766244888306 30162
1668417493328 0.44827961921691895 30379
1668417569354 0.4557628929615021 30596
1668417645320 0.45913857221603394 30813
1668417721226 0.463672935962677 31030
1668417797147 0.46608203649520874 31247
1668417873303 0.4624429941177368 31464
1668417949478 0.4618959426879883 31681
1668418026251 0.45457836985588074 31898
1668418101998 0.4557897746562958 32115
1668418178458 0.4593749940395355 32332
1668418254294 0.4621431529521942 32549
1668418330469 0.46106499433517456 32766
1668418406788 0.4537472724914551 32983
1668418482787 0.4662018120288849 33200
1668418558908 0.46137741208076477 33417
1668418634484 0.4522314965724945 33634
1668418710885 0.457841157913208 33851
1668418787130 0.45373764634132385 34068
1668418863413 0.4633132219314575 34285
1668418939751 0.4618305265903473 34502
1668419015703 0.46348536014556885 34719
1668419091704 0.46373987197875977 34936
1668419167575 0.4613514542579651 35153
1668419243498 0.45915690064430237 35370
1668419319699 0.45692408084869385 35587
1668419395658 0.44939544796943665 35804
1668419472028 0.4487535059452057 36021
1668419548368 0.4604514539241791 36238
1668419623970 0.451060950756073 36455
1668419700062 0.4606860876083374 36672
1668419776419 0.4614512324333191 36889
1668419853125 0.46480175852775574 37106
1668419929144 0.4616939127445221 37323
1668420005375 0.45823854207992554 37540
1668420081152 0.4589879810810089 37757
1668420157027 0.46712031960487366 37974
1668420233308 0.46838194131851196 38191
1668420309367 0.4748229682445526 38408
1668420385287 0.4583331048488617 38625
1668420461225 0.46745947003364563 38842
1668420537487 0.4629896581172943 39059
1668420613012 0.4538796544075012 39276
1668420689224 0.4633951783180237 39493
1668420765325 0.46654459834098816 39710
1668420841736 0.47445744276046753 39927
1668420918177 0.4628332555294037 40144
1668420994165 0.45672816038131714 40361
1668421070285 0.4658750295639038 40578
1668421146348 0.46269500255584717 40795
1668421222094 0.471527636051178 41012
1668421298286 0.47510281205177307 41229
1668421374506 0.46331295371055603 41446
1668421450522 0.4684534966945648 41663
1668421526953 0.4700040817260742 41880
1668421602929 0.46908438205718994 42097
1668421679030 0.4602229595184326 42314
1668421755165 0.45975807309150696 42531
1668421831463 0.465705543756485 42748
1668421907991 0.4688628613948822 42965
1668421983868 0.45545995235443115 43182
1668422060460 0.47023627161979675 43399
1668422136286 0.46610257029533386 43616
1668422212189 0.460033118724823 43833
1668422288301 0.4750361144542694 44050
1668422363946 0.4783332645893097 44267
1668422439953 0.4588794410228729 44484
1668422515957 0.4640839397907257 44701
1668422592397 0.46450409293174744 44918
1668422668637 0.47106489539146423 45135
1668422744888 0.46828463673591614 45352
1668422821215 0.46589595079421997 45569
1668422897093 0.47071021795272827 45786
1668422973098 0.4622822403907776 46003
1668423049423 0.4656441807746887 46220
1668423125549 0.4663614332675934 46437
1668423201774 0.4574068486690521 46654
1668423278182 0.4576665461063385 46871
1668423354046 0.4661644995212555 47088
1668423429997 0.46406397223472595 47305
1668423506131 0.46498462557792664 47522
1668423582039 0.4572535753250122 47739
1668423658059 0.46346163749694824 47956
1668423733721 0.45160219073295593 48173
1668423809758 0.45879071950912476 48390
1668423885683 0.4743967056274414 48607
1668423961423 0.47275206446647644 48824
1668424037331 0.46439725160598755 49041
1668424113471 0.45578712224960327 49258
1668424189390 0.4671989381313324 49475
1668424265529 0.46293649077415466 49692
1668424341246 0.4628599286079407 49909
1668424417090 0.4678076207637787 50126
1668424493023 0.4609847962856293 50343
1668424568885 0.4689077138900757 50560
1668424644994 0.4580463767051697 50777
1668424721203 0.4686436951160431 50994
1668424797420 0.46040740609169006 51211
1668424873284 0.4666410982608795 51428
1668424949457 0.4679946005344391 51645
1668425025607 0.46990299224853516 51862
1668425101887 0.4705050587654114 52079
1668425177835 0.45946916937828064 52296
1668425254022 0.4713890254497528 52513
1668425330009 0.47039395570755005 52730
1668425405963 0.4671632647514343 52947
1668425482069 0.46749481558799744 53164
1668425557827 0.4735209345817566 53381
1668425633930 0.4758611023426056 53598
1668425710237 0.46033814549446106 53815
1668425786140 0.4701388478279114 54032
1668425862249 0.4651005268096924 54249
1668425938636 0.466583788394928 54466
1668426014926 0.4507918357849121 54683
1668426090887 0.45834240317344666 54900
1668426167052 0.46641644835472107 55117
1668426243102 0.46401557326316833 55334
1668426318826 0.46605873107910156 55551
1668426394671 0.4657115638256073 55768
1668426469990 0.4641243517398834 55985
1668426546083 0.4676212668418884 56202
1668426622115 0.46102413535118103 56419
1668426698032 0.46198776364326477 56636
1668426773957 0.4581453502178192 56853
1668426850251 0.4754771888256073 57070
1668426926273 0.46924322843551636 57287
1668427002590 0.47672367095947266 57504
1668427078810 0.47630971670150757 57721
1668427154753 0.4724714756011963 57938
1668427230676 0.46553054451942444 58155
1668427306770 0.4575406610965729 58372
1668427382838 0.4598731994628906 58589
1668427458677 0.46929478645324707 58806
1668427534890 0.4650669991970062 59023
1668427610726 0.46519994735717773 59240
1668427686734 0.4664454162120819 59457
1668427762932 0.4661007821559906 59674
1668427838889 0.47647663950920105 59891
1668427915255 0.47163325548171997 60108
1668427991352 0.4652206599712372 60325
1668428067266 0.48352929949760437 60542
1668428143317 0.47238215804100037 60759
1668428219502 0.47090908885002136 60976
1668428295453 0.4678784906864166 61193
1668428371302 0.47369658946990967 61410
1668428447329 0.4689207971096039 61627
1668428523119 0.4687415361404419 61844
1668428599161 0.470365047454834 62061
1668428675135 0.4683757424354553 62278
1668428750942 0.4650757908821106 62495
1668428827026 0.47451719641685486 62712
1668428903134 0.46918511390686035 62929
1668428979092 0.45873403549194336 63146
1668429055176 0.4896470904350281 63363
1668429131320 0.4620843231678009 63580
1668429207545 0.46802884340286255 63797
1668429283751 0.46096912026405334 64014
1668429359321 0.45314493775367737 64231
1668429435563 0.47234734892845154 64448
1668429511505 0.47099319100379944 64665
1668429587641 0.46933603286743164 64882
1668429663032 0.47237837314605713 65099
