1668406865345 0.25 49
1668406878865 0.625 99
1668406892459 0.75 149
1668406906056 0.625 199
1668406936509 0.875 249
1668406950008 0.875 299
1668406963645 0.625 349
1668406977276 0.625 399
1668407007393 0.5 449
1668407021167 0.375 499
1668407034979 0.625 549
1668407048849 0.5 599
1668407062668 0.5 649
1668407092732 0.5 699
1668407106363 0.75 749
1668407120026 0.625 799
1668407133671 0.5 849
1668407164925 0.75 899
1668407178499 0.875 949
1668407192160 0.5 999
1668407205815 0.875 1049
1668407235548 0.875 1099
1668407249382 0.625 1149
1668407263075 0.5 1199
1668407276717 0.75 1249
1668407290378 0.75 1299
1668407320654 0.5 1349
1668407334268 0.875 1399
1668407347950 0.625 1449
1668407361626 0.75 1499
1668407392129 0.625 1549
1668407405783 0.5 1599
1668407419488 0.75 1649
1668407433164 0.75 1699
1668407463338 0.75 1749
1668407477243 0.875 1799
1668407490909 0.25 1849
1668407504586 0.75 1899
1668407518258 0.5 1949
1668407548542 0.5 1999
1668407562154 0.875 2049
1668407575828 0.75 2099
1668407589492 0.625 2149
1668407619762 0.625 2199
1668407633436 0.75 2249
1668407647129 0.625 2299
1668407660827 0.625 2349
1668407690994 0.875 2399
1668407704895 0.5 2449
1668407718599 0.625 2499
1668407732255 0.875 2549
1668407745934 0.5 2599
1668407776093 0.625 2649
1668407789721 0.5 2699
1668407803410 0.875 2749
1668407817076 0.625 2799
1668407846908 0.875 2849
1668407860715 0.75 2899
1668407874413 0.75 2949
1668407888082 0.625 2999
1668407918376 0.5 3049
1668407932214 1.0 3099
1668407945908 0.75 3149
1668407959589 0.625 3199
1668407973257 0.75 3249
1668408003132 0.625 3299
1668408016771 0.875 3349
1668408030464 0.75 3399
1668408044137 0.875 3449
1668408074474 1.0 3499
1668408088126 0.75 3549
1668408101805 0.75 3599
1668408115493 0.875 3649
1668408145151 0.75 3699
1668408159010 0.625 3749
1668408172698 0.75 3799
1668408186391 0.75 3849
1668408200070 0.875 3899
1668408230542 0.625 3949
1668408244161 0.875 3999
1668408257840 0.5 4049
1668408271512 0.75 4099
1668408301672 1.0 4149
1668408315289 0.5 4199
1668408328978 0.5 4249
1668408342657 0.625 4299
1668408372869 0.5 4349
1668408386783 0.875 4399
1668408400457 0.875 4449
1668408414145 0.875 4499
1668408427822 0.75 4549
1668408458017 0.625 4599
1668408471636 0.75 4649
1668408485339 1.0 4699
1668408499014 0.625 4749
1668408529260 0.75 4799
1668408543003 0.625 4849
1668408556691 0.875 4899
1668408570386 0.375 4949
1668408600521 0.875 4999
1668408614374 0.5 5049
1668408628044 0.875 5099
1668408641757 0.75 5149
1668408655435 0.375 5199
1668408685733 0.5 5249
1668408699330 0.625 5299
1668408713016 0.875 5349
1668408726710 0.625 5399
1668408756937 0.375 5449
1668408770542 0.75 5499
1668408784234 0.5 5549
1668408797913 0.625 5599
1668408827700 0.5 5649
1668408841706 0.75 5699
1668408855384 1.0 5749
1668408869091 0.625 5799
1668408882792 1.0 5849
1668408913035 0.75 5899
1668408926636 0.75 5949
1668408940315 0.625 5999
1668408953986 0.75 6049
1668408983885 0.75 6099
1668408997553 0.75 6149
1668409011224 0.625 6199
1668409024912 0.75 6249
1668409054886 0.75 6299
1668409068767 0.5 6349
1668409082435 0.75 6399
1668409096117 0.75 6449
1668409109778 0.75 6499
1668409139985 1.0 6549
1668409153602 0.75 6599
1668409167311 0.375 6649
1668409180995 0.625 6699
1668409210957 0.5 6749
1668409224760 0.875 6799
1668409238486 0.375 6849
1668409252205 0.5 6899
1668409282319 0.75 6949
1668409296329 0.625 6999
1668409309998 0.625 7049
1668409323693 1.0 7099
1668409337390 0.625 7149
1668409367380 0.5 7199
1668409381006 0.875 7249
1668409394706 0.5 7299
1668409408402 0.5 7349
1668409438402 0.875 7399
1668409452223 0.75 7449
1668409465909 0.75 7499
1668409479598 1.0 7549
1668409509470 0.75 7599
1668409523370 0.875 7649
1668409537055 0.625 7699
1668409550746 0.875 7749
1668409564427 0.75 7799
1668409594874 0.5 7849
1668409608471 0.75 7899
1668409622169 0.625 7949
1668409635869 0.5 7999
1668409665834 1.0 8049
1668409679578 0.875 8099
1668409693293 0.625 8149
1668409706997 0.625 8199
1668409736804 1.0 8249
1668409750741 0.875 8299
1668409764403 0.875 8349
1668409778123 0.75 8399
1668409791822 0.875 8449
1668409822007 0.375 8499
1668409835604 1.0 8549
1668409849306 1.0 8599
1668409863025 0.75 8649
1668409892778 0.625 8699
1668409906661 0.75 8749
1668409920348 1.0 8799
1668409934046 0.375 8849
1668409964121 0.875 8899
1668409978085 0.625 8949
1668409991764 0.75 8999
1668410005480 0.875 9049
1668410019175 0.625 9099
1668410049733 0.625 9149
1668410063306 0.75 9199
1668410077014 0.875 9249
1668410090721 0.5 9299
1668410121013 1.0 9349
1668410134836 0.5 9399
1668410148525 0.75 9449
1668410162212 0.625 9499
1668410192096 0.75 9549
1668410206004 0.75 9599
1668410219646 0.375 9649
1668410233352 0.625 9699
1668410247041 0.625 9749
1668410277476 0.75 9799
1668410291080 1.0 9849
1668410304772 0.75 9899
1668410318459 0.625 9949
1668410348654 0.625 9999
1668410362363 0.625 10049
1668410376046 0.75 10099
1668410389751 0.75 10149
1668410419856 0.875 10199
1668410433677 0.75 10249
1668410447343 0.5 10299
1668410461033 0.875 10349
1668410474731 0.5 10399
1668410504994 0.875 10449
1668410518582 0.75 10499
1668410532293 0.75 10549
1668410545978 0.75 10599
1668410576159 0.75 10649
1668410590000 0.875 10699
1668410603699 0.625 10749
1668410617392 0.875 10799
1668410630914 0.5 10849
1668410661403 0.75 10899
1668410675063 0.75 10949
1668410688791 0.75 10999
1668410702496 0.75 11049
1668410733017 0.875 11099
1668410746590 0.625 11149
1668410761014 0.375 11199
1668410774715 0.625 11249
1668410804416 0.625 11299
1668410818314 1.0 11349
1668410832032 1.0 11399
1668410845738 0.875 11449
1668410859437 0.875 11499
1668410889360 0.5 11549
1668410903011 0.875 11599
1668410916704 0.375 11649
1668410930384 0.75 11699
1668410961002 0.625 11749
1668410974571 0.375 11799
1668410988281 0.75 11849
1668411001997 0.875 11899
1668411031558 0.75 11949
1668411045448 0.5 11999
1668411059139 0.5 12049
1668411072852 0.625 12099
1668411086563 0.375 12149
1668411116961 0.625 12199
1668411130605 0.625 12249
1668411144309 0.75 12299
1668411158003 1.0 12349
1668411188520 0.5 12399
1668411202081 1.0 12449
1668411215784 0.875 12499
1668411229492 0.75 12549
1668411259242 0.625 12599
1668411273028 0.375 12649
1668411286741 0.5 12699
1668411300464 0.625 12749
1668411314194 0.5 12799
1668411344571 0.625 12849
1668411358197 1.0 12899
1668411371904 0.625 12949
1668411385603 0.625 12999
1668411416140 0.875 13049
1668411429742 0.625 13099
1668411443452 0.5 13149
1668411457158 0.625 13199
1668411487344 0.625 13249
1668411501236 1.0 13299
1668411514933 0.75 13349
1668411528647 0.625 13399
1668411542342 0.75 13449
1668411572811 0.5 13499
1668411586449 0.75 13549
1668411600153 0.75 13599
1668411613857 0.75 13649
1668411644458 0.75 13699
1668411658040 0.625 13749
1668411671757 0.75 13799
1668411685452 1.0 13849
1668411715639 1.0 13899
1668411729490 0.875 13949
1668411743183 0.875 13999
1668411756874 0.375 14049
1668411770565 0.75 14099
1668411800663 0.875 14149
1668411814293 0.875 14199
1668411827979 0.625 14249
1668411841691 0.875 14299
1668411872204 0.5 14349
1668411885798 0.625 14399
1668411899508 1.0 14449
1668411913204 0.75 14499
1668411943246 0.75 14549
1668411957071 0.875 14599
1668411970757 0.625 14649
1668411984454 0.75 14699
1668411998135 0.75 14749
1668412028556 0.625 14799
1668412042193 0.75 14849
1668412055892 0.5 14899
1668412069581 0.625 14949
1668412099609 0.875 14999
1668412113234 0.75 15049
1668412126934 0.75 15099
1668412140643 0.75 15149
1668412171085 0.5 15199
1668412184973 1.0 15249
1668412198666 0.75 15299
1668412212394 0.625 15349
1668412226128 1.0 15399
1668412256440 0.75 15449
1668412270102 1.0 15499
1668412283826 0.75 15549
1668412297555 0.5 15599
1668412328032 0.75 15649
1668412341619 0.75 15699
1668412355330 0.875 15749
1668412369030 0.625 15799
1668412399154 0.5 15849
1668412412929 0.625 15899
1668412426610 0.75 15949
1668412440312 0.75 15999
1668412453997 0.375 16049
1668412484471 0.875 16099
1668412498089 0.875 16149
1668412511787 0.5 16199
1668412525480 0.625 16249
1668412555625 0.625 16299
1668412569206 0.875 16349
1668412582905 0.75 16399
1668412596604 0.875 16449
1668412626768 0.875 16499
1668412640687 0.875 16549
1668412654349 0.75 16599
1668412668052 1.0 16649
1668412681748 0.875 16699
1668412712223 0.625 16749
1668412725831 0.625 16799
1668412739529 0.5 16849
1668412753253 0.625 16899
1668412783479 0.5 16949
1668412797182 0.875 16999
1668412810900 0.625 17049
1668412824613 0.75 17099
1668412855059 0.75 17149
1668412869017 0.625 17199
1668412882685 0.75 17249
1668412896401 0.875 17299
1668412910100 0.75 17349
1668412940269 0.875 17399
1668412953895 0.75 17449
1668412967612 0.75 17499
1668412981328 0.875 17549
1668413011546 0.875 17599
1668413025278 0.625 17649
1668413038969 0.75 17699
1668413052685 0.625 17749
1668413082912 0.5 17799
1668413096840 1.0 17849
1668413110506 0.625 17899
1668413124208 0.75 17949
1668413137910 0.75 17999
1668413168635 0.375 18049
1668413182231 0.75 18099
1668413195939 0.625 18149
1668413209645 0.625 18199
1668413239946 0.625 18249
1668413253648 1.0 18299
1668413267346 0.875 18349
1668413281040 0.5 18399
1668413311052 0.625 18449
1668413324976 0.875 18499
1668413338655 0.875 18549
1668413352355 0.75 18599
1668413366060 0.625 18649
1668413396539 0.75 18699
1668413410151 0.75 18749
1668413423878 0.75 18799
1668413437587 0.5 18849
1668413467912 0.875 18899
1668413481690 0.625 18949
1668413495382 0.625 18999
1668413509088 0.625 19049
1668413539015 0.75 19099
1668413552927 0.5 19149
1668413566597 0.75 19199
1668413580308 0.5 19249
1668413594009 0.75 19299
1668413624075 0.625 19349
1668413637674 0.25 19399
1668413651408 1.0 19449
1668413665115 0.875 19499
1668413695523 0.5 19549
1668413709318 0.75 19599
1668413723018 0.625 19649
1668413736727 0.875 19699
1668413766826 0.5 19749
1668413780802 0.625 19799
1668413794449 0.5 19849
1668413808179 0.5 19899
1668413821887 0.875 19949
1668413852112 0.875 19999
1668413865704 0.875 20049
1668413879397 0.625 20099
1668413893084 0.375 20149
1668413923384 0.625 20199
1668413937252 0.625 20249
1668413950956 0.625 20299
1668413964686 1.0 20349
1668413995181 0.5 20399
1668414009051 1.0 20449
1668414022687 0.5 20499
1668414036398 0.75 20549
1668414050115 0.75 20599
1668414081004 0.625 20649
1668414094588 1.0 20699
1668414108293 0.75 20749
1668414121990 0.75 20799
1668414152162 0.75 20849
1668414165982 0.5 20899
1668414179678 0.875 20949
1668414193378 0.625 20999
1668414223371 0.625 21049
1668414237278 0.75 21099
1668414250923 0.625 21149
1668414264646 0.625 21199
1668414278358 0.75 21249
1668414308843 0.625 21299
1668414322413 0.625 21349
1668414336109 1.0 21399
1668414349816 0.625 21449
1668414380357 0.875 21499
1668414394149 0.5 21549
1668414407847 0.625 21599
1668414421551 0.625 21649
1668414435087 1.0 21699
1668414465557 0.875 21749
1668414479203 0.75 21799
1668414492928 0.75 21849
1668414506628 0.875 21899
1668414537044 0.5 21949
1668414550613 0.75 21999
1668414564319 0.625 22049
1668414578007 0.625 22099
1668414607790 0.625 22149
1668414621678 0.75 22199
1668414635389 1.0 22249
1668414649103 0.75 22299
1668414663180 0.75 22349
1668414692923 1.0 22399
1668414706553 0.75 22449
1668414720251 0.75 22499
1668414733923 0.75 22549
1668414764370 0.625 22599
1668414777942 0.625 22649
1668414791636 0.625 22699
1668414805321 0.75 22749
1668414835354 0.5 22799
1668414849196 0.625 22849
1668414862894 0.75 22899
1668414876600 0.375 22949
1668414890306 0.625 22999
1668414920617 0.75 23049
1668414934242 0.375 23099
1668414947944 0.625 23149
1668414961646 0.875 23199
1668414992163 0.625 23249
1668415005732 0.625 23299
1668415019427 0.5 23349
1668415033120 0.25 23399
1668415063299 0.625 23449
1668415077102 0.5 23499
1668415090786 0.625 23549
1668415104494 0.625 23599
1668415118200 0.875 23649
1668415148736 1.0 23699
1668415162362 0.75 23749
1668415176044 0.625 23799
1668415189720 0.875 23849
1668415220178 0.625 23899
1668415233755 0.875 23949
1668415247441 0.75 23999
1668415261150 0.75 24049
1668415291691 0.5 24099
1668415305600 0.5 24149
1668415319291 0.625 24199
1668415333008 0.375 24249
1668415346717 0.625 24299
1668415377219 0.75 24349
1668415390843 0.75 24399
1668415404546 0.5 24449
1668415418246 0.75 24499
1668415448874 0.625 24549
1668415462485 0.875 24599
1668415476170 0.625 24649
1668415489872 0.875 24699
1668415520297 0.75 24749
1668415534180 0.5 24799
1668415547869 1.0 24849
1668415561584 0.75 24899
1668415575285 0.75 24949
1668415606081 0.375 24999
1668415619704 0.875 25049
1668415633393 0.875 25099
1668415647082 0.625 25149
1668415677096 0.5 25199
1668415690731 0.875 25249
1668415704421 0.875 25299
1668415718114 0.75 25349
1668415748184 0.5 25399
1668415762027 1.0 25449
1668415775709 0.625 25499
1668415789398 0.875 25549
1668415803101 0.5 25599
1668415833593 0.625 25649
1668415847224 1.0 25699
1668415860929 0.875 25749
1668415874618 0.5 25799
1668415905119 0.75 25849
1668415918733 0.625 25899
1668415932433 0.25 25949
1668415946125 1.0 25999
1668415976213 0.625 26049
1668415990132 0.625 26099
1668416003817 0.625 26149
1668416017518 0.375 26199
1668416031211 0.625 26249
1668416061520 0.75 26299
1668416075134 0.75 26349
1668416088846 0.75 26399
1668416102548 0.5 26449
1668416133295 0.75 26499
1668416146925 0.875 26549
1668416160609 0.875 26599
1668416174299 0.625 26649
1668416204196 0.5 26699
1668416218139 0.875 26749
1668416231811 0.875 26799
1668416245507 0.75 26849
1668416259197 1.0 26899
1668416289831 0.625 26949
1668416303448 0.25 26999
1668416317141 0.75 27049
1668416330841 0.625 27099
1668416361823 0.75 27149
1668416375560 1.0 27199
1668416389265 0.75 27249
1668416403019 1.0 27299
1668416432932 0.875 27349
1668416447021 0.875 27399
1668416460686 0.875 27449
1668416474394 0.625 27499
1668416488092 1.0 27549
1668416518480 0.25 27599
1668416532168 0.625 27649
1668416545859 0.875 27699
1668416559554 0.75 27749
1668416589859 0.875 27799
1668416603535 0.875 27849
1668416617222 0.75 27899
1668416630931 0.5 27949
1668416661152 0.875 27999
1668416675039 0.625 28049
1668416688707 0.625 28099
1668416702395 0.75 28149
1668416716085 0.75 28199
1668416746231 1.0 28249
1668416759824 1.0 28299
1668416773517 0.75 28349
1668416787225 0.875 28399
1668416817185 0.375 28449
1668416830883 0.75 28499
1668416844577 0.375 28549
1668416858290 0.75 28599
1668416888561 0.875 28649
1668416902415 0.625 28699
1668416916089 0.875 28749
1668416929803 0.25 28799
1668416943526 0.5 28849
1668416973830 0.625 28899
1668416987442 0.625 28949
1668417001118 0.75 28999
1668417014806 0.75 29049
1668417045471 0.625 29099
1668417059186 0.625 29149
1668417072885 0.875 29199
1668417086579 0.375 29249
1668417116553 0.75 29299
1668417130466 0.625 29349
1668417144099 0.875 29399
1668417157777 0.875 29449
1668417171469 0.875 29499
1668417201626 1.0 29549
1668417215237 0.5 29599
1668417228942 0.75 29649
1668417242646 0.5 29699
1668417272962 0.625 29749
1668417286794 0.75 29799
1668417300499 0.5 29849
1668417314203 0.875 29899
1668417344192 0.75 29949
1668417358097 0.5 29999
1668417371760 0.75 30049
1668417385457 0.625 30099
1668417399136 0.875 30149
1668417429223 0.75 30199
1668417442811 0.875 30249
1668417456502 0.75 30299
1668417470192 0.75 30349
1668417500749 1.0 30399
1668417514492 0.5 30449
1668417528167 0.375 30499
1668417541849 0.375 30549
1668417571973 0.75 30599
1668417585801 0.75 30649
1668417599448 0.625 30699
1668417613142 0.875 30749
1668417626834 0.75 30799
1668417657162 0.75 30849
1668417670753 1.0 30899
1668417684450 0.75 30949
1668417698146 0.875 30999
1668417728372 0.625 31049
1668417742064 0.75 31099
1668417755763 0.75 31149
1668417769454 0.875 31199
1668417799522 0.875 31249
1668417813429 0.875 31299
1668417827088 0.75 31349
1668417840794 0.625 31399
1668417854496 0.625 31449
1668417884968 0.75 31499
1668417898555 0.75 31549
1668417912239 0.5 31599
1668417925922 0.625 31649
1668417956277 0.875 31699
1668417970081 0.875 31749
1668417983790 0.5 31799
1668417997499 0.625 31849
1668418028330 0.75 31899
1668418042208 0.625 31949
1668418055847 0.875 31999
1668418069541 0.375 32049
1668418083231 0.75 32099
1668418113340 0.75 32149
1668418126939 0.875 32199
1668418140637 0.75 32249
1668418154342 0.75 32299
1668418184946 0.75 32349
1668418198750 0.75 32399
1668418212422 0.75 32449
1668418226104 0.75 32499
1668418239622 0.5 32549
1668418269952 0.75 32599
1668418283606 0.75 32649
1668418297301 0.5 32699
1668418310985 0.5 32749
1668418341728 0.75 32799
1668418355317 0.5 32849
1668418369012 0.75 32899
1668418382713 0.5 32949
1668418412983 0.625 32999
1668418426761 0.625 33049
1668418440453 0.5 33099
1668418454155 0.625 33149
1668418467849 0.75 33199
1668418498201 0.875 33249
1668418511899 0.75 33299
1668418525582 0.625 33349
1668418539262 0.875 33399
1668418569757 1.0 33449
1668418583715 0.875 33499
1668418597393 0.625 33549
1668418611080 0.625 33599
1668418640378 0.625 33649
1668418654308 0.5 33699
1668418668003 0.75 33749
1668418681708 0.5 33799
1668418695409 0.5 33849
1668418726019 0.875 33899
1668418739682 0.625 33949
1668418753395 0.625 33999
1668418767106 1.0 34049
1668418797688 0.75 34099
1668418811272 0.25 34149
1668418824985 0.75 34199
1668418838678 0.75 34249
1668418869035 0.625 34299
1668418882955 0.75 34349
1668418896793 0.625 34399
1668418910488 0.75 34449
1668418924184 1.0 34499
1668418954626 0.75 34549
1668418968260 0.875 34599
1668418981949 0.5 34649
1668418995646 0.5 34699
1668419025996 0.625 34749
1668419039584 0.75 34799
1668419053276 0.75 34849
1668419066974 0.5 34899
1668419097139 0.5 34949
1668419111076 0.75 34999
1668419124761 0.5 35049
1668419138450 0.625 35099
1668419152153 0.75 35149
1668419182154 0.625 35199
1668419195785 0.625 35249
1668419209477 1.0 35299
1668419223169 1.0 35349
1668419253508 0.625 35399
1668419267100 0.75 35449
1668419280804 0.625 35499
1668419294519 0.5 35549
1668419324783 0.75 35599
1668419338631 0.5 35649
1668419352325 0.875 35699
1668419366014 0.5 35749
1668419379703 0.875 35799
1668419410073 0.625 35849
1668419423721 0.875 35899
1668419437434 0.625 35949
1668419451133 0.625 35999
1668419481732 0.75 36049
1668419495487 0.75 36099
1668419509177 0.625 36149
1668419522898 0.625 36199
1668419553175 0.625 36249
1668419567087 0.5 36299
1668419580781 0.75 36349
1668419594487 1.0 36399
1668419608169 0.5 36449
1668419638062 0.75 36499
1668419651717 1.0 36549
1668419665416 0.75 36599
1668419679114 0.625 36649
1668419709474 1.0 36699
1668419723107 0.75 36749
1668419736805 0.625 36799
1668419750513 0.75 36849
1668419781009 0.875 36899
1668419794904 0.375 36949
1668419808587 0.75 36999
1668419822300 0.75 37049
1668419835993 0.625 37099
1668419866916 1.0 37149
1668419880659 0.75 37199
1668419894365 0.375 37249
1668419908092 0.625 37299
1668419938216 0.625 37349
1668419952009 0.625 37399
1668419965699 0.875 37449
1668419979411 0.625 37499
1668420009648 0.75 37549
1668420023610 0.875 37599
1668420037295 0.875 37649
1668420050993 0.875 37699
1668420064684 0.625 37749
1668420094750 0.875 37799
1668420108400 0.875 37849
1668420122118 0.625 37899
1668420135826 0.875 37949
1668420166067 0.625 37999
1668420179895 0.875 38049
1668420193604 0.5 38099
1668420207304 0.75 38149
1668420237350 1.0 38199
1668420251261 0.875 38249
1668420264942 0.875 38299
1668420278653 0.75 38349
1668420292355 0.75 38399
1668420322657 0.875 38449
1668420336283 0.625 38499
1668420349984 0.875 38549
1668420363697 0.75 38599
1668420393722 0.875 38649
1668420407473 0.625 38699
1668420421158 0.375 38749
1668420434846 0.625 38799
1668420464919 0.875 38849
1668420478967 0.5 38899
1668420492655 0.75 38949
1668420506347 0.875 38999
1668420520040 0.875 39049
1668420550475 0.625 39099
1668420564083 0.625 39149
1668420577773 0.75 39199
1668420591460 0.75 39249
1668420621273 0.5 39299
1668420634999 0.5 39349
1668420648708 1.0 39399
1668420662421 0.875 39449
1668420692640 1.0 39499
1668420706524 0.75 39549
1668420720194 0.75 39599
1668420733913 0.75 39649
1668420747620 0.625 39699
1668420777923 0.75 39749
1668420791563 0.75 39799
1668420805273 1.0 39849
1668420818986 0.625 39899
1668420849695 0.75 39949
1668420863381 0.875 39999
1668420877090 0.5 40049
1668420890792 0.75 40099
1668420921303 0.875 40149
1668420935214 0.75 40199
1668420948862 0.625 40249
1668420962561 0.875 40299
1668420976265 0.75 40349
1668421006580 0.625 40399
1668421020173 1.0 40449
1668421033888 0.5 40499
1668421047596 0.875 40549
1668421077926 0.5 40599
1668421091729 0.875 40649
1668421105435 0.75 40699
1668421119138 0.375 40749
1668421149252 0.875 40799
1668421163141 0.75 40849
1668421176810 0.625 40899
1668421190491 0.875 40949
1668421204179 0.625 40999
1668421234331 0.5 41049
1668421248046 0.75 41099
1668421261766 1.0 41149
1668421275506 0.75 41199
1668421305760 0.625 41249
1668421319578 0.75 41299
1668421333337 0.625 41349
1668421346980 0.5 41399
1668421377175 0.625 41449
1668421391070 0.625 41499
1668421404735 0.5 41549
1668421418452 0.625 41599
1668421432130 0.75 41649
1668421462387 0.875 41699
1668421476050 0.625 41749
1668421489739 1.0 41799
1668421503434 0.625 41849
1668421533997 0.625 41899
1668421547816 0.875 41949
1668421561495 0.875 41999
1668421575207 0.5 42049
1668421605240 0.625 42099
1668421619175 0.75 42149
1668421632896 0.5 42199
1668421646601 0.375 42249
1668421660304 0.625 42299
1668421690656 0.75 42349
1668421704334 0.375 42399
1668421718037 0.875 42449
1668421731767 0.875 42499
1668421762048 0.75 42549
1668421775853 0.625 42599
1668421789560 0.625 42649
1668421803289 0.875 42699
1668421833570 0.875 42749
1668421847465 0.75 42799
1668421861145 0.875 42849
1668421874867 0.875 42899
1668421888557 0.375 42949
1668421919372 0.75 42999
1668421933096 0.625 43049
1668421946760 0.75 43099
1668421960487 0.75 43149
1668421990428 0.875 43199
1668422004249 0.625 43249
1668422017952 0.75 43299
1668422031663 0.875 43349
1668422045211 1.0 43399
1668422076156 0.75 43449
1668422089826 0.625 43499
1668422103541 0.75 43549
1668422117246 0.625 43599
1668422147415 1.0 43649
1668422161009 0.625 43699
1668422174719 0.875 43749
1668422188421 0.375 43799
1668422218414 0.875 43849
1668422232234 0.625 43899
1668422245939 0.875 43949
1668422259643 0.625 43999
1668422273338 0.625 44049
1668422303622 0.875 44099
1668422317271 0.875 44149
1668422330974 0.75 44199
1668422344677 0.625 44249
1668422374762 0.75 44299
1668422388373 0.875 44349
1668422402124 0.875 44399
1668422415863 0.75 44449
1668422445842 0.5 44499
1668422459709 0.625 44549
1668422473402 0.625 44599
1668422487098 1.0 44649
1668422500785 0.375 44699
1668422531538 0.875 44749
1668422545204 0.5 44799
1668422558913 0.5 44849
1668422572645 0.75 44899
1668422603192 0.875 44949
1668422616769 0.625 44999
1668422630468 0.375 45049
1668422644177 1.0 45099
1668422674374 0.375 45149
1668422688185 0.75 45199
1668422701897 0.625 45249
1668422715603 0.625 45299
1668422729289 0.75 45349
1668422759762 0.875 45399
1668422773410 0.75 45449
1668422787133 0.75 45499
1668422800835 0.5 45549
1668422831466 0.625 45599
1668422845066 0.625 45649
1668422858773 0.75 45699
1668422872468 0.75 45749
1668422902470 0.5 45799
1668422916393 0.875 45849
1668422930126 0.5 45899
1668422943860 0.625 45949
1668422957566 0.625 45999
1668422987803 0.625 46049
1668423001484 0.75 46099
1668423015222 0.875 46149
1668423028920 0.75 46199
1668423059436 0.75 46249
1668423073022 0.5 46299
1668423086724 0.875 46349
1668423100422 0.875 46399
1668423130629 0.625 46449
1668423144649 0.375 46499
1668423158342 0.75 46549
1668423172042 1.0 46599
1668423185737 0.75 46649
1668423216176 0.875 46699
1668423229816 1.0 46749
1668423243533 0.875 46799
1668423257235 0.75 46849
1668423287844 0.875 46899
1668423301464 0.625 46949
1668423315165 0.75 46999
1668423328856 0.5 47049
1668423358870 0.625 47099
1668423372741 0.875 47149
1668423386445 0.75 47199
1668423400161 0.75 47249
1668423413861 0.875 47299
1668423444065 0.5 47349
1668423457692 0.875 47399
1668423471408 0.625 47449
1668423485112 0.75 47499
1668423515530 0.375 47549
1668423529115 0.875 47599
1668423542828 0.25 47649
1668423556553 1.0 47699
1668423586581 0.625 47749
1668423600510 0.375 47799
1668423614220 0.375 47849
1668423627919 0.875 47899
1668423641617 0.75 47949
1668423671888 0.75 47999
1668423685508 0.625 48049
1668423699232 0.5 48099
1668423712950 0.5 48149
1668423743077 0.625 48199
1668423756661 0.25 48249
1668423770392 0.875 48299
1668423784111 0.375 48349
1668423813985 0.875 48399
1668423827913 1.0 48449
1668423841600 0.625 48499
1668423855315 0.75 48549
1668423869009 0.875 48599
1668423899209 1.0 48649
1668423912846 0.5 48699
1668423926547 0.875 48749
1668423940250 0.875 48799
1668423970233 0.75 48849
1668423983955 0.375 48899
1668423997663 0.75 48949
1668424011358 0.5 48999
1668424041282 0.625 49049
1668424055246 0.75 49099
1668424068948 0.875 49149
1668424082658 0.625 49199
1668424096358 0.75 49249
1668424126695 0.75 49299
1668424140328 0.75 49349
1668424154035 0.375 49399
1668424167716 0.25 49449
1668424198019 0.625 49499
1668424211679 1.0 49549
1668424225402 0.5 49599
1668424239106 0.75 49649
1668424269195 0.75 49699
1668424283137 1.0 49749
1668424296821 0.875 49799
1668424310535 0.625 49849
1668424324262 0.625 49899
1668424354178 0.375 49949
1668424367819 0.625 49999
1668424381529 0.625 50049
1668424395218 0.875 50099
1668424425301 0.75 50149
1668424438942 0.75 50199
1668424452665 0.75 50249
1668424466364 0.625 50299
1668424496375 0.625 50349
1668424510243 0.75 50399
1668424523944 0.25 50449
1668424537648 0.625 50499
1668424551358 0.875 50549
1668424581583 0.625 50599
1668424595202 0.625 50649
1668424608931 0.875 50699
1668424622634 0.625 50749
1668424652991 1.0 50799
1668424666734 0.75 50849
1668424680431 0.625 50899
1668424694132 0.625 50949
1668424724330 0.875 50999
1668424738213 0.75 51049
1668424751888 0.625 51099
1668424765586 0.75 51149
1668424779292 0.75 51199
1668424809940 0.625 51249
1668424823556 0.625 51299
1668424837263 0.75 51349
1668424850957 0.75 51399
1668424881083 0.5 51449
1668424894763 0.625 51499
1668424908479 1.0 51549
1668424922191 0.75 51599
1668424952355 0.625 51649
1668424966320 0.75 51699
1668424979985 0.875 51749
1668424993695 0.625 51799
1668425007394 0.875 51849
1668425037863 0.875 51899
1668425051508 0.75 51949
1668425065235 0.875 51999
1668425078943 0.875 52049
1668425109212 0.625 52099
1668425123007 0.625 52149
1668425136732 0.875 52199
1668425150434 0.75 52249
1668425180456 0.5 52299
1668425194394 0.5 52349
1668425208042 0.875 52399
1668425221750 0.625 52449
1668425235442 0.625 52499
1668425265841 0.875 52549
1668425279437 0.75 52599
1668425293164 0.875 52649
1668425306878 0.625 52699
1668425337066 0.625 52749
1668425350916 0.75 52799
1668425364635 0.875 52849
1668425378335 0.5 52899
1668425408329 0.75 52949
1668425422235 0.875 52999
1668425435885 0.875 53049
1668425449602 0.75 53099
1668425463318 0.75 53149
1668425493651 0.5 53199
1668425507252 0.75 53249
1668425520955 0.75 53299
1668425534657 0.375 53349
1668425564670 0.5 53399
1668425578356 0.5 53449
1668425592059 0.75 53499
1668425605756 0.625 53549
1668425635994 0.875 53599
1668425649981 0.875 53649
1668425663629 0.75 53699
1668425677343 0.5 53749
1668425691032 0.875 53799
1668425721558 0.75 53849
1668425735145 0.625 53899
1668425748866 0.875 53949
1668425762578 0.75 53999
1668425792956 0.875 54049
1668425806589 1.0 54099
1668425820293 0.5 54149
1668425834005 0.75 54199
1668425847539 0.5 54249
1668425877940 0.5 54299
1668425891596 0.75 54349
1668425905322 0.75 54399
1668425919039 0.625 54449
1668425949621 0.75 54499
1668425963223 0.5 54549
1668425976931 0.625 54599
1668425990635 0.625 54649
1668426021120 0.5 54699
1668426034926 0.625 54749
1668426048623 0.5 54799
1668426062329 0.75 54849
1668426076035 0.5 54899
1668426106343 0.75 54949
1668426119981 0.875 54999
1668426133694 1.0 55049
1668426147390 0.625 55099
1668426177897 0.375 55149
1668426191471 0.5 55199
1668426205171 0.75 55249
1668426218863 0.875 55299
1668426249198 0.75 55349
1668426262857 0.75 55399
1668426276552 0.625 55449
1668426290238 0.625 55499
1668426303923 0.875 55549
1668426333999 0.5 55599
1668426347646 0.5 55649
1668426361381 0.875 55699
1668426375095 0.75 55749
1668426405309 0.875 55799
1668426418895 0.875 55849
1668426432644 0.625 55899
1668426446357 0.5 55949
1668426475655 0.875 55999
1668426489562 0.625 56049
1668426503256 0.625 56099
1668426516971 0.625 56149
1668426530678 0.75 56199
1668426560875 0.75 56249
1668426574498 0.625 56299
1668426588205 0.75 56349
1668426601903 0.75 56399
1668426632354 0.875 56449
1668426645948 0.625 56499
1668426659642 0.875 56549
1668426673371 0.75 56599
1668426703378 0.75 56649
1668426717250 0.625 56699
1668426730934 0.875 56749
1668426744630 0.75 56799
1668426758314 0.75 56849
1668426788653 0.875 56899
1668426802402 0.75 56949
1668426816111 1.0 56999
1668426829811 0.875 57049
1668426860252 0.75 57099
1668426873863 0.625 57149
1668426887566 0.75 57199
1668426901271 0.5 57249
1668426931545 0.875 57299
1668426945465 0.25 57349
1668426959161 0.375 57399
1668426972885 1.0 57449
1668426986597 0.75 57499
1668427016910 0.875 57549
1668427030556 0.5 57599
1668427044290 0.75 57649
1668427058018 0.75 57699
1668427088445 0.625 57749
1668427102175 0.75 57799
1668427115879 0.625 57849
1668427129592 0.75 57899
1668427159589 0.875 57949
1668427173381 0.625 57999
1668427187058 0.5 58049
1668427200774 0.875 58099
1668427214481 0.75 58149
1668427244671 0.625 58199
1668427258300 0.75 58249
1668427272032 0.625 58299
1668427285722 0.625 58349
1668427316159 0.75 58399
1668427329763 0.75 58449
1668427343475 0.625 58499
1668427357169 0.75 58549
1668427387359 0.5 58599
1668427401240 0.875 58649
1668427414918 0.75 58699
1668427428625 0.75 58749
1668427442334 0.75 58799
1668427472422 0.625 58849
1668427486039 0.375 58899
1668427499755 1.0 58949
1668427513466 0.75 58999
1668427543921 0.75 59049
1668427557585 0.75 59099
1668427571288 0.875 59149
1668427584995 1.0 59199
1668427614942 0.875 59249
1668427628816 0.875 59299
1668427642495 0.875 59349
1668427656216 0.5 59399
1668427669921 0.625 59449
1668427700289 0.75 59499
1668427713889 0.625 59549
1668427727589 0.625 59599
1668427741278 0.75 59649
1668427771782 0.5 59699
1668427785383 0.625 59749
1668427799093 0.75 59799
1668427812797 0.875 59849
1668427842868 0.875 59899
1668427856717 0.75 59949
1668427870409 0.875 59999
1668427884115 0.625 60049
1668427897811 0.25 60099
1668427928466 0.5 60149
1668427942074 0.625 60199
1668427955789 0.625 60249
1668427969500 0.75 60299
1668427999951 0.75 60349
1668428013533 0.5 60399
1668428027210 0.5 60449
1668428040911 1.0 60499
1668428070968 0.625 60549
1668428084840 1.0 60599
1668428098495 0.875 60649
1668428112205 0.5 60699
1668428125910 1.0 60749
1668428156270 0.625 60799
1668428169867 0.75 60849
1668428183572 0.5 60899
1668428197269 0.75 60949
1668428227707 1.0 60999
1668428241394 0.875 61049
1668428255086 0.875 61099
1668428268782 0.625 61149
1668428298831 0.875 61199
1668428312716 0.625 61249
1668428326384 0.875 61299
1668428340112 1.0 61349
1668428353830 0.625 61399
1668428384015 0.75 61449
1668428397597 0.75 61499
1668428411294 0.625 61549
1668428424992 0.625 61599
1668428455234 0.5 61649
1668428468968 0.75 61699
1668428482652 0.5 61749
1668428496335 0.75 61799
1668428526277 0.5 61849
1668428540113 0.75 61899
1668428553759 0.875 61949
1668428567468 0.5 61999
1668428581173 0.625 62049
1668428611651 0.5 62099
1668428625375 0.625 62149
1668428639064 0.625 62199
1668428652770 1.0 62249
1668428682687 0.5 62299
1668428696574 0.625 62349
1668428710274 0.75 62399
1668428723978 0.625 62449
1668428753828 0.75 62499
1668428767738 0.625 62549
1668428781401 0.5 62599
1668428795119 0.5 62649
1668428808817 0.5 62699
1668428839222 0.375 62749
1668428852823 0.75 62799
1668428866521 1.0 62849
1668428880223 0.375 62899
1668428910395 0.625 62949
1668428924227 0.875 62999
1668428937924 0.625 63049
1668428951640 0.75 63099
1668428981675 0.375 63149
1668428995582 0.875 63199
1668429009220 0.5 63249
1668429022928 0.625 63299
1668429036617 0.75 63349
1668429067105 0.75 63399
1668429080698 0.5 63449
1668429094389 0.875 63499
1668429108086 0.25 63549
1668429138341 0.75 63599
1668429152304 0.625 63649
1668429165983 0.375 63699
1668429179682 0.75 63749
1668429209847 0.75 63799
1668429223772 0.625 63849
1668429237433 0.875 63899
1668429251159 0.625 63949
1668429264885 0.625 63999
1668429295333 0.875 64049
1668429308919 1.0 64099
1668429322601 0.875 64149
1668429336288 0.75 64199
1668429366031 0.75 64249
1668429379877 0.75 64299
1668429393566 0.75 64349
1668429407281 0.375 64399
1668429437607 0.5 64449
1668429451473 0.875 64499
1668429465125 0.625 64549
1668429478831 0.75 64599
1668429492532 0.375 64649
1668429522868 0.625 64699
1668429536440 0.75 64749
1668429550127 0.5 64799
1668429563834 0.75 64849
1668429594119 0.5 64899
1668429607917 1.0 64949
1668429621616 0.75 64999
1668429635324 0.5 65049
1668429648858 0.5 65099
