1668406865345 1.4012076277787957 49
1668406878865 1.381782442935779 99
1668406892459 1.4094960289948784 149
1668406906056 1.000860434560988 199
1668406936509 1.18880356464223 249
1668406950008 1.0515537061938272 299
1668406963645 1.1005943777451919 349
1668406977276 1.091538985236413 399
1668407007393 1.0728359385028214 449
1668407021167 1.221870775362972 499
1668407034979 0.8529112572387346 549
1668407048849 1.4002413058380556 599
1668407062668 1.0656238341477549 649
1668407092732 1.4141241321252978 699
1668407106363 1.0933586357241716 749
1668407120026 0.7860717242434617 799
1668407133671 0.8309989484451299 849
1668407164925 1.3767891624648736 899
1668407178499 0.8124888364202792 949
1668407192160 0.9827852309731098 999
1668407205815 0.9802373247290129 1049
1668407235548 1.1336622196630086 1099
1668407249382 1.213871836454231 1149
1668407263075 0.8978025405011103 1199
1668407276717 0.8794422713665846 1249
1668407290378 0.9049880863144708 1299
1668407320654 0.9478458531540616 1349
1668407334268 1.086915903628959 1399
1668407347950 1.117125256615946 1449
1668407361626 0.9004707599374997 1499
1668407392129 1.1779658703873204 1549
1668407405783 1.0557363193247338 1599
1668407419488 0.9430015174322257 1649
1668407433164 0.8484482838842565 1699
1668407463338 1.186768752059731 1749
1668407477243 0.8640391118015611 1799
1668407490909 0.8777080463026166 1849
1668407504586 0.7970511921339147 1899
1668407518258 0.9074728416279313 1949
1668407548542 0.8845407620092901 1999
1668407562154 0.9585127312677852 2049
1668407575828 1.0669284462651603 2099
1668407589492 0.9456302165928279 2149
1668407619762 1.0872813192292328 2199
1668407633436 0.9584342109480241 2249
1668407647129 1.0169758977652252 2299
1668407660827 0.8922143416868895 2349
1668407690994 1.0725952666483818 2399
1668407704895 0.9364949790402322 2449
1668407718599 1.2121167250906302 2499
1668407732255 1.460271417828408 2549
1668407745934 0.7911958823522792 2599
1668407776093 0.819753431182882 2649
1668407789721 0.8199264015847993 2699
1668407803410 0.8521429827795591 2749
1668407817076 0.8624972540279038 2799
1668407846908 0.8501702193528131 2849
1668407860715 0.9049741318058375 2899
1668407874413 1.015239960413247 2949
1668407888082 0.7808665461869935 2999
1668407918376 1.4368075773111577 3049
1668407932214 0.7755883473401419 3099
1668407945908 0.9116344720348107 3149
1668407959589 0.834813821595113 3199
1668407973257 1.0274288714619835 3249
1668408003132 0.9897509923238984 3299
1668408016771 0.9373537978242542 3349
1668408030464 0.7611271083409517 3399
1668408044137 0.7772309718988909 3449
1668408074474 0.7645707373538702 3499
1668408088126 0.9644235095434474 3549
1668408101805 0.8384075935733787 3599
1668408115493 1.4377325593812993 3649
1668408145151 0.7979937145025956 3699
1668408159010 0.9063734520218745 3749
1668408172698 0.9766603519117633 3799
1668408186391 1.0025310878200084 3849
1668408200070 1.3751560678373846 3899
1668408230542 0.8483800367908649 3949
1668408244161 0.8693653604509143 3999
1668408257840 1.0464788624658445 4049
1668408271512 1.1272798312481616 4099
1668408301672 1.087225243450089 4149
1668408315289 1.0781087712193704 4199
1668408328978 1.0105334773168262 4249
1668408342657 0.7990541859912371 4299
1668408372869 0.7194486912013914 4349
1668408386783 0.8390985017113662 4399
1668408400457 0.9503821208370758 4449
1668408414145 1.0213932014913616 4499
1668408427822 1.0008473131131481 4549
1668408458017 1.2932381568859181 4599
1668408471636 0.7566571818911756 4649
1668408485339 0.8352923723823453 4699
1668408499014 0.8312441605660963 4749
1668408529260 0.8433445530999953 4799
1668408543003 0.8812348138703283 4849
1668408556691 0.7563038022349754 4899
1668408570386 0.7439777185631169 4949
1668408600521 1.2210821650709935 4999
1668408614374 1.2933331762641296 5049
1668408628044 0.9204955019822156 5099
1668408641757 0.7177484218378496 5149
1668408655435 1.0868950209179653 5199
1668408685733 0.7364881377546512 5249
1668408699330 1.0745263779600398 5299
1668408713016 0.858557654735637 5349
1668408726710 1.1880586922923426 5399
1668408756937 1.2504392433420475 5449
1668408770542 0.9312238596072921 5499
1668408784234 1.1479916044258316 5549
1668408797913 1.121052313614034 5599
1668408827700 0.6873733139262519 5649
1668408841706 0.7945413250775674 5699
1668408855384 1.4954540955150128 5749
1668408869091 0.7400521777975759 5799
1668408882792 0.6573965515095561 5849
1668408913035 0.8555693119874147 5899
1668408926636 0.767552808449545 5949
1668408940315 0.6757614797688909 5999
1668408953986 0.765543274228077 6049
1668408983885 1.0272347835551816 6099
1668408997553 0.6874755571250546 6149
1668409011224 0.685115343102539 6199
1668409024912 0.7756214171799843 6249
1668409054886 0.8926410094078157 6299
1668409068767 0.7292783618359979 6349
1668409082435 1.474180465087294 6399
1668409096117 0.8797560504925397 6449
1668409109778 0.8541564960395209 6499
1668409139985 0.8449255739920013 6549
1668409153602 0.7174834896375781 6599
1668409167311 0.7892303321263441 6649
1668409180995 0.9934563373346578 6699
1668409210957 0.6311066701816297 6749
1668409224760 0.6558105309245634 6799
1668409238486 1.2514373335345077 6849
1668409252205 1.0408354987336355 6899
1668409282319 0.9267626454116555 6949
1668409296329 1.0186989907262056 6999
1668409309998 1.0330274475591037 7049
1668409323693 0.8580849016793449 7099
1668409337390 1.1131561733456874 7149
1668409367380 0.9517005810407773 7199
1668409381006 0.7885220909261599 7249
1668409394706 1.1090514423969131 7299
1668409408402 0.6834188577264824 7349
1668409438402 0.8854627871294416 7399
1668409452223 0.6393878579484543 7449
1668409465909 0.7217053104320073 7499
1668409479598 0.9363828899073466 7549
1668409509470 0.8376343125573487 7599
1668409523370 0.7808087136719383 7649
1668409537055 1.2347238296011636 7699
1668409550746 0.9659389698851946 7749
1668409564427 0.6502152034916576 7799
1668409594874 0.6471688918017564 7849
1668409608471 0.8022039201325102 7899
1668409622169 1.294985776842847 7949
1668409635869 1.332987126209014 7999
1668409665834 0.6868988809287832 8049
1668409679578 0.6992839692472338 8099
1668409693293 1.365786601813884 8149
1668409706997 1.0319188448400205 8199
1668409736804 0.5113317235627997 8249
1668409750741 1.0338978653524171 8299
1668409764403 0.6437919492362882 8349
1668409778123 0.6132775714370604 8399
1668409791822 0.9397566363702878 8449
1668409822007 1.0233393592970605 8499
1668409835604 0.867704224810754 8549
1668409849306 0.6074502855516203 8599
1668409863025 0.8457034187387034 8649
1668409892778 0.662066799388078 8699
1668409906661 0.8214644604074937 8749
1668409920348 0.6189435317063456 8799
1668409934046 1.0477039262858368 8849
1668409964121 0.9182252875121515 8899
1668409978085 1.4276859610073436 8949
1668409991764 1.4583826186634508 8999
1668410005480 0.6577977455296303 9049
1668410019175 0.6811252784629256 9099
1668410049733 0.9542397978756272 9149
1668410063306 0.706795485962424 9199
1668410077014 0.7400003249524845 9249
1668410090721 1.113580038428751 9299
1668410121013 0.7707421103302903 9349
1668410134836 0.8256578958832121 9399
1668410148525 0.7212089793337437 9449
1668410162212 0.9325697330522242 9499
1668410192096 1.1487308077559153 9549
1668410206004 0.6377085861814991 9599
1668410219646 0.893118230905018 9649
1668410233352 1.2411692856050165 9699
1668410247041 1.0828087017245789 9749
1668410277476 1.4112927468558476 9799
1668410291080 0.6064484885308599 9849
1668410304772 0.9324541663111748 9899
1668410318459 1.3327991366349508 9949
1668410348654 1.0435278355332356 9999
1668410362363 1.153257197541009 10049
1668410376046 1.5752272668844 10099
1668410389751 0.6885434067381698 10149
1668410419856 0.5713554582303572 10199
1668410433677 0.697774394260905 10249
1668410447343 0.9480715079124102 10299
1668410461033 0.8583617558605385 10349
1668410474731 0.8674431948240391 10399
1668410504994 0.8720402101274085 10449
1668410518582 0.8735326149988173 10499
1668410532293 0.8921566795783687 10549
1668410545978 0.7206088289539464 10599
1668410576159 1.1858060075752377 10649
1668410590000 1.0446490299863989 10699
1668410603699 0.8887126881124835 10749
1668410617392 0.7540049115603158 10799
1668410630914 0.6590006882631605 10849
1668410661403 1.1172701570895167 10899
1668410675063 1.1759508787421935 10949
1668410688791 1.06794267138887 10999
1668410702496 0.7788988551343927 11049
1668410733017 0.6583956146332114 11099
1668410746590 1.1724852221871065 11149
1668410761014 0.6156315269059318 11199
1668410774715 0.7838198180815192 11249
1668410804416 1.5696371920144712 11299
1668410818314 0.838921543830146 11349
1668410832032 1.3064595557406613 11399
1668410845738 0.7163532713801434 11449
1668410859437 0.7614493875451582 11499
1668410889360 1.2614042118205098 11549
1668410903011 0.9353631899469952 11599
1668410916704 0.9538895409844301 11649
1668410930384 0.6926111096659632 11699
1668410961002 0.8186926125679399 11749
1668410974571 1.2552555997543933 11799
1668410988281 1.0159057970338057 11849
1668411001997 0.703620242052773 11899
1668411031558 1.0054739814937035 11949
1668411045448 0.7480662427543443 11999
1668411059139 0.9922064132679616 12049
1668411072852 0.7378748086599589 12099
1668411086563 0.7660854463774962 12149
1668411116961 1.146646683679999 12199
1668411130605 0.8280422081073466 12249
1668411144309 0.9324173557896189 12299
1668411158003 1.1433554761828142 12349
1668411188520 0.7907146136494629 12399
1668411202081 0.9858207841924169 12449
1668411215784 0.8679336867438774 12499
1668411229492 0.9086993698925562 12549
1668411259242 0.9973982415667864 12599
1668411273028 0.7306002461200224 12649
1668411286741 0.9476466065543137 12699
1668411300464 0.5989062051092477 12749
1668411314194 1.654743374198859 12799
1668411344571 0.7700509069140447 12849
1668411358197 1.0504168864412025 12899
1668411371904 0.9476600405959718 12949
1668411385603 1.2549284957373934 12999
1668411416140 0.8286020976489226 13049
1668411429742 0.6412745717366756 13099
1668411443452 1.0351300727867176 13149
1668411457158 0.9678562711822132 13199
1668411487344 0.6957556877459241 13249
1668411501236 1.0574010060935595 13299
1668411514933 0.9114264721389657 13349
1668411528647 0.9619773921861758 13399
1668411542342 0.9500791123506749 13449
1668411572811 0.8997999051321085 13499
1668411586449 1.0683110414383168 13549
1668411600153 1.1605625791080523 13599
1668411613857 0.9088996761993787 13649
1668411644458 0.993161855995754 13699
1668411658040 0.6525867862133484 13749
1668411671757 0.6704226427692657 13799
1668411685452 0.5415602925595293 13849
1668411715639 0.524286425140845 13899
1668411729490 1.0777739820966228 13949
1668411743183 0.8944240485056919 13999
1668411756874 1.2258430978849484 14049
1668411770565 0.8894255412680017 14099
1668411800663 0.6083406561402961 14149
1668411814293 1.1534470666235297 14199
1668411827979 1.2431823181421087 14249
1668411841691 0.5793611460847861 14299
1668411872204 1.2233521651968007 14349
1668411885798 0.8343390056144047 14399
1668411899508 1.0555264288857655 14449
1668411913204 1.2773909671723622 14499
1668411943246 0.7238016770474931 14549
1668411957071 1.0535618419807633 14599
1668411970757 0.7654859791764406 14649
1668411984454 0.7696170126148342 14699
1668411998135 0.5744644320066827 14749
1668412028556 0.7304273377923 14799
1668412042193 0.7991204687595993 14849
1668412055892 1.0097927003532803 14899
1668412069581 0.7562730827785908 14949
1668412099609 0.801344077890676 14999
1668412113234 0.7330445447720526 15049
1668412126934 0.8657487395174636 15099
1668412140643 1.0276073857148655 15149
1668412171085 0.8975395602298681 15199
1668412184973 0.8599565189234113 15249
1668412198666 1.0854961315653082 15299
1668412212394 1.0629505468727163 15349
1668412226128 0.7045088658463464 15399
1668412256440 0.7592037748999445 15449
1668412270102 0.9064349086716088 15499
1668412283826 1.499377519940701 15549
1668412297555 0.7797901228981772 15599
1668412328032 0.7988548421462299 15649
1668412341619 1.1002975761166616 15699
1668412355330 1.0275359921025584 15749
1668412369030 1.0039470476730736 15799
1668412399154 0.8754484224027825 15849
1668412412929 0.8667555645516553 15899
1668412426610 1.2474719661407836 15949
1668412440312 1.0681150678359486 15999
1668412453997 0.9609474510801723 16049
1668412484471 1.0387703860787485 16099
1668412498089 0.8041014534785969 16149
1668412511787 0.8918212586357473 16199
1668412525480 0.7675934483510625 16249
1668412555625 0.9828738133530321 16299
1668412569206 0.9378654020101551 16349
1668412582905 1.3109653680603128 16399
1668412596604 0.6773755203833034 16449
1668412626768 0.7224174733113402 16499
1668412640687 0.7311674698243992 16549
1668412654349 1.1866699456471395 16599
1668412668052 0.5418032554195824 16649
1668412681748 0.7220261013193061 16699
1668412712223 0.8737537843110827 16749
1668412725831 0.6927869633023334 16799
1668412739529 0.955125900857942 16849
1668412753253 0.9370983170396603 16899
1668412783479 0.8750728760315719 16949
1668412797182 0.8890789340531273 16999
1668412810900 0.825413194216182 17049
1668412824613 0.9808546180415673 17099
1668412855059 1.2025713119637889 17149
1668412869017 1.3988446557542553 17199
1668412882685 0.7651129220996375 17249
1668412896401 1.2238727531077347 17299
1668412910100 0.6269183209053566 17349
1668412940269 1.3025344043198548 17399
1668412953895 1.030805370723315 17449
1668412967612 0.6598804830706368 17499
1668412981328 0.8889548638874423 17549
1668413011546 0.805557497144693 17599
1668413025278 0.7904264162031034 17649
1668413038969 1.159347968682122 17699
1668413052685 1.5602528608502861 17749
1668413082912 1.1725910097248362 17799
1668413096840 0.5729548370770459 17849
1668413110506 0.5973350422339486 17899
1668413124208 1.2415001952912799 17949
1668413137910 0.973783080190689 17999
1668413168635 1.0227909386748306 18049
1668413182231 0.5494869409006691 18099
1668413195939 0.8866874509230425 18149
1668413209645 1.218885237377263 18199
1668413239946 1.035371118063584 18249
1668413253648 0.7669682195136134 18299
1668413267346 0.9194166928439858 18349
1668413281040 0.9747796265211555 18399
1668413311052 1.302222801463156 18449
1668413324976 0.6446915086764586 18499
1668413338655 0.7607367755544915 18549
1668413352355 0.8956110454541535 18599
1668413366060 1.126637064758169 18649
1668413396539 0.8361225591463484 18699
1668413410151 1.6213754055944163 18749
1668413423878 1.2897159295687968 18799
1668413437587 1.0208526715506783 18849
1668413467912 0.8174633145557797 18899
1668413481690 0.8634312266731874 18949
1668413495382 0.7884786545490714 18999
1668413509088 0.8742378948509077 19049
1668413539015 1.0569545580474884 19099
1668413552927 1.077407198064445 19149
1668413566597 0.9322967355805263 19199
1668413580308 0.9836753556827325 19249
1668413594009 0.9938804339954528 19299
1668413624075 0.6975660027111279 19349
1668413637674 0.7152762781613912 19399
1668413651408 0.756949631865145 19449
1668413665115 0.9864131849360815 19499
1668413695523 1.0992996530574115 19549
1668413709318 0.6443380552868055 19599
1668413723018 0.9732855602516823 19649
1668413736727 0.8888081106484088 19699
1668413766826 0.8594139457409502 19749
1668413780802 0.8668526360243369 19799
1668413794449 1.135522817028045 19849
1668413808179 0.6943250679137503 19899
1668413821887 0.9787953920942829 19949
1668413852112 1.2356022337142827 19999
1668413865704 1.0532203590391287 20049
1668413879397 1.4926115489390352 20099
1668413893084 0.8848096546191988 20149
1668413923384 0.8283302130232859 20199
1668413937252 1.310139840544317 20249
1668413950956 0.8519521703093025 20299
1668413964686 0.8330241961528047 20349
1668413995181 0.7952132092751323 20399
1668414009051 0.5584766751596241 20449
1668414022687 1.015422088733195 20499
1668414036398 0.7972471924676046 20549
1668414050115 0.8204456843774154 20599
1668414081004 0.8709692793155988 20649
1668414094588 1.0977716714814645 20699
1668414108293 0.9841521602641985 20749
1668414121990 0.7812568519883962 20799
1668414152162 1.110809866568152 20849
1668414165982 0.6859195890053839 20899
1668414179678 0.7546723920251528 20949
1668414193378 1.3302551760740524 20999
1668414223371 1.222100812567088 21049
1668414237278 1.3104036996021096 21099
1668414250923 0.7321218483431385 21149
1668414264646 1.1330020136667702 21199
1668414278358 0.978691028235146 21249
1668414308843 1.172607574988244 21299
1668414322413 1.3275172706032285 21349
1668414336109 0.5808788268279004 21399
1668414349816 0.8344714231786128 21449
1668414380357 0.9569176464402153 21499
1668414394149 0.9061923857785055 21549
1668414407847 1.5637375494048604 21599
1668414421551 1.2684263420091284 21649
1668414435087 0.559518004347197 21699
1668414465557 0.7597349302318437 21749
1668414479203 0.9817294217023856 21799
1668414492928 0.9369361788927413 21849
1668414506628 1.254566630697468 21899
1668414537044 1.1038564687450785 21949
1668414550613 1.7282769865502243 21999
1668414564319 1.2196097901494458 22049
1668414578007 0.848493472704401 22099
1668414607790 0.7748524375542233 22149
1668414621678 0.650251536929696 22199
1668414635389 0.5195804731388048 22249
1668414649103 0.681958552916725 22299
1668414663180 1.2082510316088289 22349
1668414692923 0.6675233043012337 22399
1668414706553 0.8128997533372926 22449
1668414720251 1.0458661211967062 22499
1668414733923 1.2927389559811706 22549
1668414764370 1.2039518208160516 22599
1668414777942 0.7164216900982405 22649
1668414791636 0.6224433683869179 22699
1668414805321 0.6440899609879476 22749
1668414835354 0.85522844924829 22799
1668414849196 0.6288300199289192 22849
1668414862894 0.7353096807976107 22899
1668414876600 1.182890486770563 22949
1668414890306 0.8895502531989355 22999
1668414920617 0.607732859067605 23049
1668414934242 0.9355193001230937 23099
1668414947944 0.8844401492465432 23149
1668414961646 0.7816448072974702 23199
1668414992163 0.7425175207989015 23249
1668415005732 0.6369112238156975 23299
1668415019427 1.278798371640991 23349
1668415033120 1.096819581928132 23399
1668415063299 0.7750783242611855 23449
1668415077102 0.7946060291006156 23499
1668415090786 0.7680843132412729 23549
1668415104494 0.8337809314679033 23599
1668415118200 0.7931904838752205 23649
1668415148736 0.7675005858534641 23699
1668415162362 1.2358976170421236 23749
1668415176044 1.1028704983549962 23799
1668415189720 0.7244362598714046 23849
1668415220178 0.6669594278660452 23899
1668415233755 0.643291378919393 23949
1668415247441 0.756863871087724 23999
1668415261150 0.5725686934553018 24049
1668415291691 1.0209321769894726 24099
1668415305600 0.6737259398649571 24149
1668415319291 0.5481307500096022 24199
1668415333008 1.3057106885953353 24249
1668415346717 0.9973391049937179 24299
1668415377219 0.9768258146616807 24349
1668415390843 1.2236321503657486 24399
1668415404546 0.5899576845924468 24449
1668415418246 0.989761287473383 24499
1668415448874 1.0879413115492973 24549
1668415462485 0.9598803142763443 24599
1668415476170 0.6969161256386502 24649
1668415489872 1.1571695786482608 24699
1668415520297 0.8131320725661726 24749
1668415534180 0.6104671524245253 24799
1668415547869 0.5570382118247722 24849
1668415561584 0.8847780037442375 24899
1668415575285 0.6358514247755872 24949
1668415606081 0.9560506148662844 24999
1668415619704 0.8511539545300308 25049
1668415633393 0.9703160396439853 25099
1668415647082 1.257082907811707 25149
1668415677096 0.6251727392071136 25199
1668415690731 0.8748488482891345 25249
1668415704421 0.7148976905465447 25299
1668415718114 1.142145096147551 25349
1668415748184 0.6831133468271688 25399
1668415762027 0.5674300930614855 25449
1668415775709 1.0548824674296193 25499
1668415789398 1.1441268780358942 25549
1668415803101 1.2866881181068677 25599
1668415833593 0.5152134306891609 25649
1668415847224 1.194396313682018 25699
1668415860929 1.311105638824221 25749
1668415874618 1.1700608426944386 25799
1668415905119 0.9062778528228819 25849
1668415918733 1.206460111589693 25899
1668415932433 0.9466603678866108 25949
1668415946125 0.581603016025779 25999
1668415976213 1.2484108697835077 26049
1668415990132 0.8070606433607352 26099
1668416003817 1.24626387461646 26149
1668416017518 0.8262386630476206 26199
1668416031211 1.1709399646883296 26249
1668416061520 0.9922961374692163 26299
1668416075134 1.2046754152401475 26349
1668416088846 0.816708974171366 26399
1668416102548 0.9438976638893766 26449
1668416133295 1.1279184559582514 26499
1668416146925 1.3407062592733778 26549
1668416160609 0.695687618852201 26599
1668416174299 0.866630822095184 26649
1668416204196 1.1666437685180961 26699
1668416218139 0.9484012608912914 26749
1668416231811 0.8219009433299993 26799
1668416245507 0.8587436282366079 26849
1668416259197 0.5851329235421935 26899
1668416289831 0.8616666119840672 26949
1668416303448 0.9496635919095491 26999
1668416317141 0.5904314721647148 27049
1668416330841 0.6959781775047748 27099
1668416361823 0.7312368302500614 27149
1668416375560 0.7387413116662211 27199
1668416389265 0.7874317339607596 27249
1668416403019 0.7239562038081239 27299
1668416432932 0.6648733564897842 27349
1668416447021 0.7720526604504889 27399
1668416460686 0.7107036658156327 27449
1668416474394 0.679333643045285 27499
1668416488092 1.2397632668852547 27549
1668416518480 0.6051356522438576 27599
1668416532168 0.8725132021092683 27649
1668416545859 1.0394665173538513 27699
1668416559554 0.6012496007016814 27749
1668416589859 1.0021869975321978 27799
1668416603535 0.6960849521357273 27849
1668416617222 1.310876060721459 27899
1668416630931 0.6278511424860314 27949
1668416661152 0.7676344472856607 27999
1668416675039 1.0446247868274052 28049
1668416688707 1.2979960252800882 28099
1668416702395 1.172386383982682 28149
1668416716085 0.6481481969052801 28199
1668416746231 1.393999847362505 28249
1668416759824 0.7367407215438522 28299
1668416773517 0.735792116665065 28349
1668416787225 0.7629699583638686 28399
1668416817185 1.1908144638338911 28449
1668416830883 0.8544453428159036 28499
1668416844577 0.7489446623725196 28549
1668416858290 0.683075700274629 28599
1668416888561 0.5745648489615995 28649
1668416902415 0.6404582974024249 28699
1668416916089 0.8882289347803914 28749
1668416929803 0.7621947901131294 28799
1668416943526 1.3720884299184424 28849
1668416973830 1.127320817717334 28899
1668416987442 0.985304594892826 28949
1668417001118 1.0036736404289455 28999
1668417014806 0.7843387991472698 29049
1668417045471 1.0617088596462754 29099
1668417059186 1.0138402038669132 29149
1668417072885 0.6544914157982595 29199
1668417086579 0.796122445447051 29249
1668417116553 1.0543105268641397 29299
1668417130466 1.3794954440987577 29349
1668417144099 0.5831626643417258 29399
1668417157777 0.7507517585719665 29449
1668417171469 1.3821638873945208 29499
1668417201626 0.5008682975513972 29549
1668417215237 1.1468656117073954 29599
1668417228942 0.5721496296520192 29649
1668417242646 0.8194113844997304 29699
1668417272962 0.837104388485945 29749
1668417286794 0.7440119090100377 29799
1668417300499 1.3541501928017403 29849
1668417314203 0.7271426181874205 29899
1668417344192 0.5135410005200258 29949
1668417358097 0.9731933075453827 29999
1668417371760 0.7456763030640938 30049
1668417385457 1.00182162709558 30099
1668417399136 0.5038388004150399 30149
1668417429223 1.1626525196986501 30199
1668417442811 1.1508996747713334 30249
1668417456502 0.7177182368909307 30299
1668417470192 0.9965853741183274 30349
1668417500749 0.5426567281459257 30399
1668417514492 1.2350871307632283 30449
1668417528167 0.8837629061371307 30499
1668417541849 1.14038430801435 30549
1668417571973 0.8929517760243125 30599
1668417585801 1.0650780642666677 30649
1668417599448 1.0150136323932573 30699
1668417613142 0.9545434420483615 30749
1668417626834 0.9407370195643632 30799
1668417657162 1.1095168671726177 30849
1668417670753 1.0700681500896754 30899
1668417684450 0.8454098929634655 30949
1668417698146 1.0615162917789505 30999
1668417728372 0.7315337729867939 31049
1668417742064 0.7770255877129291 31099
1668417755763 0.975490417312678 31149
1668417769454 0.8117514928287402 31199
1668417799522 1.2552912378204326 31249
1668417813429 0.6476175299331719 31299
1668417827088 1.3286571550170847 31349
1668417840794 0.7373032016424729 31399
1668417854496 0.8255308413995293 31449
1668417884968 0.6934212166012503 31499
1668417898555 0.8307387404791537 31549
1668417912239 1.070253130343326 31599
1668417925922 1.0848125164450582 31649
1668417956277 1.0253467033210832 31699
1668417970081 0.6538305603834134 31749
1668417983790 0.6740059568311724 31799
1668417997499 1.2092387433671137 31849
1668418028330 1.2961510252322004 31899
1668418042208 0.8696879127777966 31949
1668418055847 0.8966165483941125 31999
1668418069541 1.5478704174334892 32049
1668418083231 0.7988305982327526 32099
1668418113340 0.8135573579519132 32149
1668418126939 0.5049014159204309 32199
1668418140637 0.9554492978127288 32249
1668418154342 0.7496793880998218 32299
1668418184946 0.45603000783135494 32349
1668418198750 0.8832566712812828 32399
1668418212422 1.021922080974203 32449
1668418226104 0.6026824250745473 32499
1668418239622 0.6154124815625779 32549
1668418269952 0.7409451288122818 32599
1668418283606 1.4439954978939147 32649
1668418297301 0.906637260919297 32699
1668418310985 1.1954727582638585 32749
1668418341728 0.4922112660267872 32799
1668418355317 0.7179568773079148 32849
1668418369012 1.250542713710647 32899
1668418382713 1.1588535260104496 32949
1668418412983 1.1666420330431613 32999
1668418426761 0.9215045565525107 33049
1668418440453 0.856138584364413 33099
1668418454155 0.9903905438935376 33149
1668418467849 1.2286825604204912 33199
1668418498201 0.6186963577911913 33249
1668418511899 0.7643370466281403 33299
1668418525582 1.1142447076451396 33349
1668418539262 0.57371344819585 33399
1668418569757 0.7409520942970316 33449
1668418583715 0.833912012858782 33499
1668418597393 1.0753464278685336 33549
1668418611080 0.7397547365519132 33599
1668418640378 0.6309872881041804 33649
1668418654308 1.1740437469059817 33699
1668418668003 0.7131944967494023 33749
1668418681708 1.2337071724390183 33799
1668418695409 1.026131682933721 33849
1668418726019 0.8247278290916967 33899
1668418739682 0.8935053702426599 33949
1668418753395 0.7717833973289467 33999
1668418767106 0.9293805137342391 34049
1668418797688 0.7822532114019893 34099
1668418811272 1.3070102817228948 34149
1668418824985 0.7324966089950062 34199
1668418838678 1.0961734212915841 34249
1668418869035 1.0465030738093033 34299
1668418882955 0.6659281743282629 34349
1668418896793 0.64648900087945 34399
1668418910488 0.7426404281815643 34449
1668418924184 0.7646116044928384 34499
1668418954626 0.6934001132343617 34549
1668418968260 0.7898258707611776 34599
1668418981949 1.2171756539824947 34649
1668418995646 0.7809106016716804 34699
1668419025996 1.2267949506990108 34749
1668419039584 0.7907862412759445 34799
1668419053276 0.6791117364018997 34849
1668419066974 0.887120270336533 34899
1668419097139 1.2448377813791756 34949
1668419111076 0.6746816393956702 34999
1668419124761 0.9331584961718721 35049
1668419138450 1.094521083545771 35099
1668419152153 0.8481140864943454 35149
1668419182154 0.648520420809721 35199
1668419195785 0.7360936256584293 35249
1668419209477 0.6699743266719622 35299
1668419223169 0.9701044692278205 35349
1668419253508 0.5173918428230364 35399
1668419267100 0.6090719978195094 35449
1668419280804 1.1120468970659512 35499
1668419294519 1.272499614208224 35549
1668419324783 0.9446833534116206 35599
1668419338631 1.3273046274092772 35649
1668419352325 0.6720503278311947 35699
1668419366014 1.185342778785275 35749
1668419379703 0.5877648452384814 35799
1668419410073 1.0982799230927376 35849
1668419423721 0.6597462624667825 35899
1668419437434 1.4652523358541272 35949
1668419451133 0.3658770444901177 35999
1668419481732 0.9803794115612321 36049
1668419495487 1.7445941186616016 36099
1668419509177 1.024300492476084 36149
1668419522898 1.034840610843138 36199
1668419553175 0.7327631726270264 36249
1668419567087 0.6526796194762214 36299
1668419580781 0.8726949055814901 36349
1668419594487 0.5943008828906878 36399
1668419608169 0.8665710087281895 36449
1668419638062 1.1665152528945066 36499
1668419651717 1.1015464199887939 36549
1668419665416 0.5590979587305565 36599
1668419679114 0.9013387703927127 36649
1668419709474 0.559612228943126 36699
1668419723107 0.809076758614347 36749
1668419736805 0.6249185769183438 36799
1668419750513 0.928818186967842 36849
1668419781009 1.044837099505263 36899
1668419794904 0.8571667442819524 36949
1668419808587 0.8816259158358275 36999
1668419822300 0.8091219221109842 37049
1668419835993 0.9379668740034766 37099
1668419866916 1.254392931661078 37149
1668419880659 1.3602335303943975 37199
1668419894365 0.7853753702190852 37249
1668419908092 0.5859065656622157 37299
1668419938216 0.8479565494558987 37349
1668419952009 0.9337853494837787 37399
1668419965699 1.1501819685754633 37449
1668419979411 0.9057780577107353 37499
1668420009648 0.935423117496677 37549
1668420023610 0.9358062399359487 37599
1668420037295 0.5592416232321054 37649
1668420050993 0.9120947795536531 37699
1668420064684 0.6029244401036837 37749
1668420094750 1.3880935614822105 37799
1668420108400 0.8479125764025965 37849
1668420122118 1.0119244021134894 37899
1668420135826 0.6668650468772606 37949
1668420166067 1.4648171302371442 37999
1668420179895 0.6550511963333354 38049
1668420193604 0.962317092402374 38099
1668420207304 0.5715234994743887 38149
1668420237350 0.9469646046836354 38199
1668420251261 0.7370916736793532 38249
1668420264942 1.0427323088764195 38299
1668420278653 0.630011457273146 38349
1668420292355 0.7435854177375705 38399
1668420322657 0.8146146249087238 38449
1668420336283 0.8556623029931109 38499
1668420349984 0.49625351164029846 38549
1668420363697 0.7810476837663911 38599
1668420393722 0.6180286038684807 38649
1668420407473 0.691427288831846 38699
1668420421158 1.2832660640336964 38749
1668420434846 1.0006045382102289 38799
1668420464919 1.075656536659278 38849
1668420478967 0.8814050255415365 38899
1668420492655 1.1586771115547005 38949
1668420506347 1.067372261500594 38999
1668420520040 0.6921475083334855 39049
1668420550475 0.7478475710757734 39099
1668420564083 0.9085978614790093 39149
1668420577773 0.6212015176083997 39199
1668420591460 0.6949169529235337 39249
1668420621273 0.5607617419274155 39299
1668420634999 0.9759290140268155 39349
1668420648708 0.7724562315999712 39399
1668420662421 0.6444730053193144 39449
1668420692640 0.5753526087875145 39499
1668420706524 1.195250488140274 39549
1668420720194 1.0215985906256257 39599
1668420733913 0.9675706643800557 39649
1668420747620 0.8281750374820289 39699
1668420777923 0.6392905853190369 39749
1668420791563 0.8258208438548871 39799
1668420805273 0.5990770389772879 39849
1668420818986 1.0879232808443673 39899
1668420849695 1.5103073970685839 39949
1668420863381 0.8160558919048064 39999
1668420877090 1.3531003935856747 40049
1668420890792 0.9019320458759383 40099
1668420921303 0.6180458862544675 40149
1668420935214 0.9687931392546878 40199
1668420948862 0.8508125669537381 40249
1668420962561 0.5407056110476474 40299
1668420976265 0.6361943543846442 40349
1668421006580 0.7305498291947955 40399
1668421020173 0.6333039763589294 40449
1668421033888 0.9572687485286888 40499
1668421047596 0.6701011585179888 40549
1668421077926 0.6494334583381872 40599
1668421091729 0.8653686155262255 40649
1668421105435 1.4861011786673914 40699
1668421119138 0.7614957216231284 40749
1668421149252 0.5541134041867692 40799
1668421163141 1.2567594679658267 40849
1668421176810 0.6233284871492297 40899
1668421190491 0.880376971770783 40949
1668421204179 1.3638259226294451 40999
1668421234331 1.1066711633629 41049
1668421248046 1.0494102850952305 41099
1668421261766 0.5652144183059244 41149
1668421275506 0.8113616994914422 41199
1668421305760 0.8561308030445629 41249
1668421319578 0.8080507927804779 41299
1668421333337 0.9025720125595155 41349
1668421346980 0.9811443347662305 41399
1668421377175 0.6560610359045034 41449
1668421391070 1.3132712682074095 41499
1668421404735 0.5958423860428891 41549
1668421418452 0.9017532658778522 41599
1668421432130 1.0237451240048827 41649
1668421462387 0.562129808562682 41699
1668421476050 1.2036402745637307 41749
1668421489739 0.7362166805723077 41799
1668421503434 0.7168534841028149 41849
1668421533997 0.9247502733174973 41899
1668421547816 0.5690673913868207 41949
1668421561495 0.5838831172986381 41999
1668421575207 1.436932777184714 42049
1668421605240 0.7854271038189458 42099
1668421619175 0.7364938750229133 42149
1668421632896 0.7115290214474765 42199
1668421646601 0.9020592176846884 42249
1668421660304 0.9756723339160532 42299
1668421690656 1.0348166704898714 42349
1668421704334 0.9639279242047561 42399
1668421718037 0.7683470269428139 42449
1668421731767 0.6035721489533199 42499
1668421762048 0.973247993105766 42549
1668421775853 1.0401522278911939 42599
1668421789560 1.1211620809132925 42649
1668421803289 1.0762554645893987 42699
1668421833570 1.3090467975500308 42749
1668421847465 1.0890355878416051 42799
1668421861145 0.7692863563660118 42849
1668421874867 0.5414869442283465 42899
1668421888557 1.4662477533103493 42949
1668421919372 0.8678945152565356 42999
1668421933096 0.8299760981199347 43049
1668421946760 0.5068861848021067 43099
1668421960487 0.7299581880544825 43149
1668421990428 1.389915184137182 43199
1668422004249 0.8467160790959689 43249
1668422017952 0.8786665838807339 43299
1668422031663 0.6952583832517167 43349
1668422045211 0.5556384233776824 43399
1668422076156 0.8537821180945573 43449
1668422089826 0.6017645517706007 43499
1668422103541 0.8276418497285616 43549
1668422117246 0.709278178400909 43599
1668422147415 0.7653701974201013 43649
1668422161009 0.7898097736041498 43699
1668422174719 1.074787297673916 43749
1668422188421 0.9402565031847935 43799
1668422218414 1.7074317592149497 43849
1668422232234 0.6551472963596012 43899
1668422245939 0.843870142101435 43949
1668422259643 1.2833183326858217 43999
1668422273338 0.9989656942529843 44049
1668422303622 0.7201852322778466 44099
1668422317271 1.0785767443158156 44149
1668422330974 0.6935929826152023 44199
1668422344677 1.2572972365622157 44249
1668422374762 0.8540960237239539 44299
1668422388373 0.7448091188414504 44349
1668422402124 0.6427150954396054 44399
1668422415863 0.7036328818847205 44449
1668422445842 0.7596328008177509 44499
1668422459709 0.9389180522891164 44549
1668422473402 1.48809546377087 44599
1668422487098 1.502296123332457 44649
1668422500785 1.1962007107826667 44699
1668422531538 1.0709244477168083 44749
1668422545204 1.3300552428825583 44799
1668422558913 1.0379130507117063 44849
1668422572645 0.6202143182939474 44899
1668422603192 0.6518902983118144 44949
1668422616769 0.8556751252954107 44999
1668422630468 0.6490344685313129 45049
1668422644177 0.5493151893451245 45099
1668422674374 1.1884436210507308 45149
1668422688185 1.0120778613647279 45199
1668422701897 1.2000943098619867 45249
1668422715603 0.7726616608253347 45299
1668422729289 0.7554016178852356 45349
1668422759762 1.0034154789156782 45399
1668422773410 0.44069163058281496 45449
1668422787133 0.7872953591784708 45499
1668422800835 0.8625130464624029 45549
1668422831466 0.7096121753039463 45599
1668422845066 0.788083341388965 45649
1668422858773 0.6944584191520768 45699
1668422872468 0.9754650124056989 45749
1668422902470 1.2199194609727089 45799
1668422916393 0.6046195047647 45849
1668422930126 0.6872539319718725 45899
1668422943860 0.6123957845710264 45949
1668422957566 1.0388237196601064 45999
1668422987803 1.3355851795667277 46049
1668423001484 0.7900813082244438 46099
1668423015222 0.6441129464505021 46149
1668423028920 1.2490906622376945 46199
1668423059436 1.1478147732364774 46249
1668423073022 1.4619861547223203 46299
1668423086724 0.5759490490674978 46349
1668423100422 0.979154158352928 46399
1668423130629 0.623807179346275 46449
1668423144649 0.9118877105352564 46499
1668423158342 1.2115181655899714 46549
1668423172042 0.7406164283170013 46599
1668423185737 0.889129757040589 46649
1668423216176 0.750883957521252 46699
1668423229816 0.8930728668476433 46749
1668423243533 0.7475242895411243 46799
1668423257235 1.014928373464091 46849
1668423287844 0.8835646864956412 46899
1668423301464 0.8512230689762524 46949
1668423315165 0.6479616459302774 46999
1668423328856 0.5687719740017227 47049
1668423358870 0.9129910014721676 47099
1668423372741 0.9329135947599909 47149
1668423386445 0.9095410910702201 47199
1668423400161 0.6890558460900984 47249
1668423413861 0.9730349582234477 47299
1668423444065 1.0621951338638875 47349
1668423457692 1.4900215397202459 47399
1668423471408 0.6694870008580125 47449
1668423485112 0.9060501985354743 47499
1668423515530 1.0225050321428948 47549
1668423529115 1.0516763611017845 47599
1668423542828 0.6786648247025051 47649
1668423556553 0.8141699718891882 47699
1668423586581 0.7990560794082014 47749
1668423600510 0.8853286017240228 47799
1668423614220 1.193641520007601 47849
1668423627919 0.7025932271730684 47899
1668423641617 0.7057766497911506 47949
1668423671888 0.6795712372355396 47999
1668423685508 1.0912222302501702 48049
1668423699232 0.9750856362149402 48099
1668423712950 1.2924986761814587 48149
1668423743077 0.8478235217392989 48199
1668423756661 1.0966354927825082 48249
1668423770392 0.6121599277481431 48299
1668423784111 1.0484451773526802 48349
1668423813985 0.9667105952630224 48399
1668423827913 0.5577324499271573 48449
1668423841600 0.8973947795938384 48499
1668423855315 0.9335570493007384 48549
1668423869009 0.7068819975700907 48599
1668423899209 0.7610117791607811 48649
1668423912846 1.1209565626283626 48699
1668423926547 0.5316243163420741 48749
1668423940250 0.5269426674893729 48799
1668423970233 1.1255694504396403 48849
1668423983955 0.7946429401393174 48899
1668423997663 1.4312252683921978 48949
1668424011358 0.885268439053253 48999
1668424041282 1.0522740420388819 49049
1668424055246 1.7108065522650002 49099
1668424068948 0.7103636596190814 49149
1668424082658 0.4661648280530389 49199
1668424096358 1.1931621845211982 49249
1668424126695 1.1852748640665585 49299
1668424140328 1.068121906285329 49349
1668424154035 0.7354769259508833 49399
1668424167716 1.2027632388695055 49449
1668424198019 0.7186944600037779 49499
1668424211679 0.4879653653757795 49549
1668424225402 0.7884702479349286 49599
1668424239106 1.0874841461035958 49649
1668424269195 0.8866848669593239 49699
1668424283137 0.8583437730484781 49749
1668424296821 0.631340098814464 49799
1668424310535 0.6794632714706297 49849
1668424324262 1.1019811240521147 49899
1668424354178 1.2079713157270233 49949
1668424367819 0.8568745180199231 49999
1668424381529 1.0784234689636985 50049
1668424395218 0.44898816794923535 50099
1668424425301 0.9098147540018423 50149
1668424438942 1.1657374320878695 50199
1668424452665 1.1206129249162622 50249
1668424466364 0.6840493207150664 50299
1668424496375 1.1697870013640803 50349
1668424510243 0.5868682994265946 50399
1668424523944 1.5437012891757447 50449
1668424537648 0.7168112859267673 50499
1668424551358 0.8278013836338187 50549
1668424581583 0.6129845568708299 50599
1668424595202 0.655366857794806 50649
1668424608931 1.1148044055742257 50699
1668424622634 0.7060240158654338 50749
1668424652991 0.675908175832374 50799
1668424666734 0.8529095235929743 50849
1668424680431 1.3016987185605653 50899
1668424694132 0.8246021369370681 50949
1668424724330 0.48674421053885775 50999
1668424738213 1.4943878757978912 51049
1668424751888 0.6422145304108003 51099
1668424765586 0.7103165288565297 51149
1668424779292 0.6821819793501236 51199
1668424809940 0.9852001131724315 51249
1668424823556 0.6359376626691186 51299
1668424837263 0.5870231245739268 51349
1668424850957 0.6619166601634845 51399
1668424881083 0.701899414291807 51449
1668424894763 0.699133508161211 51499
1668424908479 1.0926019129967197 51549
1668424922191 1.180903744165988 51599
1668424952355 1.066786529847155 51649
1668424966320 0.9309655507274592 51699
1668424979985 1.0960765990497674 51749
1668424993695 0.9226530242004567 51799
1668425007394 0.8916426048129149 51849
1668425037863 1.1310378449658054 51899
1668425051508 0.9680645125401949 51949
1668425065235 0.5838111306016993 51999
1668425078943 0.7599399604850753 52049
1668425109212 1.2343872154671716 52099
1668425123007 0.9820239634245201 52149
1668425136732 0.6406347410834783 52199
1668425150434 1.4761776580489459 52249
1668425180456 0.8566415457485768 52299
1668425194394 0.7144358102749957 52349
1668425208042 0.5455405336563786 52399
1668425221750 1.6314903495940363 52449
1668425235442 0.6233756702975781 52499
1668425265841 0.813535955220871 52549
1668425279437 0.7602617236591642 52599
1668425293164 0.62078295502973 52649
1668425306878 0.6099329592253258 52699
1668425337066 0.6704593660743152 52749
1668425350916 0.8806028704650621 52799
1668425364635 0.6391068899541126 52849
1668425378335 0.7510457168947245 52899
1668425408329 0.7130890669159067 52949
1668425422235 0.787909708544898 52999
1668425435885 0.6548812026461226 53049
1668425449602 0.7770996346705353 53099
1668425463318 0.8447212617430166 53149
1668425493651 1.089513832377861 53199
1668425507252 0.778368667290934 53249
1668425520955 0.4832473397181637 53299
1668425534657 1.114473528146525 53349
1668425564670 1.2694138912565796 53399
1668425578356 0.954173632963699 53449
1668425592059 0.5685503329063284 53499
1668425605756 0.5792363692293235 53549
1668425635994 0.8177284470704125 53599
1668425649981 0.9764052141754432 53649
1668425663629 1.2100337889817028 53699
1668425677343 0.8604501285742052 53749
1668425691032 0.8797157711912742 53799
1668425721558 0.8501479407376262 53849
1668425735145 0.7133245886456432 53899
1668425748866 0.7981839084478519 53949
1668425762578 0.6486455230995797 53999
1668425792956 1.1257973013053177 54049
1668425806589 0.5951096544858555 54099
1668425820293 0.7812704080247453 54149
1668425834005 0.7302079628302911 54199
1668425847539 1.3010506280659366 54249
1668425877940 0.7532810186929406 54299
1668425891596 0.9765932792523802 54349
1668425905322 0.5725595349091913 54399
1668425919039 1.1558325832486975 54449
1668425949621 0.9362780629928552 54499
1668425963223 0.6379750445776615 54549
1668425976931 0.7375621437568878 54599
1668425990635 0.7349369591977986 54649
1668426021120 1.0280230059724347 54699
1668426034926 1.7566885063872268 54749
1668426048623 1.61917421223955 54799
1668426062329 1.0008453733650282 54849
1668426076035 0.9665470933186056 54899
1668426106343 0.6592945275179705 54949
1668426119981 0.5070192827329582 54999
1668426133694 0.8055519871451554 55049
1668426147390 1.3176539136759342 55099
1668426177897 1.0554270614934187 55149
1668426191471 1.0918609800688208 55199
1668426205171 0.9465790151191285 55249
1668426218863 0.7050998202818738 55299
1668426249198 0.7188383520414885 55349
1668426262857 0.7182024369063151 55399
1668426276552 1.0906523063599174 55449
1668426290238 0.6011233012459934 55499
1668426303923 0.6041300435081411 55549
1668426333999 0.704567932450263 55599
1668426347646 0.8213246785420139 55649
1668426361381 0.9346881937834274 55699
1668426375095 0.5766153975355883 55749
1668426405309 1.3922106820560316 55799
1668426418895 0.6366434910239502 55849
1668426432644 0.674398725540055 55899
1668426446357 0.5442344043149003 55949
1668426475655 1.3831517949343306 55999
1668426489562 0.6713439023939385 56049
1668426503256 1.1162330011374688 56099
1668426516971 1.0392463478635143 56149
1668426530678 0.637027080658461 56199
1668426560875 0.8004238033963882 56249
1668426574498 1.1646340607072876 56299
1668426588205 0.7173904054338486 56349
1668426601903 0.9157405853162591 56399
1668426632354 0.6411500899401732 56449
1668426645948 0.8115258760664291 56499
1668426659642 0.6650078829269128 56549
1668426673371 0.7374051263933564 56599
1668426703378 0.8475211606652153 56649
1668426717250 1.5229636940859408 56699
1668426730934 0.6960163861361592 56749
1668426744630 0.9224625183300905 56799
1668426758314 1.018323608672459 56849
1668426788653 1.1287007450697333 56899
1668426802402 0.6055512931414271 56949
1668426816111 0.8775197696784894 56999
1668426829811 0.5713496793715008 57049
1668426860252 0.7607408677100842 57099
1668426873863 0.8469728333643136 57149
1668426887566 1.0555372631309146 57199
1668426901271 0.8434240690894345 57249
1668426931545 0.6449054676097308 57299
1668426945465 0.7789546850382754 57349
1668426959161 1.044530476999627 57399
1668426972885 0.4677124857243635 57449
1668426986597 0.911726295299756 57499
1668427016910 1.2627293265014596 57549
1668427030556 0.8738496038300859 57599
1668427044290 1.2134116451138048 57649
1668427058018 0.7808805800086214 57699
1668427088445 1.1743756438074242 57749
1668427102175 0.9131341900925498 57799
1668427115879 0.9349805503103814 57849
1668427129592 0.8286917846230326 57899
1668427159589 0.9606586868491984 57949
1668427173381 0.8268179314937816 57999
1668427187058 0.8888840424537195 58049
1668427200774 0.8185043915409752 58099
1668427214481 0.9015010351762522 58149
1668427244671 1.1623303177193223 58199
1668427258300 0.6132634691533871 58249
1668427272032 0.9264015786119432 58299
1668427285722 1.5464178671155953 58349
1668427316159 0.7807367784689554 58399
1668427329763 1.2064984799885408 58449
1668427343475 0.6465734870051314 58499
1668427357169 1.392949942653779 58549
1668427387359 0.9998145017946138 58599
1668427401240 1.0091824924839174 58649
1668427414918 0.6903418002594148 58699
1668427428625 0.835003415842144 58749
1668427442334 0.7081040851515531 58799
1668427472422 0.7742365788711307 58849
1668427486039 1.427107027297092 58899
1668427499755 0.6838559675720374 58949
1668427513466 1.5919481086198852 58999
1668427543921 1.1578004284795793 59049
1668427557585 0.6678331518738289 59099
1668427571288 0.9662118319834843 59149
1668427584995 0.6705329730641274 59199
1668427614942 0.3543217165887982 59249
1668427628816 1.008664790658071 59299
1668427642495 0.7211866002442877 59349
1668427656216 1.0711850876216336 59399
1668427669921 1.0838902961237764 59449
1668427700289 0.6791403930379476 59499
1668427713889 0.6937001170779807 59549
1668427727589 0.6889029403909994 59599
1668427741278 0.9004724260701558 59649
1668427771782 0.9399499789149044 59699
1668427785383 0.8952951433871827 59749
1668427799093 0.8673010106355079 59799
1668427812797 0.6318029342770338 59849
1668427842868 0.6873766975129921 59899
1668427856717 1.3879891631954155 59949
1668427870409 1.034258150435858 59999
1668427884115 0.8510807493956505 60049
1668427897811 1.064848877912318 60099
1668427928466 1.1403108554243837 60149
1668427942074 0.5509081216715395 60199
1668427955789 0.8706959930343187 60249
1668427969500 1.091563504532408 60299
1668427999951 0.6745460625241317 60349
1668428013533 0.8171166171385326 60399
1668428027210 0.809927104960998 60449
1668428040911 0.9380845599407625 60499
1668428070968 0.6964127400637197 60549
1668428084840 0.5490007392865575 60599
1668428098495 0.5894391108536131 60649
1668428112205 0.8349795206428859 60699
1668428125910 0.689240485551039 60749
1668428156270 0.6189959773159879 60799
1668428169867 0.8402934278320253 60849
1668428183572 1.283551925310649 60899
1668428197269 0.8190569314765654 60949
1668428227707 0.6697525077286064 60999
1668428241394 0.7473099994409718 61049
1668428255086 0.619976604774997 61099
1668428268782 0.8757387141401274 61149
1668428298831 0.5709371429609298 61199
1668428312716 0.9819478356959859 61249
1668428326384 0.8705807964257912 61299
1668428340112 0.579756731986243 61349
1668428353830 0.8737007572515908 61399
1668428384015 0.6811758769418275 61449
1668428397597 0.698215920240409 61499
1668428411294 0.5621735844472557 61549
1668428424992 0.7925752882153932 61599
1668428455234 1.1614540643470126 61649
1668428468968 0.9245026921462018 61699
1668428482652 0.7167804990375498 61749
1668428496335 0.7816553209466542 61799
1668428526277 0.9944667237417324 61849
1668428540113 0.7530115925348342 61899
1668428553759 0.9558748122462619 61949
1668428567468 0.9734300084927502 61999
1668428581173 0.703640465787253 62049
1668428611651 0.7954740158629399 62099
1668428625375 0.7613054058849935 62149
1668428639064 0.8065211685756277 62199
1668428652770 0.7765329702798912 62249
1668428682687 1.5322115133946033 62299
1668428696574 1.1036010996017167 62349
1668428710274 1.0710073176395833 62399
1668428723978 0.9770149478883068 62449
1668428753828 0.7448672997901193 62499
1668428767738 0.7967626153388598 62549
1668428781401 0.6979618115133737 62599
1668428795119 1.2010859922008688 62649
1668428808817 0.795244296360075 62699
1668428839222 1.3535751167652497 62749
1668428852823 1.0902995744395505 62799
1668428866521 0.5073142974987196 62849
1668428880223 1.0371297253541965 62899
1668428910395 1.0891256585711298 62949
1668428924227 0.6862165736638428 62999
1668428937924 0.47839178143480676 63049
1668428951640 0.981242729086315 63099
1668428981675 0.8638016665810557 63149
1668428995582 0.6135122465073756 63199
1668429009220 1.1286672892301786 63249
1668429022928 0.7511721203148303 63299
1668429036617 0.9734070929423688 63349
1668429067105 0.5877450907108679 63399
1668429080698 0.8632547459484337 63449
1668429094389 0.556762916680672 63499
1668429108086 0.711645669497359 63549
1668429138341 0.8704733867893356 63599
1668429152304 0.842389657182378 63649
1668429165983 1.6675891947810935 63699
1668429179682 0.6246318783131101 63749
1668429209847 0.8662224313986525 63799
1668429223772 0.7333325767506019 63849
1668429237433 0.8402382060403695 63899
1668429251159 0.681249881981149 63949
1668429264885 0.8652522927266878 63999
1668429295333 0.5215906542273072 64049
1668429308919 1.1948247778803518 64099
1668429322601 0.837868198559679 64149
1668429336288 0.8602676983284792 64199
1668429366031 0.5905134229308401 64249
1668429379877 0.711782734524699 64299
1668429393566 0.7224329132893323 64349
1668429407281 0.9940827241105877 64399
1668429437607 1.211551429053848 64449
1668429451473 0.6217134821278193 64499
1668429465125 0.6826813411804671 64549
1668429478831 0.8654605733371674 64599
1668429492532 0.8313009969154548 64649
1668429522868 0.9654001564336886 64699
1668429536440 1.0072308858798944 64749
1668429550127 0.8666528286015203 64799
1668429563834 1.139650816113237 64849
1668429594119 0.6338866099506468 64899
1668429607917 0.660218341360255 64949
1668429621616 0.6039988233597366 64999
1668429635324 1.0921053374931746 65049
1668429648858 0.7813407924976649 65099
