1668406925384 0.5729768872261047 216
1668407001197 0.5682080984115601 433
1668407077327 0.5842485427856445 650
1668407154223 0.597687840461731 867
1668407229638 0.6255780458450317 1084
1668407305525 0.6245664954185486 1301
1668407381660 0.6456647515296936 1518
1668407457720 0.6468207836151123 1735
1668407533698 0.6486994028091431 1952
1668407609616 0.6520231366157532 2169
1668407685626 0.6533237099647522 2386
1668407761590 0.6543352603912354 2603
1668407837010 0.6599711179733276 2820
1668407913242 0.6563583612442017 3037
1668407988844 0.6735548973083496 3254
1668408064724 0.6654624342918396 3471
1668408140307 0.672109842300415 3688
1668408216449 0.6768786311149597 3905
1668408292320 0.6723988652229309 4122
1668408368246 0.6702312231063843 4339
1668408444185 0.6744219660758972 4556
1668408520202 0.6806358098983765 4773
1668408596171 0.6829479932785034 4990
1668408672239 0.6854045987129211 5207
1668408748248 0.6862716674804688 5424
1668408823778 0.6927745938301086 5641
1668408899838 0.6894508600234985 5858
1668408975461 0.6861271858215332 6075
1668409051183 0.6921965479850769 6292
1668409127008 0.6887283325195312 6509
1668409202832 0.6953757405281067 6726
1668409278894 0.7002890110015869 6943
1668409354637 0.6901733875274658 7160
1668409430481 0.7013005614280701 7377
1668409506310 0.6994219422340393 7594
1668409582483 0.6963872909545898 7811
1668409658164 0.7001445293426514 8028
1668409733930 0.7089595198631287 8245
1668409809749 0.7030346989631653 8462
1668409885438 0.7031791806221008 8679
1668409961558 0.7075144648551941 8896
1668410037870 0.6984103918075562 9113
1668410113958 0.7008670568466187 9330
1668410189700 0.7052023410797119 9547
1668410265949 0.7030346989631653 9764
1668410341785 0.7053468227386475 9981
1668410417759 0.709104061126709 10198
1668410493616 0.704190731048584 10415
1668410569672 0.7153179049491882 10632
1668410645696 0.7057803273200989 10849
1668410721940 0.7086704969406128 11066
1668410798237 0.7053468227386475 11283
1668410873920 0.710404634475708 11500
1668410950118 0.703612744808197 11717
1668411025663 0.704913318157196 11934
1668411101848 0.7069364190101624 12151
1668411178006 0.7108381390571594 12368
1668411253609 0.7072254419326782 12585
1668411329675 0.7101156115531921 12802
1668411405799 0.7124277353286743 13019
1668411481982 0.7075144648551941 13236
1668411558295 0.7114161849021912 13453
1668411634277 0.702890157699585 13670
1668411710559 0.7114161849021912 13887
1668411786387 0.7122832536697388 14104
1668411862402 0.7079479694366455 14321
1668411938430 0.7134392857551575 14538
1668412014336 0.7102600932121277 14755
1668412090250 0.7141618728637695 14972
1668412166538 0.7007225155830383 15189
1668412242642 0.7115606665611267 15406
1668412318888 0.7026011347770691 15623
1668412394907 0.7127167582511902 15840
1668412470786 0.7111271619796753 16057
1668412546727 0.7134392857551575 16274
1668412622812 0.7073699235916138 16491
1668412698962 0.7062138915061951 16708
1668412774993 0.7082369923591614 16925
1668412851393 0.7020231485366821 17142
1668412927246 0.703612744808197 17359
1668413003317 0.70780348777771 17576
1668413079492 0.7085260152816772 17793
1668413155881 0.7099710702896118 18010
1668413231928 0.7059248685836792 18227
1668413307897 0.7096821069717407 18444
1668413384035 0.7046242952346802 18661
1668413460293 0.7101156115531921 18878
1668413536147 0.7034682035446167 19095
1668413611927 0.7099710702896118 19312
1668413688173 0.7050577998161316 19529
1668413764219 0.7114161849021912 19746
1668413840194 0.7128612995147705 19963
1668413916292 0.7131502628326416 20180
1668413992817 0.7095375657081604 20397
1668414069369 0.7089595198631287 20614
1668414145358 0.7082369923591614 20831
1668414221276 0.70780348777771 21048
1668414297474 0.706791877746582 21265
1668414373849 0.7093930840492249 21482
1668414449940 0.7057803273200989 21699
1668414526007 0.7121387124061584 21916
1668414601556 0.7093930840492249 22133
1668414677499 0.7092485427856445 22350
1668414753584 0.7131502628326416 22567
1668414829464 0.7109826803207397 22784
1668414905394 0.7014451026916504 23001
1668414981647 0.7112717032432556 23218
1668415057681 0.7134392857551575 23435
1668415133842 0.7099710702896118 23652
1668415209959 0.7143063545227051 23869
1668415286168 0.7111271619796753 24086
1668415362605 0.7013005614280701 24303
1668415438896 0.7111271619796753 24520
1668415515217 0.7102600932121277 24737
1668415591842 0.704913318157196 24954
1668415667428 0.7052023410797119 25171
1668415743379 0.7141618728637695 25388
1668415819496 0.7102600932121277 25605
1668415895755 0.7115606665611267 25822
1668415971682 0.7056358456611633 26039
1668416047684 0.7085260152816772 26256
1668416124155 0.7044797539710999 26473
1668416199966 0.7030346989631653 26690
1668416276278 0.7170520424842834 26907
1668416352806 0.7075144648551941 27124
1668416428973 0.7076589465141296 27341
1668416505174 0.7114161849021912 27558
1668416581290 0.710404634475708 27775
1668416657397 0.7092485427856445 27992
1668416733148 0.7098265886306763 28209
1668416808967 0.7148844003677368 28426
1668416885108 0.7114161849021912 28643
1668416961146 0.7086704969406128 28860
1668417037439 0.705491304397583 29077
1668417113372 0.7115606665611267 29294
1668417189170 0.7108381390571594 29511
1668417265387 0.7111271619796753 29728
1668417341280 0.7154624462127686 29945
1668417417083 0.7069364190101624 30162
1668417493328 0.7082369923591614 30379
1668417569354 0.7057803273200989 30596
1668417645320 0.706791877746582 30813
1668417721226 0.7060693502426147 31030
1668417797147 0.7076589465141296 31247
1668417873303 0.7190751433372498 31464
1668417949478 0.70780348777771 31681
1668418026251 0.7093930840492249 31898
1668418101998 0.7065029144287109 32115
1668418178458 0.7141618728637695 32332
1668418254294 0.7073699235916138 32549
1668418330469 0.7137283086776733 32766
1668418406788 0.7099710702896118 32983
1668418482787 0.7108381390571594 33200
1668418558908 0.7164739966392517 33417
1668418634484 0.710404634475708 33634
1668418710885 0.7119942307472229 33851
1668418787130 0.7056358456611633 34068
1668418863413 0.7082369923591614 34285
1668418939751 0.7079479694366455 34502
1668419015703 0.7150288820266724 34719
1668419091704 0.7063583731651306 34936
1668419167575 0.7128612995147705 35153
1668419243498 0.7121387124061584 35370
1668419319699 0.7121387124061584 35587
1668419395658 0.7034682035446167 35804
1668419472028 0.7119942307472229 36021
1668419548368 0.7093930840492249 36238
1668419623970 0.7039017081260681 36455
1668419700062 0.7106936573982239 36672
1668419776419 0.7079479694366455 36889
1668419853125 0.7072254419326782 37106
1668419929144 0.7080925107002258 37323
1668420005375 0.7108381390571594 37540
1668420081152 0.7111271619796753 37757
1668420157027 0.7125722765922546 37974
1668420233308 0.7148844003677368 38191
1668420309367 0.7160404920578003 38408
1668420385287 0.7127167582511902 38625
1668420461225 0.7106936573982239 38842
1668420537487 0.7102600932121277 39059
1668420613012 0.7060693502426147 39276
1668420689224 0.7109826803207397 39493
1668420765325 0.703612744808197 39710
1668420841736 0.7121387124061584 39927
1668420918177 0.7079479694366455 40144
1668420994165 0.7112717032432556 40361
1668421070285 0.7072254419326782 40578
1668421146348 0.7079479694366455 40795
1668421222094 0.7109826803207397 41012
1668421298286 0.7147398591041565 41229
1668421374506 0.704913318157196 41446
1668421450522 0.7096821069717407 41663
1668421526953 0.7151734232902527 41880
1668421602929 0.710404634475708 42097
1668421679030 0.7065029144287109 42314
1668421755165 0.7060693502426147 42531
1668421831463 0.7138728499412537 42748
1668421907991 0.7122832536697388 42965
1668421983868 0.7102600932121277 43182
1668422060460 0.7124277353286743 43399
1668422136286 0.7128612995147705 43616
1668422212189 0.709104061126709 43833
1668422288301 0.7102600932121277 44050
1668422363946 0.7135838270187378 44267
1668422439953 0.7124277353286743 44484
1668422515957 0.7098265886306763 44701
1668422592397 0.7127167582511902 44918
1668422668637 0.7056358456611633 45135
1668422744888 0.7118496894836426 45352
1668422821215 0.710404634475708 45569
1668422897093 0.7089595198631287 45786
1668422973098 0.7106936573982239 46003
1668423049423 0.7083814740180969 46220
1668423125549 0.7070809006690979 46437
1668423201774 0.7095375657081604 46654
1668423278182 0.70780348777771 46871
1668423354046 0.7075144648551941 47088
1668423429997 0.7047687768936157 47305
1668423506131 0.7143063545227051 47522
1668423582039 0.7098265886306763 47739
1668423658059 0.7160404920578003 47956
1668423733721 0.7024566531181335 48173
1668423809758 0.7150288820266724 48390
1668423885683 0.7160404920578003 48607
1668423961423 0.7044797539710999 48824
1668424037331 0.7037572264671326 49041
1668424113471 0.7069364190101624 49258
1668424189390 0.7073699235916138 49475
1668424265529 0.7082369923591614 49692
1668424341246 0.7044797539710999 49909
1668424417090 0.7085260152816772 50126
1668424493023 0.7154624462127686 50343
1668424568885 0.7140173316001892 50560
1668424644994 0.7085260152816772 50777
1668424721203 0.7046242952346802 50994
1668424797420 0.7093930840492249 51211
1668424873284 0.7056358456611633 51428
1668424949457 0.7127167582511902 51645
1668425025607 0.7108381390571594 51862
1668425101887 0.7108381390571594 52079
1668425177835 0.7096821069717407 52296
1668425254022 0.7164739966392517 52513
1668425330009 0.7086704969406128 52730
1668425405963 0.7177745699882507 52947
1668425482069 0.7144508957862854 53164
1668425557827 0.7043352723121643 53381
1668425633930 0.7141618728637695 53598
1668425710237 0.705491304397583 53815
1668425786140 0.7105491161346436 54032
1668425862249 0.7160404920578003 54249
1668425938636 0.7137283086776733 54466
1668426014926 0.7101156115531921 54683
1668426090887 0.7075144648551941 54900
1668426167052 0.7144508957862854 55117
1668426243102 0.7114161849021912 55334
1668426318826 0.7108381390571594 55551
1668426394671 0.7069364190101624 55768
1668426469990 0.7079479694366455 55985
1668426546083 0.7141618728637695 56202
1668426622115 0.7072254419326782 56419
1668426698032 0.7111271619796753 56636
1668426773957 0.7043352723121643 56853
1668426850251 0.7153179049491882 57070
1668426926273 0.70780348777771 57287
1668427002590 0.7137283086776733 57504
1668427078810 0.7121387124061584 57721
1668427154753 0.7166184782981873 57938
1668427230676 0.7106936573982239 58155
1668427306770 0.7086704969406128 58372
1668427382838 0.7089595198631287 58589
1668427458677 0.7127167582511902 58806
1668427534890 0.7086704969406128 59023
1668427610726 0.7154624462127686 59240
1668427686734 0.7156069278717041 59457
1668427762932 0.7073699235916138 59674
1668427838889 0.7148844003677368 59891
1668427915255 0.7093930840492249 60108
1668427991352 0.7070809006690979 60325
1668428067266 0.7086704969406128 60542
1668428143317 0.714595377445221 60759
1668428219502 0.7128612995147705 60976
1668428295453 0.7112717032432556 61193
1668428371302 0.7088150382041931 61410
1668428447329 0.7132948040962219 61627
1668428523119 0.7115606665611267 61844
1668428599161 0.7122832536697388 62061
1668428675135 0.7109826803207397 62278
1668428750942 0.7043352723121643 62495
1668428827026 0.7106936573982239 62712
1668428903134 0.7106936573982239 62929
1668428979092 0.7060693502426147 63146
1668429055176 0.7156069278717041 63363
1668429131320 0.703612744808197 63580
1668429207545 0.7106936573982239 63797
1668429283751 0.7121387124061584 64014
1668429359321 0.7102600932121277 64231
1668429435563 0.7160404920578003 64448
1668429511505 0.7150288820266724 64665
1668429587641 0.7111271619796753 64882
1668429663032 0.7127167582511902 65099
