1669608828452 0.5 49
1669608843077 0.6666666865348816 99
1669608858114 0.9090909361839294 149
1669608872712 0.3333333134651184 199
1669608899648 1.0 249
1669608914308 0.4000000059604645 299
1669608928957 0.25 349
1669608943574 0.800000011920929 399
1669608970770 0.2857142984867096 449
1669608985374 0.444444477558136 499
1669608999997 0.5714285373687744 549
1669609014909 0.4000000059604645 599
1669609029794 0.4000000059604645 649
1669609056875 0.5714285373687744 699
1669609071614 0.4000000059604645 749
1669609086332 0.2857142984867096 799
1669609100969 0.0 849
1669609128157 0.8333333134651184 899
1669609142926 0.0 949
1669609157773 0.2857142984867096 999
1669609172635 0.25 1049
1669609199817 0.5 1099
1669609214551 0.5714285373687744 1149
1669609229209 0.3333333432674408 1199
1669609243894 0.222222238779068 1249
1669609258682 0.2857142984867096 1299
1669609286285 0.6666666865348816 1349
1669609301214 0.2857142984867096 1399
1669609315930 0.8000000715255737 1449
1669609330795 0.2857142984867096 1499
1669609357984 0.888888955116272 1549
1669609372643 0.3333333432674408 1599
1669609387280 0.3333333432674408 1649
1669609402172 0.2857142984867096 1699
1669609429297 0.25 1749
1669609444046 0.4000000059604645 1799
1669609458665 0.0 1849
1669609473582 0.2857142984867096 1899
1669609488296 0.2857142686843872 1949
1669609515578 0.0 1999
1669609530257 0.4000000059604645 2049
1669609545077 0.5 2099
1669609559736 0.3333333134651184 2149
1669609587264 0.6666666865348816 2199
1669609601967 0.6666666865348816 2249
1669609616691 0.3333333432674408 2299
1669609631527 0.0 2349
1669609658697 0.0 2399
1669609673460 0.5714285969734192 2449
1669609688325 0.888888955116272 2499
1669609703031 0.75 2549
1669609717846 0.0 2599
1669609745086 0.0 2649
1669609759926 0.3333333134651184 2699
1669609774744 0.4000000059604645 2749
1669609789456 0.5 2799
1669609816807 0.2857142984867096 2849
1669609831605 0.5714285373687744 2899
1669609846365 0.0 2949
1669609861012 0.5 2999
1669609888278 0.6666666865348816 3049
1669609903164 0.25 3099
1669609917805 0.5 3149
1669609932496 0.3333333432674408 3199
1669609947092 0.3333333432674408 3249
1669609974454 0.0 3299
1669609989321 0.6666666865348816 3349
1669610004001 0.0 3399
1669610018690 0.0 3449
1669610045899 0.3333333432674408 3499
1669610060722 0.4000000059604645 3549
1669610075536 0.75 3599
1669610090201 0.6666666865348816 3649
1669610117834 0.800000011920929 3699
1669610132546 0.444444477558136 3749
1669610147227 0.5714285373687744 3799
1669610161933 0.5714285373687744 3849
1669610176733 0.888888955116272 3899
1669610204072 0.6666666865348816 3949
1669610218937 0.6666666865348816 3999
1669610233630 0.888888955116272 4049
1669610248783 0.9090909361839294 4099
1669610276413 0.8571428656578064 4149
1669610291115 0.2857142686843872 4199
1669610305776 0.5714285373687744 4249
1669610320420 0.6666666865348816 4299
1669610347675 0.0 4349
1669610362455 0.3333333432674408 4399
1669610377155 0.6666666865348816 4449
1669610391909 0.8571428656578064 4499
1669610406736 0.5 4549
1669610434114 0.8000000715255737 4599
1669610448784 0.4000000059604645 4649
1669610463691 0.0 4699
1669610478390 0.0 4749
1669610505701 0.6666666865348816 4799
1669610520368 0.5 4849
1669610535211 0.800000011920929 4899
1669610549884 0.5 4949
1669610577240 0.6666666865348816 4999
1669610592053 0.6666666865348816 5049
1669610606755 0.800000011920929 5099
1669610621431 0.3333333134651184 5149
1669610636218 0.6666666865348816 5199
1669610663341 0.5 5249
1669610678120 1.0 5299
1669610692998 0.6666666865348816 5349
1669610707688 0.2857142984867096 5399
1669610735282 0.75 5449
1669610749973 0.5 5499
1669610764742 0.75 5549
1669610779448 0.888888955116272 5599
1669610806753 0.0 5649
1669610821426 0.5 5699
1669610836394 0.888888955116272 5749
1669610851239 0.0 5799
1669610866070 0.0 5849
1669610893312 0.5714285969734192 5899
1669610908052 0.6666666865348816 5949
1669610922804 0.0 5999
1669610937608 0.0 6049
1669610964894 0.6666666865348816 6099
1669610979598 0.4000000059604645 6149
1669610994455 0.5714285969734192 6199
1669611009230 0.6666666865348816 6249
1669611036504 0.6666666865348816 6299
1669611051238 0.0 6349
1669611066020 0.800000011920929 6399
1669611080790 0.800000011920929 6449
1669611095503 0.6666666865348816 6499
1669611122722 0.6666666865348816 6549
1669611137561 0.0 6599
1669611152295 0.3333333134651184 6649
1669611167134 0.6666666865348816 6699
1669611194528 0.4000000059604645 6749
1669611209333 0.25 6799
1669611224177 1.0 6849
1669611238870 0.75 6899
1669611266059 0.8571428656578064 6949
1669611280828 1.0 6999
1669611295673 0.4000000059604645 7049
1669611310529 0.800000011920929 7099
1669611325234 0.6666666865348816 7149
1669611352707 0.75 7199
1669611367426 0.5714285969734192 7249
1669611382330 0.4000000059604645 7299
1669611396997 0.75 7349
1669611424329 0.4000000059604645 7399
1669611439174 0.25 7449
1669611453901 0.0 7499
1669611468680 0.5714285969734192 7549
1669611496033 0.8571428656578064 7599
1669611510703 1.0 7649
1669611525505 0.888888955116272 7699
1669611540171 1.0 7749
1669611554866 0.4000000059604645 7799
1669611582327 0.0 7849
1669611597083 0.6666666865348816 7899
1669611611726 1.0 7949
1669611626647 0.888888955116272 7999
1669611654124 0.800000011920929 8049
1669611668825 1.0 8099
1669611683659 0.75 8149
1669611698362 0.3333333432674408 8199
1669611725729 0.0 8249
1669611740644 0.5 8299
1669611755421 0.5714285969734192 8349
1669611770134 0.0 8399
1669611784825 1.0 8449
1669611812008 0.3333333432674408 8499
1669611826815 0.800000011920929 8549
1669611841634 0.4000000059604645 8599
1669611856288 0.800000011920929 8649
1669611883609 0.0 8699
1669611898257 0.5 8749
1669611912911 0.5 8799
1669611927577 0.6666666865348816 8849
1669611954766 1.0 8899
1669611969592 0.6000000238418579 8949
1669611984422 0.8571428656578064 8999
1669611999523 0.0 9049
1669612014239 0.3333333432674408 9099
1669612041638 0.5 9149
1669612056361 0.6666666865348816 9199
1669612071063 0.6666666865348816 9249
1669612085727 0.888888955116272 9299
1669612113085 1.0 9349
1669612127754 0.0 9399
1669612142756 0.5 9449
1669612157557 0.5 9499
1669612185184 0.8571428656578064 9549
1669612199927 0.0 9599
1669612214928 0.5714285969734192 9649
1669612229754 0.800000011920929 9699
1669612244607 0.75 9749
1669612271888 1.0 9799
1669612286536 0.0 9849
1669612301584 0.6666666865348816 9899
1669612316297 0.9090909361839294 9949
1669612343835 0.6666666865348816 9999
1669612358475 0.4000000059604645 10049
1669612373142 0.888888955116272 10099
1669612387971 0.4000000059604645 10149
1669612415663 0.0 10199
1669612430529 0.6666666865348816 10249
1669612445534 0.4000000059604645 10299
1669612460196 1.0 10349
1669612474878 0.5714285373687744 10399
1669612502072 0.5 10449
1669612516754 0.888888955116272 10499
1669612531588 1.0 10549
1669612546400 0.5 10599
1669612573752 0.9090909361839294 10649
1669612588387 1.0 10699
1669612603203 0.6666666865348816 10749
1669612618008 0.6666666865348816 10799
1669612632566 0.0 10849
1669612660126 1.0 10899
1669612674809 0.6666666865348816 10949
1669612689624 0.888888955116272 10999
1669612704445 0.6666666865348816 11049
1669612731944 0.5 11099
1669612746802 0.75 11149
1669612761588 0.0 11199
1669612776274 0.4000000059604645 11249
1669612803583 0.9090909361839294 11299
1669612818365 0.8571428656578064 11349
1669612833033 0.800000011920929 11399
1669612847683 0.6666666865348816 11449
1669612862495 0.5 11499
1669612889807 0.75 11549
1669612904649 0.800000011920929 11599
1669612919462 0.75 11649
1669612934292 0.4000000059604645 11699
1669612962139 0.800000011920929 11749
1669612976816 0.6666666865348816 11799
1669612991681 0.800000011920929 11849
1669613006405 0.5 11899
1669613034000 0.0 11949
1669613048858 0.4000000059604645 11999
1669613063563 0.6666666865348816 12049
1669613078382 0.4000000059604645 12099
1669613093024 0.5 12149
1669613120477 0.6666666865348816 12199
1669613135128 0.6666666865348816 12249
1669613149917 1.0 12299
1669613164631 0.8571428656578064 12349
1669613191987 0.6666666865348816 12399
1669613206828 0.8571428656578064 12449
1669613221619 1.0 12499
1669613236321 0.5 12549
1669613263710 0.3333333432674408 12599
1669613278509 0.5 12649
1669613293185 0.5714285969734192 12699
1669613307935 0.3333333134651184 12749
1669613322945 0.8571428656578064 12799
1669613350372 0.800000011920929 12849
1669613365153 0.800000011920929 12899
1669613379797 0.8571428656578064 12949
1669613394482 0.888888955116272 12999
1669613422177 0.4000000059604645 13049
1669613437252 0.5 13099
1669613452299 0.5714285373687744 13149
1669613467054 0.8571428656578064 13199
1669613494551 0.6666666865348816 13249
1669613509194 1.0 13299
1669613523835 0.6666666865348816 13349
1669613538491 0.75 13399
1669613553283 0.8571428656578064 13449
1669613580730 0.6666666865348816 13499
1669613595463 0.6666666865348816 13549
1669613610307 0.800000011920929 13599
1669613625124 0.5 13649
1669613652613 0.888888955116272 13699
1669613667382 0.5 13749
1669613682176 0.5 13799
1669613696976 0.0 13849
1669613724375 0.5 13899
1669613739355 0.8571428656578064 13949
1669613754056 0.4000000059604645 13999
1669613768963 0.8571428656578064 14049
1669613783646 0.5714285373687744 14099
1669613810979 0.6666666865348816 14149
1669613825691 0.800000011920929 14199
1669613840476 0.800000011920929 14249
1669613855187 0.800000011920929 14299
1669613882716 0.75 14349
1669613897711 0.800000011920929 14399
1669613912684 0.6666666865348816 14449
1669613927611 1.0 14499
1669613955078 0.800000011920929 14549
1669613969812 0.5714285969734192 14599
1669613984523 1.0 14649
1669613999550 0.5714285969734192 14699
1669614014273 0.0 14749
1669614041853 0.0 14799
1669614056681 0.5 14849
1669614071365 0.800000011920929 14899
1669614086024 0.75 14949
1669614113503 1.0 14999
1669614128271 0.6666666865348816 15049
1669614143034 0.4000000059604645 15099
1669614157815 0.5714285373687744 15149
1669614185266 0.5 15199
1669614200133 0.5 15249
1669614214938 0.800000011920929 15299
1669614229621 0.8571428656578064 15349
1669614244465 0.6666666865348816 15399
1669614272126 1.0 15449
1669614286932 0.6666666865348816 15499
1669614301731 0.75 15549
1669614316480 0.4000000059604645 15599
1669614343884 0.5 15649
1669614358697 0.75 15699
1669614373405 0.5714285373687744 15749
1669614388070 0.75 15799
1669614415453 0.5714285969734192 15849
1669614430081 0.3333333432674408 15899
1669614445016 0.888888955116272 15949
1669614459647 0.6666666865348816 15999
1669614474389 0.5714285373687744 16049
1669614501745 0.6666666865348816 16099
1669614516686 0.800000011920929 16149
1669614531369 0.3333333432674408 16199
1669614546002 0.5 16249
1669614573290 0.5 16299
1669614588009 0.800000011920929 16349
1669614602739 1.0 16399
1669614617747 0.5 16449
1669614645410 0.4000000059604645 16499
1669614660231 0.6666666865348816 16549
1669614674900 0.75 16599
1669614689561 0.800000011920929 16649
1669614704224 0.6666666865348816 16699
1669614731944 0.444444477558136 16749
1669614746890 0.0 16799
1669614761547 0.6666666865348816 16849
1669614776252 0.444444477558136 16899
1669614803992 0.5714285969734192 16949
1669614818689 0.6666666865348816 16999
1669614833406 0.6666666865348816 17049
1669614848089 0.8571428656578064 17099
1669614875512 0.5999999642372131 17149
1669614890187 0.6666666865348816 17199
1669614904847 0.800000011920929 17249
1669614919539 0.8571428656578064 17299
1669614934373 0.4000000059604645 17349
1669614961909 0.8571428656578064 17399
1669614976633 0.888888955116272 17449
1669614991303 0.0 17499
1669615006013 0.5 17549
1669615033388 0.6666666865348816 17599
1669615048254 1.0 17649
1669615063061 0.888888955116272 17699
1669615077865 0.9090909361839294 17749
1669615105323 0.4000000059604645 17799
1669615120097 0.0 17849
1669615134823 0.3333333432674408 17899
1669615149695 0.9090909361839294 17949
1669615164413 0.5714285373687744 17999
1669615191812 0.5714285373687744 18049
1669615206439 0.0 18099
1669615221346 0.0 18149
1669615235958 0.8571428656578064 18199
1669615263313 0.8571428656578064 18249
1669615278080 1.0 18299
1669615292922 0.6666666865348816 18349
1669615307614 0.6666666865348816 18399
1669615335129 0.8571428656578064 18449
1669615350078 0.0 18499
1669615364787 0.6666666865348816 18549
1669615379497 0.6666666865348816 18599
1669615394204 0.5 18649
1669615421349 0.0 18699
1669615436074 1.0 18749
1669615450853 1.0 18799
1669615465741 0.6666666865348816 18849
1669615493496 0.5 18899
1669615508200 0.5714285373687744 18949
1669615522871 0.0 18999
1669615537538 0.6666666865348816 19049
1669615564927 0.800000011920929 19099
1669615579640 0.6666666865348816 19149
1669615594369 0.5 19199
1669615609270 0.5 19249
1669615624089 0.75 19299
1669615651736 0.5 19349
1669615666630 0.5714285969734192 19399
1669615681310 0.6666666865348816 19449
1669615696047 0.8571428656578064 19499
1669615723493 0.800000011920929 19549
1669615738318 0.0 19599
1669615753134 0.8571428656578064 19649
1669615767842 0.75 19699
1669615795313 0.5 19749
1669615810130 0.6666666865348816 19799
1669615824823 0.5714285373687744 19849
1669615839523 0.0 19899
1669615854266 0.6666666865348816 19949
1669615881520 1.0 19999
1669615896335 1.0 20049
1669615911145 0.9090909361839294 20099
1669615925860 0.6666666865348816 20149
1669615953286 0.8571428656578064 20199
1669615967945 0.8571428656578064 20249
1669615982632 0.0 20299
1669615997318 1.0 20349
1669616024680 0.3333333432674408 20399
1669616039644 0.800000011920929 20449
1669616054331 0.5 20499
1669616069152 0.6666666865348816 20549
1669616083935 0.8571428656578064 20599
1669616111194 0.6666666865348816 20649
1669616125960 0.5714285373687744 20699
1669616140681 0.6666666865348816 20749
1669616155365 0.5714285969734192 20799
1669616182936 0.800000011920929 20849
1669616197775 0.6666666865348816 20899
1669616212593 0.0 20949
1669616227291 0.8571428656578064 20999
1669616254807 0.75 21049
1669616269527 1.0 21099
1669616284262 0.800000011920929 21149
1669616299115 0.75 21199
1669616313800 0.5714285373687744 21249
1669616341313 0.75 21299
1669616356051 0.5714285373687744 21349
1669616370890 0.0 21399
1669616385635 0.4000000059604645 21449
1669616413091 0.800000011920929 21499
1669616427956 0.5 21549
1669616442695 0.6666666865348816 21599
1669616457555 0.75 21649
1669616472093 0.0 21699
1669616499672 0.6666666865348816 21749
1669616514630 1.0 21799
1669616529332 0.800000011920929 21849
1669616544017 0.800000011920929 21899
1669616571294 0.75 21949
1669616586111 0.9230769276618958 21999
1669616600956 0.6666666865348816 22049
1669616615651 0.4000000059604645 22099
1669616643137 0.800000011920929 22149
1669616657979 0.0 22199
1669616672976 1.0 22249
1669616687938 0.0 22299
1669616702755 0.8333333730697632 22349
1669616730338 0.800000011920929 22399
1669616745195 0.5714285969734192 22449
1669616760187 0.8571428656578064 22499
1669616774884 0.75 22549
1669616802232 0.8571428656578064 22599
1669616817003 0.0 22649
1669616831853 0.0 22699
1669616846531 0.5 22749
1669616873992 0.5714285969734192 22799
1669616888878 0.0 22849
1669616903850 0.4000000059604645 22899
1669616918546 0.888888955116272 22949
1669616933215 0.75 22999
1669616960660 0.4000000059604645 23049
1669616975480 0.6666666865348816 23099
1669616990174 0.888888955116272 23149
1669617004870 0.0 23199
1669617032235 0.800000011920929 23249
1669617047203 0.0 23299
1669617061909 0.6666666865348816 23349
1669617076773 0.6666666865348816 23399
1669617104109 0.5 23449
1669617118818 0.5714285969734192 23499
1669617133658 0.0 23549
1669617148349 0.5 23599
1669617163127 0.6666666865348816 23649
1669617190946 0.6666666865348816 23699
1669617205739 0.8571428656578064 23749
1669617220462 0.5 23799
1669617235275 1.0 23849
1669617262393 0.0 23899
1669617277067 0.800000011920929 23949
1669617291749 0.6666666865348816 23999
1669617306424 0.0 24049
1669617333976 1.0 24099
1669617348639 0.0 24149
1669617363445 0.800000011920929 24199
1669617378133 0.6666666865348816 24249
1669617393055 0.5 24299
1669617420366 0.75 24349
1669617435008 0.8571428656578064 24399
1669617449626 0.3333333432674408 24449
1669617464262 0.75 24499
1669617491902 0.5 24549
1669617506595 1.0 24599
1669617521372 0.0 24649
1669617535990 0.8571428656578064 24699
1669617563502 0.6666666865348816 24749
1669617578339 0.4000000059604645 24799
1669617593329 1.0 24849
1669617608071 0.5 24899
1669617622754 0.0 24949
1669617650465 0.6666666865348816 24999
1669617665302 0.6666666865348816 25049
1669617679978 0.75 25099
1669617694808 0.6666666865348816 25149
1669617722132 0.0 25199
1669617736845 0.5 25249
1669617751682 0.800000011920929 25299
1669617766364 0.8571428656578064 25349
1669617793786 0.0 25399
1669617808517 1.0 25449
1669617823529 0.5 25499
1669617838273 1.0 25549
1669617853025 0.75 25599
1669617880389 0.2857142984867096 25649
1669617895237 0.6666666865348816 25699
1669617910142 0.6666666865348816 25749
1669617925098 0.6666666865348816 25799
1669617952461 0.8571428656578064 25849
1669617967411 0.8000000715255737 25899
1669617982096 0.3333333432674408 25949
1669617996800 0.0 25999
1669618024287 0.800000011920929 26049
1669618039049 0.6666666865348816 26099
1669618053934 0.5 26149
1669618068657 0.2857142686843872 26199
1669618083443 1.0 26249
1669618111037 0.0 26299
1669618125754 0.8571428656578064 26349
1669618140449 0.8571428656578064 26399
1669618155119 0.8571428656578064 26449
1669618182422 0.6666666865348816 26499
1669618197131 1.0 26549
1669618212172 0.6666666865348816 26599
1669618226979 0.4000000059604645 26649
1669618254453 0.75 26699
1669618269272 0.800000011920929 26749
1669618283959 1.0 26799
1669618298724 0.800000011920929 26849
1669618313433 1.0 26899
1669618340721 0.6666666865348816 26949
1669618355516 0.2857142686843872 26999
1669618370472 0.0 27049
1669618385182 0.0 27099
1669618412809 0.4000000059604645 27149
1669618427523 0.4000000059604645 27199
1669618442247 0.4000000059604645 27249
1669618456955 0.4000000059604645 27299
1669618484522 0.6666666865348816 27349
1669618499370 0.6666666865348816 27399
1669618514347 0.6666666865348816 27449
1669618529040 0.0 27499
1669618543775 0.888888955116272 27549
1669618571357 0.0 27599
1669618586033 0.5714285373687744 27649
1669618600762 0.75 27699
1669618615593 0.4000000059604645 27749
1669618643236 0.8571428656578064 27799
1669618657918 0.0 27849
1669618672709 1.0 27899
1669618687411 0.3333333432674408 27949
1669618714976 0.800000011920929 27999
1669618729668 1.0 28049
1669618744467 0.8571428656578064 28099
1669618759128 0.75 28149
1669618773967 0.4000000059604645 28199
1669618801282 0.8571428656578064 28249
1669618816289 0.5 28299
1669618831008 0.6666666865348816 28349
1669618845685 0.8571428656578064 28399
1669618873099 0.8571428656578064 28449
1669618887793 0.800000011920929 28499
1669618902822 0.0 28549
1669618917504 0.5 28599
1669618945004 0.0 28649
1669618959746 0.2857142984867096 28699
1669618974584 0.75 28749
1669618989298 0.5714285969734192 28799
1669619003965 0.7272727489471436 28849
1669619031517 0.6666666865348816 28899
1669619046178 0.6666666865348816 28949
1669619061015 0.6666666865348816 28999
1669619075700 0.6666666865348816 29049
1669619103446 1.0 29099
1669619118231 1.0 29149
1669619132925 1.0 29199
1669619147626 0.3333333134651184 29249
1669619174960 1.0 29299
1669619189788 0.8333333134651184 29349
1669619204653 0.0 29399
1669619219419 1.0 29449
1669619234105 1.0 29499
1669619261624 0.6666666865348816 29549
1669619276330 0.6666666865348816 29599
1669619290999 0.0 29649
1669619305718 0.6666666865348816 29699
1669619333194 0.6666666865348816 29749
1669619348046 0.0 29799
1669619363020 0.75 29849
1669619377893 1.0 29899
1669619405264 0.800000011920929 29949
1669619420043 0.888888955116272 29999
1669619434862 0.800000011920929 30049
1669619449655 0.6666666865348816 30099
1669619464547 0.6666666865348816 30149
1669619492134 0.6666666865348816 30199
1669619506816 0.8571428656578064 30249
1669619521647 0.6666666865348816 30299
1669619536460 0.6666666865348816 30349
1669619563856 0.0 30399
1669619578521 0.6000000238418579 30449
1669619593351 0.4000000059604645 30499
1669619608027 0.5 30549
1669619635301 0.6666666865348816 30599
1669619649969 0.888888955116272 30649
1669619664783 0.5714285373687744 30699
1669619679708 1.0 30749
1669619694464 0.6666666865348816 30799
1669619722224 0.8571428656578064 30849
1669619736881 0.8571428656578064 30899
1669619751600 0.800000011920929 30949
1669619766431 0.800000011920929 30999
1669619793849 0.0 31049
1669619808523 0.6666666865348816 31099
1669619823481 0.6666666865348816 31149
1669619838201 0.5714285969734192 31199
1669619865895 0.8571428656578064 31249
1669619880699 1.0 31299
1669619895372 0.6666666865348816 31349
1669619910084 0.6666666865348816 31399
1669619924761 0.6666666865348816 31449
1669619952272 1.0 31499
1669619967102 0.75 31549
1669619981835 0.75 31599
1669619996639 0.8571428656578064 31649
1669620024010 1.0 31699
1669620038629 1.0 31749
1669620053463 0.0 31799
1669620068202 0.5 31849
1669620095797 0.75 31899
1669620110463 0.5714285373687744 31949
1669620125312 0.75 31999
1669620140037 0.800000011920929 32049
1669620154755 0.75 32099
1669620182290 0.800000011920929 32149
1669620196984 0.6666666865348816 32199
1669620211835 1.0 32249
1669620226642 0.4000000059604645 32299
1669620254246 0.0 32349
1669620268959 0.8571428656578064 32399
1669620283676 0.6666666865348816 32449
1669620298406 0.0 32499
1669620312938 0.0 32549
1669620340773 0.6666666865348816 32599
1669620355743 1.0 32649
1669620370451 0.800000011920929 32699
1669620385142 0.8571428656578064 32749
1669620412621 0.5 32799
1669620427337 0.3333333432674408 32849
1669620442105 0.75 32899
1669620456835 0.75 32949
1669620484267 0.75 32999
1669620499078 0.5 33049
1669620513994 0.800000011920929 33099
1669620528788 0.3333333432674408 33149
1669620543446 1.0 33199
1669620570860 0.800000011920929 33249
1669620585677 0.800000011920929 33299
1669620600397 0.8571428656578064 33349
1669620615222 1.0 33399
1669620642637 0.800000011920929 33449
1669620657445 1.0 33499
1669620672230 0.4000000059604645 33549
1669620686915 0.4000000059604645 33599
1669620714020 0.0 33649
1669620728701 0.5714285373687744 33699
1669620743458 1.0 33749
1669620758201 0.800000011920929 33799
1669620772892 0.8571428656578064 33849
1669620800428 1.0 33899
1669620815130 0.888888955116272 33949
1669620829913 1.0 33999
1669620844627 0.6666666865348816 34049
1669620871813 0.6666666865348816 34099
1669620886554 0.6666666865348816 34149
1669620901480 0.5 34199
1669620916338 1.0 34249
1669620943760 0.6666666865348816 34299
1669620958637 0.4000000059604645 34349
1669620973473 0.6666666865348816 34399
1669620988140 0.4000000059604645 34449
1669621002816 0.5 34499
1669621030132 0.0 34549
1669621044804 1.0 34599
1669621059757 0.888888955116272 34649
1669621074483 0.5714285969734192 34699
1669621101897 1.0 34749
1669621116906 0.6666666865348816 34799
1669621131623 0.800000011920929 34849
1669621146396 0.800000011920929 34899
1669621173789 0.6666666865348816 34949
1669621188488 0.0 34999
1669621203472 0.6666666865348816 35049
1669621218183 1.0 35099
1669621232881 1.0 35149
1669621260510 0.5 35199
1669621275280 0.5714285969734192 35249
1669621289960 0.0 35299
1669621304747 0.6666666865348816 35349
1669621332047 0.5714285969734192 35399
1669621346945 0.0 35449
1669621361582 0.75 35499
1669621376412 0.5 35549
1669621403760 0.888888955116272 35599
1669621418537 0.6666666865348816 35649
1669621433243 0.0 35699
1669621447943 0.3333333432674408 35749
1669621462789 0.0 35799
1669621490401 0.8571428656578064 35849
1669621505093 0.6666666865348816 35899
1669621519921 0.9090909361839294 35949
1669621534616 0.5714285969734192 35999
1669621562213 0.5714285373687744 36049
1669621576929 1.0 36099
1669621591738 0.3333333432674408 36149
1669621606476 0.800000011920929 36199
1669621633824 0.0 36249
1669621648662 0.5 36299
1669621663355 0.8571428656578064 36349
1669621678051 0.0 36399
1669621692865 0.4000000059604645 36449
1669621720366 1.0 36499
1669621735161 0.8571428656578064 36549
1669621749841 0.6666666865348816 36599
1669621764522 0.5714285969734192 36649
1669621792268 0.5 36699
1669621807001 0.6666666865348816 36749
1669621821947 0.4000000059604645 36799
1669621836815 0.75 36849
1669621864173 0.5714285373687744 36899
1669621878993 0.800000011920929 36949
1669621893672 0.800000011920929 36999
1669621908344 0.6666666865348816 37049
1669621923008 0.8571428656578064 37099
1669621950409 0.888888955116272 37149
1669621965216 0.8571428656578064 37199
1669621979912 0.2857142686843872 37249
1669621994563 0.0 37299
1669622021847 0.6666666865348816 37349
1669622036532 0.8571428656578064 37399
1669622051371 0.8571428656578064 37449
1669622066063 0.5 37499
1669622093774 0.5714285373687744 37549
1669622108494 0.6666666865348816 37599
1669622123329 0.0 37649
1669622138079 0.75 37699
1669622152795 0.0 37749
1669622180283 0.888888955116272 37799
1669622195095 0.6666666865348816 37849
1669622209952 0.6666666865348816 37899
1669622224730 1.0 37949
1669622252151 1.0 37999
1669622266881 0.6666666865348816 38049
1669622281689 0.75 38099
1669622296405 0.800000011920929 38149
1669622323628 1.0 38199
1669622338458 0.4000000059604645 38249
1669622353138 0.800000011920929 38299
1669622367932 1.0 38349
1669622382620 0.4000000059604645 38399
1669622410231 0.800000011920929 38449
1669622425198 0.800000011920929 38499
1669622439864 0.5714285969734192 38549
1669622454571 0.6666666865348816 38599
1669622481992 0.6666666865348816 38649
1669622496660 0.0 38699
1669622511451 0.6666666865348816 38749
1669622526159 0.8333333730697632 38799
1669622553453 0.5 38849
1669622568135 0.8571428656578064 38899
1669622582837 0.5 38949
1669622597658 0.8571428656578064 38999
1669622612486 0.6666666865348816 39049
1669622639977 0.5 39099
1669622654796 0.6666666865348816 39149
1669622669625 0.6666666865348816 39199
1669622684364 0.6666666865348816 39249
1669622711525 0.0 39299
1669622726293 0.6666666865348816 39349
1669622740993 1.0 39399
1669622755823 0.8571428656578064 39449
1669622783157 0.6666666865348816 39499
1669622797983 0.6666666865348816 39549
1669622812784 0.5714285373687744 39599
1669622827477 0.5714285373687744 39649
1669622842153 0.0 39699
1669622869453 0.5 39749
1669622884179 0.6666666865348816 39799
1669622899010 1.0 39849
1669622913753 0.888888955116272 39899
1669622941593 0.75 39949
1669622956412 0.5 39999
1669622971127 0.8000000715255737 40049
1669622985896 1.0 40099
1669623013163 0.4000000059604645 40149
1669623027902 1.0 40199
1669623042738 0.6666666865348816 40249
1669623057569 0.5714285969734192 40299
1669623072269 0.5 40349
1669623099612 0.800000011920929 40399
1669623114262 0.6666666865348816 40449
1669623128916 0.6666666865348816 40499
1669623143733 0.5 40549
1669623170919 0.0 40599
1669623185738 0.75 40649
1669623200553 0.7272727489471436 40699
1669623215368 0.5714285969734192 40749
1669623242690 0.5 40799
1669623257389 0.8571428656578064 40849
1669623272101 0.0 40899
1669623286802 1.0 40949
1669623301654 0.75 40999
1669623329030 0.5714285373687744 41049
1669623343740 0.6666666865348816 41099
1669623358575 0.0 41149
1669623373419 0.800000011920929 41199
1669623400802 0.5 41249
1669623415589 1.0 41299
1669623430258 0.800000011920929 41349
1669623445014 0.6666666865348816 41399
1669623472258 0.6666666865348816 41449
1669623486943 0.888888955116272 41499
1669623501745 0.5714285969734192 41549
1669623516432 0.5714285373687744 41599
1669623531210 0.800000011920929 41649
1669623558689 0.0 41699
1669623573579 0.800000011920929 41749
1669623588259 0.5 41799
1669623602967 0.800000011920929 41849
1669623630402 0.75 41899
1669623645217 0.0 41949
1669623660058 0.6666666865348816 41999
1669623674745 0.888888955116272 42049
1669623702568 0.800000011920929 42099
1669623717496 0.5 42149
1669623732204 0.0 42199
1669623746874 0.4000000059604645 42249
1669623761803 0.6666666865348816 42299
1669623789256 0.75 42349
1669623803934 0.6666666865348816 42399
1669623818732 0.800000011920929 42449
1669623833508 0.5 42499
1669623860693 0.5 42549
1669623875463 1.0 42599
1669623890393 0.8571428656578064 42649
1669623905186 1.0 42699
1669623932526 0.8571428656578064 42749
1669623947436 0.8571428656578064 42799
1669623962302 0.6666666865348816 42849
1669623977036 0.5 42899
1669623991737 0.800000011920929 42949
1669624019327 0.0 42999
1669624034239 0.75 43049
1669624049167 0.3333333134651184 43099
1669624063893 0.0 43149
1669624091874 1.0 43199
1669624106526 0.5714285373687744 43249
1669624121187 0.6666666865348816 43299
1669624135960 0.6666666865348816 43349
1669624150413 0.0 43399
1669624178174 0.6666666865348816 43449
1669624193015 0.5 43499
1669624207797 0.8571428656578064 43549
1669624222503 0.2857142984867096 43599
1669624250167 0.800000011920929 43649
1669624264940 0.5 43699
1669624279647 0.6666666865348816 43749
1669624294373 0.75 43799
1669624322146 0.8333333134651184 43849
1669624336807 0.0 43899
1669624351604 1.0 43949
1669624366276 0.8571428656578064 43999
1669624381106 0.5 44049
1669624408555 0.8571428656578064 44099
1669624423306 0.75 44149
1669624438044 0.6666666865348816 44199
1669624452898 0.5 44249
1669624480476 0.6666666865348816 44299
1669624495182 0.6666666865348816 44349
1669624510009 0.6666666865348816 44399
1669624524675 0.6666666865348816 44449
1669624551804 0.3333333432674408 44499
1669624566647 0.8571428656578064 44549
1669624581332 0.8571428656578064 44599
1669624596149 1.0 44649
1669624610984 0.6000000238418579 44699
1669624638412 0.800000011920929 44749
1669624653088 0.5 44799
1669624667896 0.8571428656578064 44849
1669624682585 0.0 44899
1669624710084 0.3333333134651184 44949
1669624724766 0.6666666865348816 44999
1669624739622 0.0 45049
1669624754504 0.6666666865348816 45099
1669624782069 0.5 45149
1669624796827 0.888888955116272 45199
1669624811535 0.6666666865348816 45249
1669624826298 0.6666666865348816 45299
1669624841020 0.6666666865348816 45349
1669624868659 1.0 45399
1669624883488 0.0 45449
1669624898296 0.6666666865348816 45499
1669624912962 0.4000000059604645 45549
1669624940283 0.4000000059604645 45599
1669624954955 0.4000000059604645 45649
1669624969643 0.6666666865348816 45699
1669624984437 0.6666666865348816 45749
1669625011833 0.75 45799
1669625026655 0.0 45849
1669625041321 0.5714285969734192 45899
1669625056205 0.800000011920929 45949
1669625070968 0.444444477558136 45999
1669625098366 0.8333333730697632 46049
1669625113177 1.0 46099
1669625127870 1.0 46149
1669625142685 0.75 46199
1669625170235 0.888888955116272 46249
1669625184943 0.9090909361839294 46299
1669625199720 0.0 46349
1669625214438 1.0 46399
1669625241926 0.0 46449
1669625256774 0.6666666865348816 46499
1669625271510 0.7272727489471436 46549
1669625286342 1.0 46599
1669625301157 0.4000000059604645 46649
1669625328679 1.0 46699
1669625343512 1.0 46749
1669625358277 0.8571428656578064 46799
1669625373017 0.800000011920929 46849
1669625400715 0.75 46899
1669625415423 0.5714285373687744 46949
1669625430151 0.800000011920929 46999
1669625445063 0.4000000059604645 47049
1669625472555 0.75 47099
1669625487453 0.800000011920929 47149
1669625502287 0.6666666865348816 47199
1669625516958 0.0 47249
1669625531647 0.800000011920929 47299
1669625559203 0.6666666865348816 47349
1669625573982 0.9090909361839294 47399
1669625588843 0.6666666865348816 47449
1669625603714 0.888888955116272 47499
1669625631109 0.6666666865348816 47549
1669625645902 0.800000011920929 47599
1669625660615 0.0 47649
1669625675549 0.800000011920929 47699
1669625702813 0.5 47749
1669625717445 0.75 47799
1669625732442 0.888888955116272 47849
1669625747141 0.6666666865348816 47899
1669625761853 0.5 47949
1669625789159 0.6666666865348816 47999
1669625803849 0.6666666865348816 48049
1669625818670 0.75 48099
1669625833474 0.888888955116272 48149
1669625860914 0.8571428656578064 48199
1669625875778 0.5714285373687744 48249
1669625890444 0.6666666865348816 48299
1669625905299 0.800000011920929 48349
1669625932556 1.0 48399
1669625947544 0.0 48449
1669625962477 0.8571428656578064 48499
1669625977188 0.6666666865348816 48549
1669625991928 0.3333333432674408 48599
1669626019372 1.0 48649
1669626034192 0.5454545021057129 48699
1669626049005 0.6666666865348816 48749
1669626063729 0.0 48799
1669626091415 0.5714285373687744 48849
1669626106248 0.0 48899
1669626121106 0.4000000059604645 48949
1669626135922 0.4000000059604645 48999
1669626163427 0.75 49049
1669626178143 1.0 49099
1669626192946 1.0 49149
1669626207701 0.4000000059604645 49199
1669626222430 0.888888955116272 49249
1669626250108 0.6666666865348816 49299
1669626264830 0.6666666865348816 49349
1669626279651 0.5714285969734192 49399
1669626294357 0.7272727489471436 49449
1669626321661 0.0 49499
1669626336736 1.0 49549
1669626351536 0.6666666865348816 49599
1669626366257 0.800000011920929 49649
1669626393632 0.0 49699
1669626408444 0.6666666865348816 49749
1669626423452 0.75 49799
1669626438281 0.0 49849
1669626452993 0.2857142686843872 49899
1669626480509 0.4000000059604645 49949
1669626495425 0.6666666865348816 49999
1669626510209 1.0 50049
1669626524981 0.0 50099
1669626552587 1.0 50149
1669626567345 1.0 50199
1669626582029 0.888888955116272 50249
1669626596752 0.3333333432674408 50299
1669626624368 0.6666666865348816 50349
1669626639126 0.6666666865348816 50399
1669626653953 0.7692307233810425 50449
1669626668809 0.5714285373687744 50499
1669626683506 0.800000011920929 50549
1669626711428 0.5 50599
1669626726177 0.0 50649
1669626740997 0.6666666865348816 50699
1669626755726 0.6666666865348816 50749
1669626783271 1.0 50799
1669626798169 0.8571428656578064 50849
1669626813100 0.800000011920929 50899
1669626827829 0.6666666865348816 50949
1669626855573 0.800000011920929 50999
1669626870461 1.0 51049
1669626885213 0.0 51099
1669626899964 0.3333333432674408 51149
1669626914786 0.0 51199
1669626942517 0.5714285373687744 51249
1669626957183 0.3333333134651184 51299
1669626972038 0.5 51349
1669626986743 0.5 51399
1669627014430 0.3333333432674408 51449
1669627029232 0.0 51499
1669627043971 0.7272727489471436 51549
1669627058859 0.888888955116272 51599
1669627086348 1.0 51649
1669627101145 0.6666666865348816 51699
1669627115900 0.75 51749
1669627130753 0.800000011920929 51799
1669627145595 0.2857142984867096 51849
1669627172929 0.8571428656578064 51899
1669627187771 0.6666666865348816 51949
1669627202652 0.0 51999
1669627217543 0.8571428656578064 52049
1669627244946 1.0 52099
1669627259685 0.800000011920929 52149
1669627274347 0.0 52199
1669627289005 0.800000011920929 52249
1669627316476 0.2857142686843872 52299
1669627331287 0.2857142984867096 52349
1669627346103 1.0 52399
1669627360781 0.9230769276618958 52449
1669627375626 0.5 52499
1669627403190 1.0 52549
1669627417946 0.5 52599
1669627432683 0.800000011920929 52649
1669627447650 0.75 52699
1669627475027 0.3333333432674408 52749
1669627489692 0.6666666865348816 52799
1669627504654 0.8571428656578064 52849
1669627519349 0.5 52899
1669627546864 0.5714285969734192 52949
1669627561571 0.0 52999
1669627576331 0.6666666865348816 53049
1669627591220 0.2857142686843872 53099
1669627605941 0.5 53149
1669627633667 0.800000011920929 53199
1669627648360 0.6666666865348816 53249
1669627663180 0.4000000059604645 53299
1669627677935 0.888888955116272 53349
1669627705220 0.75 53399
1669627720053 0.5 53449
1669627734915 0.0 53499
1669627749624 0.4000000059604645 53549
1669627777430 0.6666666865348816 53599
1669627792430 1.0 53649
1669627807112 1.0 53699
1669627821839 0.4000000059604645 53749
1669627836570 0.6666666865348816 53799
1669627864400 1.0 53849
1669627879079 0.0 53899
1669627894017 1.0 53949
1669627908857 0.6666666865348816 53999
1669627936396 0.5714285373687744 54049
1669627951109 0.6666666865348816 54099
1669627965900 0.5714285969734192 54149
1669627980656 0.800000011920929 54199
1669627995292 1.0 54249
1669628022868 0.444444477558136 54299
1669628037527 0.9090909361839294 54349
1669628052303 0.6666666865348816 54399
1669628066983 0.800000011920929 54449
1669628094574 0.4000000059604645 54499
1669628109343 0.0 54549
1669628124473 0.75 54599
1669628139125 0.800000011920929 54649
1669628167144 0.6666666865348816 54699
1669628181851 1.0 54749
1669628197034 0.888888955116272 54799
1669628211883 0.800000011920929 54849
1669628226571 1.0 54899
1669628254130 0.5 54949
1669628269000 0.4000000059604645 54999
1669628283815 0.0 55049
1669628298513 0.6666666865348816 55099
1669628326254 0.0 55149
1669628340973 0.8571428656578064 55199
1669628355770 0.0 55249
1669628370474 0.3333333432674408 55299
1669628398170 0.0 55349
1669628412925 0.6666666865348816 55399
1669628427606 1.0 55449
1669628442448 0.4000000059604645 55499
1669628457278 0.0 55549
1669628484893 0.0 55599
1669628499563 0.5714285969734192 55649
1669628514230 0.800000011920929 55699
1669628529082 1.0 55749
1669628556387 1.0 55799
1669628571080 0.6666666865348816 55849
1669628585895 0.4000000059604645 55899
1669628600816 0.3333333134651184 55949
1669628628123 0.800000011920929 55999
1669628642780 0.0 56049
1669628657652 0.75 56099
1669628672373 1.0 56149
1669628687083 0.4000000059604645 56199
1669628714514 0.6666666865348816 56249
1669628729355 0.8571428656578064 56299
1669628744182 0.2857142686843872 56349
1669628758834 1.0 56399
1669628786162 0.0 56449
1669628800978 0.0 56499
1669628815651 0.6666666865348816 56549
1669628830343 0.0 56599
1669628858128 1.0 56649
1669628873096 0.8000000715255737 56699
1669628887756 0.4000000059604645 56749
1669628902603 0.6666666865348816 56799
1669628917376 0.8571428656578064 56849
1669628944761 0.7272727489471436 56899
1669628959452 0.75 56949
1669628974311 1.0 56999
1669628988981 0.3333333134651184 57049
1669629016338 0.75 57099
1669629031328 0.75 57149
1669629045998 0.8333333730697632 57199
1669629060800 0.4000000059604645 57249
1669629088232 0.4000000059604645 57299
1669629102908 0.6666666865348816 57349
1669629117735 0.6666666865348816 57399
1669629132425 1.0 57449
1669629147167 0.75 57499
1669629174489 0.8571428656578064 57549
1669629189614 0.75 57599
1669629204304 0.8571428656578064 57649
1669629219045 0.6666666865348816 57699
1669629246574 0.6666666865348816 57749
1669629261243 0.8571428656578064 57799
1669629275897 1.0 57849
1669629290565 1.0 57899
1669629318061 0.6666666865348816 57949
1669629332949 0.75 57999
1669629347636 0.0 58049
1669629362391 1.0 58099
1669629377211 0.6666666865348816 58149
1669629404679 0.888888955116272 58199
1669629419374 1.0 58249
1669629433999 1.0 58299
1669629448788 0.888888955116272 58349
1669629476078 0.75 58399
1669629490920 0.6666666865348816 58449
1669629505595 0.5 58499
1669629520235 0.8000000715255737 58549
1669629547817 0.5 58599
1669629562645 0.4000000059604645 58649
1669629577508 0.800000011920929 58699
1669629592188 0.6666666865348816 58749
1669629606899 0.5 58799
1669629634256 0.800000011920929 58849
1669629649043 0.6666666865348816 58899
1669629663721 0.6666666865348816 58949
1669629678399 0.800000011920929 58999
1669629706077 1.0 59049
1669629720920 0.8571428656578064 59099
1669629735749 0.75 59149
1669629750575 0.6666666865348816 59199
1669629777844 0.8571428656578064 59249
1669629792635 1.0 59299
1669629807305 0.800000011920929 59349
1669629822015 0.6666666865348816 59399
1669629836705 0.6666666865348816 59449
1669629864316 0.5 59499
1669629879008 0.0 59549
1669629893843 0.0 59599
1669629908692 1.0 59649
1669629936141 0.5999999642372131 59699
1669629950869 0.5 59749
1669629965549 0.5714285969734192 59799
1669629980209 0.0 59849
1669630007867 0.0 59899
1669630022537 1.0 59949
1669630037395 0.8571428656578064 59999
1669630052268 0.5714285969734192 60049
1669630066954 0.6666666865348816 60099
1669630094147 0.75 60149
1669630108904 0.4000000059604645 60199
1669630123644 0.75 60249
1669630138651 0.5 60299
1669630166057 1.0 60349
1669630180742 0.444444477558136 60399
1669630195408 0.75 60449
1669630210111 1.0 60499
1669630237520 0.6666666865348816 60549
1669630252293 0.5 60599
1669630267078 0.75 60649
1669630282111 0.4000000059604645 60699
1669630296802 1.0 60749
1669630324370 0.0 60799
1669630339208 0.8571428656578064 60849
1669630353931 0.75 60899
1669630368652 0.5714285969734192 60949
1669630396032 0.6666666865348816 60999
1669630410839 1.0 61049
1669630425687 1.0 61099
1669630440506 0.6666666865348816 61149
1669630468242 0.0 61199
1669630482877 0.7272727489471436 61249
1669630497707 0.6666666865348816 61299
1669630512355 0.6666666865348816 61349
1669630527169 0.0 61399
1669630554399 0.5 61449
1669630569069 0.800000011920929 61499
1669630583837 0.0 61549
1669630598816 0.4000000059604645 61599
1669630626197 1.0 61649
1669630640995 0.5714285373687744 61699
1669630655640 0.3333333432674408 61749
1669630670304 0.4000000059604645 61799
1669630697844 0.800000011920929 61849
1669630712639 0.6666666865348816 61899
1669630727419 0.6666666865348816 61949
1669630742396 0.8571428656578064 61999
1669630757116 0.6666666865348816 62049
1669630784578 0.6666666865348816 62099
1669630799229 0.0 62149
1669630813928 0.3333333432674408 62199
1669630828605 0.8571428656578064 62249
1669630856212 1.0 62299
1669630870929 0.5999999642372131 62349
1669630885761 0.5714285969734192 62399
1669630900553 0.5714285969734192 62449
1669630928029 0.5 62499
1669630942842 1.0 62549
1669630957581 0.5714285969734192 62599
1669630972287 0.6666666865348816 62649
1669630987109 0.5 62699
1669631014510 0.9230769276618958 62749
1669631029491 1.0 62799
1669631044165 1.0 62849
1669631058830 0.0 62899
1669631086370 0.9090909361839294 62949
1669631101065 0.800000011920929 62999
1669631115942 0.0 63049
1669631130690 0.75 63099
1669631157976 0.800000011920929 63149
1669631172818 0.6666666865348816 63199
1669631187682 0.6666666865348816 63249
1669631202613 0.6666666865348816 63299
1669631217421 0.6666666865348816 63349
1669631244817 0.6666666865348816 63399
1669631259653 0.800000011920929 63449
1669631274330 0.4000000059604645 63499
1669631289074 0.3333333134651184 63549
1669631316558 0.6666666865348816 63599
1669631331380 0.6666666865348816 63649
1669631346225 0.8000000715255737 63699
1669631360928 0.5 63749
1669631388228 0.800000011920929 63799
1669631403172 0.5 63849
1669631417887 0.6666666865348816 63899
1669631432581 0.6666666865348816 63949
1669631447396 1.0 63999
1669631475148 0.75 64049
1669631489975 0.75 64099
1669631504776 0.8571428656578064 64149
1669631519517 1.0 64199
1669631546887 0.0 64249
1669631561693 1.0 64299
1669631576379 0.0 64349
1669631591203 0.8571428656578064 64399
1669631619236 0.3333333432674408 64449
1669631634035 0.8571428656578064 64499
1669631648836 0.5 64549
1669631663565 0.8571428656578064 64599
1669631678233 0.3333333432674408 64649
1669631705557 0.5 64699
1669631720431 0.8571428656578064 64749
1669631735280 0.5 64799
1669631750020 1.0 64849
1669631777824 0.800000011920929 64899
1669631792477 0.5 64949
1669631807170 0.5 64999
1669631821867 0.6666666865348816 65049
1669631836341 0.0 65099
