1669360638432 89.25 216
1669360715128 15.75 433
1669360792375 23.0 650
1669360868641 21.25 867
1669360945731 13.5 1084
1669361022847 15.25 1301
1669361099814 27.5 1518
1669361177056 90.0 1735
1669361254022 37.25 1952
1669361331522 40.25 2169
1669361408666 31.25 2386
1669361486274 96.0 2603
1669361563429 110.25 2820
1669361641044 102.75 3037
1669361718358 88.5 3254
1669361795869 120.25 3471
1669361873185 153.25 3688
1669361950329 145.0 3905
1669362027902 150.25 4122
1669362104864 136.0 4339
1669362182321 130.5 4556
1669362259228 145.25 4773
1669362336732 128.5 4990
1669362413837 180.25 5207
1669362491468 171.25 5424
1669362568446 174.0 5641
1669362645696 169.75 5858
1669362722836 164.0 6075
1669362800120 180.0 6292
1669362877257 156.5 6509
1669362954227 173.5 6726
1669363031991 163.75 6943
1669363109054 155.5 7160
1669363186476 179.0 7377
1669363263315 184.75 7594
1669363340576 174.25 7811
1669363417690 174.5 8028
1669363494966 172.75 8245
1669363572170 155.75 8462
1669363649664 182.0 8679
1669363726807 169.5 8896
1669363804320 176.0 9113
1669363881164 163.75 9330
1669363958560 180.5 9547
1669364035587 171.25 9764
1669364112650 170.25 9981
1669364189985 172.25 10198
1669364267210 89.75 10415
1669364344645 165.25 10632
1669364421658 168.5 10849
1669364498788 180.25 11066
1669364576086 163.0 11283
1669364653608 167.75 11500
1669364730846 171.0 11717
1669364807957 171.25 11934
1669364885348 170.5 12151
1669364962370 164.0 12368
1669365039235 173.75 12585
1669365116594 180.0 12802
1669365193600 166.5 13019
1669365271350 175.25 13236
1669365348453 179.25 13453
1669365425780 172.25 13670
1669365503028 180.5 13887
1669365580533 157.25 14104
1669365657406 148.0 14321
1669365734815 163.5 14538
1669365812014 169.0 14755
1669365888901 187.25 14972
1669365966594 174.75 15189
1669366044143 163.5 15406
1669366121440 179.25 15623
1669366198577 178.25 15840
1669366275881 132.25 16057
1669366352990 165.75 16274
1669366430336 172.5 16491
1669366507724 152.0 16708
1669366585165 166.75 16925
1669366662364 161.75 17142
1669366739520 164.5 17359
1669366816812 163.75 17576
1669366894101 174.75 17793
1669366971187 170.0 18010
1669367048560 180.0 18227
1669367125942 181.25 18444
1669367203118 185.25 18661
1669367280440 155.0 18878
1669367357616 181.75 19095
1669367434990 165.25 19312
1669367512216 166.5 19529
1669367589507 172.25 19746
1669367666964 171.5 19963
1669367744335 186.5 20180
1669367821993 173.75 20397
1669367899411 164.75 20614
1669367976807 171.0 20831
1669368055669 175.5 21048
1669368132648 161.0 21265
1669368210070 167.5 21482
1669368287534 170.5 21699
1669368364971 168.75 21916
1669368442242 174.0 22133
1669368519837 172.25 22350
1669368596967 174.5 22567
1669368674413 171.75 22784
1669368752188 173.25 23001
1669368829114 159.0 23218
1669368906786 166.75 23435
1669368984463 169.25 23652
1669369061617 174.5 23869
1669369139115 171.25 24086
1669369216650 152.75 24303
1669369294278 167.5 24520
1669369371827 169.5 24737
1669369449094 165.5 24954
1669369526911 182.5 25171
1669369604379 179.0 25388
1669369681868 171.0 25605
1669369759119 173.25 25822
1669369836609 174.0 26039
1669369914184 171.5 26256
1669369991813 166.0 26473
1669370069165 174.5 26690
1669370146389 172.75 26907
1669370223899 190.75 27124
1669370301164 180.0 27341
1669370378779 182.25 27558
1669370456042 188.25 27775
1669370533348 169.0 27992
1669370610637 175.0 28209
1669370688390 188.0 28426
1669370765584 180.75 28643
1669370842768 180.0 28860
1669370920302 174.25 29077
1669370997549 170.25 29294
1669371074858 167.25 29511
1669371152254 169.0 29728
1669371229431 172.0 29945
1669371307175 185.25 30162
1669371384845 165.75 30379
1669371462980 178.75 30596
1669371541273 170.75 30813
1669371619747 182.5 31030
1669371698033 174.75 31247
1669371776392 166.0 31464
1669371856688 173.0 31681
1669371935124 168.5 31898
1669372012531 169.0 32115
1669372089812 166.25 32332
1669372166952 187.0 32549
1669372244573 171.5 32766
1669372321758 185.75 32983
1669372398768 171.0 33200
1669372476415 184.25 33417
1669372553728 173.75 33634
1669372631343 177.75 33851
1669372709994 193.25 34068
1669372787537 176.0 34285
1669372864924 163.75 34502
1669372942113 187.25 34719
1669373019511 178.5 34936
1669373096915 189.5 35153
1669373174228 192.75 35370
1669373251409 179.25 35587
1669373328669 170.75 35804
1669373406562 180.0 36021
1669373483516 165.0 36238
1669373561170 185.25 36455
1669373638493 170.75 36672
1669373715897 157.25 36889
1669373793409 161.75 37106
1669373870840 162.25 37323
1669373948523 162.25 37540
1669374026060 167.5 37757
1669374103798 164.75 37974
1669374181330 165.25 38191
1669374259111 170.0 38408
1669374336675 159.0 38625
1669374413924 182.25 38842
1669374491367 169.5 39059
1669374568514 183.25 39276
1669374645901 167.75 39493
1669374723195 169.5 39710
1669374800571 189.0 39927
1669374878012 173.5 40144
1669374955229 173.75 40361
1669375032578 171.0 40578
1669375110050 174.75 40795
1669375187536 186.5 41012
1669375264626 173.5 41229
1669375342169 161.5 41446
1669375419262 167.75 41663
1669375496183 186.25 41880
1669375573423 177.25 42097
1669375650463 168.75 42314
1669375727667 169.25 42531
1669375804939 162.25 42748
1669375882197 178.25 42965
1669375959461 184.0 43182
1669376036732 187.5 43399
1669376113968 182.25 43616
1669376191519 172.75 43833
1669376268885 168.0 44050
1669376345924 189.25 44267
1669376423614 195.5 44484
1669376500904 184.75 44701
1669376578062 184.5 44918
1669376655553 162.75 45135
1669376733154 163.0 45352
1669376810435 189.25 45569
1669376887647 170.75 45786
1669376964920 170.5 46003
1669377042155 169.25 46220
1669377119714 161.0 46437
1669377197139 163.25 46654
1669377274322 188.0 46871
1669377351431 189.0 47088
1669377428669 185.0 47305
1669377506102 190.75 47522
1669377583372 188.0 47739
1669377660727 174.0 47956
1669377738233 191.25 48173
1669377815258 189.0 48390
1669377892393 171.75 48607
1669377969616 181.25 48824
1669378047253 177.0 49041
1669378124332 151.75 49258
1669378201949 173.5 49475
1669378278984 166.0 49692
1669378356657 169.0 49909
1669378433756 164.0 50126
1669378511240 175.5 50343
1669378588345 190.0 50560
1669378665552 180.5 50777
1669378743043 192.5 50994
1669378820876 180.75 51211
1669378898521 176.25 51428
1669378976264 191.75 51645
1669379053975 188.5 51862
1669379131042 176.25 52079
1669379208420 172.75 52296
1669379285815 169.25 52513
1669379362983 185.25 52730
1669379440389 179.25 52947
1669379517651 188.75 53164
1669379595218 193.0 53381
1669379672265 193.0 53598
1669379749633 188.0 53815
1669379826801 178.5 54032
1669379904187 183.25 54249
1669379981324 182.5 54466
1669380058670 192.75 54683
1669380135687 180.75 54900
1669380213235 192.5 55117
1669380290416 191.0 55334
1669380367824 188.75 55551
1669380444933 194.25 55768
1669380522422 189.0 55985
1669380599584 176.5 56202
1669380676977 185.0 56419
1669380754301 192.5 56636
1669380831693 200.5 56853
1669380908960 183.5 57070
1669380986661 193.25 57287
1669381063603 198.75 57504
1669381141148 198.0 57721
1669381218222 202.5 57938
1669381295539 199.25 58155
1669381372839 199.5 58372
1669381450201 195.25 58589
1669381527384 191.75 58806
1669381604772 198.0 59023
1669381681703 182.75 59240
1669381759347 193.0 59457
1669381836416 189.0 59674
1669381913869 199.75 59891
1669381991348 196.5 60108
1669382068582 186.75 60325
1669382145816 184.0 60542
1669382223097 182.5 60759
1669382300471 197.75 60976
1669382377775 191.75 61193
1669382455173 171.25 61410
1669382532095 205.5 61627
1669382609475 200.5 61844
1669382686756 199.25 62061
1669382764294 192.75 62278
1669382841528 192.0 62495
1669382918802 188.75 62712
1669382996118 198.25 62929
1669383073249 194.25 63146
1669383150136 200.0 63363
1669383227644 191.25 63580
1669383304683 183.0 63797
1669383382011 190.75 64014
1669383459035 175.25 64231
1669383536326 182.5 64448
1669383613615 187.0 64665
1669383690879 179.0 64882
1669383768349 173.5 65099
