1669360580663 0.5 49
1669360596438 0.6000000238418579 99
1669360611855 0.8333333730697632 149
1669360626618 0.2857142984867096 199
1669360653648 0.8000000715255737 249
1669360668412 0.5 299
1669360683168 0.444444477558136 349
1669360697990 0.6666666865348816 399
1669360725400 0.25 449
1669360740543 0.444444477558136 499
1669360755561 0.5 549
1669360770315 0.5714285969734192 599
1669360785058 0.2857142984867096 649
1669360812008 0.5 699
1669360826801 0.2857142686843872 749
1669360841575 0.3333333432674408 799
1669360856371 0.0 849
1669360883646 1.0 899
1669360898691 0.0 949
1669360913447 0.3333333432674408 999
1669360928205 0.3333333432674408 1049
1669360955376 0.5 1099
1669360970126 0.5714285373687744 1149
1669360984993 0.5 1199
1669361000024 0.25 1249
1669361015173 0.3333333134651184 1299
1669361042568 0.5714285373687744 1349
1669361057340 0.5714285969734192 1399
1669361072278 0.8000000715255737 1449
1669361087072 0.2857142984867096 1499
1669361114434 0.800000011920929 1549
1669361129200 0.5 1599
1669361144119 0.3333333432674408 1649
1669361159013 0.25 1699
1669361186562 0.2857142686843872 1749
1669361201332 0.4000000059604645 1799
1669361216119 0.5 1849
1669361230947 0.3333333432674408 1899
1669361245763 0.5714285373687744 1949
1669361273520 0.0 1999
1669361288307 0.3333333432674408 2049
1669361303557 0.5714285373687744 2099
1669361318354 0.5 2149
1669361346082 0.5 2199
1669361360855 0.4000000059604645 2249
1669361375635 0.3333333432674408 2299
1669361390421 0.0 2349
1669361418051 0.0 2399
1669361433021 0.6666666865348816 2449
1669361447977 0.8000000715255737 2499
1669361462797 0.6666666865348816 2549
1669361477858 0.0 2599
1669361505432 0.0 2649
1669361520246 0.4000000059604645 2699
1669361535051 0.3333333134651184 2749
1669361549871 0.5714285969734192 2799
1669361577760 0.3333333134651184 2849
1669361592728 0.75 2899
1669361607795 0.0 2949
1669361622569 0.4000000059604645 2999
1669361650305 0.5714285373687744 3049
1669361665096 0.25 3099
1669361679882 0.5 3149
1669361694681 0.3333333432674408 3199
1669361709475 0.5714285373687744 3249
1669361737403 0.0 3299
1669361752366 0.75 3349
1669361767167 0.0 3399
1669361781948 0.3333333432674408 3449
1669361809617 0.4000000059604645 3499
1669361824405 0.3333333432674408 3549
1669361839211 0.6666666865348816 3599
1669361853984 0.8000000715255737 3649
1669361881947 0.5714285969734192 3699
1669361896985 0.444444477558136 3749
1669361911765 0.25 3799
1669361926562 0.800000011920929 3849
1669361941361 0.7272727489471436 3899
1669361968867 0.75 3949
1669361983652 0.6666666865348816 3999
1669361998599 0.5 4049
1669362013557 0.6666666865348816 4099
1669362041443 0.8571428656578064 4149
1669362056263 0.2857142686843872 4199
1669362071092 0.5714285373687744 4249
1669362085924 0.4000000059604645 4299
1669362113312 0.0 4349
1669362128131 0.4000000059604645 4399
1669362142947 0.800000011920929 4449
1669362158037 0.75 4499
1669362172974 0.5 4549
1669362200566 0.9090909361839294 4599
1669362215404 0.800000011920929 4649
1669362230207 0.0 4699
1669362245016 0.0 4749
1669362272481 0.0 4799
1669362287280 0.444444477558136 4849
1669362302377 0.6666666865348816 4899
1669362317318 0.5 4949
1669362344998 0.6666666865348816 4999
1669362359843 0.6666666865348816 5049
1669362374626 0.0 5099
1669362389441 0.2857142984867096 5149
1669362404247 0.75 5199
1669362431821 0.5 5249
1669362446848 0.800000011920929 5299
1669362461944 0.5714285373687744 5349
1669362476684 0.5714285969734192 5399
1669362504492 0.6666666865348816 5449
1669362519323 0.5714285373687744 5499
1669362534153 0.6666666865348816 5549
1669362548926 0.800000011920929 5599
1669362576353 0.5 5649
1669362591230 0.6666666865348816 5699
1669362606263 0.9090909361839294 5749
1669362621188 0.0 5799
1669362635951 0.0 5849
1669362663437 0.5714285969734192 5899
1669362678203 0.800000011920929 5949
1669362692987 0.0 5999
1669362707904 0.0 6049
1669362735514 0.6666666865348816 6099
1669362750565 0.4000000059604645 6149
1669362765465 0.5714285969734192 6199
1669362780239 0.5714285969734192 6249
1669362807654 0.6666666865348816 6299
1669362822426 0.0 6349
1669362837183 0.6666666865348816 6399
1669362851941 0.800000011920929 6449
1669362866871 0.6666666865348816 6499
1669362894449 0.6666666865348816 6549
1669362909493 0.3333333134651184 6599
1669362924253 0.4000000059604645 6649
1669362939020 0.5714285969734192 6699
1669362966541 0.4000000059604645 6749
1669362981751 0.0 6799
1669362996527 0.8571428656578064 6849
1669363011583 0.5714285373687744 6899
1669363039313 0.75 6949
1669363054184 0.6666666865348816 6999
1669363068957 0.4000000059604645 7049
1669363083870 0.8571428656578064 7099
1669363098646 0.6666666865348816 7149
1669363126043 0.6666666865348816 7199
1669363141265 0.5714285969734192 7249
1669363156143 0.6666666865348816 7299
1669363170904 0.75 7349
1669363198430 0.5714285969734192 7399
1669363213190 0.2857142686843872 7449
1669363228063 0.0 7499
1669363242811 0.5714285969734192 7549
1669363270341 0.8571428656578064 7599
1669363285235 1.0 7649
1669363300133 0.75 7699
1669363315012 0.6666666865348816 7749
1669363329771 0.0 7799
1669363357367 0.0 7849
1669363372194 0.6666666865348816 7899
1669363387029 0.888888955116272 7949
1669363401799 1.0 7999
1669363429327 0.800000011920929 8049
1669363444424 0.5 8099
1669363459440 0.75 8149
1669363474205 0.3333333432674408 8199
1669363501720 0.0 8249
1669363516631 0.0 8299
1669363531429 0.4000000059604645 8349
1669363546208 0.0 8399
1669363561010 0.800000011920929 8449
1669363588619 0.5714285373687744 8499
1669363603722 0.5 8549
1669363618695 0.5 8599
1669363633523 0.6666666865348816 8649
1669363661098 0.0 8699
1669363676057 0.5 8749
1669363690819 0.4000000059604645 8799
1669363705587 0.6666666865348816 8849
1669363733265 0.5 8899
1669363748284 0.800000011920929 8949
1669363763132 0.6666666865348816 8999
1669363777912 0.0 9049
1669363792653 0.3333333432674408 9099
1669363820387 0.800000011920929 9149
1669363835169 0.6666666865348816 9199
1669363849941 0.4000000059604645 9249
1669363864723 0.800000011920929 9299
1669363892221 0.8571428656578064 9349
1669363907180 0.0 9399
1669363922001 0.5 9449
1669363936930 1.0 9499
1669363964768 0.6666666865348816 9549
1669363979497 0.0 9599
1669363994276 0.3333333432674408 9649
1669364009173 0.800000011920929 9699
1669364023941 0.8571428656578064 9749
1669364051422 0.8571428656578064 9799
1669364066191 0.0 9849
1669364081100 0.6666666865348816 9899
1669364095870 0.8000000715255737 9949
1669364123459 0.5714285373687744 9999
1669364138386 0.5714285373687744 10049
1669364153455 0.888888955116272 10099
1669364168243 0.4000000059604645 10149
1669364195768 0.0 10199
1669364210673 0.6666666865348816 10249
1669364225577 0.5 10299
1669364240464 1.0 10349
1669364255214 0.5714285373687744 10399
1669364282794 0.5 10449
1669364297684 0.800000011920929 10499
1669364312627 0.8571428656578064 10549
1669364327460 0.4000000059604645 10599
1669364355073 0.9090909361839294 10649
1669364369834 0.888888955116272 10699
1669364384611 0.3333333432674408 10749
1669364399725 0.5 10799
1669364414295 0.0 10849
1669364441791 0.6666666865348816 10899
1669364456602 0.800000011920929 10949
1669364471424 0.888888955116272 10999
1669364486350 0.6666666865348816 11049
1669364513980 0.4000000059604645 11099
1669364528879 0.75 11149
1669364543634 0.0 11199
1669364558527 0.4000000059604645 11249
1669364586396 0.9090909361839294 11299
1669364601336 0.8571428656578064 11349
1669364616329 0.800000011920929 11399
1669364631084 0.6666666865348816 11449
1669364645835 0.4000000059604645 11499
1669364673644 0.800000011920929 11549
1669364688417 0.800000011920929 11599
1669364703372 0.75 11649
1669364718173 0.4000000059604645 11699
1669364745816 0.800000011920929 11749
1669364760599 0.5714285373687744 11799
1669364775509 0.5 11849
1669364790298 0.4000000059604645 11899
1669364818022 0.0 11949
1669364832816 0.6666666865348816 11999
1669364847743 0.6666666865348816 12049
1669364862523 0.3333333134651184 12099
1669364877475 0.5714285969734192 12149
1669364905205 0.6666666865348816 12199
1669364919968 0.6666666865348816 12249
1669364934847 1.0 12299
1669364949740 0.8571428656578064 12349
1669364976922 0.6666666865348816 12399
1669364991788 0.75 12449
1669365006694 0.800000011920929 12499
1669365021447 0.800000011920929 12549
1669365048884 0.3333333432674408 12599
1669365063786 0.5 12649
1669365078686 0.5714285969734192 12699
1669365093429 0.3333333134651184 12749
1669365108307 0.8571428656578064 12799
1669365135958 0.800000011920929 12849
1669365150754 0.5 12899
1669365165682 0.75 12949
1669365180462 0.888888955116272 12999
1669365208241 0.4000000059604645 13049
1669365223017 0.5 13099
1669365238097 0.5714285373687744 13149
1669365252884 0.8571428656578064 13199
1669365280690 0.6666666865348816 13249
1669365295466 0.75 13299
1669365310417 0.5714285373687744 13349
1669365325200 0.6666666865348816 13399
1669365339995 0.6666666865348816 13449
1669365367501 0.6666666865348816 13499
1669365382532 0.5714285969734192 13549
1669365397333 0.6666666865348816 13599
1669365412259 0.2857142686843872 13649
1669365439884 0.800000011920929 13699
1669365454832 0.4000000059604645 13749
1669365469608 0.4000000059604645 13799
1669365484519 0.0 13849
1669365512077 0.5 13899
1669365526956 0.8571428656578064 13949
1669365542096 0.3333333432674408 13999
1669365556995 0.8571428656578064 14049
1669365571953 0.5714285373687744 14099
1669365599245 0.6666666865348816 14149
1669365614027 0.6666666865348816 14199
1669365628786 0.6666666865348816 14249
1669365643740 0.800000011920929 14299
1669365671203 0.75 14349
1669365686132 0.6666666865348816 14399
1669365701072 0.6666666865348816 14449
1669365715995 1.0 14499
1669365743559 0.5714285373687744 14549
1669365758325 0.5714285969734192 14599
1669365773237 1.0 14649
1669365788017 0.5714285969734192 14699
1669365802794 0.0 14749
1669365830420 0.0 14799
1669365845184 0.800000011920929 14849
1669365860103 0.6666666865348816 14899
1669365875006 0.75 14949
1669365902494 0.6666666865348816 14999
1669365917405 0.5 15049
1669365932471 0.3333333432674408 15099
1669365947420 0.3333333432674408 15149
1669365975006 0.4000000059604645 15199
1669365989943 0.4000000059604645 15249
1669366004881 0.800000011920929 15299
1669366019787 0.8571428656578064 15349
1669366034708 0.5 15399
1669366062503 0.8571428656578064 15449
1669366077312 0.5714285969734192 15499
1669366092125 0.75 15549
1669366107169 0.3333333134651184 15599
1669366134656 0.5 15649
1669366149455 0.75 15699
1669366164241 0.5714285373687744 15749
1669366179047 0.6666666865348816 15799
1669366206811 0.5714285969734192 15849
1669366221588 0.2857142686843872 15899
1669366236377 0.888888955116272 15949
1669366251561 0.4000000059604645 15999
1669366266362 0.5714285373687744 16049
1669366293799 0.6666666865348816 16099
1669366308648 0.800000011920929 16149
1669366323574 0.3333333432674408 16199
1669366338425 0.5 16249
1669366366002 0.5 16299
1669366380904 0.800000011920929 16349
1669366395854 1.0 16399
1669366410776 0.5 16449
1669366438205 0.0 16499
1669366453189 0.6666666865348816 16549
1669366467978 0.4000000059604645 16599
1669366482907 0.800000011920929 16649
1669366497676 0.6666666865348816 16699
1669366525310 0.444444477558136 16749
1669366540096 0.6666666865348816 16799
1669366555029 0.6666666865348816 16849
1669366569969 0.6000000238418579 16899
1669366597818 0.5 16949
1669366612593 0.0 16999
1669366627388 0.5 17049
1669366642347 0.75 17099
1669366669974 0.5999999642372131 17149
1669366684739 0.75 17199
1669366699663 0.6666666865348816 17249
1669366714427 0.8571428656578064 17299
1669366729336 0.4000000059604645 17349
1669366756975 0.6666666865348816 17399
1669366771885 0.75 17449
1669366786681 0.0 17499
1669366801488 0.6666666865348816 17549
1669366829269 0.6666666865348816 17599
1669366844062 1.0 17649
1669366858862 0.888888955116272 17699
1669366873676 0.9090909361839294 17749
1669366901435 0.4000000059604645 17799
1669366916181 0.0 17849
1669366930934 0.3333333432674408 17899
1669366945953 0.7272727489471436 17949
1669366960704 0.5714285373687744 17999
1669366988422 0.3333333432674408 18049
1669367003394 0.4000000059604645 18099
1669367018191 0.0 18149
1669367032995 0.8571428656578064 18199
1669367060602 0.8571428656578064 18249
1669367075708 0.6666666865348816 18299
1669367090518 0.6666666865348816 18349
1669367105346 0.6666666865348816 18399
1669367132913 0.8571428656578064 18449
1669367147675 0.0 18499
1669367162466 0.5 18549
1669367177244 0.6000000238418579 18599
1669367192148 0.444444477558136 18649
1669367220049 0.3333333432674408 18699
1669367234856 0.888888955116272 18749
1669367249674 1.0 18799
1669367264647 0.6666666865348816 18849
1669367292099 0.5 18899
1669367306904 0.5 18949
1669367321708 0.0 18999
1669367336492 0.6666666865348816 19049
1669367364685 0.800000011920929 19099
1669367379477 0.6666666865348816 19149
1669367394260 0.5 19199
1669367409033 0.5 19249
1669367423945 0.888888955116272 19299
1669367451483 0.800000011920929 19349
1669367466322 0.5714285969734192 19399
1669367481399 0.0 19449
1669367496312 0.8571428656578064 19499
1669367523590 0.800000011920929 19549
1669367538515 0.0 19599
1669367553507 0.75 19649
1669367568344 0.75 19699
1669367595953 0.5 19749
1669367610897 0.6666666865348816 19799
1669367625991 0.5714285373687744 19849
1669367640837 0.0 19899
1669367655649 0.6666666865348816 19949
1669367683329 1.0 19999
1669367698141 0.888888955116272 20049
1669367712972 0.9090909361839294 20099
1669367727771 0.5714285373687744 20149
1669367755494 0.75 20199
1669367770707 0.8571428656578064 20249
1669367785565 0.0 20299
1669367800424 0.6666666865348816 20349
1669367828108 0.3333333432674408 20399
1669367843010 0.6666666865348816 20449
1669367857784 0.6666666865348816 20499
1669367872572 0.6666666865348816 20549
1669367887484 0.8571428656578064 20599
1669367915495 0.6666666865348816 20649
1669367930295 0.5714285373687744 20699
1669367945108 0.6666666865348816 20749
1669367959958 0.5714285969734192 20799
1669367988059 0.6666666865348816 20849
1669368002879 0.6666666865348816 20899
1669368017893 0.0 20949
1669368032864 1.0 20999
1669368061509 0.75 21049
1669368076298 1.0 21099
1669368091089 0.800000011920929 21149
1669368105883 0.75 21199
1669368120683 0.3333333432674408 21249
1669368148345 0.75 21299
1669368163278 0.5 21349
1669368178305 0.0 21399
1669368193103 0.3333333432674408 21449
1669368221016 0.800000011920929 21499
1669368235808 0.800000011920929 21549
1669368250603 0.6666666865348816 21599
1669368265547 0.75 21649
1669368280143 0.0 21699
1669368307872 0.5 21749
1669368322710 0.8571428656578064 21799
1669368337970 0.800000011920929 21849
1669368352749 0.5 21899
1669368380343 0.75 21949
1669368395149 0.8333333134651184 21999
1669368409964 0.6666666865348816 22049
1669368424926 0.4000000059604645 22099
1669368452385 0.800000011920929 22149
1669368467321 0.0 22199
1669368482382 0.6666666865348816 22249
1669368497259 0.0 22299
1669368512052 0.8333333730697632 22349
1669368539710 0.5 22399
1669368554505 0.5714285969734192 22449
1669368569302 0.6666666865348816 22499
1669368584227 0.5 22549
1669368612270 0.75 22599
1669368627182 0.0 22649
1669368641974 0.0 22699
1669368656777 0.5 22749
1669368684378 0.5714285969734192 22799
1669368699337 0.0 22849
1669368714153 0.4000000059604645 22899
1669368729136 0.888888955116272 22949
1669368744075 0.75 22999
1669368771884 0.3333333432674408 23049
1669368786699 0.6666666865348816 23099
1669368801499 0.800000011920929 23149
1669368816328 0.0 23199
1669368844015 0.800000011920929 23249
1669368858839 0.0 23299
1669368873939 0.6666666865348816 23349
1669368888748 0.6666666865348816 23399
1669368916559 0.5 23449
1669368931682 0.5714285969734192 23499
1669368946480 0.0 23549
1669368961274 0.4000000059604645 23599
1669368976090 0.6666666865348816 23649
1669369003820 0.6666666865348816 23699
1669369018627 0.5714285373687744 23749
1669369033534 0.5 23799
1669369048472 1.0 23849
1669369076070 0.0 23899
1669369090947 0.800000011920929 23949
1669369105770 0.800000011920929 23999
1669369120586 0.0 24049
1669369148535 0.8571428656578064 24099
1669369163383 0.0 24149
1669369178357 0.6666666865348816 24199
1669369193168 0.800000011920929 24249
1669369208272 0.0 24299
1669369235720 0.75 24349
1669369250620 0.8571428656578064 24399
1669369265614 0.3333333432674408 24449
1669369280541 0.75 24499
1669369308356 0.5 24549
1669369323276 1.0 24599
1669369338312 0.0 24649
1669369353342 0.8571428656578064 24699
1669369380851 0.0 24749
1669369395713 0.4000000059604645 24799
1669369410714 0.6666666865348816 24849
1669369425560 0.4000000059604645 24899
1669369440440 0.0 24949
1669369468237 0.6666666865348816 24999
1669369483410 1.0 25049
1669369498264 0.75 25099
1669369513152 0.4000000059604645 25149
1669369540765 0.0 25199
1669369555611 0.5 25249
1669369570640 0.6666666865348816 25299
1669369585479 0.8571428656578064 25349
1669369613051 0.0 25399
1669369627916 0.800000011920929 25449
1669369642903 0.5 25499
1669369658044 1.0 25549
1669369672999 0.5 25599
1669369700387 0.2857142984867096 25649
1669369715347 0.6666666865348816 25699
1669369730346 0.6666666865348816 25749
1669369745163 0.6666666865348816 25799
1669369772856 0.6666666865348816 25849
1669369787717 0.7272727489471436 25899
1669369802674 0.5714285373687744 25949
1669369817558 0.0 25999
1669369845139 0.800000011920929 26049
1669369860026 0.5 26099
1669369875174 0.800000011920929 26149
1669369890048 0.2857142686843872 26199
1669369904862 1.0 26249
1669369932605 0.0 26299
1669369947551 0.4000000059604645 26349
1669369962660 0.8571428656578064 26399
1669369977513 0.8571428656578064 26449
1669370005070 0.6666666865348816 26499
1669370020022 0.75 26549
1669370034890 0.6666666865348816 26599
1669370049735 0.4000000059604645 26649
1669370077287 0.75 26699
1669370092144 0.800000011920929 26749
1669370106993 1.0 26799
1669370121952 0.800000011920929 26849
1669370136764 0.800000011920929 26899
1669370164292 0.6666666865348816 26949
1669370179462 0.2857142686843872 26999
1669370194428 0.0 27049
1669370209296 0.0 27099
1669370236946 0.5 27149
1669370251920 0.4000000059604645 27199
1669370266758 0.3333333134651184 27249
1669370281607 0.5 27299
1669370308953 0.6666666865348816 27349
1669370324080 0.6666666865348816 27399
1669370338905 0.6666666865348816 27449
1669370353910 0.0 27499
1669370368726 0.800000011920929 27549
1669370396503 0.0 27599
1669370411372 0.5 27649
1669370426206 0.5 27699
1669370441057 0.4000000059604645 27749
1669370468619 0.6666666865348816 27799
1669370483559 0.0 27849
1669370498380 1.0 27899
1669370513433 0.3333333432674408 27949
1669370540963 0.800000011920929 27999
1669370555767 1.0 28049
1669370570580 0.5714285373687744 28099
1669370585696 0.5 28149
1669370600490 0.4000000059604645 28199
1669370628047 0.6666666865348816 28249
1669370642901 0.5 28299
1669370657962 0.5714285373687744 28349
1669370673036 0.8571428656578064 28399
1669370700653 0.8571428656578064 28449
1669370715451 0.8571428656578064 28499
1669370730512 0.0 28549
1669370745346 0.4000000059604645 28599
1669370772841 0.0 28649
1669370787758 0.2857142984867096 28699
1669370802570 0.75 28749
1669370817387 0.5714285969734192 28799
1669370832209 0.6000000238418579 28849
1669370859850 0.5999999642372131 28899
1669370875113 0.6666666865348816 28949
1669370889958 0.5714285969734192 28999
1669370904942 0.5714285373687744 29049
1669370932276 0.8571428656578064 29099
1669370947109 1.0 29149
1669370961958 0.6666666865348816 29199
1669370976914 0.3333333134651184 29249
1669371004533 1.0 29299
1669371019474 0.7272727489471436 29349
1669371034279 0.0 29399
1669371049071 1.0 29449
1669371063881 0.800000011920929 29499
1669371091644 1.0 29549
1669371106504 0.3333333432674408 29599
1669371121422 0.0 29649
1669371136213 0.6666666865348816 29699
1669371163920 0.5 29749
1669371178715 0.3333333432674408 29799
1669371193526 0.75 29849
1669371208481 1.0 29899
1669371236305 0.800000011920929 29949
1669371251241 0.888888955116272 29999
1669371266138 0.800000011920929 30049
1669371281081 0.6666666865348816 30099
1669371296055 0.6666666865348816 30149
1669371323721 0.6666666865348816 30199
1669371338720 0.8571428656578064 30249
1669371353701 0.6666666865348816 30299
1669371368689 0.6666666865348816 30349
1669371396306 0.0 30399
1669371411156 0.6666666865348816 30449
1669371426342 0.4000000059604645 30499
1669371441393 0.5 30549
1669371469627 0.6666666865348816 30599
1669371484562 0.888888955116272 30649
1669371499490 0.5714285373687744 30699
1669371514436 0.8571428656578064 30749
1669371529538 0.5 30799
1669371557807 0.6666666865348816 30849
1669371572787 0.8571428656578064 30899
1669371588114 1.0 30949
1669371603118 0.800000011920929 30999
1669371631023 0.0 31049
1669371645967 0.4000000059604645 31099
1669371661093 0.4000000059604645 31149
1669371676074 0.5 31199
1669371704355 0.8571428656578064 31249
1669371719663 1.0 31299
1669371734658 0.6666666865348816 31349
1669371749675 0.6666666865348816 31399
1669371764496 0.6666666865348816 31449
1669371792353 0.800000011920929 31499
1669371810114 0.75 31549
1669371824985 0.5714285373687744 31599
1669371839797 0.8571428656578064 31649
1669371867600 0.800000011920929 31699
1669371882559 0.6666666865348816 31749
1669371897427 0.0 31799
1669371913102 0.6666666865348816 31849
1669371940997 0.888888955116272 31899
1669371955850 0.5714285373687744 31949
1669371970693 0.75 31999
1669371985725 0.75 32049
1669372000570 0.75 32099
1669372028035 0.800000011920929 32149
1669372043134 0.8571428656578064 32199
1669372057969 0.800000011920929 32249
1669372072798 0.4000000059604645 32299
1669372100205 0.0 32349
1669372115055 0.8571428656578064 32399
1669372130144 0.75 32449
1669372144997 0.4000000059604645 32499
1669372159664 0.0 32549
1669372187720 0.5714285969734192 32599
1669372202570 1.0 32649
1669372217423 0.800000011920929 32699
1669372232265 0.75 32749
1669372259704 0.5 32799
1669372274538 0.3333333432674408 32849
1669372289495 0.6666666865348816 32899
1669372304328 0.75 32949
1669372331969 0.75 32999
1669372346778 0.5 33049
1669372361608 0.6666666865348816 33099
1669372376439 0.3333333432674408 33149
1669372391377 0.6666666865348816 33199
1669372418957 0.6666666865348816 33249
1669372433801 0.800000011920929 33299
1669372448778 0.8571428656578064 33349
1669372463743 0.5 33399
1669372491471 1.0 33449
1669372506304 0.8571428656578064 33499
1669372521131 0.3333333432674408 33549
1669372535954 0.4000000059604645 33599
1669372563731 0.0 33649
1669372578658 0.5714285373687744 33699
1669372593462 0.6666666865348816 33749
1669372608419 0.800000011920929 33799
1669372623258 0.75 33849
1669372651170 0.6666666865348816 33899
1669372667188 0.75 33949
1669372682259 1.0 33999
1669372697416 0.800000011920929 34049
1669372724726 0.6666666865348816 34099
1669372739516 0.6666666865348816 34149
1669372754643 0.5 34199
1669372769601 1.0 34249
1669372796967 0.75 34299
1669372811951 0.3333333432674408 34349
1669372826786 0.6666666865348816 34399
1669372841901 0.3333333134651184 34449
1669372856713 0.4000000059604645 34499
1669372884405 0.5 34549
1669372899217 1.0 34599
1669372914000 0.6666666865348816 34649
1669372928958 0.3333333432674408 34699
1669372956538 1.0 34749
1669372971470 0.5 34799
1669372986272 0.800000011920929 34849
1669373001203 0.800000011920929 34899
1669373028867 0.6666666865348816 34949
1669373043701 0.0 34999
1669373058541 0.6666666865348816 35049
1669373073561 0.6666666865348816 35099
1669373088397 0.6666666865348816 35149
1669373115976 0.5 35199
1669373130953 0.3333333432674408 35249
1669373145899 0.6666666865348816 35299
1669373160740 0.6666666865348816 35349
1669373188291 0.6666666865348816 35399
1669373203267 0.0 35449
1669373218079 0.5714285373687744 35499
1669373233021 0.444444477558136 35549
1669373260437 1.0 35599
1669373275256 0.5 35649
1669373290304 0.6666666865348816 35699
1669373305113 0.5714285373687744 35749
1669373319925 0.0 35799
1669373347535 0.8571428656578064 35849
1669373362513 0.5 35899
1669373377465 0.7272727489471436 35949
1669373392564 0.5714285969734192 35999
1669373420227 0.5714285373687744 36049
1669373435032 1.0 36099
1669373449972 0.3333333432674408 36149
1669373464761 0.5 36199
1669373492422 0.0 36249
1669373507238 0.5 36299
1669373522204 0.8571428656578064 36349
1669373537000 0.0 36399
1669373551916 0.4000000059604645 36449
1669373579758 1.0 36499
1669373594538 0.6666666865348816 36549
1669373609592 0.6666666865348816 36599
1669373624375 0.6666666865348816 36649
1669373652047 0.5 36699
1669373666917 0.6666666865348816 36749
1669373681753 0.4000000059604645 36799
1669373696697 0.888888955116272 36849
1669373724435 0.5 36899
1669373739219 0.800000011920929 36949
1669373754282 0.800000011920929 36999
1669373769165 0.6666666865348816 37049
1669373783979 0.8571428656578064 37099
1669373811784 0.8000000715255737 37149
1669373826627 0.6666666865348816 37199
1669373841608 0.5 37249
1669373856445 0.0 37299
1669373884405 0.5714285373687744 37349
1669373899231 0.8571428656578064 37399
1669373914212 0.8571428656578064 37449
1669373929051 0.5 37499
1669373956948 0.5 37549
1669373971743 0.800000011920929 37599
1669373986594 0.0 37649
1669374001578 0.75 37699
1669374016408 0.0 37749
1669374044156 0.6666666865348816 37799
1669374059108 0.0 37849
1669374074113 0.6666666865348816 37899
1669374088962 1.0 37949
1669374116738 0.888888955116272 37999
1669374131680 0.6666666865348816 38049
1669374146513 0.6666666865348816 38099
1669374161327 0.800000011920929 38149
1669374189247 1.0 38199
1669374204368 0.3333333134651184 38249
1669374219191 0.800000011920929 38299
1669374234037 1.0 38349
1669374248892 0.2857142984867096 38399
1669374276959 0.800000011920929 38449
1669374291837 0.800000011920929 38499
1669374306678 0.5714285969734192 38549
1669374321660 0.5714285969734192 38599
1669374349468 0.6666666865348816 38649
1669374364252 0.3333333432674408 38699
1669374379028 0.6666666865348816 38749
1669374393924 0.8333333730697632 38799
1669374421493 0.0 38849
1669374436288 0.8571428656578064 38899
1669374451227 0.800000011920929 38949
1669374466013 0.8571428656578064 38999
1669374480947 0.6666666865348816 39049
1669374508669 0.5 39099
1669374523503 0.5 39149
1669374538468 0.6666666865348816 39199
1669374553281 0.6666666865348816 39249
1669374580846 0.0 39299
1669374595785 0.6666666865348816 39349
1669374610712 0.800000011920929 39399
1669374625498 0.6666666865348816 39449
1669374653244 0.6666666865348816 39499
1669374668014 0.6666666865348816 39549
1669374682962 0.75 39599
1669374697737 0.6666666865348816 39649
1669374712639 0.0 39699
1669374740226 0.4000000059604645 39749
1669374755023 0.5714285969734192 39799
1669374769961 1.0 39849
1669374784896 0.800000011920929 39899
1669374812687 0.5714285969734192 39949
1669374827619 0.4000000059604645 39999
1669374842410 0.8000000715255737 40049
1669374857191 0.800000011920929 40099
1669374884927 0.4000000059604645 40149
1669374899752 1.0 40199
1669374914560 0.6666666865348816 40249
1669374929483 0.6666666865348816 40299
1669374944268 0.4000000059604645 40349
1669374971936 0.5714285969734192 40399
1669374986720 0.6666666865348816 40449
1669375001643 0.6666666865348816 40499
1669375016537 0.4000000059604645 40549
1669375044466 0.2857142984867096 40599
1669375059277 0.75 40649
1669375074094 0.6000000238418579 40699
1669375088906 0.5714285969734192 40749
1669375116777 0.5 40799
1669375131567 0.8571428656578064 40849
1669375146669 0.0 40899
1669375161471 0.8571428656578064 40949
1669375176414 0.5 40999
1669375203908 0.5714285373687744 41049
1669375218708 0.6666666865348816 41099
1669375233503 0.0 41149
1669375248423 0.800000011920929 41199
1669375276200 0.5 41249
1669375291304 0.8571428656578064 41299
1669375306127 0.6666666865348816 41349
1669375320901 0.6666666865348816 41399
1669375348594 0.6666666865348816 41449
1669375363338 0.888888955116272 41499
1669375378103 0.5714285969734192 41549
1669375393042 0.5 41599
1669375407808 0.7272727489471436 41649
1669375435297 0.0 41699
1669375450079 0.6666666865348816 41749
1669375464846 0.5 41799
1669375479608 0.6666666865348816 41849
1669375507274 0.5714285373687744 41899
1669375522053 0.0 41949
1669375537101 0.6666666865348816 41999
1669375551884 1.0 42049
1669375579576 0.5714285969734192 42099
1669375594349 0.6000000238418579 42149
1669375609137 0.0 42199
1669375623908 0.5714285969734192 42249
1669375638671 0.5 42299
1669375666402 0.5714285373687744 42349
1669375681209 0.6666666865348816 42399
1669375696121 0.5714285373687744 42449
1669375710937 0.5 42499
1669375738560 0.5 42549
1669375753391 0.800000011920929 42599
1669375768200 0.75 42649
1669375783119 1.0 42699
1669375810644 0.6666666865348816 42749
1669375825451 0.8571428656578064 42799
1669375840397 0.6666666865348816 42849
1669375855206 0.6666666865348816 42899
1669375870159 0.7272727489471436 42949
1669375897745 0.0 42999
1669375912556 0.8571428656578064 43049
1669375927493 0.3333333134651184 43099
1669375942286 0.0 43149
1669375969995 0.8571428656578064 43199
1669375984812 0.5714285373687744 43249
1669375999900 0.6666666865348816 43299
1669376014701 0.6666666865348816 43349
1669376029302 0.0 43399
1669376056898 0.6666666865348816 43449
1669376071726 0.5714285969734192 43499
1669376086643 0.8571428656578064 43549
1669376101574 0.5 43599
1669376129203 0.6666666865348816 43649
1669376144046 0.4000000059604645 43699
1669376158991 0.75 43749
1669376174080 0.75 43799
1669376201712 0.7272727489471436 43849
1669376216520 0.0 43899
1669376231475 1.0 43949
1669376246530 0.6666666865348816 43999
1669376261330 0.4000000059604645 44049
1669376288923 0.8571428656578064 44099
1669376303740 0.5714285373687744 44149
1669376318658 0.5999999642372131 44199
1669376333441 0.5 44249
1669376360986 1.0 44299
1669376376040 0.6666666865348816 44349
1669376391093 0.6666666865348816 44399
1669376406041 0.5714285969734192 44449
1669376433573 0.3333333432674408 44499
1669376448488 0.8571428656578064 44549
1669376463321 0.8571428656578064 44599
1669376478114 0.9090909361839294 44649
1669376492896 0.6000000238418579 44699
1669376520692 0.5 44749
1669376535633 0.5714285373687744 44799
1669376550574 0.8571428656578064 44849
1669376565363 0.0 44899
1669376592963 0.3333333134651184 44949
1669376607810 0.6666666865348816 44999
1669376622629 0.0 45049
1669376637606 0.5 45099
1669376665240 0.2857142686843872 45149
1669376680388 0.75 45199
1669376695258 0.6666666865348816 45249
1669376710284 0.5714285373687744 45299
1669376725058 0.6666666865348816 45349
1669376752577 0.8571428656578064 45399
1669376767349 0.0 45449
1669376782131 0.6666666865348816 45499
1669376797049 0.4000000059604645 45549
1669376824869 0.3333333134651184 45599
1669376839868 0.5 45649
1669376854653 0.5 45699
1669376869455 0.5 45749
1669376896877 0.75 45799
1669376911661 0.0 45849
1669376926611 0.5 45899
1669376941422 0.5714285373687744 45949
1669376956384 0.25 45999
1669376984335 0.8333333730697632 46049
1669376999099 1.0 46099
1669377013854 0.6666666865348816 46149
1669377028610 0.5714285373687744 46199
1669377056212 0.888888955116272 46249
1669377071148 0.6666666865348816 46299
1669377086093 0.0 46349
1669377100936 0.6666666865348816 46399
1669377128808 0.0 46449
1669377143607 0.800000011920929 46499
1669377158439 0.6000000238418579 46549
1669377173402 0.800000011920929 46599
1669377188354 0.4000000059604645 46649
1669377215930 0.8571428656578064 46699
1669377230748 0.6666666865348816 46749
1669377245574 0.75 46799
1669377260383 0.6666666865348816 46849
1669377287958 0.6666666865348816 46899
1669377302752 0.75 46949
1669377317803 0.800000011920929 46999
1669377332712 0.4000000059604645 47049
1669377360172 0.5714285373687744 47099
1669377374982 0.8571428656578064 47149
1669377389751 0.6666666865348816 47199
1669377404681 0.0 47249
1669377419460 0.800000011920929 47299
1669377447334 0.6666666865348816 47349
1669377462175 0.8000000715255737 47399
1669377476988 0.6666666865348816 47449
1669377492045 0.800000011920929 47499
1669377519694 0.5714285969734192 47549
1669377534477 0.800000011920929 47599
1669377549260 0.3333333134651184 47649
1669377564170 0.6666666865348816 47699
1669377591996 0.6666666865348816 47749
1669377606774 0.6666666865348816 47799
1669377621711 0.888888955116272 47849
1669377636495 0.5714285373687744 47899
1669377651278 0.5 47949
1669377678930 0.5 47999
1669377693730 0.6666666865348816 48049
1669377708554 0.75 48099
1669377723373 0.800000011920929 48149
1669377751412 0.8571428656578064 48199
1669377766195 0.5714285373687744 48249
1669377780966 0.6666666865348816 48299
1669377795977 0.6666666865348816 48349
1669377823367 0.75 48399
1669377838100 0.0 48449
1669377852848 0.8571428656578064 48499
1669377867889 0.6666666865348816 48549
1669377882798 0.3333333432674408 48599
1669377910596 1.0 48649
1669377925417 0.5454545021057129 48699
1669377940210 0.6666666865348816 48749
1669377955019 0.0 48799
1669377982608 0.5714285373687744 48849
1669377997504 0.0 48899
1669378012611 0.8571428656578064 48949
1669378027580 0.4000000059604645 48999
1669378055034 0.6666666865348816 49049
1669378069931 1.0 49099
1669378084736 1.0 49149
1669378099551 0.3333333134651184 49199
1669378114343 0.800000011920929 49249
1669378141990 0.6666666865348816 49299
1669378156796 0.0 49349
1669378171863 0.5714285969734192 49399
1669378186807 0.7272727489471436 49449
1669378214601 0.0 49499
1669378229382 0.800000011920929 49549
1669378244163 0.6666666865348816 49599
1669378258948 0.800000011920929 49649
1669378286689 0.5 49699
1669378301638 0.5714285969734192 49749
1669378316549 0.75 49799
1669378331470 0.0 49849
1669378346312 0.25 49899
1669378374018 0.0 49949
1669378388860 0.6666666865348816 49999
1669378403653 1.0 50049
1669378418454 0.0 50099
1669378446143 1.0 50149
1669378460967 0.8571428656578064 50199
1669378475944 0.888888955116272 50249
1669378490875 0.5714285969734192 50299
1669378518305 0.6666666865348816 50349
1669378533137 0.4000000059604645 50399
1669378547972 0.8333333134651184 50449
1669378562800 0.5714285373687744 50499
1669378577761 0.5 50549
1669378605356 0.5 50599
1669378620244 0.0 50649
1669378635179 0.800000011920929 50699
1669378649954 0.6666666865348816 50749
1669378677406 0.800000011920929 50799
1669378692230 0.6666666865348816 50849
1669378707157 0.800000011920929 50899
1669378722107 1.0 50949
1669378749965 0.5 50999
1669378764956 0.8571428656578064 51049
1669378779880 0.0 51099
1669378794852 0.2857142984867096 51149
1669378809753 0.0 51199
1669378837703 0.5714285373687744 51249
1669378852619 0.3333333134651184 51299
1669378867681 0.5 51349
1669378882478 0.5 51399
1669378910368 0.3333333432674408 51449
1669378925163 0.0 51499
1669378940429 0.6666666865348816 51549
1669378955200 0.75 51599
1669378982876 0.800000011920929 51649
1669378997842 0.5714285969734192 51699
1669379012791 0.888888955116272 51749
1669379027610 0.7272727489471436 51799
1669379042756 0.5 51849
1669379070464 0.8571428656578064 51899
1669379085244 0.5 51949
1669379100019 0.0 51999
1669379114801 0.75 52049
1669379142336 0.8571428656578064 52099
1669379157418 0.800000011920929 52149
1669379172343 0.0 52199
1669379187161 0.800000011920929 52249
1669379214951 0.2857142686843872 52299
1669379229695 0.2857142984867096 52349
1669379244474 0.5 52399
1669379259403 0.8333333134651184 52449
1669379274207 0.5 52499
1669379301831 0.8571428656578064 52549
1669379316881 0.5 52599
1669379331679 0.6666666865348816 52649
1669379346468 0.75 52699
1669379374255 0.3333333432674408 52749
1669379389026 0.5 52799
1669379403941 0.6666666865348816 52849
1669379418722 0.5 52899
1669379446539 0.5 52949
1669379461335 0.0 52999
1669379476296 0.5 53049
1669379491102 0.2857142686843872 53099
1669379505918 0.5 53149
1669379533549 0.5714285373687744 53199
1669379548362 0.6666666865348816 53249
1669379563447 0.4000000059604645 53299
1669379578370 0.888888955116272 53349
1669379605975 0.5714285969734192 53399
1669379620957 0.4000000059604645 53449
1669379635744 0.0 53499
1669379650534 0.4000000059604645 53549
1669379677986 0.6666666865348816 53599
1669379692909 0.8571428656578064 53649
1669379707950 1.0 53699
1669379722742 0.4000000059604645 53749
1669379737548 0.5714285969734192 53799
1669379765356 0.8571428656578064 53849
1669379780174 0.0 53899
1669379794952 0.800000011920929 53949
1669379809721 0.0 53999
1669379837287 0.3333333432674408 54049
1669379852105 0.5 54099
1669379867091 0.5714285969734192 54149
1669379882015 0.6666666865348816 54199
1669379896767 1.0 54249
1669379924606 0.444444477558136 54299
1669379939398 0.9090909361839294 54349
1669379954333 0.6666666865348816 54399
1669379969139 0.800000011920929 54449
1669379996599 0.4000000059604645 54499
1669380011553 0.0 54549
1669380026500 0.75 54599
1669380041433 0.800000011920929 54649
1669380068906 0.5 54699
1669380083731 1.0 54749
1669380098666 0.888888955116272 54799
1669380113445 0.6666666865348816 54849
1669380128229 0.800000011920929 54899
1669380155674 0.6666666865348816 54949
1669380170741 0.5 54999
1669380185773 0.0 55049
1669380200563 0.6666666865348816 55099
1669380228376 0.0 55149
1669380243166 0.8571428656578064 55199
1669380257949 0.0 55249
1669380272743 0.3333333432674408 55299
1669380300339 0.0 55349
1669380315133 0.6666666865348816 55399
1669380330085 1.0 55449
1669380345002 0.4000000059604645 55499
1669380359913 0.0 55549
1669380387635 0.0 55599
1669380402425 0.5714285969734192 55649
1669380417236 1.0 55699
1669380432050 1.0 55749
1669380459748 1.0 55799
1669380474689 0.6666666865348816 55849
1669380489465 0.4000000059604645 55899
1669380504377 0.3333333134651184 55949
1669380531992 0.800000011920929 55999
1669380546916 0.0 56049
1669380561721 0.75 56099
1669380576528 0.75 56149
1669380591453 0.4000000059604645 56199
1669380619176 0.6666666865348816 56249
1669380633992 0.8571428656578064 56299
1669380648923 0.444444477558136 56349
1669380663739 0.8571428656578064 56399
1669380691381 0.0 56449
1669380706358 0.6666666865348816 56499
1669380721171 0.5714285373687744 56549
1669380736010 0.0 56599
1669380763519 1.0 56649
1669380778482 0.8000000715255737 56699
1669380793326 0.5 56749
1669380808248 0.6666666865348816 56799
1669380823072 0.800000011920929 56849
1669380850772 0.8333333730697632 56899
1669380865702 0.75 56949
1669380880507 0.800000011920929 56999
1669380895357 0.3333333134651184 57049
1669380923153 0.75 57099
1669380938078 0.6666666865348816 57149
1669380952870 0.8333333730697632 57199
1669380967935 0.4000000059604645 57249
1669380995650 0.4000000059604645 57299
1669381010464 0.6666666865348816 57349
1669381025273 0.4000000059604645 57399
1669381040089 1.0 57449
1669381055023 0.75 57499
1669381082321 0.8571428656578064 57549
1669381097277 0.75 57599
1669381112303 0.800000011920929 57649
1669381127109 0.5714285373687744 57699
1669381154881 0.6666666865348816 57749
1669381169664 0.5714285373687744 57799
1669381184572 0.8571428656578064 57849
1669381199367 0.800000011920929 57899
1669381227109 0.4000000059604645 57949
1669381241898 0.5714285373687744 57999
1669381256832 0.0 58049
1669381271635 0.8571428656578064 58099
1669381286413 0.6666666865348816 58149
1669381314086 0.888888955116272 58199
1669381328916 0.6666666865348816 58249
1669381343735 1.0 58299
1669381358530 0.888888955116272 58349
1669381386366 0.6666666865348816 58399
1669381401170 0.6666666865348816 58449
1669381416002 0.4000000059604645 58499
1669381430860 0.8000000715255737 58549
1669381458684 0.4000000059604645 58599
1669381473489 0.4000000059604645 58649
1669381488322 0.800000011920929 58699
1669381503144 0.4000000059604645 58749
1669381518109 0.3333333432674408 58799
1669381545741 0.6666666865348816 58849
1669381560518 0.6666666865348816 58899
1669381575318 0.3333333432674408 58949
1669381590406 0.800000011920929 58999
1669381617989 1.0 59049
1669381632800 0.8571428656578064 59099
1669381647575 0.75 59149
1669381662365 0.5714285969734192 59199
1669381689788 0.8571428656578064 59249
1669381704699 1.0 59299
1669381719621 0.800000011920929 59349
1669381734555 0.6666666865348816 59399
1669381749614 0.6666666865348816 59449
1669381777215 0.4000000059604645 59499
1669381792004 0.0 59549
1669381806821 0.0 59599
1669381821607 1.0 59649
1669381849282 0.6666666865348816 59699
1669381864094 0.5 59749
1669381879028 0.6666666865348816 59799
1669381894097 0.0 59849
1669381921847 0.0 59899
1669381936637 0.800000011920929 59949
1669381951670 0.8571428656578064 59999
1669381966516 0.5714285969734192 60049
1669381981339 0.6666666865348816 60099
1669382009137 0.75 60149
1669382024043 0.4000000059604645 60199
1669382038929 0.5714285373687744 60249
1669382053711 0.2857142686843872 60299
1669382081108 0.800000011920929 60349
1669382095864 0.6000000238418579 60399
1669382110799 0.6666666865348816 60449
1669382125727 0.800000011920929 60499
1669382153433 0.6666666865348816 60549
1669382168209 0.6666666865348816 60599
1669382183194 0.75 60649
1669382197980 0.5 60699
1669382212761 0.6666666865348816 60749
1669382240315 0.0 60799
1669382255286 0.75 60849
1669382270217 0.5714285373687744 60899
1669382285017 0.3333333432674408 60949
1669382312765 0.6666666865348816 60999
1669382327572 0.800000011920929 61049
1669382342370 0.800000011920929 61099
1669382357300 0.5714285969734192 61149
1669382385002 0.0 61199
1669382399819 0.7272727489471436 61249
1669382414763 0.6666666865348816 61299
1669382429685 0.5714285373687744 61349
1669382444454 0.0 61399
1669382472089 0.5714285969734192 61449
1669382487047 0.800000011920929 61499
1669382501853 0.0 61549
1669382516653 0.6666666865348816 61599
1669382544158 0.800000011920929 61649
1669382559168 0.2857142686843872 61699
1669382574092 0.3333333432674408 61749
1669382588850 0.4000000059604645 61799
1669382616531 0.800000011920929 61849
1669382631344 0.8571428656578064 61899
1669382646315 0.6666666865348816 61949
1669382661117 0.8571428656578064 61999
1669382675960 0.4000000059604645 62049
1669382703749 0.6666666865348816 62099
1669382718554 0.0 62149
1669382733349 0.4000000059604645 62199
1669382748137 0.8571428656578064 62249
1669382775926 0.8571428656578064 62299
1669382790754 0.6666666865348816 62349
1669382805569 0.4000000059604645 62399
1669382820532 0.5714285969734192 62449
1669382848362 0.5 62499
1669382863123 0.6666666865348816 62549
1669382878048 0.5714285969734192 62599
1669382892843 0.6000000238418579 62649
1669382907786 0.5 62699
1669382935304 0.9230769276618958 62749
1669382950248 1.0 62799
1669382965066 0.800000011920929 62849
1669382979873 0.0 62899
1669383007470 0.6000000238418579 62949
1669383022250 0.6666666865348816 62999
1669383037081 0.4000000059604645 63049
1669383052135 0.3333333432674408 63099
1669383079609 0.800000011920929 63149
1669383094336 0.5 63199
1669383109359 0.6666666865348816 63249
1669383124112 0.6666666865348816 63299
1669383138855 0.4000000059604645 63349
1669383166464 0.6666666865348816 63399
1669383181280 0.6666666865348816 63449
1669383196298 0.4000000059604645 63499
1669383211157 0.3333333134651184 63549
1669383238819 0.75 63599
1669383253619 0.5714285373687744 63649
1669383268437 0.8000000715255737 63699
1669383283273 0.4000000059604645 63749
1669383310818 0.800000011920929 63799
1669383325577 0.3333333134651184 63849
1669383340500 0.6666666865348816 63899
1669383355255 0.6666666865348816 63949
1669383370130 0.6666666865348816 63999
1669383397841 0.75 64049
1669383412584 0.5714285373687744 64099
1669383427377 0.8571428656578064 64149
1669383442165 0.800000011920929 64199
1669383469768 0.0 64249
1669383484585 1.0 64299
1669383499547 0.0 64349
1669383514368 0.75 64399
1669383542197 0.3333333432674408 64449
1669383557080 0.8571428656578064 64499
1669383571895 0.5 64549
1669383586700 0.75 64599
1669383601630 0.3333333432674408 64649
1669383629195 0.6666666865348816 64699
1669383644135 1.0 64749
1669383659210 0.5 64799
1669383674010 1.0 64849
1669383701462 0.800000011920929 64899
1669383716393 0.5 64949
1669383731178 0.5 64999
1669383746168 0.6666666865348816 65049
1669383760870 0.0 65099
