1669360643278 0.6017808318138123 216
1669360720066 0.5966418385505676 433
1669360796885 0.5902476906776428 650
1669360873481 0.5921028852462769 867
1669360950292 0.6065703630447388 1084
1669361027472 0.592471718788147 1301
1669361104607 0.5968566536903381 1518
1669361181747 0.5770740509033203 1735
1669361258920 0.6057748198509216 1952
1669361336585 0.5920313596725464 2169
1669361413544 0.6146214604377747 2386
1669361491119 0.6070271730422974 2603
1669361568349 0.6069557070732117 2820
1669361645909 0.6123725771903992 3037
1669361723138 0.6197742819786072 3254
1669361800701 0.6183621883392334 3471
1669361878010 0.6356261968612671 3688
1669361955215 0.6393834948539734 3905
1669362032791 0.6358133554458618 4122
1669362109692 0.6336801052093506 4339
1669362187157 0.6409633159637451 4556
1669362263941 0.6504210829734802 4773
1669362341561 0.6510404348373413 4990
1669362418587 0.657908022403717 5207
1669362496329 0.6631378531455994 5424
1669362573289 0.6810762882232666 5641
1669362650604 0.6745856404304504 5858
1669362727665 0.6716680526733398 6075
1669362804852 0.6872432827949524 6292
1669362881990 0.6904817819595337 6509
1669362959075 0.6959922313690186 6726
1669363036763 0.7039691209793091 6943
1669363113873 0.7023863792419434 7160
1669363191290 0.7119817733764648 7377
1669363268216 0.7014725804328918 7594
1669363345295 0.7113281488418579 7811
1669363422482 0.7039416432380676 8028
1669363499724 0.7104817032814026 8245
1669363576959 0.7117094993591309 8462
1669363654565 0.7101129293441772 8679
1669363731640 0.7046228647232056 8896
1669363809130 0.7266941666603088 9113
1669363885963 0.7301281094551086 9330
1669363963339 0.7070795297622681 9547
1669364040451 0.7201583385467529 9764
1669364117471 0.7064327001571655 9981
1669364194802 0.7240628004074097 10198
1669364272135 0.7247316837310791 10415
1669364349407 0.7253179550170898 10632
1669364426368 0.7090132236480713 10849
1669364503604 0.7521662712097168 11066
1669364580945 0.727437436580658 11283
1669364658473 0.7223796248435974 11500
1669364735729 0.7078421115875244 11717
1669364812758 0.7325708866119385 11934
1669364890414 0.7288880348205566 12151
1669364967146 0.7312688827514648 12368
1669365044031 0.7317231893539429 12585
1669365121417 0.722605288028717 12802
1669365198437 0.7232162952423096 13019
1669365276208 0.7357569336891174 13236
1669365353218 0.7358947396278381 13453
1669365430613 0.7250165343284607 13670
1669365507833 0.7355105876922607 13887
1669365585342 0.7370162606239319 14104
1669365662263 0.7230306267738342 14321
1669365739646 0.7383030652999878 14538
1669365816796 0.7335067987442017 14755
1669365893756 0.7252023816108704 14972
1669365971406 0.7317987680435181 15189
1669366049096 0.7313873171806335 15406
1669366126322 0.7365319132804871 15623
1669366203463 0.7291660308837891 15840
1669366280696 0.7419171929359436 16057
1669366357889 0.7393064498901367 16274
1669366435160 0.7135645747184753 16491
1669366512461 0.7121772766113281 16708
1669366590064 0.7294357419013977 16925
1669366667122 0.7344027161598206 17142
1669366744453 0.7305492162704468 17359
1669366821661 0.7375392317771912 17576
1669366899024 0.7349711656570435 17793
1669366976239 0.7344509959220886 18010
1669367053404 0.7288411855697632 18227
1669367130695 0.7441619634628296 18444
1669367207959 0.7352575063705444 18661
1669367285210 0.7511919140815735 18878
1669367362861 0.7290999293327332 19095
1669367439856 0.7358382940292358 19312
1669367516986 0.7281696796417236 19529
1669367594426 0.7292100787162781 19746
1669367671811 0.7448170185089111 19963
1669367749248 0.7311932444572449 20180
1669367826855 0.7363392114639282 20397
1669367904324 0.7472832798957825 20614
1669367982023 0.7416612505912781 20831
1669368060559 0.7463805079460144 21048
1669368137469 0.7362813949584961 21265
1669368215308 0.7265152335166931 21482
1669368292457 0.7316544055938721 21699
1669368369855 0.7413983345031738 21916
1669368447039 0.7225295901298523 22133
1669368524595 0.7162483334541321 22350
1669368601840 0.7348748445510864 22567
1669368679239 0.7165951132774353 22784
1669368756898 0.7210597991943359 23001
1669368834195 0.7436994910240173 23218
1669368911669 0.7386127710342407 23435
1669368989183 0.7411725521087646 23652
1669369066397 0.7388191819190979 23869
1669369144038 0.7514092922210693 24086
1669369221475 0.7330223321914673 24303
1669369299141 0.7402670383453369 24520
1669369376654 0.7395761609077454 24737
1669369453985 0.7385632395744324 24954
1669369531757 0.7394604682922363 25171
1669369609087 0.7436416745185852 25388
1669369686712 0.7455161213874817 25605
1669369763903 0.7330499291419983 25822
1669369841454 0.7284297347068787 26039
1669369918965 0.7341618537902832 26256
1669369996552 0.7266226410865784 26473
1669370073957 0.739942193031311 26690
1669370151195 0.7434846758842468 26907
1669370228762 0.7453179955482483 27124
1669370305877 0.7319750189781189 27341
1669370383593 0.7325021028518677 27558
1669370460834 0.735355019569397 27775
1669370538155 0.7375338077545166 27992
1669370615442 0.7563446164131165 28209
1669370693192 0.7324855923652649 28426
1669370770400 0.7344839572906494 28643
1669370847673 0.7338426113128662 28860
1669370925182 0.7243270874023438 29077
1669371002389 0.7498403787612915 29294
1669371079677 0.7307981848716736 29511
1669371157043 0.7287312150001526 29728
1669371234341 0.7535260915756226 29945
1669371312083 0.7402257919311523 30162
1669371389704 0.7471181750297546 30379
1669371468008 0.7370314598083496 30596
1669371546186 0.7388632297515869 30813
1669371624626 0.7357887029647827 31030
1669371703064 0.734783947467804 31247
1669371781359 0.7499807476997375 31464
1669371861534 0.7368979454040527 31681
1669371940059 0.7405257821083069 31898
1669372017205 0.7364245057106018 32115
1669372094491 0.735439121723175 32332
1669372171936 0.746641993522644 32549
1669372249186 0.7418552041053772 32766
1669372326543 0.7364547252655029 32983
1669372403671 0.7496339082717896 33200
1669372481291 0.7350234389305115 33417
1669372558601 0.7446821331977844 33634
1669372636248 0.7387365698814392 33851
1669372714676 0.7293642163276672 34068
1669372792150 0.740770697593689 34285
1669372869562 0.7614781260490417 34502
1669372946935 0.7421167492866516 34719
1669373024426 0.7439306974411011 34936
1669373101622 0.728420078754425 35153
1669373179096 0.7459097504615784 35370
1669373256230 0.7470906376838684 35587
1669373333550 0.7345762252807617 35804
1669373411279 0.7336953282356262 36021
1669373488330 0.744536280632019 36238
1669373566131 0.7407418489456177 36455
1669373643426 0.7393448948860168 36672
1669373720763 0.7400674223899841 36889
1669373798385 0.7490560412406921 37106
1669373875775 0.7608891129493713 37323
1669373953528 0.7347577810287476 37540
1669374030823 0.7294660806655884 37757
1669374108747 0.7459992170333862 37974
1669374186153 0.7397550344467163 38191
1669374264161 0.7426466345787048 38408
1669374341533 0.7420039176940918 38625
1669374418784 0.7362813949584961 38842
1669374496132 0.7445637583732605 39059
1669374573393 0.7468566298484802 39276
1669374650760 0.745772123336792 39493
1669374728039 0.754625678062439 39710
1669374805509 0.7338191866874695 39927
1669374882757 0.7351225018501282 40144
1669374960045 0.7313047647476196 40361
1669375037461 0.7357776761054993 40578
1669375114934 0.7497302293777466 40795
1669375192296 0.7467589974403381 41012
1669375269458 0.7348361611366272 41229
1669375346993 0.7504982948303223 41446
1669375423993 0.7506937384605408 41663
1669375500960 0.740045428276062 41880
1669375578297 0.7391523122787476 42097
1669375655273 0.7660061717033386 42314
1669375732422 0.7452107071876526 42531
1669375809683 0.7504335045814514 42748
1669375887041 0.748216450214386 42965
1669375964286 0.7505670785903931 43182
1669376041504 0.7373411059379578 43399
1669376118765 0.7384103536605835 43616
1669376196297 0.745114266872406 43833
1669376273723 0.7370010614395142 44050
1669376350879 0.7351637482643127 44267
1669376428464 0.7344495058059692 44484
1669376505749 0.7373493313789368 44701
1669376582959 0.7395651340484619 44918
1669376660446 0.7486292719841003 45135
1669376737993 0.7498075366020203 45352
1669376815310 0.7506744861602783 45569
1669376892412 0.749540388584137 45786
1669376969938 0.7356647849082947 46003
1669377046958 0.7544591426849365 46220
1669377124598 0.7488824725151062 46437
1669377201868 0.7283430099487305 46654
1669377279058 0.7301816344261169 46871
1669377356280 0.7493834495544434 47088
1669377433550 0.7198225855827332 47305
1669377510956 0.7451927065849304 47522
1669377588283 0.7456428408622742 47739
1669377665600 0.7371758222579956 47956
1669377743092 0.7345086932182312 48173
1669377820071 0.7486031651496887 48390
1669377897369 0.7362951040267944 48607
1669377974534 0.7476534843444824 48824
1669378051992 0.748728334903717 49041
1669378129147 0.7225131392478943 49258
1669378206839 0.7456262111663818 49475
1669378283879 0.7377952933311462 49692
1669378361537 0.7217369079589844 49909
1669378438630 0.7492156624794006 50126
1669378515921 0.7447839975357056 50343
1669378593141 0.7338536381721497 50560
1669378670223 0.7340931296348572 50777
1669378747789 0.7491095662117004 50994
1669378825889 0.7400853633880615 51211
1669378903428 0.7415001392364502 51428
1669378981005 0.7489402890205383 51645
1669379058858 0.743746280670166 51862
1669379135775 0.7519654035568237 52079
1669379213437 0.7445858716964722 52296
1669379290561 0.7348734140396118 52513
1669379367891 0.7535700798034668 52730
1669379445279 0.7462126016616821 52947
1669379522469 0.7542362213134766 53164
1669379600012 0.7468675971031189 53381
1669379677055 0.7401129603385925 53598
1669379754494 0.7564547657966614 53815
1669379831561 0.745106041431427 54032
1669379909166 0.737517237663269 54249
1669379986161 0.7394893765449524 54466
1669380063540 0.7367782592773438 54683
1669380140415 0.7483705878257751 54900
1669380218102 0.7491686940193176 55117
1669380295261 0.7404335737228394 55334
1669380372825 0.7523671984672546 55551
1669380449775 0.7419461607933044 55768
1669380527214 0.7412386536598206 55985
1669380604442 0.7373356819152832 56202
1669380681800 0.7355684638023376 56419
1669380759033 0.7487339973449707 56636
1669380836519 0.7355849742889404 56853
1669380913913 0.7413872480392456 57070
1669380991410 0.7400055527687073 57287
1669381068347 0.7346656322479248 57504
1669381145953 0.747052013874054 57721
1669381223057 0.739587128162384 57938
1669381300317 0.7447455525398254 58155
1669381377709 0.7380126714706421 58372
1669381455069 0.7348349094390869 58589
1669381532190 0.7502987384796143 58806
1669381609648 0.7379164695739746 59023
1669381686465 0.7489293217658997 59240
1669381764145 0.7426204681396484 59457
1669381841206 0.7351899743080139 59674
1669381918796 0.7467727065086365 59891
1669381996252 0.7521580457687378 60108
1669382073331 0.7476879358291626 60325
1669382150705 0.7640435695648193 60542
1669382227818 0.7414616346359253 60759
1669382305247 0.7444963455200195 60976
1669382382551 0.7278310656547546 61193
1669382459878 0.74586021900177 61410
1669382536960 0.7454473376274109 61627
1669382614400 0.7453839182853699 61844
1669382691598 0.7441233992576599 62061
1669382769090 0.7523893117904663 62278
1669382846546 0.7519819140434265 62495
1669382923642 0.7446036338806152 62712
1669383000874 0.7403881549835205 62929
1669383078118 0.7529480457305908 63146
1669383155050 0.760278046131134 63363
1669383232400 0.7529672980308533 63580
1669383309506 0.7537821531295776 63797
1669383386731 0.7464519739151001 64014
1669383463811 0.7459194660186768 64231
1669383541225 0.7368456125259399 64448
1669383618464 0.737784206867218 64665
1669383695714 0.7295843958854675 64882
1669383773016 0.7492265701293945 65099
