1669440498116 203.0 216
1669440574153 193.25 433
1669440650631 117.0 650
1669440726548 126.5 867
1669440802855 201.5 1084
1669440878963 193.5 1301
1669440955372 192.5 1518
1669441031810 180.75 1735
1669441108540 186.75 1952
1669441185047 176.75 2169
1669441261468 197.5 2386
1669441337807 199.25 2603
1669441414629 197.25 2820
1669441491013 194.75 3037
1669441567490 197.5 3254
1669441643801 191.75 3471
1669441720415 187.25 3688
1669441797030 196.75 3905
1669441873695 187.25 4122
1669441950163 200.75 4339
1669442026596 131.25 4556
1669442103140 121.25 4773
1669442179427 183.75 4990
1669442255804 130.25 5207
1669442332165 126.25 5424
1669442408702 117.75 5641
1669442485113 197.75 5858
1669442561454 114.5 6075
1669442637884 120.5 6292
1669442714264 113.25 6509
1669442790800 116.75 6726
1669442867223 194.75 6943
1669442943828 188.5 7160
1669443020068 195.25 7377
1669443096879 134.25 7594
1669443173220 105.25 7811
1669443250059 122.0 8028
1669443326603 132.0 8245
1669443403177 178.75 8462
1669443479756 183.5 8679
1669443556520 199.0 8896
1669443632936 194.0 9113
1669443709573 170.0 9330
1669443786237 139.25 9547
1669443862810 192.5 9764
1669443939408 110.25 9981
1669444016395 149.25 10198
1669444094182 193.5 10415
1669444171603 195.25 10632
1669444249624 193.0 10849
1669444327190 141.0 11066
1669444404939 196.0 11283
1669444483033 195.75 11500
1669444560736 189.25 11717
1669444638056 199.0 11934
1669444714674 190.5 12151
1669444791789 158.0 12368
1669444868431 194.25 12585
1669444946222 118.25 12802
1669445023898 138.75 13019
1669445101008 196.0 13236
1669445177523 148.25 13453
1669445254190 119.25 13670
1669445330710 116.5 13887
1669445407151 187.0 14104
1669445483833 195.0 14321
1669445560418 173.25 14538
1669445637398 187.75 14755
1669445714179 191.25 14972
1669445790773 192.0 15189
1669445867629 188.0 15406
1669445944504 192.0 15623
1669446021427 121.25 15840
1669446098551 198.25 16057
1669446175423 162.5 16274
1669446252563 147.0 16491
1669446329334 193.5 16708
1669446406087 137.5 16925
1669446483139 132.75 17142
1669446560040 194.0 17359
1669446637058 193.0 17576
1669446713484 144.25 17793
1669446790322 122.25 18010
1669446867002 125.25 18227
1669446943630 121.75 18444
1669447020790 135.0 18661
1669447097636 195.5 18878
1669447174455 197.0 19095
1669447251497 203.0 19312
1669447328119 201.25 19529
1669447404906 162.75 19746
1669447481570 199.5 19963
1669447558523 122.75 20180
1669447635268 202.25 20397
1669447712029 202.0 20614
1669447789415 154.5 20831
1669447866044 193.5 21048
1669447943034 119.5 21265
1669448020386 137.25 21482
1669448097339 199.25 21699
1669448174267 200.75 21916
1669448251416 197.75 22133
1669448328173 151.0 22350
1669448405058 156.75 22567
1669448481588 203.5 22784
1669448558847 132.75 23001
1669448635662 135.25 23218
1669448712780 197.25 23435
1669448789341 195.5 23652
1669448866397 135.0 23869
1669448943211 131.5 24086
1669449019937 197.5 24303
1669449097264 145.25 24520
1669449173722 142.5 24737
1669449250596 179.0 24954
1669449327330 132.5 25171
1669449404325 126.25 25388
1669449481499 200.0 25605
1669449558024 141.0 25822
1669449635205 137.75 26039
1669449712196 144.75 26256
1669449789295 201.75 26473
1669449866111 201.5 26690
1669449943022 200.25 26907
1669450019853 125.75 27124
1669450096677 142.75 27341
1669450173835 191.25 27558
1669450250370 190.0 27775
1669450327477 145.0 27992
1669450404132 143.0 28209
1669450481113 151.5 28426
1669450557887 172.0 28643
1669450635036 134.0 28860
1669450711836 132.0 29077
1669450788577 201.75 29294
1669450865201 139.5 29511
1669450941762 137.0 29728
1669451018847 141.25 29945
1669451095675 145.5 30162
1669451172469 133.25 30379
1669451249928 116.25 30596
1669451327030 126.0 30813
1669451404157 188.75 31030
1669451480668 153.5 31247
1669451557519 139.75 31464
1669451634578 156.25 31681
1669451712136 149.25 31898
1669451788966 129.0 32115
1669451865740 121.75 32332
1669451942791 114.0 32549
1669452019580 141.25 32766
1669452096563 126.75 32983
1669452173959 187.75 33200
1669452250505 122.0 33417
1669452327670 138.0 33634
1669452404194 175.5 33851
1669452481072 105.75 34068
1669452557770 120.75 34285
1669452634518 128.0 34502
1669452711249 119.75 34719
1669452787928 131.0 34936
1669452864967 123.5 35153
1669452941855 140.0 35370
1669453018888 180.25 35587
1669453095696 191.75 35804
1669453173033 135.0 36021
1669453249540 198.25 36238
1669453326411 144.25 36455
1669453403462 138.5 36672
1669453480320 204.75 36889
1669453557107 134.5 37106
1669453634273 134.75 37323
1669453711087 137.0 37540
1669453787736 139.5 37757
1669453864840 195.75 37974
1669453941662 147.25 38191
1669454018612 130.0 38408
1669454095415 183.5 38625
1669454172465 122.75 38842
1669454249409 142.5 39059
1669454326340 106.0 39276
1669454403178 120.0 39493
1669454479922 126.0 39710
1669454556985 115.25 39927
1669454634169 132.5 40144
1669454711311 114.25 40361
1669454788240 123.75 40578
1669454865301 120.75 40795
1669454942214 110.0 41012
1669455019197 190.75 41229
1669455096197 120.5 41446
1669455172778 134.75 41663
1669455249738 109.0 41880
1669455326644 107.0 42097
1669455403686 121.75 42314
1669455480403 132.0 42531
1669455557790 131.25 42748
1669455634784 99.25 42965
1669455711646 95.25 43182
1669455788935 114.75 43399
1669455865900 112.0 43616
1669455943000 127.0 43833
1669456019841 130.0 44050
1669456096463 133.5 44267
1669456173445 149.25 44484
1669456250162 140.25 44701
1669456327253 186.25 44918
1669456403886 199.0 45135
1669456480968 151.75 45352
1669456557385 123.0 45569
1669456634295 123.5 45786
1669456710716 131.25 46003
1669456787452 184.0 46220
1669456864114 189.75 46437
1669456941146 198.5 46654
1669457018026 123.75 46871
1669457094814 157.25 47088
1669457172306 115.0 47305
1669457249255 123.5 47522
1669457326366 113.25 47739
1669457402942 122.0 47956
1669457480125 127.0 48173
1669457556913 149.75 48390
1669457634012 198.5 48607
1669457710374 151.25 48824
1669457787466 128.25 49041
1669457864393 136.0 49258
1669457941192 190.25 49475
1669458018084 134.0 49692
1669458094793 131.75 49909
1669458172142 135.25 50126
1669458248762 114.25 50343
1669458325867 121.25 50560
1669458402289 139.5 50777
1669458479470 127.5 50994
1669458556624 125.5 51211
1669458633434 181.0 51428
1669458710262 135.75 51645
1669458787070 135.75 51862
1669458864453 137.75 52079
1669458941021 190.5 52296
1669459018115 180.75 52513
1669459094862 130.75 52730
1669459171992 146.0 52947
1669459248742 188.25 53164
1669459325436 122.75 53381
1669459402296 113.75 53598
1669459479043 119.75 53815
1669459556319 177.75 54032
1669459633284 190.75 54249
1669459710793 145.75 54466
1669459787327 130.25 54683
1669459864500 197.0 54900
1669459941208 127.25 55117
1669460018106 140.5 55334
1669460095032 140.0 55551
1669460171765 133.25 55768
1669460248352 197.0 55985
1669460325187 196.75 56202
1669460402094 179.5 56419
1669460478740 128.25 56636
1669460555700 122.75 56853
1669460632863 192.75 57070
1669460709578 134.0 57287
1669460786438 128.0 57504
1669460863311 143.75 57721
1669460940148 123.75 57938
1669461017296 123.5 58155
1669461094132 130.25 58372
1669461171099 128.5 58589
1669461248031 136.25 58806
1669461325146 130.0 59023
1669461401913 141.0 59240
1669461478802 127.75 59457
1669461555824 141.0 59674
1669461632719 123.0 59891
1669461709581 129.25 60108
1669461786523 136.25 60325
1669461863636 138.5 60542
1669461940660 135.0 60759
1669462017374 79.0 60976
1669462094395 139.5 61193
1669462171289 198.25 61410
1669462248194 118.5 61627
1669462325081 132.75 61844
1669462402121 147.75 62061
1669462479353 133.5 62278
1669462555612 122.25 62495
1669462632781 128.0 62712
1669462709123 105.25 62929
1669462786110 120.25 63146
1669462862737 176.5 63363
1669462939722 116.25 63580
1669463016626 122.75 63797
1669463093464 131.75 64014
1669463170062 133.0 64231
1669463246797 136.75 64448
1669463323610 115.0 64665
1669463400417 142.5 64882
1669463477342 125.25 65099
