1669440502557 0.3643743395805359 216
1669440578895 0.3623150587081909 433
1669440655382 0.3602777421474457 650
1669440731222 0.3544873893260956 867
1669440807641 0.35572347044944763 1084
1669440883790 0.3521110415458679 1301
1669440960052 0.35896390676498413 1518
1669441036653 0.3531060218811035 1735
1669441113199 0.3583947718143463 1952
1669441189894 0.35671287775039673 2169
1669441266128 0.3642200231552124 2386
1669441342660 0.36654484272003174 2603
1669441419347 0.36339008808135986 2820
1669441495769 0.3596835732460022 3037
1669441572304 0.36040547490119934 3254
1669441648706 0.3630012571811676 3471
1669441725278 0.36144232749938965 3688
1669441801694 0.3694458305835724 3905
1669441878560 0.3671905994415283 4122
1669441954867 0.364752858877182 4339
1669442031356 0.3631010353565216 4556
1669442107875 0.35471925139427185 4773
1669442184049 0.35995468497276306 4990
1669442260488 0.3603876233100891 5207
1669442336894 0.3652496933937073 5424
1669442413429 0.3592190742492676 5641
1669442489810 0.3603345453739166 5858
1669442566181 0.36579641699790955 6075
1669442642785 0.3600030541419983 6292
1669442718958 0.35875484347343445 6509
1669442795548 0.36762070655822754 6726
1669442871943 0.368419885635376 6943
1669442948572 0.36529940366744995 7160
1669443024956 0.36257240176200867 7377
1669443101663 0.3635367155075073 7594
1669443178085 0.3609585762023926 7811
1669443254804 0.35812750458717346 8028
1669443331389 0.3593343496322632 8245
1669443408050 0.35901838541030884 8462
1669443484603 0.36497068405151367 8679
1669443561325 0.36019909381866455 8896
1669443637722 0.3681051433086395 9113
1669443714359 0.36237832903862 9330
1669443791024 0.3571799695491791 9547
1669443867566 0.3651900291442871 9764
1669443944216 0.3511839509010315 9981
1669444021212 0.3584783971309662 10198
1669444098984 0.3592511713504791 10415
1669444176671 0.36062926054000854 10632
1669444254549 0.3611317276954651 10849
1669444332160 0.36150482296943665 11066
1669444409833 0.36820417642593384 11283
1669444487923 0.35732826590538025 11500
1669444565699 0.3556276559829712 11717
1669444642876 0.36347758769989014 11934
1669444719438 0.3614008128643036 12151
1669444796614 0.3631036877632141 12368
1669444873383 0.35978806018829346 12585
1669444951219 0.35518231987953186 12802
1669445028668 0.3598843514919281 13019
1669445105720 0.36168551445007324 13236
1669445182347 0.3612268567085266 13453
1669445258878 0.35225918889045715 13670
1669445335396 0.3656076490879059 13887
1669445411950 0.35769563913345337 14104
1669445488641 0.35764381289482117 14321
1669445565315 0.36602768301963806 14538
1669445642347 0.3647655248641968 14755
1669445718919 0.3601604402065277 14972
1669445795602 0.3598776161670685 15189
1669445872441 0.36042240262031555 15406
1669445949353 0.36074137687683105 15623
1669446026303 0.3592321574687958 15840
1669446103309 0.35552090406417847 16057
1669446180306 0.3572966158390045 16274
1669446257435 0.36150622367858887 16491
1669446334137 0.35914942622184753 16708
1669446411052 0.35802769660949707 16925
1669446488033 0.35628241300582886 17142
1669446564930 0.3621055781841278 17359
1669446641838 0.3638576865196228 17576
1669446718295 0.3616983890533447 17793
1669446795109 0.36175933480262756 18010
1669446871780 0.3519650101661682 18227
1669446948657 0.3620304465293884 18444
1669447025738 0.3639494478702545 18661
1669447102534 0.3585588335990906 18878
1669447179240 0.3594900369644165 19095
1669447256339 0.3585352599620819 19312
1669447332911 0.3578673005104065 19529
1669447409629 0.35257935523986816 19746
1669447486355 0.35808879137039185 19963
1669447563348 0.359468013048172 20180
1669447640032 0.363678514957428 20397
1669447716765 0.36202472448349 20614
1669447794242 0.35761216282844543 20831
1669447870921 0.3534545302391052 21048
1669447947865 0.36850705742836 21265
1669448025229 0.360964834690094 21482
1669448102157 0.35663604736328125 21699
1669448179186 0.36386173963546753 21916
1669448256256 0.3586338758468628 22133
1669448333034 0.35255613923072815 22350
1669448409882 0.3606528639793396 22567
1669448486435 0.35477760434150696 22784
1669448563683 0.3584725260734558 23001
1669448640373 0.3637452721595764 23218
1669448717651 0.3550942838191986 23435
1669448794223 0.36024904251098633 23652
1669448871185 0.3592391312122345 23869
1669448948042 0.36026647686958313 24086
1669449024877 0.35976704955101013 24303
1669449102097 0.3591713011264801 24520
1669449178553 0.36014747619628906 24737
1669449255422 0.35896164178848267 24954
1669449332233 0.3581094443798065 25171
1669449409227 0.3603356182575226 25388
1669449486485 0.3611478805541992 25605
1669449562898 0.35632196068763733 25822
1669449640080 0.3593083620071411 26039
1669449717071 0.3539915680885315 26256
1669449794204 0.35186511278152466 26473
1669449871051 0.3597002625465393 26690
1669449947871 0.3581905663013458 26907
1669450024619 0.3602581322193146 27124
1669450101587 0.35349375009536743 27341
1669450178641 0.35596781969070435 27558
1669450255262 0.35768213868141174 27775
1669450332291 0.35515597462654114 27992
1669450408917 0.36426132917404175 28209
1669450485940 0.3606739342212677 28426
1669450562786 0.36240527033805847 28643
1669450639814 0.3567546606063843 28860
1669450716656 0.3552755117416382 29077
1669450793243 0.3628288209438324 29294
1669450870130 0.3609754741191864 29511
1669450946703 0.35869789123535156 29728
1669451023630 0.358768492937088 29945
1669451100497 0.35725462436676025 30162
1669451177370 0.3584517538547516 30379
1669451254796 0.36101412773132324 30596
1669451331856 0.3590056896209717 30813
1669451408970 0.3608619272708893 31030
1669451485447 0.35942524671554565 31247
1669451562271 0.3664974868297577 31464
1669451639424 0.3606348931789398 31681
1669451716915 0.3568327724933624 31898
1669451793769 0.3603331446647644 32115
1669451870617 0.35832658410072327 32332
1669451947577 0.3553733229637146 32549
1669452024373 0.3582807779312134 32766
1669452101420 0.36313673853874207 32983
1669452178622 0.3586198687553406 33200
1669452255377 0.36441805958747864 33417
1669452332534 0.3592853546142578 33634
1669452408974 0.3589462637901306 33851
1669452485960 0.3630109429359436 34068
1669452562626 0.3673481345176697 34285
1669452639285 0.36023959517478943 34502
1669452716066 0.3639805018901825 34719
1669452792774 0.36008399724960327 34936
1669452869895 0.35571688413619995 35153
1669452946750 0.36004990339279175 35370
1669453023726 0.36709827184677124 35587
1669453100546 0.3592770993709564 35804
1669453177816 0.35450172424316406 36021
1669453254396 0.36353230476379395 36238
1669453331311 0.35614416003227234 36455
1669453408228 0.35811060667037964 36672
1669453485090 0.36191582679748535 36889
1669453561955 0.35864701867103577 37106
1669453639092 0.3687271475791931 37323
1669453715931 0.36022061109542847 37540
1669453792651 0.3550471365451813 37757
1669453869781 0.3621142506599426 37974
1669453946440 0.3621409833431244 38191
1669454023481 0.3579740524291992 38408
1669454100218 0.3558598756790161 38625
1669454177304 0.35752326250076294 38842
1669454254285 0.3629356026649475 39059
1669454331160 0.36509573459625244 39276
1669454407941 0.3548637330532074 39493
1669454484779 0.3604746460914612 39710
1669454561885 0.35696282982826233 39927
1669454638962 0.36104100942611694 40144
1669454716152 0.3570977747440338 40361
1669454793040 0.35738757252693176 40578
1669454870095 0.3618103265762329 40795
1669454947096 0.35552939772605896 41012
1669455024104 0.35628223419189453 41229
1669455101030 0.3568185865879059 41446
1669455177559 0.36209166049957275 41663
1669455254663 0.35677599906921387 41880
1669455331408 0.3529139757156372 42097
1669455408640 0.35943150520324707 42314
1669455485185 0.3617554008960724 42531
1669455562682 0.3566758334636688 42748
1669455639509 0.3597627282142639 42965
1669455716532 0.36212536692619324 43182
1669455793792 0.36248907446861267 43399
1669455870742 0.36190158128738403 43616
1669455947812 0.3563399612903595 43833
1669456024610 0.35793614387512207 44050
1669456101272 0.3543108403682709 44267
1669456178349 0.35570457577705383 44484
1669456254995 0.35781532526016235 44701
1669456332099 0.3573189377784729 44918
1669456408723 0.3615833520889282 45135
1669456485748 0.3629506826400757 45352
1669456562167 0.36727944016456604 45569
1669456639072 0.36496102809906006 45786
1669456715491 0.356425017118454 46003
1669456792172 0.3591575026512146 46220
1669456868951 0.36195793747901917 46437
1669456945985 0.35909685492515564 46654
1669457022778 0.3589191734790802 46871
1669457099696 0.3613041639328003 47088
1669457177117 0.3576797544956207 47305
1669457254140 0.3592647612094879 47522
1669457331165 0.3627021908760071 47739
1669457407729 0.3563513159751892 47956
1669457485031 0.3614296615123749 48173
1669457561793 0.3576923608779907 48390
1669457638812 0.3614039719104767 48607
1669457715239 0.3602793514728546 48824
1669457792363 0.3618081212043762 49041
1669457869223 0.35370129346847534 49258
1669457945959 0.36431968212127686 49475
1669458022809 0.36374497413635254 49692
1669458099550 0.3551217317581177 49909
1669458176993 0.3625468313694 50126
1669458253503 0.35409873723983765 50343
1669458330679 0.3593331575393677 50560
1669458407080 0.36292117834091187 50777
1669458484293 0.36221086978912354 50994
1669458561407 0.35799020528793335 51211
1669458638194 0.35608601570129395 51428
1669458715051 0.3572084605693817 51645
1669458791849 0.3640877306461334 51862
1669458869139 0.36168012022972107 52079
1669458945781 0.3601655662059784 52296
1669459022970 0.35760414600372314 52513
1669459099677 0.3642869293689728 52730
1669459176856 0.36720842123031616 52947
1669459253529 0.35584038496017456 53164
1669459330262 0.36381426453590393 53381
1669459407111 0.36086782813072205 53598
1669459483817 0.3632580637931824 53815
1669459561193 0.36207762360572815 54032
1669459638233 0.3621278405189514 54249
1669459715519 0.36384329199790955 54466
1669459792069 0.3625912666320801 54683
1669459869359 0.35872164368629456 54900
1669459945914 0.3608556389808655 55117
1669460023062 0.3580166697502136 55334
1669460099789 0.36375513672828674 55551
1669460176531 0.36288899183273315 55768
1669460253153 0.3572925627231598 55985
1669460330065 0.36005905270576477 56202
1669460406904 0.3593409061431885 56419
1669460483691 0.3572930693626404 56636
1669460560567 0.355985164642334 56853
1669460637621 0.35539889335632324 57070
1669460714331 0.3598513901233673 57287
1669460791199 0.361950546503067 57504
1669460868130 0.36065828800201416 57721
1669460945087 0.36516550183296204 57938
1669461022137 0.36026379466056824 58155
1669461098902 0.36389923095703125 58372
1669461175910 0.356472909450531 58589
1669461252727 0.36105430126190186 58806
1669461330077 0.36407655477523804 59023
1669461406735 0.36132195591926575 59240
1669461483685 0.35721707344055176 59457
1669461560640 0.3582025468349457 59674
1669461637627 0.3674905002117157 59891
1669461714493 0.3634791374206543 60108
1669461791340 0.3603246808052063 60325
1669461868514 0.35999080538749695 60542
1669461945503 0.3593757748603821 60759
1669462022133 0.3626912534236908 60976
1669462099229 0.35598087310791016 61193
1669462176177 0.36755576729774475 61410
1669462253015 0.36447858810424805 61627
1669462329999 0.36493119597435 61844
1669462406988 0.3568006455898285 62061
1669462484107 0.36018094420433044 62278
1669462560438 0.36158135533332825 62495
1669462637586 0.36069244146347046 62712
1669462713914 0.35935038328170776 62929
1669462791059 0.3628331124782562 63146
1669462867494 0.367951899766922 63363
1669462944586 0.3633174002170563 63580
1669463021469 0.35639774799346924 63797
1669463098303 0.3633107841014862 64014
1669463174905 0.3627271354198456 64231
1669463251628 0.36351969838142395 64448
1669463328539 0.3612097501754761 64665
1669463405192 0.3638594150543213 64882
1669463481971 0.3650802671909332 65099
