1668759305384 0.23468230664730072 864
1668759410967 0.24219679832458496 1729
1668759516967 0.2552989423274994 2594
1668759622287 0.2614646852016449 3459
1668759727606 0.2785166800022125 4324
1668759832907 0.2937382459640503 5189
1668759938564 0.30770736932754517 6054
1668760044220 0.32803481817245483 6919
1668760149829 0.34489405155181885 7784
1668760254928 0.3599228262901306 8649
1668760359900 0.367244690656662 9514
1668760465160 0.3765895366668701 10379
1668760570587 0.38468194007873535 11244
1668760676109 0.3899805545806885 12109
1668760781295 0.3981694281101227 12974
1668760886648 0.3981694281101227 13839
1668760992075 0.3981693983078003 14704
1668761097280 0.4019266664981842 15569
1668761202467 0.4022156000137329 16434
1668761307495 0.4020230770111084 17299
1668761412871 0.3982657790184021 18164
1668761517857 0.3983621299266815 19029
1668761623094 0.40578019618988037 19894
1668761728282 0.4019266664981842 20759
1668761834082 0.4031791090965271 21624
1668761939729 0.40327543020248413 22489
1668762044792 0.40202298760414124 23354
1668762150283 0.4038534462451935 24219
1668762256032 0.40847766399383545 25084
1668762361942 0.4095374345779419 25949
1668762468301 0.40606918931007385 26814
1668762574201 0.406743586063385 27679
1668762679932 0.4026974141597748 28544
1668762786232 0.4062618315219879 29409
1668762892374 0.4046241343021393 30274
1668762998852 0.4018302857875824 31139
1668763105248 0.4083813726902008 32004
1668763211935 0.4110788404941559 32869
1668763318603 0.4035643935203552 33734
1668763425317 0.40366077423095703 34599
1668763532029 0.40934473276138306 35464
1668763638771 0.40703266859054565 36329
1668763744932 0.40857401490211487 37194
1668763851667 0.4080923795700073 38059
1668763958839 0.40173396468162537 38924
1668764065534 0.4078996777534485 39789
1668764171848 0.4017339050769806 40654
1668764278559 0.40818867087364197 41519
1668764384592 0.4082850217819214 42384
1668764490539 0.41088616847991943 43249
1668764597295 0.4090557098388672 44114
1668764703676 0.4076106548309326 44979
1668764809981 0.4113677740097046 45844
1668764916431 0.40886303782463074 46709
1668765022655 0.41098254919052124 47574
1668765128829 0.40462416410446167 48439
1668765235582 0.4075143039226532 49304
1668765341750 0.40963372588157654 50169
1668765447555 0.40616554021835327 51034
1668765554272 0.4006742238998413 51899
1668765660130 0.40539488196372986 52764
1668765766450 0.4090556800365448 53629
1668765872653 0.40452781319618225 54494
1668765978926 0.4029863476753235 55359
1668766084860 0.40096330642700195 56224
1668766191344 0.4063582420349121 57089
1668766298047 0.40250474214553833 57954
1668766404245 0.40780338644981384 58819
1668766510601 0.40847766399383545 59684
1668766616987 0.4062619209289551 60549
1668766722869 0.40818870067596436 61414
1668766829325 0.4068399667739868 62279
1668766935660 0.40529850125312805 63144
1668767042359 0.4070325791835785 64009
1668767148707 0.4014449715614319 64874
1668767255110 0.4082850515842438 65739
1668767360985 0.4085739850997925 66604
1668767466949 0.40761059522628784 67469
1668767573785 0.40761059522628784 68334
1668767679724 0.4074179232120514 69199
1668767786272 0.40732163190841675 70064
1668767892267 0.4013485908508301 70929
1668767998029 0.4034680724143982 71794
1668768103809 0.4054912030696869 72659
1668768209818 0.4131019413471222 73524
1668768316062 0.40366068482398987 74389
1668768422548 0.407610684633255 75254
1668768528675 0.4024083614349365 76119
1668768635101 0.4056839346885681 76984
1668768741044 0.40934473276138306 77849
1668768847033 0.407610684633255 78714
1668768953488 0.40789979696273804 79579
1668769059721 0.41136786341667175 80444
1668769166953 0.4078997075557709 81309
1668769272992 0.4133909344673157 82174
1668769379547 0.40260106325149536 83039
1668769485446 0.4104044735431671 83904
1668769591502 0.4078996479511261 84769
1668769697433 0.41310200095176697 85634
1668769803421 0.4062618613243103 86499
1668769909821 0.40578019618988037 87364
1668770015609 0.4043352007865906 88229
1668770122012 0.40761059522628784 89094
1668770228198 0.41011542081832886 89959
1668770334429 0.40491318702697754 90824
1668770440625 0.4061655104160309 91689
1668770546564 0.4023120105266571 92554
1668770653146 0.40973010659217834 93419
1668770759767 0.41011539101600647 94284
1668770866502 0.4039497375488281 95149
1668770972697 0.40510571002960205 96014
1668771078435 0.40568384528160095 96879
1668771184974 0.40655091404914856 97744
1668771291864 0.4093446731567383 98609
1668771398467 0.4102117717266083 99474
1668771504813 0.40818873047828674 100339
1668771610692 0.40953749418258667 101204
1668771716987 0.4039497375488281 102069
1668771823047 0.4050094485282898 102934
1668771929790 0.4042387306690216 103799
1668772035790 0.40799590945243835 104664
1668772142382 0.4090557396411896 105529
1668772248558 0.4075143039226532 106394
1668772354691 0.41127145290374756 107259
1668772461431 0.405105859041214 108124
1668772567415 0.403564453125 108989
1668772673486 0.40414243936538696 109854
1668772780024 0.40414249897003174 110719
1668772887289 0.4082849621772766 111584
1668772994843 0.40895938873291016 112449
1668773103137 0.4087667763233185 113314
1668773211529 0.406647264957428 114179
1668773319683 0.40491312742233276 115044
1668773427299 0.4051057994365692 115909
1668773533902 0.40452781319618225 116774
1668773641055 0.410693496465683 117639
1668773747914 0.40491312742233276 118504
1668773855219 0.4131983518600464 119369
1668773962187 0.41011542081832886 120234
1668774069622 0.40664729475975037 121099
1668774177280 0.41011542081832886 121964
1668774285172 0.4094410836696625 122829
1668774393317 0.4048168957233429 123694
1668774499781 0.4124276041984558 124559
1668774606445 0.40770697593688965 125424
1668774713512 0.4094410538673401 126289
1668774820800 0.40722528100013733 127154
1668774929524 0.4063582718372345 128019
1668775038183 0.4112715423107147 128884
1668775145496 0.4017339050769806 129749
1668775253608 0.4043351113796234 130614
1668775361127 0.40973010659217834 131479
1668775468103 0.4062619209289551 132344
1668775575186 0.40674352645874023 133209
1668775682041 0.407417893409729 134074
1668775790440 0.40375715494155884 134939
1668775898124 0.4082850515842438 135804
1668776006772 0.41001906991004944 136669
1668776114235 0.40529850125312805 137534
1668776221701 0.4110788404941559 138399
1668776329358 0.4063582420349121 139264
1668776436666 0.40655094385147095 140129
1668776542987 0.405202180147171 140994
1668776649962 0.41088616847991943 141859
1668776756975 0.4110788404941559 142724
1668776864821 0.40876662731170654 143589
1668776971792 0.40761059522628784 144454
1668777079493 0.4033717215061188 145319
1668777187143 0.41021186113357544 146184
1668777295219 0.40770697593688965 147049
1668777402487 0.40606921911239624 147914
1668777509379 0.4069362282752991 148779
1668777616204 0.40857401490211487 149644
1668777722930 0.4059728682041168 150509
1668777829736 0.4095374643802643 151374
1668777936660 0.4094410538673401 152239
1668778043467 0.4090557396411896 153104
1668778150194 0.4058765172958374 153969
1668778256488 0.40558749437332153 154834
1668778364159 0.40664729475975037 155699
1668778471633 0.409152090549469 156564
1668778578606 0.4047205150127411 157429
1668778685942 0.40818867087364197 158294
1668778793050 0.40770697593688965 159159
1668778899996 0.40761056542396545 160024
1668779006195 0.40761062502861023 160889
1668779113132 0.4022156596183777 161754
1668779220712 0.4153178036212921 162619
1668779328327 0.4096337854862213 163484
1668779435509 0.40606915950775146 164349
1668779541938 0.4083813726902008 165214
1668779649444 0.4106934666633606 166079
1668779756245 0.4083813726902008 166944
1668779863517 0.41589581966400146 167809
1668779970574 0.40578025579452515 168674
1668780077547 0.40327537059783936 169539
1668780184404 0.4058765470981598 170404
1668780291102 0.4043351113796234 171269
1668780398375 0.40606921911239624 172134
1668780505870 0.4058765470981598 172999
1668780612253 0.4059728980064392 173864
1668780719304 0.4046240746974945 174729
1668780825838 0.4123312532901764 175594
1668780932778 0.4046240746974945 176459
1668781039204 0.40895941853523254 177324
1668781146218 0.4066472351551056 178189
1668781253218 0.40722522139549255 179054
1668781360002 0.40741798281669617 179919
1668781467859 0.4096337556838989 180784
1668781575086 0.40934473276138306 181649
1668781682021 0.40924838185310364 182514
1668781789523 0.4070325791835785 183379
1668781896782 0.41098254919052124 184244
1668782004241 0.4094410538673401 185109
1668782110829 0.40664729475975037 185974
1668782219051 0.4074179232120514 186839
1668782325803 0.4127166271209717 187704
1668782432773 0.39980727434158325 188569
1668782540048 0.40847766399383545 189434
1668782647593 0.41213855147361755 190299
1668782754293 0.4094410836696625 191164
1668782860855 0.4050094783306122 192029
1668782968964 0.404238760471344 192894
1668783076864 0.4104044437408447 193759
1668783184423 0.4043351411819458 194624
1668783292421 0.41088613867759705 195489
1668783399552 0.40741807222366333 196354
1668783507457 0.406743586063385 197219
1668783615211 0.4046241343021393 198084
1668783723908 0.4076106548309326 198949
1668783831770 0.4044314920902252 199814
1668783938687 0.40529853105545044 200679
1668784045478 0.40741798281669617 201544
1668784152265 0.40722528100013733 202409
1668784260206 0.40529853105545044 203274
1668784367157 0.41165685653686523 204139
1668784474008 0.4087667167186737 205004
1668784581251 0.40693628787994385 205869
1668784688110 0.4081886112689972 206734
1668784794970 0.40838131308555603 207599
1668784901763 0.4091520607471466 208464
1668785008850 0.4054912328720093 209329
1668785115883 0.4103080928325653 210194
1668785222672 0.4014449417591095 211059
1668785329292 0.4075142443180084 211924
1668785436200 0.4062619209289551 212789
1668785543300 0.4078996181488037 213654
1668785650752 0.40346798300743103 214519
1668785758270 0.41059714555740356 215384
1668785864947 0.40847766399383545 216249
1668785971433 0.4015412926673889 217114
1668786079398 0.4083813726902008 217979
1668786186905 0.40655091404914856 218844
1668786293947 0.41329464316368103 219709
1668786400703 0.4070325791835785 220574
1668786507551 0.40443143248558044 221439
1668786614115 0.4082850515842438 222304
1668786721223 0.4078032970428467 223169
1668786828179 0.40655088424682617 224034
1668786934990 0.4090556800365448 224899
1668787042485 0.4048168957233429 225764
1668787149243 0.40780332684516907 226629
1668787256485 0.40828508138656616 227494
1668787363999 0.40741807222366333 228359
1668787470964 0.40780332684516907 229224
1668787577891 0.40529850125312805 230089
1668787685937 0.4111751616001129 230954
1668787793048 0.40645459294319153 231819
1668787899795 0.40327534079551697 232684
1668788006039 0.40173399448394775 233549
1668788112906 0.40366068482398987 234414
1668788219711 0.40539488196372986 235279
1668788327489 0.4105971157550812 236144
1668788435120 0.4068399667739868 237009
1668788542931 0.4100191295146942 237874
1668788650594 0.4087666869163513 238739
1668788757911 0.40934479236602783 239604
1668788864703 0.41136786341667175 240469
1668788971373 0.3990365266799927 241334
1668789079012 0.40163758397102356 242199
1668789186096 0.40973007678985596 243064
1668789293596 0.4084777235984802 243929
1668789401680 0.4086703062057495 244794
1668789508967 0.40924835205078125 245659
1668789615458 0.40809234976768494 246524
1668789722682 0.4103080928325653 247389
1668789830527 0.4028899669647217 248254
1668789938087 0.40924835205078125 249119
1668790044982 0.40616554021835327 249984
1668790152445 0.4034681022167206 250849
1668790259603 0.40529853105545044 251714
1668790366625 0.406743586063385 252579
1668790474181 0.40597283840179443 253444
1668790580825 0.4059728980064392 254309
1668790687253 0.40404608845710754 255174
1668790794734 0.4054911434650421 256039
1668790901428 0.4143543541431427 256904
1668791008204 0.40462425351142883 257769
1668791115063 0.4074179232120514 258634
1668791221889 0.41165691614151 259499
