1668759305384 0.27413293719291687 864
1668759410967 0.28265896439552307 1729
1668759516967 0.2978323698043823 2594
1668759622287 0.301300585269928 3459
1668759727606 0.31372833251953125 4324
1668759832907 0.32543352246284485 5189
1668759938564 0.3419075012207031 6054
1668760044220 0.3572254478931427 6919
1668760149829 0.3734104037284851 7784
1668760254928 0.38887283205986023 8649
1668760359900 0.3916184902191162 9514
1668760465160 0.3997109830379486 10379
1668760570587 0.4101155996322632 11244
1668760676109 0.41315028071403503 12109
1668760781295 0.42341041564941406 12974
1668760886648 0.4228323698043823 13839
1668760992075 0.4238439202308655 14704
1668761097280 0.4267340898513794 15569
1668761202467 0.4283236861228943 16434
1668761307495 0.424855500459671 17299
1668761412871 0.4247109889984131 18164
1668761517857 0.42138728499412537 19029
1668761623094 0.428901731967926 19894
1668761728282 0.42774567008018494 20759
1668761834082 0.42702311277389526 21624
1668761939729 0.42745664715766907 22489
1668762044792 0.42789018154144287 23354
1668762150283 0.42904624342918396 24219
1668762256032 0.43309247493743896 25084
1668762361942 0.43222543597221375 25949
1668762468301 0.4307803511619568 26814
1668762574201 0.43265897035598755 27679
1668762679932 0.42774567008018494 28544
1668762786232 0.43020230531692505 29409
1668762892374 0.428901731967926 30274
1668762998852 0.4258670508861542 31139
1668763105248 0.43424856662750244 32004
1668763211935 0.4364161789417267 32869
1668763318603 0.4284681975841522 33734
1668763425317 0.42615607380867004 34599
1668763532029 0.43352600932121277 35464
1668763638771 0.4309248626232147 36329
1668763744932 0.4339595437049866 37194
1668763851667 0.428901731967926 38059
1668763958839 0.4264450967311859 38924
1668764065534 0.4307803511619568 39789
1668764171848 0.42413294315338135 40654
1668764278559 0.4368497133255005 41519
1668764384592 0.4343930780887604 42384
1668764490539 0.43352600932121277 43249
1668764597295 0.4341040551662445 44114
1668764703676 0.4312138855457306 44979
1668764809981 0.4368497133255005 45844
1668764916431 0.4320809245109558 46709
1668765022655 0.4374277591705322 47574
1668765128829 0.43020230531692505 48439
1668765235582 0.430346816778183 49304
1668765341750 0.4339595437049866 50169
1668765447555 0.42774567008018494 51034
1668765554272 0.42731213569641113 51899
1668765660130 0.4300577938556671 52764
1668765766450 0.43338149785995483 53629
1668765872653 0.4271676242351532 54494
1668765978926 0.42817920446395874 55359
1668766084860 0.4226878583431244 56224
1668766191344 0.4304913282394409 57089
1668766298047 0.4267340898513794 57954
1668766404245 0.42904624342918396 58819
1668766510601 0.4307803511619568 59684
1668766616987 0.4312138855457306 60549
1668766722869 0.4336705207824707 61414
1668766829325 0.4320809245109558 62279
1668766935660 0.4312138855457306 63144
1668767042359 0.4309248626232147 64009
1668767148707 0.4258670508861542 64874
1668767255110 0.43511560559272766 65739
1668767360985 0.4309248626232147 66604
1668767466949 0.4300577938556671 67469
1668767573785 0.43135836720466614 68334
1668767679724 0.4328034818172455 69199
1668767786272 0.43106937408447266 70064
1668767892267 0.42774567008018494 70929
1668767998029 0.4291907548904419 71794
1668768103809 0.43106937408447266 72659
1668768209818 0.4400289058685303 73524
1668768316062 0.4300577938556671 74389
1668768422548 0.43106937408447266 75254
1668768528675 0.42745664715766907 76119
1668768635101 0.43179190158843994 76984
1668768741044 0.4343930780887604 77849
1668768847033 0.4307803511619568 78714
1668768953488 0.43106937408447266 79579
1668769059721 0.43554913997650146 80444
1668769166953 0.4319364130496979 81309
1668769272992 0.43786126375198364 82174
1668769379547 0.42861270904541016 83039
1668769485446 0.4345375597476959 83904
1668769591502 0.4349710941314697 84769
1668769697433 0.4369942247867584 85634
1668769803421 0.4283236861228943 86499
1668769909821 0.4296242892742157 87364
1668770015609 0.43135836720466614 88229
1668770122012 0.4328034818172455 89094
1668770228198 0.43511560559272766 89959
1668770334429 0.4307803511619568 90824
1668770440625 0.4312138855457306 91689
1668770546564 0.42774567008018494 92554
1668770653146 0.4341040551662445 93419
1668770759767 0.4325144588947296 94284
1668770866502 0.4300577938556671 95149
1668770972697 0.42933526635169983 96014
1668771078435 0.4307803511619568 96879
1668771184974 0.4323699474334717 97744
1668771291864 0.43352600932121277 98609
1668771398467 0.4343930780887604 99474
1668771504813 0.43106937408447266 100339
1668771610692 0.4319364130496979 101204
1668771716987 0.42904624342918396 102069
1668771823047 0.4320809245109558 102934
1668771929790 0.42702311277389526 103799
1668772035790 0.4341040551662445 104664
1668772142382 0.4336705207824707 105529
1668772248558 0.4332369863986969 106394
1668772354691 0.4361271560192108 107259
1668772461431 0.4307803511619568 108124
1668772567415 0.4300577938556671 108989
1668772673486 0.431647390127182 109854
1668772780024 0.4284681975841522 110719
1668772887289 0.43583816289901733 111584
1668772994843 0.43713873624801636 112449
1668773103137 0.4336705207824707 113314
1668773211529 0.43222543597221375 114179
1668773319683 0.42904624342918396 115044
1668773427299 0.428901731967926 115909
1668773533902 0.42789018154144287 116774
1668773641055 0.4345375597476959 117639
1668773747914 0.4280346930027008 118504
1668773855219 0.43829479813575745 119369
1668773962187 0.43381503224372864 120234
1668774069622 0.431647390127182 121099
1668774177280 0.4343930780887604 121964
1668774285172 0.4365606904029846 122829
1668774393317 0.42947977781295776 123694
1668774499781 0.43627166748046875 124559
1668774606445 0.43265897035598755 125424
1668774713512 0.43540462851524353 126289
1668774820800 0.4296242892742157 127154
1668774929524 0.4312138855457306 128019
1668775038183 0.4345375597476959 128884
1668775145496 0.42702311277389526 129749
1668775253608 0.42731213569641113 130614
1668775361127 0.4348265826702118 131479
1668775468103 0.42933526635169983 132344
1668775575186 0.4320809245109558 133209
1668775682041 0.4336705207824707 134074
1668775790440 0.42774567008018494 134939
1668775898124 0.43265897035598755 135804
1668776006772 0.4352601170539856 136669
1668776114235 0.42817920446395874 137534
1668776221701 0.4341040551662445 138399
1668776329358 0.4315028786659241 139264
1668776436666 0.4309248626232147 140129
1668776542987 0.42947977781295776 140994
1668776649962 0.43554913997650146 141859
1668776756975 0.4341040551662445 142724
1668776864821 0.4341040551662445 143589
1668776971792 0.4315028786659241 144454
1668777079493 0.43020230531692505 145319
1668777187143 0.4348265826702118 146184
1668777295219 0.4345375597476959 147049
1668777402487 0.4336705207824707 147914
1668777509379 0.4328034818172455 148779
1668777616204 0.43424856662750244 149644
1668777722930 0.42933526635169983 150509
1668777829736 0.4361271560192108 151374
1668777936660 0.4356936514377594 152239
1668778043467 0.43222543597221375 153104
1668778150194 0.4309248626232147 153969
1668778256488 0.4356936514377594 154834
1668778364159 0.4332369863986969 155699
1668778471633 0.4319364130496979 156564
1668778578606 0.4307803511619568 157429
1668778685942 0.4349710941314697 158294
1668778793050 0.4319364130496979 159159
1668778899996 0.43294796347618103 160024
1668779006195 0.4320809245109558 160889
1668779113132 0.42731213569641113 161754
1668779220712 0.4406069219112396 162619
1668779328327 0.4328034818172455 163484
1668779435509 0.43106937408447266 164349
1668779541938 0.43381503224372864 165214
1668779649444 0.43468207120895386 166079
1668779756245 0.4328034818172455 166944
1668779863517 0.4406069219112396 167809
1668779970574 0.4304913282394409 168674
1668780077547 0.428901731967926 169539
1668780184404 0.4323699474334717 170404
1668780291102 0.4320809245109558 171269
1668780398375 0.4283236861228943 172134
1668780505870 0.43106937408447266 172999
1668780612253 0.43063583970069885 173864
1668780719304 0.43020230531692505 174729
1668780825838 0.4349710941314697 175594
1668780932778 0.42861270904541016 176459
1668781039204 0.43294796347618103 177324
1668781146218 0.4315028786659241 178189
1668781253218 0.4312138855457306 179054
1668781360002 0.431647390127182 179919
1668781467859 0.43540462851524353 180784
1668781575086 0.4372832477092743 181649
1668781682021 0.4343930780887604 182514
1668781789523 0.431647390127182 183379
1668781896782 0.4341040551662445 184244
1668782004241 0.43265897035598755 185109
1668782110829 0.43265897035598755 185974
1668782219051 0.43381503224372864 186839
1668782325803 0.4359826445579529 187704
1668782432773 0.42369940876960754 188569
1668782540048 0.4336705207824707 189434
1668782647593 0.43670520186424255 190299
1668782754293 0.4352601170539856 191164
1668782860855 0.4307803511619568 192029
1668782968964 0.42745664715766907 192894
1668783076864 0.4320809245109558 193759
1668783184423 0.4280346930027008 194624
1668783292421 0.4369942247867584 195489
1668783399552 0.4323699474334717 196354
1668783507457 0.43106937408447266 197219
1668783615211 0.4287572205066681 198084
1668783723908 0.4341040551662445 198949
1668783831770 0.4283236861228943 199814
1668783938687 0.4304913282394409 200679
1668784045478 0.43352600932121277 201544
1668784152265 0.43294796347618103 202409
1668784260206 0.4283236861228943 203274
1668784367157 0.43786126375198364 204139
1668784474008 0.4345375597476959 205004
1668784581251 0.43468207120895386 205869
1668784688110 0.43309247493743896 206734
1668784794970 0.43063583970069885 207599
1668784901763 0.43554913997650146 208464
1668785008850 0.42789018154144287 209329
1668785115883 0.43424856662750244 210194
1668785222672 0.42528900504112244 211059
1668785329292 0.4348265826702118 211924
1668785436200 0.430346816778183 212789
1668785543300 0.43381503224372864 213654
1668785650752 0.42789018154144287 214519
1668785758270 0.43583816289901733 215384
1668785864947 0.4320809245109558 216249
1668785971433 0.42543351650238037 217114
1668786079398 0.43352600932121277 217979
1668786186905 0.430346816778183 218844
1668786293947 0.4368497133255005 219709
1668786400703 0.43179190158843994 220574
1668786507551 0.4299132823944092 221439
1668786614115 0.43540462851524353 222304
1668786721223 0.43381503224372864 223169
1668786828179 0.431647390127182 224034
1668786934990 0.43381503224372864 224899
1668787042485 0.42904624342918396 225764
1668787149243 0.43424856662750244 226629
1668787256485 0.43424856662750244 227494
1668787363999 0.4304913282394409 228359
1668787470964 0.43338149785995483 229224
1668787577891 0.431647390127182 230089
1668787685937 0.43713873624801636 230954
1668787793048 0.43106937408447266 231819
1668787899795 0.42904624342918396 232684
1668788006039 0.42702311277389526 233549
1668788112906 0.43063583970069885 234414
1668788219711 0.4307803511619568 235279
1668788327489 0.43511560559272766 236144
1668788435120 0.43135836720466614 237009
1668788542931 0.4319364130496979 237874
1668788650594 0.43468207120895386 238739
1668788757911 0.4352601170539856 239604
1668788864703 0.4372832477092743 240469
1668788971373 0.4251445233821869 241334
1668789079012 0.4260115623474121 242199
1668789186096 0.4364161789417267 243064
1668789293596 0.43135836720466614 243929
1668789401680 0.4336705207824707 244794
1668789508967 0.4359826445579529 245659
1668789615458 0.4309248626232147 246524
1668789722682 0.4339595437049866 247389
1668789830527 0.42731213569641113 248254
1668789938087 0.43627166748046875 249119
1668790044982 0.42789018154144287 249984
1668790152445 0.4287572205066681 250849
1668790259603 0.43222543597221375 251714
1668790366625 0.43381503224372864 252579
1668790474181 0.43265897035598755 253444
1668790580825 0.4319364130496979 254309
1668790687253 0.4309248626232147 255174
1668790794734 0.4284681975841522 256039
1668790901428 0.4385838210582733 256904
1668791008204 0.4291907548904419 257769
1668791115063 0.43424856662750244 258634
1668791221889 0.43554913997650146 259499
