1668711039973 0 49
1668711045303 0 99
1668711050620 0 149
1668711055934 0 199
1668711061258 0 249
1668711066590 0 299
1668711071914 0 349
1668711077244 0 399
1668711082568 0 449
1668711087894 0 499
1668711093214 0 549
1668711098556 0 599
1668711103887 0 649
1668711109221 0 699
1668711114549 0 749
1668711119873 0 799
1668711127661 0 836
1668711130368 0 836
1668711132280 1 849
1668711137575 1 899
1668711142888 1 949
1668711148188 1 999
1668711153499 1 1049
1668711158838 1 1099
1668711164148 1 1149
1668711169456 1 1199
1668711174770 1 1249
1668711180070 1 1299
1668711185374 1 1349
1668711190690 1 1399
1668711195987 1 1449
1668711201310 1 1499
1668711206641 1 1549
1668711211952 1 1599
1668711217270 1 1649
1668711223685 1 1673
1668711226520 1 1673
1668711229776 2 1699
1668711235072 2 1749
1668711240385 2 1799
1668711245689 2 1849
1668711250997 2 1899
1668711256301 2 1949
1668711261596 2 1999
1668711266893 2 2049
1668711272208 2 2099
1668711277521 2 2149
1668711282826 2 2199
1668711288125 2 2249
1668711293420 2 2299
1668711298714 2 2349
1668711304029 2 2399
1668711309354 2 2449
1668711314660 2 2499
1668711319737 2 2510
1668711322587 2 2510
1668711327235 3 2549
1668711332539 3 2599
1668711337848 3 2649
1668711343150 3 2699
1668711348453 3 2749
1668711353746 3 2799
1668711359042 3 2849
1668711364348 3 2899
1668711369665 3 2949
1668711374964 3 2999
1668711380282 3 3049
1668711385606 3 3099
1668711390928 3 3149
1668711396248 3 3199
1668711401578 3 3249
1668711406887 3 3299
1668711415836 3 3347
1668711418670 3 3347
1668711419411 4 3349
1668711424763 4 3399
1668711430098 4 3449
1668711435421 4 3499
1668711440729 4 3549
1668711446036 4 3599
1668711451349 4 3649
1668711456655 4 3699
1668711461955 4 3749
1668711467257 4 3799
1668711472561 4 3849
1668711477869 4 3899
1668711483175 4 3949
1668711488495 4 3999
1668711493812 4 4049
1668711499155 4 4099
1668711504473 4 4149
1668711512062 4 4184
1668711514946 4 4184
1668711517053 5 4199
1668711522357 5 4249
1668711527665 5 4299
1668711532973 5 4349
1668711538273 5 4399
1668711543577 5 4449
1668711548870 5 4499
1668711554180 5 4549
1668711559506 5 4599
1668711564815 5 4649
1668711570110 5 4699
1668711575407 5 4749
1668711580711 5 4799
1668711586009 5 4849
1668711591323 5 4899
1668711596637 5 4949
1668711601944 5 4999
1668711608176 5 5021
1668711611060 5 5021
1668711614570 6 5049
1668711619867 6 5099
1668711625181 6 5149
1668711630496 6 5199
1668711635813 6 5249
1668711641129 6 5299
1668711646442 6 5349
1668711651757 6 5399
1668711657089 6 5449
1668711662419 6 5499
1668711667738 6 5549
1668711673056 6 5599
1668711678371 6 5649
1668711683686 6 5699
1668711689009 6 5749
1668711694333 6 5799
1668711699680 6 5849
1668711704569 6 5858
1668711707444 6 5858
1668711712332 7 5899
1668711717667 7 5949
1668711723011 7 5999
1668711728335 7 6049
1668711733675 7 6099
1668711739004 7 6149
1668711744326 7 6199
1668711749651 7 6249
1668711754988 7 6299
1668711760314 7 6349
1668711765645 7 6399
1668711770978 7 6449
1668711776307 7 6499
1668711781629 7 6549
1668711786964 7 6599
1668711792299 7 6649
1668711801078 7 6695
1668711803940 7 6695
1668711804927 8 6699
1668711810234 8 6749
1668711815533 8 6799
1668711820846 8 6849
1668711826149 8 6899
1668711831439 8 6949
1668711836746 8 6999
1668711842046 8 7049
1668711847366 8 7099
1668711852688 8 7149
1668711857992 8 7199
1668711863302 8 7249
1668711868605 8 7299
1668711873926 8 7349
1668711879237 8 7399
1668711884563 8 7449
1668711889875 8 7499
1668711897253 8 7532
1668711900134 8 7532
1668711902437 9 7549
1668711907731 9 7599
1668711913031 9 7649
1668711918341 9 7699
1668711923646 9 7749
1668711928955 9 7799
1668711934258 9 7849
1668711939566 9 7899
1668711944895 9 7949
1668711950218 9 7999
1668711955519 9 8049
1668711960823 9 8099
1668711966126 9 8149
1668711971423 9 8199
1668711976724 9 8249
1668711982050 9 8299
1668711987399 9 8349
1668711993428 9 8369
1668711996275 9 8369
1668711999972 10 8399
1668712005268 10 8449
1668712010561 10 8499
1668712015879 10 8549
1668712021196 10 8599
1668712026521 10 8649
1668712031839 10 8699
1668712037160 10 8749
1668712042475 10 8799
1668712047814 10 8849
1668712053137 10 8899
1668712058458 10 8949
1668712063786 10 8999
1668712069109 10 9049
1668712074431 10 9099
1668712079763 10 9149
1668712085085 10 9199
1668712089685 10 9206
1668712092543 10 9206
1668712097614 11 9249
1668712102901 11 9299
1668712108198 11 9349
1668712113508 11 9399
1668712118817 11 9449
1668712124126 11 9499
1668712129444 11 9549
1668712134754 11 9599
1668712140069 11 9649
1668712145399 11 9699
1668712150707 11 9749
1668712156032 11 9799
1668712161353 11 9849
1668712166669 11 9899
1668712171986 11 9949
1668712177318 11 9999
1668712185852 11 10043
1668712188710 11 10043
1668712189878 12 10049
1668712195168 12 10099
1668712200463 12 10149
1668712205764 12 10199
1668712211071 12 10249
1668712216383 12 10299
1668712221677 12 10349
1668712226977 12 10399
1668712232275 12 10449
1668712237577 12 10499
1668712242887 12 10549
1668712248196 12 10599
1668712253497 12 10649
1668712258804 12 10699
1668712264104 12 10749
1668712269401 12 10799
1668712274712 12 10849
1668712281901 12 10880
1668712284791 12 10880
1668712287353 13 10899
1668712292667 13 10949
1668712297988 13 10999
1668712303311 13 11049
1668712308626 13 11099
1668712313940 13 11149
1668712319255 13 11199
1668712324569 13 11249
1668712329891 13 11299
1668712335202 13 11349
1668712340521 13 11399
1668712345821 13 11449
1668712351120 13 11499
1668712356423 13 11549
1668712361725 13 11599
1668712367075 13 11649
1668712372387 13 11699
1668712378166 13 11717
1668712381075 13 11717
1668712384997 14 11749
1668712390323 14 11799
1668712395645 14 11849
1668712401010 14 11899
1668712406359 14 11949
1668712411701 14 11999
1668712417042 14 12049
1668712422386 14 12099
1668712427692 14 12149
1668712433001 14 12199
1668712438312 14 12249
1668712443627 14 12299
1668712448931 14 12349
1668712454243 14 12399
1668712459549 14 12449
1668712464859 14 12499
1668712470173 14 12549
1668712474551 14 12554
1668712474595 14 12554
1668712480086 15 12599
1668712485399 15 12649
1668712490702 15 12699
1668712496007 15 12749
1668712501317 15 12799
1668712506620 15 12849
1668712511914 15 12899
1668712517213 15 12949
1668712522522 15 12999
1668712527815 15 13049
1668712533120 15 13099
1668712538413 15 13149
1668712543711 15 13199
1668712549007 15 13249
1668712554303 15 13299
1668712559602 15 13349
1668712567949 15 13391
1668712570817 15 13391
1668712572202 16 13399
1668712577479 16 13449
1668712582780 16 13499
1668712588074 16 13549
1668712593366 16 13599
1668712598671 16 13649
1668712603967 16 13699
1668712609270 16 13749
1668712614573 16 13799
1668712619873 16 13849
1668712625173 16 13899
1668712630481 16 13949
1668712635775 16 13999
1668712641075 16 14049
1668712646377 16 14099
1668712651673 16 14149
1668712656985 16 14199
1668712663948 16 14228
1668712663990 16 14228
1668712666942 17 14249
1668712672266 17 14299
1668712677586 17 14349
1668712682913 17 14399
1668712688241 17 14449
1668712693563 17 14499
1668712698890 17 14549
1668712704224 17 14599
1668712709536 17 14649
1668712714846 17 14699
1668712720150 17 14749
1668712725463 17 14799
1668712730764 17 14849
1668712736059 17 14899
1668712741358 17 14949
1668712746660 17 14999
1668712751961 17 15049
1668712757572 17 15065
1668712757615 17 15065
1668712761888 18 15099
1668712767185 18 15149
1668712772484 18 15199
1668712777787 18 15249
1668712783088 18 15299
1668712788400 18 15349
1668712793713 18 15399
1668712799017 18 15449
1668712804324 18 15499
1668712809616 18 15549
1668712814927 18 15599
1668712820228 18 15649
1668712825533 18 15699
1668712830831 18 15749
1668712836134 18 15799
1668712841431 18 15849
1668712846722 18 15899
1668712850921 18 15902
1668712853761 18 15902
1668712859260 19 15949
1668712864558 19 15999
1668712869851 19 16049
1668712875167 19 16099
1668712880481 19 16149
1668712885811 19 16199
1668712891132 19 16249
1668712896453 19 16299
1668712901767 19 16349
1668712907087 19 16399
1668712912410 19 16449
1668712917731 19 16499
1668712923059 19 16549
1668712928393 19 16599
1668712933733 19 16649
1668712939059 19 16699
1668712947219 19 16739
1668712947262 19 16739
1668712948990 20 16749
1668712954275 20 16799
1668712959568 20 16849
1668712964873 20 16899
1668712970174 20 16949
1668712975473 20 16999
1668712980775 20 17049
1668712986086 20 17099
1668712991392 20 17149
1668712996701 20 17199
1668713002018 20 17249
1668713007318 20 17299
1668713012614 20 17349
1668713017922 20 17399
1668713023227 20 17449
1668713028531 20 17499
1668713033831 20 17549
1668713040582 20 17576
1668713043465 20 17576
1668713046438 21 17599
1668713051755 21 17649
1668713057055 21 17699
1668713062368 21 17749
1668713067687 21 17799
1668713072998 21 17849
1668713078308 21 17899
1668713083653 21 17949
1668713088990 21 17999
1668713094304 21 18049
1668713099615 21 18099
1668713104936 21 18149
1668713110235 21 18199
1668713115549 21 18249
1668713120852 21 18299
1668713126162 21 18349
1668713131468 21 18399
1668713136909 21 18413
1668713139796 21 18413
1668713144171 22 18449
1668713149487 22 18499
1668713154799 22 18549
1668713160101 22 18599
1668713165399 22 18649
1668713170699 22 18699
1668713176007 22 18749
1668713181319 22 18799
1668713186628 22 18849
1668713191930 22 18899
1668713197236 22 18949
1668713202546 22 18999
1668713207855 22 19049
1668713213171 22 19099
1668713218479 22 19149
1668713223786 22 19199
1668713229090 22 19249
1668713233141 22 19250
1668713233185 22 19250
1668713239011 23 19299
1668713244316 23 19349
1668713249624 23 19399
1668713254919 23 19449
1668713260209 23 19499
1668713265503 23 19549
1668713270799 23 19599
1668713276113 23 19649
1668713281424 23 19699
1668713286727 23 19749
1668713292039 23 19799
1668713297358 23 19849
1668713302672 23 19899
1668713307993 23 19949
1668713313304 23 19999
1668713318617 23 20049
1668713326581 23 20087
1668713329493 23 20087
1668713331297 24 20099
1668713336587 24 20149
1668713341891 24 20199
1668713347187 24 20249
1668713352476 24 20299
1668713357767 24 20349
1668713363058 24 20399
1668713368363 24 20449
1668713373672 24 20499
1668713378965 24 20549
1668713384261 24 20599
1668713389565 24 20649
1668713394860 24 20699
1668713400162 24 20749
1668713405481 24 20799
1668713410780 24 20849
1668713416090 24 20899
1668713422649 24 20924
1668713422692 24 20924
1668713426010 25 20949
1668713431330 25 20999
1668713436651 25 21049
1668713441963 25 21099
1668713447266 25 21149
1668713452581 25 21199
1668713457901 25 21249
1668713463219 25 21299
1668713468541 25 21349
1668713473856 25 21399
1668713479171 25 21449
1668713484486 25 21499
1668713489802 25 21549
1668713495121 25 21599
1668713500441 25 21649
1668713505758 25 21699
1668713511076 25 21749
1668713516259 25 21761
1668713519132 25 21761
1668713523697 26 21799
1668713529001 26 21849
1668713534308 26 21899
1668713539605 26 21949
1668713544905 26 21999
1668713550204 26 22049
1668713555505 26 22099
1668713560805 26 22149
1668713566122 26 22199
1668713571418 26 22249
1668713576721 26 22299
1668713582047 26 22349
1668713587354 26 22399
1668713592663 26 22449
1668713597985 26 22499
1668713603298 26 22549
1668713612389 26 22598
1668713615214 26 22598
1668713615833 27 22599
1668713621156 27 22649
1668713626448 27 22699
1668713631753 27 22749
1668713637051 27 22799
1668713642351 27 22849
1668713647651 27 22899
1668713652946 27 22949
1668713658243 27 22999
1668713663548 27 23049
1668713668853 27 23099
1668713674152 27 23149
1668713679448 27 23199
1668713684745 27 23249
1668713690039 27 23299
1668713695346 27 23349
1668713700651 27 23399
1668713708354 27 23435
1668713708399 27 23435
1668713710613 28 23449
1668713715908 28 23499
1668713721207 28 23549
1668713726512 28 23599
1668713731822 28 23649
1668713737122 28 23699
1668713742423 28 23749
1668713747725 28 23799
1668713753030 28 23849
1668713758335 28 23899
1668713763646 28 23949
1668713768944 28 23999
1668713774250 28 24049
1668713779549 28 24099
1668713784846 28 24149
1668713790155 28 24199
1668713795462 28 24249
1668713801834 28 24272
1668713804686 28 24272
1668713808055 29 24299
1668713813375 29 24349
1668713818696 29 24399
1668713824032 29 24449
1668713829359 29 24499
1668713834684 29 24549
1668713840008 29 24599
1668713845330 29 24649
1668713850637 29 24699
1668713855947 29 24749
1668713861252 29 24799
1668713866554 29 24849
1668713871855 29 24899
1668713877168 29 24949
1668713882484 29 24999
1668713887794 29 25049
1668713893094 29 25099
1668713898052 29 25109
1668713900897 29 25109
1668713905650 30 25149
1668713910942 30 25199
1668713916239 30 25249
1668713921540 30 25299
1668713926841 30 25349
1668713932138 30 25399
1668713937433 30 25449
1668713942736 30 25499
1668713948036 30 25549
1668713953344 30 25599
1668713958642 30 25649
1668713963934 30 25699
1668713969222 30 25749
1668713974522 30 25799
1668713979810 30 25849
1668713985112 30 25899
1668713993985 30 25946
1668713994028 30 25946
1668713995094 31 25949
1668714000389 31 25999
1668714005693 31 26049
1668714011001 31 26099
1668714016335 31 26149
1668714021670 31 26199
1668714026991 31 26249
1668714032325 31 26299
1668714037620 31 26349
1668714042913 31 26399
1668714048209 31 26449
1668714053514 31 26499
1668714058817 31 26549
1668714064120 31 26599
1668714069419 31 26649
1668714074714 31 26699
1668714080011 31 26749
1668714087521 31 26783
1668714087565 31 26783
1668714089975 32 26799
1668714095281 32 26849
1668714100613 32 26899
1668714105924 32 26949
1668714111233 32 26999
1668714116556 32 27049
1668714121868 32 27099
1668714127186 32 27149
1668714132499 32 27199
1668714137812 32 27249
1668714143122 32 27299
1668714148447 32 27349
1668714153761 32 27399
1668714159075 32 27449
1668714164395 32 27499
1668714169709 32 27549
1668714175019 32 27599
1668714181129 32 27620
1668714184051 32 27620
1668714187633 33 27649
1668714192925 33 27699
1668714198220 33 27749
1668714203517 33 27799
1668714208810 33 27849
1668714214127 33 27899
1668714219442 33 27949
1668714224758 33 27999
1668714230079 33 28049
1668714235398 33 28099
1668714240693 33 28149
1668714246012 33 28199
1668714251310 33 28249
1668714256612 33 28299
1668714261911 33 28349
1668714267211 33 28399
1668714272512 33 28449
1668714277232 33 28457
1668714280109 33 28457
1668714285056 34 28499
1668714290348 34 28549
1668714295639 34 28599
1668714300938 34 28649
1668714306235 34 28699
1668714311535 34 28749
1668714316829 34 28799
1668714322125 34 28849
1668714327425 34 28899
1668714332727 34 28949
1668714338039 34 28999
1668714343362 34 29049
1668714348663 34 29099
1668714353961 34 29149
1668714359259 34 29199
1668714364557 34 29249
1668714373213 34 29294
1668714376107 34 29294
1668714377173 35 29299
1668714382470 35 29349
1668714387768 35 29399
1668714393072 35 29449
1668714398378 35 29499
1668714403683 35 29549
1668714408983 35 29599
1668714414280 35 29649
1668714419585 35 29699
1668714424900 35 29749
1668714430211 35 29799
1668714435520 35 29849
1668714440839 35 29899
1668714446152 35 29949
1668714451461 35 29999
1668714456776 35 30049
1668714462083 35 30099
1668714469354 35 30131
1668714472241 35 30131
1668714474680 36 30149
1668714479986 36 30199
1668714485283 36 30249
1668714490585 36 30299
1668714495890 36 30349
1668714501186 36 30399
1668714506490 36 30449
1668714511796 36 30499
1668714517106 36 30549
1668714522411 36 30599
1668714527712 36 30649
1668714533006 36 30699
1668714538330 36 30749
1668714543660 36 30799
1668714548991 36 30849
1668714554323 36 30899
1668714559641 36 30949
1668714565514 36 30968
1668714565557 36 30968
1668714569562 37 30999
1668714574857 37 31049
1668714580163 37 31099
1668714585462 37 31149
1668714590757 37 31199
1668714596051 37 31249
1668714601355 37 31299
1668714606658 37 31349
1668714611958 37 31399
1668714617272 37 31449
1668714622568 37 31499
1668714627869 37 31549
1668714633184 37 31599
1668714638495 37 31649
1668714643794 37 31699
1668714649120 37 31749
1668714654451 37 31799
1668714658973 37 31805
1668714661847 37 31805
1668714667047 38 31849
1668714672350 38 31899
1668714677644 38 31949
1668714682937 38 31999
1668714688236 38 32049
1668714693533 38 32099
1668714698851 38 32149
1668714704145 38 32199
1668714709439 38 32249
1668714714739 38 32299
1668714720045 38 32349
1668714725351 38 32399
1668714730662 38 32449
1668714735963 38 32499
1668714741267 38 32549
1668714746565 38 32599
1668714755044 38 32642
1668714755088 38 32642
1668714756560 39 32649
1668714761864 39 32699
1668714767179 39 32749
1668714772485 39 32799
1668714777784 39 32849
1668714783095 39 32899
1668714788398 39 32949
1668714793709 39 32999
1668714799022 39 33049
1668714804316 39 33099
1668714809621 39 33149
1668714814921 39 33199
1668714820231 39 33249
1668714825540 39 33299
1668714830857 39 33349
1668714836155 39 33399
1668714841459 39 33449
1668714848522 39 33479
1668714851359 39 33479
1668714854007 40 33499
1668714859308 40 33549
1668714864614 40 33599
1668714869915 40 33649
1668714875226 40 33699
1668714880548 40 33749
1668714885865 40 33799
1668714891188 40 33849
1668714896517 40 33899
1668714901844 40 33949
1668714907148 40 33999
1668714912461 40 34049
1668714917765 40 34099
1668714923075 40 34149
1668714928397 40 34199
1668714933715 40 34249
1668714939033 40 34299
1668714944734 40 34316
1668714947437 40 34316
1668714951418 41 34349
1668714956705 41 34399
1668714961994 41 34449
1668714967283 41 34499
1668714972577 41 34549
1668714977871 41 34599
1668714983204 41 34649
1668714988553 41 34699
1668714993866 41 34749
1668714999156 41 34799
1668715004461 41 34849
1668715009755 41 34899
1668715015044 41 34949
1668715020344 41 34999
1668715025643 41 35049
1668715030936 41 35099
1668715036229 41 35149
1668715040542 41 35153
1668715040583 41 35153
1668715046162 42 35199
1668715051466 42 35249
1668715056787 42 35299
1668715062098 42 35349
1668715067405 42 35399
1668715072708 42 35449
1668715078009 42 35499
1668715083312 42 35549
1668715088616 42 35599
1668715093923 42 35649
1668715099229 42 35699
1668715104537 42 35749
1668715109854 42 35799
1668715115155 42 35849
1668715120462 42 35899
1668715125763 42 35949
1668715133955 42 35990
1668715133996 42 35990
1668715135650 43 35999
1668715140958 43 36049
1668715146283 43 36099
1668715151621 43 36149
1668715156955 43 36199
1668715162311 43 36249
1668715167660 43 36299
1668715172993 43 36349
1668715178314 43 36399
1668715183661 43 36449
1668715189008 43 36499
1668715194347 43 36549
1668715199683 43 36599
1668715205030 43 36649
1668715210351 43 36699
1668715215706 43 36749
1668715221035 43 36799
1668715227854 43 36827
1668715230858 43 36827
1668715233698 44 36849
1668715238993 44 36899
1668715244295 44 36949
1668715249602 44 36999
1668715254894 44 37049
1668715260189 44 37099
1668715265489 44 37149
1668715270783 44 37199
1668715276087 44 37249
1668715281399 44 37299
1668715286720 44 37349
1668715292038 44 37399
1668715297353 44 37449
1668715302676 44 37499
1668715308003 44 37549
1668715313330 44 37599
1668715318687 44 37649
1668715324197 44 37664
1668715324241 44 37664
1668715328637 45 37699
1668715333941 45 37749
1668715339249 45 37799
1668715344562 45 37849
1668715349866 45 37899
1668715355165 45 37949
1668715360469 45 37999
1668715365776 45 38049
1668715371077 45 38099
1668715376385 45 38149
1668715381696 45 38199
1668715387013 45 38249
1668715392327 45 38299
1668715397642 45 38349
1668715402952 45 38399
1668715408266 45 38449
1668715413579 45 38499
1668715417702 45 38501
1668715417742 45 38501
1668715423530 46 38549
1668715428836 46 38599
1668715434136 46 38649
1668715439449 46 38699
1668715444750 46 38749
1668715450050 46 38799
1668715455347 46 38849
1668715460650 46 38899
1668715465954 46 38949
1668715471251 46 38999
1668715476558 46 39049
1668715481854 46 39099
1668715487156 46 39149
1668715492446 46 39199
1668715497748 46 39249
1668715503060 46 39299
1668715511075 46 39338
1668715511117 46 39338
1668715513017 47 39349
1668715518319 47 39399
1668715523617 47 39449
1668715528925 47 39499
1668715534235 47 39549
1668715539565 47 39599
1668715544890 47 39649
1668715550212 47 39699
1668715555524 47 39749
1668715560834 47 39799
1668715566153 47 39849
1668715571480 47 39899
1668715576797 47 39949
1668715582106 47 39999
1668715587415 47 40049
1668715592725 47 40099
1668715598035 47 40149
1668715604750 47 40175
1668715607674 47 40175
1668715610743 48 40199
1668715616043 48 40249
1668715621335 48 40299
1668715626648 48 40349
1668715631963 48 40399
1668715637289 48 40449
1668715642597 48 40499
1668715647904 48 40549
1668715653212 48 40599
1668715658516 48 40649
1668715663832 48 40699
1668715669148 48 40749
1668715674445 48 40799
1668715679744 48 40849
1668715685042 48 40899
1668715690339 48 40949
1668715695636 48 40999
1668715700953 48 41012
1668715700996 48 41012
1668715705689 49 41049
1668715711002 49 41099
1668715716307 49 41149
1668715721614 49 41199
1668715726929 49 41249
1668715732247 49 41299
1668715737555 49 41349
1668715742863 49 41399
1668715748165 49 41449
1668715753465 49 41499
1668715758769 49 41549
1668715764071 49 41599
1668715769377 49 41649
1668715774677 49 41699
1668715779986 49 41749
1668715785290 49 41799
1668715790571 49 41849
1668715794526 49 41849
1668715797463 49 41849
1668715803263 50 41899
1668715808558 50 41949
1668715813869 50 41999
1668715819173 50 42049
1668715824477 50 42099
1668715829772 50 42149
1668715835076 50 42199
1668715840379 50 42249
1668715845682 50 42299
1668715850993 50 42349
1668715856296 50 42399
1668715861615 50 42449
1668715866939 50 42499
1668715872255 50 42549
1668715877573 50 42599
1668715882895 50 42649
1668715890710 50 42686
1668715890753 50 42686
1668715892867 51 42699
1668715898180 51 42749
1668715903494 51 42799
1668715908822 51 42849
1668715914127 51 42899
1668715919424 51 42949
1668715924723 51 42999
1668715930025 51 43049
1668715935323 51 43099
1668715940621 51 43149
1668715945930 51 43199
1668715951247 51 43249
1668715956554 51 43299
1668715961876 51 43349
1668715967186 51 43399
1668715972505 51 43449
1668715977822 51 43499
1668715984255 51 43523
1668715984299 51 43523
1668715987751 52 43549
1668715993071 52 43599
1668715998377 52 43649
1668716003683 52 43699
1668716008993 52 43749
1668716014295 52 43799
1668716019606 52 43849
1668716024922 52 43899
1668716030239 52 43949
1668716035544 52 43999
1668716040847 52 44049
1668716046157 52 44099
1668716051466 52 44149
1668716056795 52 44199
1668716062122 52 44249
1668716067450 52 44299
1668716072776 52 44349
1668716077807 52 44360
1668716077849 52 44360
1668716082693 53 44399
1668716088004 53 44449
1668716093325 53 44499
1668716098640 53 44549
1668716103947 53 44599
1668716109256 53 44649
1668716114572 53 44699
1668716119880 53 44749
1668716125198 53 44799
1668716130502 53 44849
1668716135806 53 44899
1668716141106 53 44949
1668716146407 53 44999
1668716151716 53 45049
1668716157042 53 45099
1668716162359 53 45149
1668716171334 53 45197
1668716171376 53 45197
1668716172301 54 45199
1668716177621 54 45249
1668716182926 54 45299
1668716188243 54 45349
1668716193550 54 45399
1668716198858 54 45449
1668716204168 54 45499
1668716209493 54 45549
1668716214805 54 45599
1668716220125 54 45649
1668716225433 54 45699
1668716230757 54 45749
1668716236071 54 45799
1668716241385 54 45849
1668716246702 54 45899
1668716252021 54 45949
1668716257321 54 45999
1668716264853 54 46034
1668716264895 54 46034
1668716267186 55 46049
1668716272487 55 46099
1668716277794 55 46149
1668716283107 55 46199
1668716288404 55 46249
1668716293706 55 46299
1668716299002 55 46349
1668716304301 55 46399
1668716309621 55 46449
1668716314948 55 46499
1668716320268 55 46549
1668716325581 55 46599
1668716330894 55 46649
1668716336207 55 46699
1668716341536 55 46749
1668716346852 55 46799
1668716352169 55 46849
1668716358375 55 46871
1668716358419 55 46871
1668716362040 56 46899
1668716367353 56 46949
1668716372657 56 46999
1668716377967 56 47049
1668716383286 56 47099
1668716388591 56 47149
1668716393898 56 47199
1668716399209 56 47249
1668716404527 56 47299
1668716409835 56 47349
1668716415169 56 47399
1668716420488 56 47449
1668716425812 56 47499
1668716431129 56 47549
1668716436445 56 47599
1668716441759 56 47649
1668716447088 56 47699
1668716451960 56 47708
1668716452003 56 47708
1668716457043 57 47749
1668716462342 57 47799
1668716467636 57 47849
1668716472932 57 47899
1668716478249 57 47949
1668716483549 57 47999
1668716488853 57 48049
1668716494154 57 48099
1668716499456 57 48149
1668716504758 57 48199
1668716510072 57 48249
1668716515375 57 48299
1668716520689 57 48349
1668716525988 57 48399
1668716531282 57 48449
1668716536574 57 48499
1668716545279 57 48545
1668716548203 57 48545
1668716549157 58 48549
1668716554445 58 48599
1668716559738 58 48649
1668716565034 58 48699
1668716570332 58 48749
1668716575630 58 48799
1668716580926 58 48849
1668716586227 58 48899
1668716591526 58 48949
1668716596825 58 48999
1668716602119 58 49049
1668716607429 58 49099
1668716612733 58 49149
1668716618041 58 49199
1668716623346 58 49249
1668716628658 58 49299
1668716633978 58 49349
1668716641318 58 49382
1668716641360 58 49382
1668716643875 59 49399
1668716649170 59 49449
1668716654463 59 49499
1668716659760 59 49549
1668716665054 59 49599
1668716670352 59 49649
1668716675649 59 49699
1668716680943 59 49749
1668716686239 59 49799
1668716691549 59 49849
1668716696853 59 49899
1668716702165 59 49949
1668716707474 59 49999
1668716712773 59 50049
1668716718078 59 50099
1668716723382 59 50149
1668716728694 59 50199
1668716734688 59 50219
1668716734733 59 50219
1668716738631 60 50249
1668716743955 60 50299
1668716749271 60 50349
1668716754591 60 50399
1668716759910 60 50449
1668716765238 60 50499
1668716770566 60 50549
1668716775879 60 50599
1668716781204 60 50649
1668716786530 60 50699
1668716791861 60 50749
1668716797190 60 50799
1668716802525 60 50849
1668716807849 60 50899
1668716813180 60 50949
1668716818511 60 50999
1668716823828 60 51049
1668716828467 60 51056
1668716828509 60 51056
1668716833791 61 51099
1668716839118 61 51149
1668716844441 61 51199
1668716849773 61 51249
1668716855092 61 51299
1668716860411 61 51349
1668716865741 61 51399
1668716871063 61 51449
1668716876387 61 51499
1668716881717 61 51549
1668716887047 61 51599
1668716892373 61 51649
1668716897699 61 51699
1668716903025 61 51749
1668716908354 61 51799
1668716913678 61 51849
1668716922288 61 51893
1668716922330 61 51893
1668716923630 62 51899
1668716928918 62 51949
1668716934219 62 51999
1668716939516 62 52049
1668716944821 62 52099
1668716950118 62 52149
1668716955411 62 52199
1668716960711 62 52249
1668716966020 62 52299
1668716971328 62 52349
1668716976639 62 52399
1668716981948 62 52449
1668716987257 62 52499
1668716992558 62 52549
1668716997875 62 52599
1668717003183 62 52649
1668717008480 62 52699
1668717015699 62 52730
1668717015743 62 52730
1668717018513 63 52749
1668717023823 63 52799
1668717029138 63 52849
1668717034450 63 52899
1668717039760 63 52949
1668717045092 63 52999
1668717050391 63 53049
1668717055690 63 53099
1668717061002 63 53149
1668717066304 63 53199
1668717071604 63 53249
1668717076905 63 53299
1668717082210 63 53349
1668717087519 63 53399
1668717092838 63 53449
1668717098155 63 53499
1668717103463 63 53549
1668717109233 63 53567
1668717112202 63 53567
1668717116654 64 53599
1668717121962 64 53649
1668717127279 64 53699
1668717132590 64 53749
1668717137904 64 53799
1668717143212 64 53849
1668717148523 64 53899
1668717153841 64 53949
1668717159178 64 53999
1668717164489 64 54049
1668717169798 64 54099
1668717175105 64 54149
1668717180420 64 54199
1668717185747 64 54249
1668717191068 64 54299
1668717196381 64 54349
1668717201692 64 54399
1668717206135 64 54404
1668717206179 64 54404
1668717211655 65 54449
1668717216949 65 54499
1668717222255 65 54549
1668717227552 65 54599
1668717232845 65 54649
1668717238138 65 54699
1668717243446 65 54749
1668717248755 65 54799
1668717254068 65 54849
1668717259380 65 54899
1668717264684 65 54949
1668717269988 65 54999
1668717275289 65 55049
1668717280589 65 55099
1668717285900 65 55149
1668717291212 65 55199
1668717299541 65 55241
1668717299582 65 55241
1668717301271 66 55249
1668717306559 66 55299
1668717311864 66 55349
1668717317173 66 55399
1668717322490 66 55449
1668717327800 66 55499
1668717333097 66 55549
1668717338399 66 55599
1668717343692 66 55649
1668717348993 66 55699
1668717354293 66 55749
1668717359595 66 55799
1668717364901 66 55849
1668717370200 66 55899
1668717375498 66 55949
1668717380803 66 55999
1668717386124 66 56049
1668717393133 66 56078
1668717393176 66 56078
1668717396110 67 56099
1668717401423 67 56149
1668717406727 67 56199
1668717412030 67 56249
1668717417343 67 56299
1668717422642 67 56349
1668717427940 67 56399
1668717433235 67 56449
1668717438539 67 56499
1668717443843 67 56549
1668717449152 67 56599
1668717454449 67 56649
1668717459756 67 56699
1668717465058 67 56749
1668717470385 67 56799
1668717475709 67 56849
1668717481042 67 56899
1668717486690 67 56915
1668717489656 67 56915
1668717493805 68 56949
1668717499125 68 56999
1668717504451 68 57049
1668717509778 68 57099
1668717515119 68 57149
1668717520447 68 57199
1668717525778 68 57249
1668717531102 68 57299
1668717536431 68 57349
1668717541760 68 57399
1668717547104 68 57449
1668717552430 68 57499
1668717557753 68 57549
1668717563079 68 57599
1668717568412 68 57649
1668717573738 68 57699
1668717579077 68 57749
1668717583375 68 57752
1668717586287 68 57752
1668717591786 69 57799
1668717597094 69 57849
1668717602416 69 57899
1668717607743 69 57949
1668717613076 69 57999
1668717618391 69 58049
1668717623707 69 58099
1668717629021 69 58149
1668717634342 69 58199
1668717639674 69 58249
1668717645014 69 58299
1668717650332 69 58349
1668717655648 69 58399
1668717660946 69 58449
1668717666245 69 58499
1668717671541 69 58549
1668717679700 69 58589
1668717682655 69 58589
1668717684251 70 58599
1668717689531 70 58649
1668717694829 70 58699
1668717700146 70 58749
1668717705483 70 58799
1668717710809 70 58849
1668717716135 70 58899
1668717721457 70 58949
1668717726798 70 58999
1668717732123 70 59049
1668717737450 70 59099
1668717742774 70 59149
1668717748097 70 59199
1668717753423 70 59249
1668717758751 70 59299
1668717764094 70 59349
1668717769430 70 59399
1668717776183 70 59426
1668717776225 70 59426
1668717779376 71 59449
1668717784700 71 59499
1668717790014 71 59549
1668717795315 71 59599
1668717800627 71 59649
1668717805951 71 59699
1668717811260 71 59749
1668717816568 71 59799
1668717821883 71 59849
1668717827196 71 59899
1668717832505 71 59949
1668717837824 71 59999
1668717843129 71 60049
1668717848455 71 60099
1668717853775 71 60149
1668717859089 71 60199
1668717864410 71 60249
1668717869790 71 60263
1668717869831 71 60263
1668717874327 72 60299
1668717879634 72 60349
1668717884957 72 60399
1668717890280 72 60449
1668717895604 72 60499
1668717900936 72 60549
1668717906260 72 60599
1668717911588 72 60649
1668717916907 72 60699
1668717922227 72 60749
1668717927551 72 60799
1668717932865 72 60849
1668717938160 72 60899
1668717943458 72 60949
1668717948750 72 60999
1668717954044 72 61049
1668717959337 72 61099
1668717963370 72 61100
1668717963412 72 61100
1668717969365 73 61149
1668717974678 73 61199
1668717979973 73 61249
1668717985271 73 61299
1668717990569 73 61349
1668717995866 73 61399
1668718001170 73 61449
1668718006465 73 61499
1668718011759 73 61549
1668718017056 73 61599
1668718022353 73 61649
1668718027655 73 61699
1668718032963 73 61749
1668718038266 73 61799
1668718043560 73 61849
1668718048863 73 61899
1668718056772 73 61937
1668718056813 73 61937
1668718058760 74 61949
1668718064079 74 61999
1668718069391 74 62049
1668718074702 74 62099
1668718080010 74 62149
1668718085324 74 62199
1668718090635 74 62249
1668718095962 74 62299
1668718101289 74 62349
1668718106610 74 62399
1668718111926 74 62449
1668718117244 74 62499
1668718122569 74 62549
1668718127891 74 62599
1668718133208 74 62649
1668718138527 74 62699
1668718143846 74 62749
1668718150457 74 62774
1668718150497 74 62774
1668718153862 75 62799
1668718159156 75 62849
1668718164457 75 62899
1668718169757 75 62949
1668718175054 75 62999
1668718180346 75 63049
1668718185644 75 63099
1668718190944 75 63149
1668718196238 75 63199
1668718201528 75 63249
1668718206837 75 63299
1668718212139 75 63349
1668718217445 75 63399
1668718222748 75 63449
1668718228048 75 63499
1668718233349 75 63549
1668718238645 75 63599
1668718243822 75 63611
1668718246739 75 63611
1668718251283 76 63649
1668718256593 76 63699
1668718261893 76 63749
1668718267189 76 63799
1668718272479 76 63849
1668718277772 76 63899
1668718283067 76 63949
1668718288366 76 63999
1668718293666 76 64049
1668718298960 76 64099
1668718304262 76 64149
1668718309558 76 64199
1668718314858 76 64249
1668718320158 76 64299
1668718325458 76 64349
1668718330752 76 64399
1668718339803 76 64448
1668718339844 76 64448
1668718340630 77 64449
1668718345961 77 64499
1668718351276 77 64549
1668718356589 77 64599
1668718361898 77 64649
1668718367208 77 64699
1668718372508 77 64749
1668718377800 77 64799
1668718383109 77 64849
1668718388419 77 64899
1668718393727 77 64949
1668718399025 77 64999
1668718404323 77 65049
1668718409627 77 65099
1668718414923 77 65149
1668718420227 77 65199
1668718425527 77 65249
1668718433206 77 65285
1668718436108 77 65285
1668718438116 78 65299
1668718443414 78 65349
1668718448710 78 65399
1668718454010 78 65449
1668718459304 78 65499
1668718464597 78 65549
1668718469897 78 65599
1668718475195 78 65649
1668718480486 78 65699
1668718485798 78 65749
1668718491094 78 65799
1668718496388 78 65849
1668718501691 78 65899
1668718506989 78 65949
1668718512284 78 65999
1668718517595 78 66049
1668718522895 78 66099
1668718529199 78 66122
1668718529241 78 66122
1668718532822 79 66149
1668718538128 79 66199
1668718543435 79 66249
1668718548756 79 66299
1668718554063 79 66349
1668718559374 79 66399
1668718564685 79 66449
1668718570001 79 66499
1668718575314 79 66549
1668718580632 79 66599
1668718585935 79 66649
1668718591236 79 66699
1668718596551 79 66749
1668718601856 79 66799
1668718607172 79 66849
1668718612493 79 66899
1668718617805 79 66949
1668718622721 79 66959
1668718622763 79 66959
1668718627701 80 66999
1668718633016 80 67049
1668718638333 80 67099
1668718643655 80 67149
1668718648971 80 67199
1668718654268 80 67249
1668718659564 80 67299
1668718664865 80 67349
1668718670172 80 67399
1668718675473 80 67449
1668718680777 80 67499
1668718686069 80 67549
1668718691362 80 67599
1668718696662 80 67649
1668718701962 80 67699
1668718707261 80 67749
1668718716106 80 67796
1668718716147 80 67796
1668718717156 81 67799
1668718722491 81 67849
1668718727829 81 67899
1668718733179 81 67949
1668718738523 81 67999
1668718743878 81 68049
1668718749216 81 68099
1668718754550 81 68149
1668718759881 81 68199
1668718765195 81 68249
1668718770516 81 68299
1668718775843 81 68349
1668718781159 81 68399
1668718786466 81 68449
1668718791767 81 68499
1668718797067 81 68549
1668718802376 81 68599
1668718809899 81 68633
1668718809944 81 68633
1668718812315 82 68649
1668718817634 82 68699
1668718822944 82 68749
1668718828264 82 68799
1668718833580 82 68849
1668718838896 82 68899
1668718844208 82 68949
1668718849526 82 68999
1668718854833 82 69049
1668718860138 82 69099
1668718865452 82 69149
1668718870763 82 69199
1668718876071 82 69249
1668718881381 82 69299
1668718886688 82 69349
1668718891994 82 69399
1668718897293 82 69449
1668718903428 82 69470
1668718906165 82 69470
1668718909755 83 69499
1668718915070 83 69549
1668718920383 83 69599
1668718925698 83 69649
1668718931033 83 69699
1668718936368 83 69749
1668718941667 83 69799
1668718946969 83 69849
1668718952271 83 69899
1668718957570 83 69949
1668718962877 83 69999
1668718968180 83 70049
1668718973483 83 70099
1668718978778 83 70149
1668718984081 83 70199
1668718989393 83 70249
1668718994706 83 70299
1668718999478 83 70307
1668719002379 83 70307
1668719007352 84 70349
1668719012652 84 70399
1668719017955 84 70449
1668719023258 84 70499
1668719028557 84 70549
1668719033862 84 70599
1668719039154 84 70649
1668719044454 84 70699
1668719049748 84 70749
1668719055041 84 70799
1668719060337 84 70849
1668719065631 84 70899
1668719070924 84 70949
1668719076219 84 70999
1668719081519 84 71049
1668719086818 84 71099
1668719095444 84 71144
1668719095486 84 71144
1668719096742 85 71149
1668719102057 85 71199
1668719107370 85 71249
1668719112683 85 71299
1668719117995 85 71349
1668719123309 85 71399
1668719128616 85 71449
1668719133923 85 71499
1668719139220 85 71549
1668719144511 85 71599
1668719149807 85 71649
1668719155111 85 71699
1668719160418 85 71749
1668719165724 85 71799
1668719171016 85 71849
1668719176327 85 71899
1668719181647 85 71949
1668719188968 85 71981
1668719191914 85 71981
1668719194368 86 71999
1668719199686 86 72049
1668719205002 86 72099
1668719210321 86 72149
1668719215649 86 72199
1668719220964 86 72249
1668719226288 86 72299
1668719231602 86 72349
1668719236907 86 72399
1668719242235 86 72449
1668719247541 86 72499
1668719252851 86 72549
1668719258148 86 72599
1668719263456 86 72649
1668719268787 86 72699
1668719274121 86 72749
1668719279448 86 72799
1668719285334 86 72818
1668719285379 86 72818
1668719289408 87 72849
1668719294735 87 72899
1668719300058 87 72949
1668719305379 87 72999
1668719310697 87 73049
1668719316013 87 73099
1668719321326 87 73149
1668719326639 87 73199
1668719331961 87 73249
1668719337287 87 73299
1668719342603 87 73349
1668719347924 87 73399
1668719353226 87 73449
1668719358540 87 73499
1668719363852 87 73549
1668719369171 87 73599
1668719374487 87 73649
1668719378992 87 73655
1668719379034 87 73655
1668719384405 88 73699
1668719389720 88 73749
1668719395043 88 73799
1668719400359 88 73849
1668719405688 88 73899
1668719411005 88 73949
1668719416337 88 73999
1668719421670 88 74049
1668719426994 88 74099
1668719432312 88 74149
1668719437632 88 74199
1668719442955 88 74249
1668719448273 88 74299
1668719453608 88 74349
1668719458936 88 74399
1668719464255 88 74449
1668719472734 88 74492
1668719472775 88 74492
1668719474283 89 74499
1668719479569 89 74549
1668719484872 89 74599
1668719490173 89 74649
1668719495478 89 74699
1668719500781 89 74749
1668719506094 89 74799
1668719511404 89 74849
1668719516718 89 74899
1668719522037 89 74949
1668719527346 89 74999
1668719532651 89 75049
1668719537960 89 75099
1668719543275 89 75149
1668719548586 89 75199
1668719553905 89 75249
1668719559208 89 75299
1668719566300 89 75329
1668719566342 89 75329
1668719569182 90 75349
1668719574497 90 75399
1668719579822 90 75449
1668719585142 90 75499
1668719590450 90 75549
1668719595753 90 75599
1668719601051 90 75649
1668719606353 90 75699
1668719611649 90 75749
1668719616961 90 75799
1668719622257 90 75849
1668719627554 90 75899
1668719632855 90 75949
1668719638155 90 75999
1668719643456 90 76049
1668719648766 90 76099
1668719654061 90 76149
1668719659733 90 76166
1668719662664 90 76166
1668719666694 91 76199
1668719671990 91 76249
1668719677285 91 76299
1668719682598 91 76349
1668719687910 91 76399
1668719693200 91 76449
1668719698494 91 76499
1668719703796 91 76549
1668719709085 91 76599
1668719714395 91 76649
1668719719691 91 76699
1668719724986 91 76749
1668719730289 91 76799
1668719735587 91 76849
1668719740885 91 76899
1668719746193 91 76949
1668719751487 91 76999
1668719755809 91 77003
1668719755851 91 77003
1668719761400 92 77049
1668719766701 92 77099
1668719772000 92 77149
1668719777330 92 77199
1668719782650 92 77249
1668719787969 92 77299
1668719793291 92 77349
1668719798608 92 77399
1668719803922 92 77449
1668719809254 92 77499
1668719814570 92 77549
1668719819879 92 77599
1668719825195 92 77649
1668719830517 92 77699
1668719835841 92 77749
1668719841156 92 77799
1668719849393 92 77840
1668719852321 92 77840
1668719853815 93 77849
1668719859095 93 77899
1668719864404 93 77949
1668719869699 93 77999
1668719875008 93 78049
1668719880313 93 78099
1668719885611 93 78149
1668719890904 93 78199
1668719896198 93 78249
1668719901498 93 78299
1668719906805 93 78349
1668719912127 93 78399
1668719917447 93 78449
1668719922778 93 78499
1668719928110 93 78549
1668719933440 93 78599
1668719938776 93 78649
1668719945663 93 78677
1668719945705 93 78677
1668719948721 94 78699
1668719954028 94 78749
1668719959336 94 78799
1668719964648 94 78849
1668719969974 94 78899
1668719975285 94 78949
1668719980592 94 78999
1668719985904 94 79049
1668719991223 94 79099
1668719996539 94 79149
1668720001867 94 79199
1668720007194 94 79249
1668720012519 94 79299
1668720017838 94 79349
1668720023155 94 79399
1668720028475 94 79449
1668720033796 94 79499
1668720039267 94 79514
1668720039309 94 79514
1668720043667 95 79549
1668720048977 95 79599
1668720054287 95 79649
1668720059592 95 79699
1668720064898 95 79749
1668720070211 95 79799
1668720075515 95 79849
1668720080816 95 79899
1668720086124 95 79949
1668720091436 95 79999
1668720096743 95 80049
1668720102049 95 80099
1668720107352 95 80149
1668720112651 95 80199
1668720117945 95 80249
1668720123249 95 80299
1668720128548 95 80349
1668720132665 95 80351
1668720132707 95 80351
1668720138493 96 80399
1668720143811 96 80449
1668720149125 96 80499
1668720154446 96 80549
1668720159763 96 80599
1668720165084 96 80649
1668720170402 96 80699
1668720175720 96 80749
1668720181043 96 80799
1668720186363 96 80849
1668720191685 96 80899
1668720197008 96 80949
1668720202329 96 80999
1668720207645 96 81049
1668720212970 96 81099
1668720218291 96 81149
1668720226332 96 81188
1668720229275 96 81188
1668720231007 97 81199
1668720236317 97 81249
1668720241632 97 81299
1668720246957 97 81349
1668720252269 97 81399
1668720257580 97 81449
1668720262898 97 81499
1668720268217 97 81549
1668720273533 97 81599
1668720278849 97 81649
1668720284168 97 81699
1668720289483 97 81749
1668720294801 97 81799
1668720300118 97 81849
1668720305449 97 81899
1668720310778 97 81949
1668720316105 97 81999
1668720322732 97 82025
1668720322772 97 82025
1668720326017 98 82049
1668720331325 98 82099
1668720336626 98 82149
1668720341922 98 82199
1668720347225 98 82249
1668720352522 98 82299
1668720357820 98 82349
1668720363140 98 82399
1668720368437 98 82449
1668720373736 98 82499
1668720379032 98 82549
1668720384329 98 82599
1668720389643 98 82649
1668720394949 98 82699
1668720400252 98 82749
1668720405551 98 82799
1668720410847 98 82849
1668720416104 98 82862
1668720416146 98 82862
1668720420783 99 82899
1668720426121 99 82949
1668720431434 99 82999
1668720436747 99 83049
1668720442060 99 83099
1668720447371 99 83149
1668720452690 99 83199
1668720458016 99 83249
1668720463337 99 83299
1668720468659 99 83349
1668720473974 99 83399
1668720479298 99 83449
1668720484627 99 83499
1668720489951 99 83549
1668720495275 99 83599
1668720500593 99 83649
1668720505881 99 83699
1668720509790 99 83699
1668720509834 99 83699
1668720515843 100 83749
1668720521145 100 83799
1668720526451 100 83849
1668720531761 100 83899
1668720537068 100 83949
1668720542369 100 83999
1668720547679 100 84049
1668720552985 100 84099
1668720558285 100 84149
1668720563586 100 84199
1668720568887 100 84249
1668720574187 100 84299
1668720579483 100 84349
1668720584785 100 84399
1668720590104 100 84449
1668720595402 100 84499
1668720603274 100 84536
1668720603319 100 84536
1668720605416 101 84549
1668720610709 101 84599
1668720616022 101 84649
1668720621327 101 84699
1668720626623 101 84749
1668720631926 101 84799
1668720637235 101 84849
1668720642530 101 84899
1668720647829 101 84949
1668720653138 101 84999
1668720658447 101 85049
1668720663739 101 85099
1668720669046 101 85149
1668720674346 101 85199
1668720679642 101 85249
1668720684977 101 85299
1668720690289 101 85349
1668720696773 101 85373
1668720696815 101 85373
1668720700341 102 85399
1668720705662 102 85449
1668720710980 102 85499
1668720716305 102 85549
1668720721616 102 85599
1668720726934 102 85649
1668720732249 102 85699
1668720737565 102 85749
1668720742877 102 85799
1668720748198 102 85849
1668720753515 102 85899
1668720758834 102 85949
1668720764151 102 85999
1668720769469 102 86049
1668720774789 102 86099
1668720780110 102 86149
1668720785427 102 86199
1668720790531 102 86210
1668720790575 102 86210
1668720795350 103 86249
1668720800652 103 86299
1668720805956 103 86349
1668720811260 103 86399
1668720816568 103 86449
1668720821871 103 86499
1668720827171 103 86549
1668720832473 103 86599
1668720837775 103 86649
1668720843078 103 86699
1668720848391 103 86749
1668720853693 103 86799
1668720858991 103 86849
1668720864292 103 86899
1668720869590 103 86949
1668720874895 103 86999
1668720883850 103 87047
1668720883894 103 87047
1668720884821 104 87049
1668720890135 104 87099
1668720895447 104 87149
1668720900752 104 87199
1668720906070 104 87249
1668720911395 104 87299
1668720916708 104 87349
1668720922023 104 87399
1668720927334 104 87449
1668720932646 104 87499
1668720937960 104 87549
1668720943283 104 87599
1668720948593 104 87649
1668720953901 104 87699
1668720959206 104 87749
1668720964514 104 87799
1668720969823 104 87849
1668720977428 104 87884
1668720980392 104 87884
1668720982497 105 87899
1668720987815 105 87949
1668720993133 105 87999
1668720998450 105 88049
1668721003771 105 88099
1668721009101 105 88149
1668721014415 105 88199
1668721019733 105 88249
1668721025060 105 88299
1668721030380 105 88349
1668721035703 105 88399
1668721041025 105 88449
1668721046330 105 88499
1668721051642 105 88549
1668721056963 105 88599
1668721062282 105 88649
1668721067596 105 88699
1668721073788 105 88721
1668721073830 105 88721
1668721077464 106 88749
1668721082767 106 88799
1668721088061 106 88849
1668721093360 106 88899
1668721098662 106 88949
1668721103955 106 88999
1668721109253 106 89049
1668721114547 106 89099
1668721119848 106 89149
1668721125147 106 89199
1668721130446 106 89249
1668721135749 106 89299
1668721141049 106 89349
1668721146348 106 89399
1668721151661 106 89449
1668721156967 106 89499
1668721162283 106 89549
1668721167181 106 89558
1668721167225 106 89558
1668721172333 107 89599
1668721177648 107 89649
1668721182971 107 89699
1668721188291 107 89749
1668721193617 107 89799
1668721198941 107 89849
1668721204266 107 89899
1668721209578 107 89949
1668721214907 107 89999
1668721220216 107 90049
1668721225526 107 90099
1668721230836 107 90149
1668721236163 107 90199
1668721241493 107 90249
1668721246818 107 90299
1668721252137 107 90349
1668721260911 107 90395
1668721263859 107 90395
1668721264808 108 90399
1668721270114 108 90449
1668721275422 108 90499
1668721280722 108 90549
1668721286023 108 90599
1668721291320 108 90649
1668721296618 108 90699
1668721301923 108 90749
1668721307235 108 90799
1668721312539 108 90849
1668721317850 108 90899
1668721323163 108 90949
1668721328474 108 90999
1668721333780 108 91049
1668721339095 108 91099
1668721344411 108 91149
1668721349719 108 91199
1668721357118 108 91232
1668721357162 108 91232
1668721359676 109 91249
1668721365007 109 91299
1668721370319 109 91349
1668721375637 109 91399
1668721380948 109 91449
1668721386242 109 91499
1668721391553 109 91549
1668721396886 109 91599
1668721402198 109 91649
1668721407516 109 91699
1668721412826 109 91749
1668721418135 109 91799
1668721423446 109 91849
1668721428773 109 91899
1668721434090 109 91949
1668721439404 109 91999
1668721444723 109 92049
1668721450716 109 92069
1668721450759 109 92069
1668721454640 110 92099
1668721459959 110 92149
1668721465270 110 92199
1668721470579 110 92249
1668721475894 110 92299
1668721481205 110 92349
1668721486517 110 92399
1668721491826 110 92449
1668721497132 110 92499
1668721502453 110 92549
1668721507770 110 92599
1668721513091 110 92649
1668721518395 110 92699
1668721523699 110 92749
1668721529002 110 92799
1668721534300 110 92849
1668721539605 110 92899
1668721544243 110 92906
1668721544284 110 92906
1668721549511 111 92949
1668721554818 111 92999
1668721560132 111 93049
1668721565455 111 93099
1668721570765 111 93149
1668721576095 111 93199
1668721581401 111 93249
1668721586707 111 93299
1668721592015 111 93349
1668721597310 111 93399
1668721602608 111 93449
1668721607916 111 93499
1668721613219 111 93549
1668721618526 111 93599
1668721623845 111 93649
1668721629164 111 93699
1668721637771 111 93743
1668721637815 111 93743
1668721639183 112 93749
1668721644478 112 93799
1668721649780 112 93849
1668721655090 112 93899
1668721660396 112 93949
1668721665706 112 93999
1668721671014 112 94049
1668721676318 112 94099
1668721681632 112 94149
1668721686950 112 94199
1668721692263 112 94249
1668721697574 112 94299
1668721702886 112 94349
1668721708199 112 94399
1668721713513 112 94449
1668721718826 112 94499
1668721724131 112 94549
1668721731306 112 94580
1668721731348 112 94580
1668721734062 113 94599
1668721739367 113 94649
1668721744668 113 94699
1668721749971 113 94749
1668721755277 113 94799
1668721760586 113 94849
1668721765903 113 94899
1668721771210 113 94949
1668721776511 113 94999
1668721781821 113 95049
1668721787129 113 95099
1668721792430 113 95149
1668721797734 113 95199
1668721803044 113 95249
1668721808344 113 95299
1668721813656 113 95349
1668721818960 113 95399
1668721824738 113 95417
1668721827646 113 95417
1668721831569 114 95449
1668721836869 114 95499
1668721842169 114 95549
1668721847484 114 95599
1668721852784 114 95649
1668721858090 114 95699
1668721863399 114 95749
1668721868701 114 95799
1668721873997 114 95849
1668721879307 114 95899
1668721884609 114 95949
1668721889908 114 95999
1668721895211 114 96049
1668721900515 114 96099
1668721905822 114 96149
1668721911134 114 96199
1668721916433 114 96249
1668721920825 114 96254
1668721920865 114 96254
1668721926360 115 96299
1668721931677 115 96349
1668721936993 115 96399
1668721942300 115 96449
1668721947615 115 96499
1668721952925 115 96549
1668721958236 115 96599
1668721963550 115 96649
1668721968862 115 96699
1668721974173 115 96749
1668721979496 115 96799
1668721984815 115 96849
1668721990129 115 96899
1668721995447 115 96949
1668722000766 115 96999
1668722006091 115 97049
1668722014471 115 97091
1668722014515 115 97091
1668722016089 116 97099
1668722021386 116 97149
1668722026695 116 97199
1668722032011 116 97249
1668722037324 116 97299
1668722042656 116 97349
1668722047976 116 97399
1668722053293 116 97449
1668722058618 116 97499
1668722063938 116 97549
1668722069255 116 97599
1668722074578 116 97649
1668722079899 116 97699
1668722085230 116 97749
1668722090554 116 97799
1668722095878 116 97849
1668722101205 116 97899
1668722108201 116 97928
1668722108243 116 97928
1668722111155 117 97949
1668722116453 117 97999
1668722121754 117 98049
1668722127046 117 98099
1668722132343 117 98149
1668722137649 117 98199
1668722142946 117 98249
1668722148249 117 98299
1668722153572 117 98349
1668722158890 117 98399
1668722164208 117 98449
1668722169531 117 98499
1668722174860 117 98549
1668722180178 117 98599
1668722185496 117 98649
1668722190804 117 98699
1668722196111 117 98749
1668722201793 117 98765
1668722201834 117 98765
1668722206112 118 98799
1668722211405 118 98849
1668722216691 118 98899
1668722221989 118 98949
1668722227281 118 98999
1668722232575 118 99049
1668722237876 118 99099
1668722243172 118 99149
1668722248462 118 99199
1668722253761 118 99249
1668722259057 118 99299
1668722264358 118 99349
1668722269657 118 99399
1668722274958 118 99449
1668722280252 118 99499
1668722285553 118 99549
1668722290844 118 99599
1668722295110 118 99602
1668722295154 118 99602
1668722300819 119 99649
1668722306110 119 99699
1668722311396 119 99749
1668722316684 119 99799
1668722321982 119 99849
1668722327292 119 99899
1668722332597 119 99949
1668722337903 119 99999
1668722343208 119 100049
1668722348513 119 100099
1668722353818 119 100149
1668722359125 119 100199
1668722364445 119 100249
1668722369760 119 100299
1668722375069 119 100349
1668722380373 119 100399
1668722388518 119 100439
1668722388561 119 100439
1668722390376 120 100449
1668722395673 120 100499
1668722400976 120 100549
1668722406280 120 100599
1668722411581 120 100649
1668722416895 120 100699
1668722422194 120 100749
1668722427492 120 100799
1668722432805 120 100849
1668722438114 120 100899
1668722443429 120 100949
1668722448742 120 100999
1668722454059 120 101049
1668722459372 120 101099
1668722464696 120 101149
1668722470012 120 101199
1668722475321 120 101249
1668722482079 120 101276
1668722482121 120 101276
1668722485250 121 101299
1668722490560 121 101349
1668722495858 121 101399
1668722501152 121 101449
1668722506443 121 101499
1668722511731 121 101549
1668722517027 121 101599
1668722522323 121 101649
1668722527632 121 101699
1668722532924 121 101749
1668722538215 121 101799
1668722543511 121 101849
1668722548802 121 101899
1668722554094 121 101949
1668722559391 121 101999
1668722564692 121 102049
1668722569986 121 102099
1668722575337 121 102113
1668722575376 121 102113
1668722579886 122 102149
1668722585191 122 102199
1668722590494 122 102249
1668722595794 122 102299
1668722601093 122 102349
1668722606395 122 102399
1668722611694 122 102449
1668722616993 122 102499
1668722622302 122 102549
1668722627613 122 102599
1668722632915 122 102649
1668722638220 122 102699
1668722643528 122 102749
1668722648840 122 102799
1668722654143 122 102849
1668722659470 122 102899
1668722664778 122 102949
1668722668777 122 102950
1668722668820 122 102950
1668722674697 123 102999
1668722680017 123 103049
1668722685342 123 103099
1668722690660 123 103149
1668722695975 123 103199
1668722701289 123 103249
1668722706591 123 103299
1668722711893 123 103349
1668722717196 123 103399
1668722722508 123 103449
1668722727815 123 103499
1668722733121 123 103549
1668722738417 123 103599
1668722743710 123 103649
1668722749011 123 103699
1668722754314 123 103749
1668722762156 123 103787
1668722765073 123 103787
1668722766875 124 103799
1668722772170 124 103849
1668722777469 124 103899
1668722782771 124 103949
1668722788081 124 103999
1668722793385 124 104049
1668722798689 124 104099
1668722803993 124 104149
1668722809302 124 104199
1668722814607 124 104249
1668722819920 124 104299
1668722825232 124 104349
1668722830538 124 104399
1668722835835 124 104449
1668722841139 124 104499
1668722846446 124 104549
1668722851763 124 104599
1668722858305 124 104624
1668722858352 124 104624
1668722861681 125 104649
1668722866986 125 104699
1668722872287 125 104749
1668722877589 125 104799
1668722882898 125 104849
1668722888201 125 104899
1668722893498 125 104949
1668722898793 125 104999
1668722904092 125 105049
1668722909397 125 105099
1668722914710 125 105149
1668722920023 125 105199
1668722925336 125 105249
1668722930647 125 105299
1668722935954 125 105349
1668722941269 125 105399
1668722946588 125 105449
1668722951755 125 105461
1668722951799 125 105461
1668722956515 126 105499
1668722961827 126 105549
1668722967145 126 105599
1668722972457 126 105649
1668722977771 126 105699
1668722983090 126 105749
1668722988404 126 105799
1668722993717 126 105849
1668722999038 126 105899
1668723004361 126 105949
1668723009686 126 105999
1668723015017 126 106049
1668723020325 126 106099
1668723025634 126 106149
1668723030962 126 106199
1668723036261 126 106249
1668723045332 126 106298
1668723045375 126 106298
1668723046190 127 106299
1668723051495 127 106349
1668723056790 127 106399
1668723062084 127 106449
1668723067377 127 106499
1668723072676 127 106549
1668723077976 127 106599
1668723083273 127 106649
1668723088566 127 106699
1668723093859 127 106749
1668723099155 127 106799
1668723104450 127 106849
1668723109766 127 106899
1668723115064 127 106949
1668723120362 127 106999
1668723125666 127 107049
1668723130968 127 107099
1668723138665 127 107135
1668723138707 127 107135
1668723140864 128 107149
1668723146177 128 107199
1668723151497 128 107249
1668723156799 128 107299
1668723162100 128 107349
1668723167408 128 107399
1668723172725 128 107449
1668723178035 128 107499
1668723183348 128 107549
1668723188656 128 107599
1668723193961 128 107649
1668723199269 128 107699
1668723204583 128 107749
1668723209910 128 107799
1668723215214 128 107849
1668723220519 128 107899
1668723225823 128 107949
1668723232128 128 107972
1668723232170 128 107972
1668723235734 129 107999
1668723241058 129 108049
1668723246362 129 108099
1668723251661 129 108149
1668723256975 129 108199
1668723262287 129 108249
1668723267587 129 108299
1668723272902 129 108349
1668723278204 129 108399
1668723283502 129 108449
1668723288809 129 108499
1668723294118 129 108549
1668723299418 129 108599
1668723304742 129 108649
1668723310047 129 108699
1668723315359 129 108749
1668723320663 129 108799
1668723325594 129 108809
1668723325635 129 108809
1668723330555 130 108849
1668723335860 130 108899
1668723341155 130 108949
1668723346453 130 108999
1668723351747 130 109049
1668723357045 130 109099
1668723362351 130 109149
1668723367658 130 109199
1668723372953 130 109249
1668723378250 130 109299
1668723383552 130 109349
1668723388847 130 109399
1668723394148 130 109449
1668723399460 130 109499
1668723404758 130 109549
1668723410057 130 109599
1668723418882 130 109646
1668723421588 130 109646
1668723422432 131 109649
1668723427752 131 109699
1668723433082 131 109749
1668723438431 131 109799
1668723443772 131 109849
1668723449100 131 109899
1668723454456 131 109949
1668723459783 131 109999
1668723465105 131 110049
1668723470419 131 110099
1668723475732 131 110149
1668723481061 131 110199
1668723486378 131 110249
1668723491688 131 110299
1668723496998 131 110349
1668723502302 131 110399
1668723507602 131 110449
1668723515071 131 110483
1668723515113 131 110483
1668723517548 132 110499
1668723522839 132 110549
1668723528131 132 110599
1668723533439 132 110649
1668723538734 132 110699
1668723544029 132 110749
1668723549321 132 110799
1668723554616 132 110849
1668723559947 132 110899
1668723565273 132 110949
1668723570604 132 110999
1668723575954 132 111049
1668723581288 132 111099
1668723586628 132 111149
1668723591965 132 111199
1668723597305 132 111249
1668723602637 132 111299
1668723608722 132 111320
1668723611624 132 111320
1668723615218 133 111349
1668723620513 133 111399
1668723625812 133 111449
1668723631113 133 111499
1668723636418 133 111549
1668723641715 133 111599
1668723647019 133 111649
1668723652326 133 111699
1668723657629 133 111749
1668723662943 133 111799
1668723668252 133 111849
1668723673558 133 111899
1668723678863 133 111949
1668723684171 133 111999
1668723689473 133 112049
1668723694806 133 112099
1668723700128 133 112149
1668723704865 133 112157
1668723704908 133 112157
1668723710024 134 112199
1668723715323 134 112249
1668723720638 134 112299
1668723725965 134 112349
1668723731291 134 112399
1668723736600 134 112449
1668723741900 134 112499
1668723747207 134 112549
1668723752512 134 112599
1668723757820 134 112649
1668723763122 134 112699
1668723768437 134 112749
1668723773746 134 112799
1668723779057 134 112849
1668723784370 134 112899
1668723789686 134 112949
1668723798327 134 112994
1668723801253 134 112994
1668723802342 135 112999
1668723807644 135 113049
1668723812951 135 113099
1668723818258 135 113149
1668723823573 135 113199
1668723828874 135 113249
1668723834175 135 113299
1668723839476 135 113349
1668723844775 135 113399
1668723850086 135 113449
1668723855407 135 113499
1668723860718 135 113549
1668723866024 135 113599
1668723871332 135 113649
1668723876647 135 113699
1668723881961 135 113749
1668723887279 135 113799
1668723894544 135 113831
1668723894588 135 113831
1668723897190 136 113849
1668723902497 136 113899
1668723907794 136 113949
1668723913088 136 113999
1668723918393 136 114049
1668723923687 136 114099
1668723928987 136 114149
1668723934283 136 114199
1668723939584 136 114249
1668723944873 136 114299
1668723950176 136 114349
1668723955480 136 114399
1668723960780 136 114449
1668723966069 136 114499
1668723971361 136 114549
1668723976655 136 114599
1668723981951 136 114649
1668723987864 136 114668
1668723987904 136 114668
1668723991871 137 114699
1668723997187 137 114749
1668724002505 137 114799
1668724007825 137 114849
1668724013145 137 114899
1668724018469 137 114949
1668724023792 137 114999
1668724029111 137 115049
1668724034424 137 115099
1668724039742 137 115149
1668724045063 137 115199
1668724050388 137 115249
1668724055702 137 115299
1668724061027 137 115349
1668724066343 137 115399
1668724071660 137 115449
1668724076971 137 115499
1668724081503 137 115505
1668724081546 137 115505
1668724086923 138 115549
1668724092240 138 115599
1668724097561 138 115649
1668724102880 138 115699
1668724108195 138 115749
1668724113523 138 115799
1668724118852 138 115849
1668724124177 138 115899
1668724129500 138 115949
1668724134823 138 115999
1668724140145 138 116049
1668724145467 138 116099
1668724150800 138 116149
1668724156124 138 116199
1668724161441 138 116249
1668724166743 138 116299
1668724175235 138 116342
1668724178192 138 116342
1668724179470 139 116349
1668724184744 139 116399
1668724190034 139 116449
1668724195327 139 116499
1668724200618 139 116549
1668724205921 139 116599
1668724211218 139 116649
1668724216520 139 116699
1668724221814 139 116749
1668724227115 139 116799
1668724232407 139 116849
1668724237696 139 116899
1668724243008 139 116949
1668724248309 139 116999
1668724253613 139 117049
1668724258923 139 117099
1668724264239 139 117149
1668724271258 139 117179
1668724271300 139 117179
1668724274116 140 117199
1668724279419 140 117249
1668724284727 140 117299
1668724290034 140 117349
1668724295340 140 117399
1668724300650 140 117449
1668724305962 140 117499
1668724311269 140 117549
1668724316575 140 117599
1668724321887 140 117649
1668724327193 140 117699
1668724332505 140 117749
1668724337818 140 117799
1668724343134 140 117849
1668724348462 140 117899
1668724353760 140 117949
1668724359058 140 117999
1668724364735 140 118016
1668724364778 140 118016
1668724368972 141 118049
1668724374269 141 118099
1668724379570 141 118149
1668724384870 141 118199
1668724390160 141 118249
1668724395448 141 118299
1668724400743 141 118349
1668724406042 141 118399
1668724411334 141 118449
1668724416626 141 118499
1668724421924 141 118549
1668724427225 141 118599
1668724432519 141 118649
1668724437827 141 118699
1668724443124 141 118749
1668724448415 141 118799
1668724453704 141 118849
1668724457987 141 118853
1668724458028 141 118853
1668724463600 142 118899
1668724468893 142 118949
1668724474185 142 118999
1668724479475 142 119049
1668724484770 142 119099
1668724490065 142 119149
1668724495360 142 119199
1668724500676 142 119249
1668724505973 142 119299
1668724511265 142 119349
1668724516562 142 119399
1668724521860 142 119449
1668724527152 142 119499
1668724532461 142 119549
1668724537752 142 119599
1668724543051 142 119649
1668724551234 142 119690
1668724554194 142 119690
1668724555703 143 119699
1668724561006 143 119749
1668724566332 143 119799
1668724571646 143 119849
1668724576964 143 119899
1668724582277 143 119949
1668724587588 143 119999
1668724592899 143 120049
1668724598218 143 120099
1668724603534 143 120149
1668724608847 143 120199
1668724614171 143 120249
1668724619479 143 120299
1668724624794 143 120349
1668724630106 143 120399
1668724635415 143 120449
1668724640718 143 120499
1668724647551 143 120527
1668724647594 143 120527
1668724650648 144 120549
1668724655949 144 120599
1668724661257 144 120649
1668724666563 144 120699
1668724671861 144 120749
1668724677164 144 120799
1668724682475 144 120849
1668724687782 144 120899
1668724693092 144 120949
1668724698393 144 120999
1668724703697 144 121049
1668724709001 144 121099
1668724714306 144 121149
1668724719614 144 121199
1668724724918 144 121249
1668724730229 144 121299
1668724735529 144 121349
1668724740979 144 121364
1668724741020 144 121364
1668724745415 145 121399
1668724750737 145 121449
1668724756062 145 121499
1668724761387 145 121549
1668724766702 145 121599
1668724772023 145 121649
1668724777346 145 121699
1668724782655 145 121749
1668724787983 145 121799
1668724793333 145 121849
1668724798683 145 121899
1668724804049 145 121949
1668724809382 145 121999
1668724814730 145 122049
1668724820042 145 122099
1668724825345 145 122149
1668724830639 145 122199
1668724834807 145 122201
1668724834850 145 122201
1668724840623 146 122249
1668724845923 146 122299
1668724851221 146 122349
1668724856528 146 122399
1668724861833 146 122449
1668724867129 146 122499
1668724872422 146 122549
1668724877723 146 122599
1668724883019 146 122649
1668724888326 146 122699
1668724893632 146 122749
1668724898933 146 122799
1668724904228 146 122849
1668724909529 146 122899
1668724914819 146 122949
1668724920123 146 122999
1668724928113 146 123038
1668724928156 146 123038
1668724930018 147 123049
1668724935324 147 123099
1668724940625 147 123149
1668724945932 147 123199
1668724951239 147 123249
1668724956546 147 123299
1668724961852 147 123349
1668724967167 147 123399
1668724972471 147 123449
1668724977773 147 123499
1668724983082 147 123549
1668724988397 147 123599
1668724993701 147 123649
1668724999013 147 123699
1668725004315 147 123749
1668725009624 147 123799
1668725014935 147 123849
1668725021608 147 123875
1668725021648 147 123875
1668725024928 148 123899
1668725030249 148 123949
1668725035563 148 123999
1668725040873 148 124049
1668725046185 148 124099
1668725051507 148 124149
1668725056824 148 124199
1668725062140 148 124249
1668725067464 148 124299
1668725072784 148 124349
1668725078103 148 124399
1668725083424 148 124449
1668725088745 148 124499
1668725094057 148 124549
1668725099377 148 124599
1668725104693 148 124649
1668725110009 148 124699
1668725115263 148 124712
1668725115305 148 124712
1668725119969 149 124749
1668725125289 149 124799
1668725130609 149 124849
1668725135928 149 124899
1668725141251 149 124949
1668725146571 149 124999
1668725151894 149 125049
1668725157213 149 125099
1668725162538 149 125149
1668725167864 149 125199
1668725173186 149 125249
1668725178507 149 125299
1668725183812 149 125349
1668725189119 149 125399
1668725194423 149 125449
1668725199718 149 125499
1668725204981 149 125549
1668725208899 149 125549
1668725208940 149 125549
1668725214919 150 125599
1668725220238 150 125649
1668725225560 150 125699
1668725230886 150 125749
1668725236209 150 125799
1668725241531 150 125849
1668725246858 150 125899
1668725252178 150 125949
1668725257498 150 125999
1668725262821 150 126049
1668725268144 150 126099
1668725273443 150 126149
1668725278773 150 126199
1668725284101 150 126249
1668725289436 150 126299
1668725294760 150 126349
1668725302576 150 126386
1668725302618 150 126386
1668725304743 151 126399
1668725310045 151 126449
1668725315346 151 126499
1668725320648 151 126549
1668725325956 151 126599
1668725331266 151 126649
1668725336569 151 126699
1668725341880 151 126749
1668725347195 151 126799
1668725352507 151 126849
1668725357814 151 126899
1668725363132 151 126949
1668725368469 151 126999
1668725373796 151 127049
1668725379115 151 127099
1668725384438 151 127149
1668725389752 151 127199
1668725396226 151 127223
1668725396269 151 127223
1668725399754 152 127249
1668725405069 152 127299
1668725410373 152 127349
1668725415685 152 127399
1668725420998 152 127449
1668725426301 152 127499
1668725431605 152 127549
1668725436913 152 127599
1668725442218 152 127649
1668725447526 152 127699
1668725452838 152 127749
1668725458142 152 127799
1668725463450 152 127849
1668725468773 152 127899
1668725474077 152 127949
1668725479372 152 127999
1668725484670 152 128049
1668725489722 152 128060
1668725492650 152 128060
1668725497298 153 128099
1668725502602 153 128149
1668725507900 153 128199
1668725513200 153 128249
1668725518490 153 128299
1668725523790 153 128349
1668725529087 153 128399
1668725534389 153 128449
1668725539691 153 128499
1668725544988 153 128549
1668725550285 153 128599
1668725555589 153 128649
1668725560939 153 128699
1668725566288 153 128749
1668725571649 153 128799
1668725576964 153 128849
1668725585903 153 128897
1668725585947 153 128897
1668725586836 154 128899
1668725592156 154 128949
1668725597460 154 128999
1668725602771 154 129049
1668725608068 154 129099
1668725613369 154 129149
1668725618668 154 129199
1668725623970 154 129249
1668725629274 154 129299
1668725634583 154 129349
1668725639881 154 129399
1668725645183 154 129449
1668725650480 154 129499
1668725655779 154 129549
1668725661074 154 129599
1668725666387 154 129649
1668725671693 154 129699
1668725679249 154 129734
1668725679290 154 129734
1668725681583 155 129749
1668725686884 155 129799
1668725692187 155 129849
1668725697511 155 129899
1668725702814 155 129949
1668725708113 155 129999
1668725713415 155 130049
1668725718715 155 130099
1668725724029 155 130149
1668725729332 155 130199
1668725734647 155 130249
1668725739963 155 130299
1668725745275 155 130349
1668725750584 155 130399
1668725755893 155 130449
1668725761194 155 130499
1668725766496 155 130549
1668725772661 155 130571
1668725772703 155 130571
1668725776336 156 130599
1668725781670 156 130649
1668725786993 156 130699
1668725792313 156 130749
1668725797634 156 130799
1668725802950 156 130849
1668725808276 156 130899
1668725813594 156 130949
1668725818913 156 130999
1668725824231 156 131049
1668725829557 156 131099
1668725834876 156 131149
1668725840178 156 131199
1668725845487 156 131249
1668725850791 156 131299
1668725856102 156 131349
1668725861424 156 131399
1668725866303 156 131408
1668725866345 156 131408
1668725871415 157 131449
1668725876725 157 131499
1668725882023 157 131549
1668725887325 157 131599
1668725892635 157 131649
1668725897936 157 131699
1668725903261 157 131749
1668725908582 157 131799
1668725913907 157 131849
1668725919225 157 131899
1668725924550 157 131949
1668725929866 157 131999
1668725935191 157 132049
1668725940507 157 132099
1668725945827 157 132149
1668725951152 157 132199
1668725959963 157 132245
1668725960007 157 132245
1668725961122 158 132249
1668725966437 158 132299
1668725971746 158 132349
1668725977045 158 132399
1668725982350 158 132449
1668725987666 158 132499
1668725992972 158 132549
1668725998279 158 132599
1668726003580 158 132649
1668726008876 158 132699
1668726014188 158 132749
1668726019500 158 132799
1668726024805 158 132849
1668726030108 158 132899
1668726035414 158 132949
1668726040719 158 132999
1668726046013 158 133049
1668726053371 158 133082
1668726053411 158 133082
1668726055936 159 133099
1668726061256 159 133149
1668726066589 159 133199
1668726071921 159 133249
1668726077242 159 133299
1668726082565 159 133349
1668726087895 159 133399
1668726093207 159 133449
1668726098511 159 133499
1668726103825 159 133549
1668726109139 159 133599
1668726114461 159 133649
1668726119787 159 133699
1668726125103 159 133749
1668726130422 159 133799
1668726135738 159 133849
1668726141044 159 133899
1668726147055 159 133919
1668726147098 159 133919
1668726150942 160 133949
1668726156235 160 133999
1668726161534 160 134049
1668726166852 160 134099
1668726172165 160 134149
1668726177493 160 134199
1668726182822 160 134249
1668726188136 160 134299
1668726193453 160 134349
1668726198774 160 134399
1668726204084 160 134449
1668726209404 160 134499
1668726214718 160 134549
1668726220036 160 134599
1668726225338 160 134649
1668726230642 160 134699
1668726235959 160 134749
1668726240615 160 134756
1668726240656 160 134756
1668726245917 161 134799
1668726251225 161 134849
1668726256520 161 134899
1668726261817 161 134949
1668726267121 161 134999
1668726272431 161 135049
1668726277751 161 135099
1668726283053 161 135149
1668726288361 161 135199
1668726293672 161 135249
1668726298987 161 135299
1668726304304 161 135349
1668726309635 161 135399
1668726314952 161 135449
1668726320264 161 135499
1668726325571 161 135549
1668726334078 161 135593
1668726334121 161 135593
1668726335463 162 135599
1668726340770 162 135649
1668726346094 162 135699
1668726351410 162 135749
1668726356713 162 135799
1668726362012 162 135849
1668726367315 162 135899
1668726372616 162 135949
1668726377925 162 135999
1668726383222 162 136049
1668726388518 162 136099
1668726393820 162 136149
1668726399122 162 136199
1668726404428 162 136249
1668726409747 162 136299
1668726415050 162 136349
1668726420349 162 136399
1668726427511 162 136430
1668726430425 162 136430
1668726432943 163 136449
1668726438255 163 136499
1668726443564 163 136549
1668726448855 163 136599
1668726454147 163 136649
1668726459443 163 136699
1668726464741 163 136749
1668726470034 163 136799
1668726475350 163 136849
1668726480654 163 136899
1668726485955 163 136949
1668726491254 163 136999
1668726496546 163 137049
1668726501838 163 137099
1668726507150 163 137149
1668726512464 163 137199
1668726517784 163 137249
1668726523681 163 137267
1668726523723 163 137267
1668726527835 164 137299
1668726533147 164 137349
1668726538467 164 137399
1668726543793 164 137449
1668726549101 164 137499
1668726554407 164 137549
1668726559722 164 137599
1668726565030 164 137649
1668726570348 164 137699
1668726575663 164 137749
1668726580978 164 137799
1668726586289 164 137849
1668726591602 164 137899
1668726596909 164 137949
1668726602237 164 137999
1668726607539 164 138049
1668726612837 164 138099
1668726617328 164 138104
1668726617368 164 138104
1668726622818 165 138149
1668726628128 165 138199
1668726633438 165 138249
1668726638740 165 138299
1668726644045 165 138349
1668726649346 165 138399
1668726654663 165 138449
1668726659966 165 138499
1668726665269 165 138549
1668726670573 165 138599
1668726675876 165 138649
1668726681178 165 138699
1668726686474 165 138749
1668726691770 165 138799
1668726697074 165 138849
1668726702399 165 138899
1668726710806 165 138941
1668726710849 165 138941
1668726712433 166 138949
1668726717754 166 138999
1668726723100 166 139049
1668726728418 166 139099
1668726733747 166 139149
1668726739068 166 139199
1668726744383 166 139249
1668726749701 166 139299
1668726755020 166 139349
1668726760347 166 139399
1668726765673 166 139449
1668726771005 166 139499
1668726776345 166 139549
1668726781675 166 139599
1668726787023 166 139649
1668726792364 166 139699
1668726797689 166 139749
1668726804642 166 139778
1668726804688 166 139778
1668726807588 167 139799
1668726812888 167 139849
1668726818187 167 139899
1668726823503 167 139949
1668726828836 167 139999
1668726834153 167 140049
1668726839469 167 140099
1668726844799 167 140149
1668726850118 167 140199
1668726855436 167 140249
1668726860761 167 140299
1668726866083 167 140349
1668726871405 167 140399
1668726876728 167 140449
1668726882063 167 140499
1668726887385 167 140549
1668726892711 167 140599
1668726898348 167 140615
1668726898392 167 140615
1668726902677 168 140649
1668726907987 168 140699
1668726913299 168 140749
1668726918602 168 140799
1668726923920 168 140849
1668726929227 168 140899
1668726934532 168 140949
1668726939838 168 140999
1668726945151 168 141049
1668726950459 168 141099
1668726955765 168 141149
1668726961068 168 141199
1668726966370 168 141249
1668726971674 168 141299
1668726976978 168 141349
1668726982285 168 141399
1668726987588 168 141449
1668726991851 168 141452
1668726991894 168 141452
1668726997554 169 141499
1668727002868 169 141549
1668727008173 169 141599
1668727013483 169 141649
1668727018797 169 141699
1668727024121 169 141749
1668727029437 169 141799
1668727034744 169 141849
1668727040059 169 141899
1668727045372 169 141949
1668727050679 169 141999
1668727056001 169 142049
1668727061305 169 142099
1668727066614 169 142149
1668727071919 169 142199
1668727077232 169 142249
1668727085417 169 142289
1668727085462 169 142289
1668727087302 170 142299
1668727092622 170 142349
1668727097955 170 142399
1668727103284 170 142449
1668727108613 170 142499
1668727113942 170 142549
1668727119276 170 142599
1668727124610 170 142649
1668727129940 170 142699
1668727135269 170 142749
1668727140599 170 142799
1668727145924 170 142849
1668727151236 170 142899
1668727156549 170 142949
1668727161861 170 142999
1668727167176 170 143049
1668727172485 170 143099
1668727179294 170 143126
1668727182011 170 143126
1668727184949 171 143149
1668727190251 171 143199
1668727195552 171 143249
1668727200855 171 143299
1668727206166 171 143349
1668727211473 171 143399
1668727216788 171 143449
1668727222085 171 143499
1668727227385 171 143549
1668727232688 171 143599
1668727237993 171 143649
1668727243297 171 143699
1668727248606 171 143749
1668727253909 171 143799
1668727259211 171 143849
1668727264516 171 143899
1668727269816 171 143949
1668727275217 171 143963
1668727278107 171 143963
1668727282443 172 143999
1668727287755 172 144049
1668727293064 172 144099
1668727298378 172 144149
1668727303689 172 144199
1668727309006 172 144249
1668727314329 172 144299
1668727319645 172 144349
1668727324960 172 144399
1668727330275 172 144449
1668727335583 172 144499
1668727340891 172 144549
1668727346214 172 144599
1668727351528 172 144649
1668727356845 172 144699
1668727362160 172 144749
1668727367466 172 144799
1668727371495 172 144800
1668727371536 172 144800
1668727377402 173 144849
1668727382730 173 144899
1668727388045 173 144949
1668727393373 173 144999
1668727398692 173 145049
1668727404007 173 145099
1668727409328 173 145149
1668727414648 173 145199
1668727419968 173 145249
1668727425284 173 145299
1668727430596 173 145349
1668727435902 173 145399
1668727441218 173 145449
1668727446547 173 145499
1668727451851 173 145549
1668727457152 173 145599
1668727465055 173 145637
1668727465099 173 145637
1668727467117 174 145649
1668727472427 174 145699
1668727477750 174 145749
1668727483068 174 145799
1668727488387 174 145849
1668727493699 174 145899
1668727499002 174 145949
1668727504316 174 145999
1668727509639 174 146049
1668727514951 174 146099
1668727520260 174 146149
1668727525576 174 146199
1668727530890 174 146249
1668727536208 174 146299
1668727541535 174 146349
1668727546844 174 146399
1668727552152 174 146449
1668727558707 174 146474
1668727558749 174 146474
1668727562251 175 146499
1668727567576 175 146549
1668727572915 175 146599
1668727578235 175 146649
1668727583546 175 146699
1668727588863 175 146749
1668727594181 175 146799
1668727599502 175 146849
1668727604831 175 146899
1668727610146 175 146949
1668727615463 175 146999
1668727620787 175 147049
1668727626111 175 147099
1668727631434 175 147149
1668727636764 175 147199
1668727642088 175 147249
1668727647414 175 147299
1668727652592 175 147311
1668727652633 175 147311
1668727657343 176 147349
1668727662651 176 147399
1668727667948 176 147449
1668727673258 176 147499
1668727678558 176 147549
1668727683869 176 147599
1668727689188 176 147649
1668727694509 176 147699
1668727699827 176 147749
1668727705159 176 147799
1668727710480 176 147849
1668727715789 176 147899
1668727721096 176 147949
1668727726417 176 147999
1668727731729 176 148049
1668727737051 176 148099
1668727746171 176 148148
1668727749123 176 148148
1668727749735 177 148149
1668727755057 177 148199
1668727760362 177 148249
1668727765668 177 148299
1668727770974 177 148349
1668727776277 177 148399
1668727781582 177 148449
1668727786885 177 148499
1668727792191 177 148549
1668727797510 177 148599
1668727802834 177 148649
1668727808151 177 148699
1668727813487 177 148749
1668727818810 177 148799
1668727824119 177 148849
1668727829438 177 148899
1668727834761 177 148949
1668727842451 177 148985
1668727842492 177 148985
1668727844717 178 148999
1668727850008 178 149049
1668727855303 178 149099
1668727860598 178 149149
1668727865902 178 149199
1668727871200 178 149249
1668727876502 178 149299
1668727881810 178 149349
1668727887122 178 149399
1668727892421 178 149449
1668727897740 178 149499
1668727903059 178 149549
1668727908365 178 149599
1668727913663 178 149649
1668727918970 178 149699
1668727924280 178 149749
1668727929596 178 149799
1668727935950 178 149822
1668727935992 178 149822
1668727939559 179 149849
1668727944884 179 149899
1668727950205 179 149949
1668727955529 179 149999
1668727960868 179 150049
1668727966193 179 150099
1668727971513 179 150149
1668727976835 179 150199
1668727982157 179 150249
1668727987481 179 150299
1668727992809 179 150349
1668727998132 179 150399
1668728003454 179 150449
1668728008773 179 150499
1668728014093 179 150549
1668728019410 179 150599
1668728024742 179 150649
1668728029703 179 150659
1668728029747 179 150659
1668728034682 180 150699
1668728040002 180 150749
1668728045322 180 150799
1668728050642 180 150849
1668728055968 180 150899
1668728061300 180 150949
1668728066623 180 150999
1668728071941 180 151049
1668728077262 180 151099
1668728082585 180 151149
1668728087911 180 151199
1668728093254 180 151249
1668728098593 180 151299
1668728103929 180 151349
1668728109266 180 151399
1668728114599 180 151449
1668728123506 180 151496
1668728123549 180 151496
1668728124607 181 151499
1668728129974 181 151549
1668728135315 181 151599
1668728140635 181 151649
1668728145932 181 151699
1668728151238 181 151749
1668728156575 181 151799
1668728161900 181 151849
1668728167227 181 151899
1668728172551 181 151949
1668728177879 181 151999
1668728183207 181 152049
1668728188538 181 152099
1668728193866 181 152149
1668728199196 181 152199
1668728204522 181 152249
1668728209854 181 152299
1668728217369 181 152333
1668728217412 181 152333
1668728219828 182 152349
1668728225147 182 152399
1668728230461 182 152449
1668728235779 182 152499
1668728241098 182 152549
1668728246414 182 152599
1668728251725 182 152649
1668728257043 182 152699
1668728262359 182 152749
1668728267681 182 152799
1668728273003 182 152849
1668728278327 182 152899
1668728283661 182 152949
1668728288990 182 152999
1668728294315 182 153049
1668728299642 182 153099
1668728304965 182 153149
1668728311080 182 153170
1668728311123 182 153170
1668728314902 183 153199
1668728320238 183 153249
1668728325568 183 153299
1668728330910 183 153349
1668728336245 183 153399
1668728341583 183 153449
1668728346922 183 153499
1668728352241 183 153549
1668728357556 183 153599
1668728362869 183 153649
1668728368180 183 153699
1668728373485 183 153749
1668728378801 183 153799
1668728384116 183 153849
1668728389431 183 153899
1668728394740 183 153949
1668728400056 183 153999
1668728404784 183 154007
1668728404827 183 154007
1668728409965 184 154049
1668728415298 184 154099
1668728420618 184 154149
1668728425942 184 154199
1668728431260 184 154249
1668728436587 184 154299
1668728441909 184 154349
1668728447242 184 154399
1668728452570 184 154449
1668728457897 184 154499
1668728463236 184 154549
1668728468569 184 154599
1668728473903 184 154649
1668728479241 184 154699
1668728484570 184 154749
1668728489896 184 154799
1668728498533 184 154844
1668728498576 184 154844
1668728499854 185 154849
1668728505151 185 154899
1668728510474 185 154949
1668728515813 185 154999
1668728521157 185 155049
1668728526482 185 155099
1668728531805 185 155149
1668728537126 185 155199
1668728542459 185 155249
1668728547779 185 155299
1668728553086 185 155349
1668728558394 185 155399
1668728563698 185 155449
1668728568997 185 155499
1668728574306 185 155549
1668728579626 185 155599
1668728584934 185 155649
1668728592266 185 155681
1668728595207 185 155681
1668728597627 186 155699
1668728602926 186 155749
1668728608226 186 155799
1668728613522 186 155849
1668728618812 186 155899
1668728624109 186 155949
1668728629401 186 155999
1668728634701 186 156049
1668728640004 186 156099
1668728645315 186 156149
1668728650618 186 156199
1668728655917 186 156249
1668728661225 186 156299
1668728666520 186 156349
1668728671822 186 156399
1668728677123 186 156449
1668728682413 186 156499
1668728688368 186 156518
1668728691305 186 156518
1668728695107 187 156549
1668728700426 187 156599
1668728705753 187 156649
1668728711087 187 156699
1668728716407 187 156749
1668728721737 187 156799
1668728727066 187 156849
1668728732404 187 156899
1668728737735 187 156949
1668728743051 187 156999
1668728748363 187 157049
1668728753679 187 157099
1668728758995 187 157149
1668728764325 187 157199
1668728769678 187 157249
1668728774987 187 157299
1668728780292 187 157349
1668728784835 187 157355
1668728784879 187 157355
1668728790246 188 157399
1668728795545 188 157449
1668728800846 188 157499
1668728806147 188 157549
1668728811439 188 157599
1668728816761 188 157649
1668728822092 188 157699
1668728827415 188 157749
1668728832737 188 157799
1668728838074 188 157849
1668728843396 188 157899
1668728848719 188 157949
1668728854039 188 157999
1668728859364 188 158049
1668728864681 188 158099
1668728870018 188 158149
1668728878498 188 158192
1668728878538 188 158192
1668728880022 189 158199
1668728885324 189 158249
1668728890627 189 158299
1668728895927 189 158349
1668728901242 189 158399
1668728906552 189 158449
1668728911857 189 158499
1668728917155 189 158549
1668728922459 189 158599
1668728927766 189 158649
1668728933073 189 158699
1668728938377 189 158749
1668728943678 189 158799
1668728948980 189 158849
1668728954278 189 158899
1668728959587 189 158949
1668728964902 189 158999
1668728972034 189 159029
1668728972077 189 159029
1668728974877 190 159049
1668728980196 190 159099
1668728985505 190 159149
1668728990816 190 159199
1668728996128 190 159249
1668729001442 190 159299
1668729006759 190 159349
1668729012069 190 159399
1668729017389 190 159449
1668729022708 190 159499
1668729028032 190 159549
1668729033342 190 159599
1668729038642 190 159649
1668729043947 190 159699
1668729049252 190 159749
1668729054556 190 159799
1668729059869 190 159849
1668729065582 190 159866
1668729065641 190 159866
1668729069828 191 159899
1668729075133 191 159949
1668729080452 191 159999
1668729085770 191 160049
1668729091081 191 160099
1668729096396 191 160149
1668729101706 191 160199
1668729107021 191 160249
1668729112333 191 160299
1668729117650 191 160349
1668729122964 191 160399
1668729128285 191 160449
1668729133599 191 160499
1668729138914 191 160549
1668729144229 191 160599
1668729149550 191 160649
1668729154859 191 160699
1668729159217 191 160703
1668729159260 191 160703
1668729164819 192 160749
1668729170137 192 160799
1668729175448 192 160849
1668729180775 192 160899
1668729186094 192 160949
1668729191416 192 160999
1668729196735 192 161049
1668729202049 192 161099
1668729207371 192 161149
1668729212686 192 161199
1668729217999 192 161249
1668729223331 192 161299
1668729228645 192 161349
1668729233954 192 161399
1668729239262 192 161449
1668729244564 192 161499
1668729252802 192 161540
1668729252846 192 161540
1668729254503 193 161549
1668729259791 193 161599
1668729265092 193 161649
1668729270402 193 161699
1668729275701 193 161749
1668729281001 193 161799
1668729286303 193 161849
1668729291608 193 161899
1668729296909 193 161949
1668729302221 193 161999
1668729307542 193 162049
1668729312863 193 162099
1668729318185 193 162149
1668729323514 193 162199
1668729328851 193 162249
1668729334174 193 162299
1668729339499 193 162349
1668729346418 193 162377
1668729346462 193 162377
1668729349518 194 162399
1668729354821 194 162449
1668729360141 194 162499
1668729365454 194 162549
1668729370755 194 162599
1668729376058 194 162649
1668729381364 194 162699
1668729386677 194 162749
1668729391986 194 162799
1668729397297 194 162849
1668729402600 194 162899
1668729407905 194 162949
1668729413205 194 162999
1668729418515 194 163049
1668729423821 194 163099
1668729429132 194 163149
1668729434435 194 163199
1668729439916 194 163214
1668729439958 194 163214
1668729444387 195 163249
1668729449715 195 163299
1668729455036 195 163349
1668729460349 195 163399
1668729465664 195 163449
1668729470971 195 163499
1668729476270 195 163549
1668729481592 195 163599
1668729486897 195 163649
1668729492201 195 163699
1668729497499 195 163749
1668729502807 195 163799
1668729508109 195 163849
1668729513420 195 163899
1668729518727 195 163949
1668729524030 195 163999
1668729529323 195 164049
1668729533425 195 164051
1668729533467 195 164051
1668729539226 196 164099
1668729544528 196 164149
1668729549833 196 164199
1668729555128 196 164249
1668729560419 196 164299
1668729565713 196 164349
1668729571011 196 164399
1668729576315 196 164449
1668729581625 196 164499
1668729586931 196 164549
1668729592234 196 164599
1668729597530 196 164649
1668729602841 196 164699
1668729608146 196 164749
1668729613468 196 164799
1668729618778 196 164849
1668729626782 196 164888
1668729626824 196 164888
1668729628680 197 164899
1668729633982 197 164949
1668729639287 197 164999
1668729644603 197 165049
1668729649914 197 165099
1668729655220 197 165149
1668729660527 197 165199
1668729665845 197 165249
1668729671151 197 165299
1668729676469 197 165349
1668729681783 197 165399
1668729687095 197 165449
1668729692411 197 165499
1668729697719 197 165549
1668729703029 197 165599
1668729708344 197 165649
1668729713659 197 165699
1668729720293 197 165725
1668729720338 197 165725
1668729723661 198 165749
1668729728970 198 165799
1668729734280 198 165849
1668729739593 198 165899
1668729744909 198 165949
1668729750221 198 165999
1668729755538 198 166049
1668729760847 198 166099
1668729766156 198 166149
1668729771452 198 166199
1668729776759 198 166249
1668729782064 198 166299
1668729787370 198 166349
1668729792673 198 166399
1668729797963 198 166449
1668729803258 198 166499
1668729808564 198 166549
1668729813829 198 166562
1668729816820 198 166562
1668729821262 199 166599
1668729826577 199 166649
1668729831890 199 166699
1668729837209 199 166749
1668729842525 199 166799
1668729847837 199 166849
1668729853149 199 166899
1668729858461 199 166949
1668729863760 199 166999
1668729869062 199 167049
1668729874390 199 167099
1668729879692 199 167149
1668729884994 199 167199
1668729890298 199 167249
1668729895601 199 167299
1668729900898 199 167349
1668729906178 199 167399
1668729910076 199 167399
1668729910119 199 167399
1668729916093 200 167449
1668729921390 200 167499
1668729926684 200 167549
1668729931975 200 167599
1668729937291 200 167649
1668729942591 200 167699
1668729947905 200 167749
1668729953203 200 167799
1668729958507 200 167849
1668729963834 200 167899
1668729969161 200 167949
1668729974479 200 167999
1668729979788 200 168049
1668729985100 200 168099
1668729990409 200 168149
1668729995727 200 168199
1668730003529 200 168236
1668730006461 200 168236
1668730008375 201 168249
1668730013661 201 168299
1668730018959 201 168349
1668730024259 201 168399
1668730029556 201 168449
1668730034855 201 168499
1668730040149 201 168549
1668730045446 201 168599
1668730050748 201 168649
1668730056046 201 168699
1668730061338 201 168749
1668730066654 201 168799
1668730071964 201 168849
1668730077257 201 168899
1668730082557 201 168949
1668730087863 201 168999
1668730093170 201 169049
1668730099630 201 169073
1668730099679 201 169073
1668730103137 202 169099
1668730108435 202 169149
1668730113730 202 169199
1668730119030 202 169249
1668730124330 202 169299
1668730129635 202 169349
1668730134932 202 169399
1668730140239 202 169449
1668730145542 202 169499
1668730150852 202 169549
1668730156148 202 169599
1668730161445 202 169649
1668730166747 202 169699
1668730172044 202 169749
1668730177356 202 169799
1668730182666 202 169849
1668730187975 202 169899
1668730193076 202 169910
1668730193118 202 169910
1668730197958 203 169949
1668730203275 203 169999
1668730208584 203 170049
1668730213901 203 170099
1668730219203 203 170149
1668730224499 203 170199
1668730229818 203 170249
1668730235112 203 170299
1668730240434 203 170349
1668730245729 203 170399
1668730251025 203 170449
1668730256322 203 170499
1668730261622 203 170549
1668730266921 203 170599
1668730272220 203 170649
1668730277517 203 170699
1668730286468 203 170747
1668730286511 203 170747
1668730287419 204 170749
1668730292738 204 170799
