1668711130368 0.038829151540994644 836
1668711226520 0.045250896364450455 1673
1668711322587 0.051672641187906265 2510
1668711418670 0.06436678767204285 3347
1668711514946 0.06362006813287735 4184
1668711611060 0.06242533028125763 5021
1668711707444 0.07646355777978897 5858
1668711803940 0.0818399041891098 6695
1668711900134 0.08482675999403 7532
1668711996275 0.08646953105926514 8369
1668712092543 0.0994623675942421 9206
1668712188710 0.10140382498502731 10043
1668712284791 0.10319593548774719 10880
1668712381075 0.10259856283664703 11717
1668712474595 0.11066307872533798 12554
1668712570817 0.1103643998503685 13391
1668712663990 0.11633811146020889 14228
1668712757615 0.11140979826450348 15065
1668712853761 0.12171445786952972 15902
1668712947262 0.11723417043685913 16739
1668713043465 0.1279868632555008 17576
1668713139796 0.12111708521842957 18413
1668713233185 0.12231183052062988 19250
1668713329493 0.12544803321361542 20087
1668713422692 0.12514933943748474 20924
1668713519132 0.12634408473968506 21761
1668713615214 0.135453999042511 22598
1668713708399 0.12529867887496948 23435
1668713804686 0.13082437217235565 24272
1668713900897 0.12903225421905518 25109
1668713994028 0.13754479587078094 25946
1668714087565 0.1366487443447113 26783
1668714184051 0.13709677755832672 27620
1668714280109 0.13560333847999573 28457
1668714376107 0.14396654069423676 29294
1668714472241 0.1373954564332962 30131
1668714565557 0.14232377707958221 30968
1668714661847 0.14620669186115265 31805
1668714755088 0.1329151690006256 32642
1668714851359 0.14665472507476807 33479
1668714947437 0.14307048916816711 34316
1668715040583 0.14620669186115265 35153
1668715133996 0.15098565816879272 35990
1668715230858 0.14770011603832245 36827
1668715324241 0.15023894608020782 37664
1668715417742 0.14814814925193787 38501
1668715511117 0.15456989407539368 39338
1668715607674 0.14471326768398285 40175
1668715700996 0.14889486134052277 41012
1668715797463 0.15815411508083344 41849
1668715890753 0.15621265769004822 42686
1668715984299 0.1569593846797943 43523
1668716077849 0.15262843668460846 44360
1668716171376 0.16308243572711945 45197
1668716264895 0.15322580933570862 46034
1668716358419 0.15292711555957794 46871
1668716452003 0.1565113514661789 47708
1668716548203 0.15307646989822388 48545
1668716641360 0.15890084207057953 49382
1668716734733 0.1584528088569641 50219
1668716828509 0.16009557247161865 51056
1668716922330 0.1617383509874344 51893
1668717015743 0.15934886038303375 52730
1668717112202 0.1577060967683792 53567
1668717206179 0.1602449268102646 54404
1668717299582 0.16472521424293518 55241
1668717393176 0.16009557247161865 56078
1668717489656 0.16009557247161865 56915
1668717586287 0.1621863842010498 57752
1668717682655 0.15755675733089447 58589
1668717776225 0.15516726672649384 59426
1668717869831 0.1609916388988495 60263
1668717963412 0.1651732325553894 61100
1668718056813 0.16233572363853455 61937
1668718150497 0.16801075637340546 62774
1668718246739 0.16995221376419067 63611
1668718339844 0.17054958641529083 64448
1668718436108 0.16577060520648956 65285
1668718529241 0.16606929898262024 66122
1668718622763 0.17398446798324585 66959
1668718716147 0.1681600958108902 67796
1668718809944 0.1636798083782196 68633
1668718906165 0.1632317751646042 69470
1668719002379 0.17144563794136047 70307
1668719095486 0.16995221376419067 71144
1668719191914 0.16308243572711945 71981
1668719285379 0.1624850630760193 72818
1668719379034 0.1681600958108902 73655
1668719472775 0.1659199595451355 74492
1668719566342 0.1617383509874344 75329
1668719662664 0.171146959066391 76166
1668719755851 0.16084229946136475 77003
1668719852321 0.17099760472774506 77840
1668719945705 0.16995221376419067 78677
1668720039309 0.17219235002994537 79514
1668720132707 0.16950418055057526 80351
1668720229275 0.17353643476963043 81188
1668720322772 0.17697133123874664 82025
1668720416146 0.16696535050868988 82862
1668720509834 0.17054958641529083 83699
1668720603319 0.1659199595451355 84536
1668720696815 0.17159497737884521 85373
1668720790575 0.17951016128063202 86210
1668720883894 0.16965351998806 87047
1668720980392 0.17547789216041565 87884
1668721073830 0.18175029754638672 88721
1668721167225 0.1733870953321457 89558
1668721263859 0.17727001011371613 90395
1668721357162 0.17637395858764648 91232
1668721450759 0.17697133123874664 92069
1668721544284 0.17428314685821533 92906
1668721637815 0.17517921328544617 93743
1668721731348 0.17951016128063202 94580
1668721827646 0.1798088401556015 95417
1668721920865 0.17502987384796143 96254
1668722014515 0.17278972268104553 97091
1668722108243 0.17697133123874664 97928
1668722201834 0.17099760472774506 98765
1668722295154 0.17861409485340118 99602
1668722388561 0.17786738276481628 100439
1668722482121 0.17861409485340118 101276
1668722575376 0.17801672220230103 102113
1668722668820 0.18369175493717194 102950
1668722765073 0.18189963698387146 103787
1668722858352 0.18025687336921692 104624
1668722951799 0.17622461915016174 105461
1668723045375 0.1748805195093155 106298
1668723138707 0.1835424154996872 107135
1668723232170 0.18817204236984253 107972
1668723325635 0.18234767019748688 108809
1668723421588 0.1869772970676422 109646
1668723515113 0.18832138180732727 110483
1668723611624 0.17786738276481628 111320
1668723704908 0.1842891275882721 112157
1668723801253 0.17786738276481628 112994
1668723894588 0.18264634907245636 113831
1668723987904 0.1902628391981125 114668
1668724081546 0.18682795763015747 115505
1668724178192 0.1857825517654419 116342
1668724271300 0.1907108724117279 117179
1668724364778 0.19310036301612854 118016
1668724458028 0.19011349976062775 118853
1668724554194 0.19474312663078308 119690
1668724647594 0.189964160323143 120527
1668724741020 0.18563321232795715 121364
1668724834850 0.1862305849790573 122201
1668724928156 0.18369175493717194 123038
1668725021648 0.18518517911434174 123875
1668725115305 0.18966546654701233 124712
1668725208940 0.18518517911434174 125549
1668725302618 0.18712663650512695 126386
1668725396269 0.1847371608018875 127223
1668725492650 0.18593190610408783 128060
1668725585947 0.18324372172355652 128897
1668725679290 0.19130824506282806 129734
1668725772703 0.1842891275882721 130571
1668725866345 0.18593190610408783 131408
1668725960007 0.18667861819267273 132245
1668726053411 0.1907108724117279 133082
1668726147098 0.18593190610408783 133919
1668726240656 0.19250299036502838 134756
1668726334121 0.1936977356672287 135593
1668726430425 0.18862007558345795 136430
1668726523723 0.19041219353675842 137267
1668726617368 0.19399641454219818 138104
1668726710849 0.1907108724117279 138941
1668726804688 0.19847670197486877 139778
1668726898392 0.1877240091562271 140615
1668726991894 0.18160095810890198 141452
1668727085462 0.19205495715141296 142289
1668727182011 0.19310036301612854 143126
1668727278107 0.18742533028125763 143963
1668727371536 0.1936977356672287 144800
1668727465099 0.19698327779769897 145637
1668727558749 0.1895161271095276 146474
1668727652633 0.18891875445842743 147311
1668727749123 0.19190561771392822 148148
1668727842492 0.20056749880313873 148985
1668727935992 0.19832736253738403 149822
1668728029747 0.19623656570911407 150659
1668728123549 0.19310036301612854 151496
1668728217412 0.20325566828250885 152333
1668728311123 0.19563919305801392 153170
1668728404827 0.18563321232795715 154007
1668728498576 0.19653524458408356 154844
1668728595207 0.19862604141235352 155681
1668728691305 0.20026881992816925 156518
1668728784879 0.2031063288450241 157355
1668728878538 0.19534049928188324 158192
1668728972077 0.19115890562534332 159029
1668729065641 0.19787932932376862 159866
1668729159260 0.19429510831832886 160703
1668729252846 0.20474910736083984 161540
1668729346462 0.19653524458408356 162377
1668729439958 0.1981780230998993 163214
1668729533467 0.18384109437465668 164051
1668729626824 0.19728195667266846 164888
1668729720338 0.1959378719329834 165725
1668729816820 0.19474312663078308 166562
1668729910119 0.19787932932376862 167399
1668730006461 0.203853040933609 168236
1668730099679 0.19728195667266846 169073
1668730193118 0.20415173470973969 169910
1668730286511 0.20370370149612427 170747
