1668711130368 0.027080845087766647 836
1668711226520 0.03190959617495537 1673
1668711322587 0.03643966466188431 2510
1668711418670 0.045698925852775574 3347
1668711514946 0.044802866876125336 4184
1668711611060 0.043209876865148544 5021
1668711707444 0.05391278490424156 5858
1668711803940 0.059289127588272095 6695
1668711900134 0.05978693813085556 7532
1668711996275 0.061330147087574005 8369
1668712092543 0.0709378719329834 9206
1668712188710 0.07297889143228531 10043
1668712284791 0.07407407462596893 10880
1668712381075 0.07277976721525192 11717
1668712474595 0.07880326360464096 12554
1668712570817 0.07920151203870773 13391
1668712663990 0.08378136157989502 14228
1668712757615 0.08004778623580933 15065
1668712853761 0.08716646581888199 15902
1668712947262 0.08552369475364685 16739
1668713043465 0.09333930909633636 17576
1668713139796 0.08726602792739868 18413
1668713233185 0.08796296268701553 19250
1668713329493 0.09020310640335083 20087
1668713422692 0.09035244584083557 20924
1668713519132 0.09124850481748581 21761
1668713615214 0.09776981174945831 22598
1668713708399 0.0906013548374176 23435
1668713804686 0.09483273327350616 24272
1668713900897 0.09428514540195465 25109
1668713994028 0.10025886446237564 25946
1668714087565 0.09981083124876022 26783
1668714184051 0.09896455705165863 27620
1668714280109 0.09856630861759186 28457
1668714376107 0.10389287024736404 29294
1668714472241 0.10015930235385895 30131
1668714565557 0.1030963733792305 30968
1668714661847 0.10752688348293304 31805
1668714755088 0.0964755043387413 32642
1668714851359 0.10648148506879807 33479
1668714947437 0.10419155657291412 34316
1668715040583 0.10528673976659775 35153
1668715133996 0.11136001348495483 35990
1668715230858 0.10742732137441635 36827
1668715324241 0.10956790298223495 37664
1668715417742 0.10795001685619354 38501
1668715511117 0.11312723904848099 39338
1668715607674 0.10521207004785538 40175
1668715700996 0.10974213480949402 41012
1668715797463 0.11579052358865738 41849
1668715890753 0.11457088589668274 42686
1668715984299 0.11579052358865738 43523
1668716077849 0.11200717091560364 44360
1668716171376 0.1199721246957779 45197
1668716264895 0.11307746171951294 46034
1668716358419 0.11083731800317764 46871
1668716452003 0.11394862830638885 47708
1668716548203 0.11245519667863846 48545
1668716641360 0.11753285676240921 49382
1668716734733 0.11678614467382431 50219
1668716828509 0.11900139600038528 51056
1668716922330 0.11832935363054276 51893
1668717015743 0.11703504621982574 52730
1668717112202 0.1153922751545906 53567
1668717206179 0.11753285676240921 54404
1668717299582 0.12101752310991287 55241
1668717393176 0.11593986302614212 56078
1668717489656 0.11902628093957901 56915
1668717586287 0.12004679441452026 57752
1668717682655 0.1169852614402771 58589
1668717776225 0.11255475878715515 59426
1668717869831 0.11900139600038528 60263
1668717963412 0.12171445786952972 61100
1668718056813 0.12114197760820389 61937
1668718150497 0.12420350313186646 62774
1668718246739 0.12577161192893982 63611
1668718339844 0.1262942999601364 64448
1668718436108 0.12166467308998108 65285
1668718529241 0.12278474867343903 66122
1668718622763 0.127339705824852 66959
1668718716147 0.12368080765008926 67796
1668718809944 0.1198725625872612 68633
1668718906165 0.1195489838719368 69470
1668719002379 0.12748904526233673 70307
1668719095486 0.12452708184719086 71144
1668719191914 0.12049482017755508 71981
1668719285379 0.1206192746758461 72818
1668719379034 0.12604540586471558 73655
1668719472775 0.1235065683722496 74492
1668719566342 0.11835423856973648 75329
1668719662664 0.12415372580289841 76166
1668719755851 0.11927518993616104 77003
1668719852321 0.12696634232997894 77840
1668719945705 0.12614496052265167 78677
1668720039309 0.12694145739078522 79514
1668720132707 0.12485066056251526 80351
1668720229275 0.12940561771392822 81188
1668720322772 0.12987853586673737 82025
1668720416146 0.12368080765008926 82862
1668720509834 0.12517423927783966 83699
1668720603319 0.12131620943546295 84536
1668720696815 0.12599562108516693 85373
1668720790575 0.1324671506881714 86210
1668720883894 0.12450218945741653 87047
1668720980392 0.12997809052467346 87884
1668721073830 0.13338808715343475 88721
1668721167225 0.12666766345500946 89558
1668721263859 0.13164575397968292 90395
1668721357162 0.1304510086774826 91232
1668721450759 0.12962962687015533 92069
1668721544284 0.1279868632555008 92906
1668721637815 0.13007766008377075 93743
1668721731348 0.13313919305801392 94580
1668721827646 0.13127240538597107 95417
1668721920865 0.1292811632156372 96254
1668722014515 0.12781262397766113 97091
1668722108243 0.1306750327348709 97928
1668722201834 0.12602050602436066 98765
1668722295154 0.13234269618988037 99602
1668722388561 0.13196933269500732 100439
1668722482121 0.130650132894516 101276
1668722575376 0.1315212994813919 102113
1668722668820 0.13393568992614746 102950
1668722765073 0.13413481414318085 103787
1668722858352 0.13381123542785645 104624
1668722951799 0.13027678430080414 105461
1668723045375 0.1311977356672287 106298
1668723138707 0.1365491896867752 107135
1668723232170 0.14075566828250885 107972
1668723325635 0.13361211121082306 108809
1668723421588 0.13891378045082092 109646
1668723515113 0.13961070775985718 110483
1668723611624 0.1325915902853012 111320
1668723704908 0.13712166249752045 112157
1668723801253 0.1324671506881714 112994
1668723894588 0.13612604141235352 113831
1668723987904 0.1421993225812912 114668
1668724081546 0.13844086229801178 115505
1668724178192 0.13694743812084198 116342
1668724271300 0.14292114973068237 117179
1668724364778 0.1434687376022339 118016
1668724458028 0.14237356185913086 118853
1668724554194 0.14543507993221283 119690
1668724647594 0.14130327105522156 120527
1668724741020 0.1381421685218811 121364
1668724834850 0.13980983197689056 122201
1668724928156 0.13612604141235352 123038
1668725021648 0.13659895956516266 123875
1668725115305 0.14257268607616425 124712
1668725208940 0.13854041695594788 125549
1668725302618 0.13747012615203857 126386
1668725396269 0.1366487443447113 127223
1668725492650 0.13849064707756042 128060
1668725585947 0.13537932932376862 128897
1668725679290 0.14083035290241241 129734
1668725772703 0.13689765334129333 130571
1668725866345 0.13938669860363007 131408
1668725960007 0.13789327442646027 132245
1668726053411 0.14192552864551544 133082
1668726147098 0.13689765334129333 133919
1668726240656 0.14438968896865845 134756
1668726334121 0.14389187097549438 135593
1668726430425 0.1416766196489334 136430
1668726523723 0.14120370149612427 137267
1668726617368 0.14289624989032745 138104
1668726710849 0.14277181029319763 138941
1668726804688 0.14725209772586823 139778
1668726898392 0.13933691382408142 140615
1668726991894 0.1342841535806656 141452
1668727085462 0.14269712567329407 142289
1668727182011 0.14448924362659454 143126
1668727278107 0.13978494703769684 143963
1668727371536 0.14563420414924622 144800
1668727465099 0.14645560085773468 145637
1668727558749 0.1415521651506424 146474
1668727652633 0.14075566828250885 147311
1668727749123 0.1429460346698761 148148
1668727842492 0.15071186423301697 148985
1668727935992 0.14794902503490448 149822
1668728029747 0.14384210109710693 150659
1668728123549 0.1439167708158493 151496
1668728217412 0.15051274001598358 152333
1668728311123 0.14513640105724335 153170
1668728404827 0.13734567165374756 154007
1668728498576 0.146032452583313 154844
1668728595207 0.14857128262519836 155681
1668728691305 0.1480734795331955 156518
1668728784879 0.15018916130065918 157355
1668728878538 0.14620669186115265 158192
1668728972077 0.14227399230003357 159029
1668729065641 0.14842194318771362 159866
1668729159260 0.14558443427085876 160703
1668729252846 0.15198127925395966 161540
1668729346462 0.14727698266506195 162377
1668729439958 0.14901931583881378 163214
1668729533467 0.13465750217437744 164051
1668729626824 0.14934289455413818 164888
1668729720338 0.1459328979253769 165725
1668729816820 0.14578355848789215 166562
1668729910119 0.14600756764411926 167399
1668730006461 0.153300479054451 168236
1668730099679 0.14750099182128906 169073
1668730193118 0.15476901829242706 169910
1668730286511 0.15183193981647491 170747
