1668711130368 3.407731056213379 836
1668711226520 3.3618643283843994 1673
1668711322587 3.3363606929779053 2510
1668711418670 3.3093855381011963 3347
1668711514946 3.2856662273406982 4184
1668711611060 3.264176607131958 5021
1668711707444 3.2360682487487793 5858
1668711803940 3.2196056842803955 6695
1668711900134 3.1950418949127197 7532
1668711996275 3.1797075271606445 8369
1668712092543 3.14330792427063 9206
1668712188710 3.1392014026641846 10043
1668712284791 3.1149699687957764 10880
1668712381075 3.1012043952941895 11717
1668712474595 3.098724126815796 12554
1668712570817 3.090751886367798 13391
1668712663990 3.0651581287384033 14228
1668712757615 3.0445635318756104 15065
1668712853761 3.0497114658355713 15902
1668712947262 3.0445597171783447 16739
1668713043465 3.022688150405884 17576
1668713139796 3.021089553833008 18413
1668713233185 3.0209059715270996 19250
1668713329493 3.0195231437683105 20087
1668713422692 3.0168707370758057 20924
1668713519132 3.002821922302246 21761
1668713615214 2.9847700595855713 22598
1668713708399 2.990980863571167 23435
1668713804686 2.972745418548584 24272
1668713900897 2.9723169803619385 25109
1668713994028 2.9584429264068604 25946
1668714087565 2.961294651031494 26783
1668714184051 2.9319543838500977 27620
1668714280109 2.936716318130493 28457
1668714376107 2.9291322231292725 29294
1668714472241 2.935682535171509 30131
1668714565557 2.9279284477233887 30968
1668714661847 2.9335031509399414 31805
1668714755088 2.9492757320404053 32642
1668714851359 2.90649151802063 33479
1668714947437 2.9059066772460938 34316
1668715040583 2.917572498321533 35153
1668715133996 2.8923940658569336 35990
1668715230858 2.8863565921783447 36827
1668715324241 2.883253335952759 37664
1668715417742 2.887605667114258 38501
1668715511117 2.876807689666748 39338
1668715607674 2.892747402191162 40175
1668715700996 2.8812122344970703 41012
1668715797463 2.855700731277466 41849
1668715890753 2.8629443645477295 42686
1668715984299 2.846743583679199 43523
1668716077849 2.8582446575164795 44360
1668716171376 2.828580379486084 45197
1668716264895 2.8549091815948486 46034
1668716358419 2.8508987426757812 46871
1668716452003 2.857727289199829 47708
1668716548203 2.8453314304351807 48545
1668716641360 2.8245983123779297 49382
1668716734733 2.831228494644165 50219
1668716828509 2.83781099319458 51056
1668716922330 2.8387184143066406 51893
1668717015743 2.8312389850616455 52730
1668717112202 2.8364017009735107 53567
1668717206179 2.8269097805023193 54404
1668717299582 2.812012195587158 55241
1668717393176 2.838873863220215 56078
1668717489656 2.8387632369995117 56915
1668717586287 2.820725440979004 57752
1668717682655 2.8327407836914062 58589
1668717776225 2.833256483078003 59426
1668717869831 2.815875291824341 60263
1668717963412 2.809140920639038 61100
1668718056813 2.8289520740509033 61937
1668718150497 2.7992916107177734 62774
1668718246739 2.803910493850708 63611
1668718339844 2.784762382507324 64448
1668718436108 2.8123202323913574 65285
1668718529241 2.8108162879943848 66122
1668718622763 2.7902638912200928 66959
1668718716147 2.7832493782043457 67796
1668718809944 2.800980567932129 68633
1668718906165 2.819800853729248 69470
1668719002379 2.799757480621338 70307
1668719095486 2.801365852355957 71144
1668719191914 2.8029301166534424 71981
1668719285379 2.803086757659912 72818
1668719379034 2.7961010932922363 73655
1668719472775 2.809446334838867 74492
1668719566342 2.808746576309204 75329
1668719662664 2.7838234901428223 76166
1668719755851 2.7953853607177734 77003
1668719852321 2.777237892150879 77840
1668719945705 2.779594898223877 78677
1668720039309 2.7748703956604004 79514
1668720132707 2.7871861457824707 80351
1668720229275 2.776183843612671 81188
1668720322772 2.766130208969116 82025
1668720416146 2.7850594520568848 82862
1668720509834 2.7787721157073975 83699
1668720603319 2.7774667739868164 84536
1668720696815 2.750770330429077 85373
1668720790575 2.7537918090820312 86210
1668720883894 2.7764387130737305 87047
1668720980392 2.7656681537628174 87884
1668721073830 2.751967668533325 88721
1668721167225 2.7478721141815186 89558
1668721263859 2.7591919898986816 90395
1668721357162 2.7765469551086426 91232
1668721450759 2.75080943107605 92069
1668721544284 2.7539303302764893 92906
1668721637815 2.752084493637085 93743
1668721731348 2.754718780517578 94580
1668721827646 2.767106771469116 95417
1668721920865 2.7798476219177246 96254
1668722014515 2.7864890098571777 97091
1668722108243 2.7583940029144287 97928
1668722201834 2.766356945037842 98765
1668722295154 2.754262924194336 99602
1668722388561 2.761937141418457 100439
1668722482121 2.7579216957092285 101276
1668722575376 2.738668918609619 102113
1668722668820 2.7419517040252686 102950
1668722765073 2.750359296798706 103787
1668722858352 2.752507209777832 104624
1668722951799 2.7491304874420166 105461
1668723045375 2.760000228881836 106298
1668723138707 2.7492706775665283 107135
1668723232170 2.734919786453247 107972
1668723325635 2.7326364517211914 108809
1668723421588 2.7180213928222656 109646
1668723515113 2.7256319522857666 110483
1668723611624 2.74210786819458 111320
1668723704908 2.7344539165496826 112157
1668723801253 2.7438557147979736 112994
1668723894588 2.738734006881714 113831
1668723987904 2.7305541038513184 114668
1668724081546 2.7201621532440186 115505
1668724178192 2.7271807193756104 116342
1668724271300 2.71817684173584 117179
1668724364778 2.71386456489563 118016
1668724458028 2.734848976135254 118853
1668724554194 2.734095811843872 119690
1668724647594 2.7236568927764893 120527
1668724741020 2.7521464824676514 121364
1668724834850 2.741497755050659 122201
1668724928156 2.731372117996216 123038
1668725021648 2.7178471088409424 123875
1668725115305 2.7192890644073486 124712
1668725208940 2.717365026473999 125549
1668725302618 2.7319626808166504 126386
1668725396269 2.7257184982299805 127223
1668725492650 2.7419512271881104 128060
1668725585947 2.725306272506714 128897
1668725679290 2.6943719387054443 129734
1668725772703 2.7061898708343506 130571
1668725866345 2.7187395095825195 131408
1668725960007 2.7257730960845947 132245
1668726053411 2.7220780849456787 133082
1668726147098 2.7214174270629883 133919
1668726240656 2.6959891319274902 134756
1668726334121 2.713120937347412 135593
1668726430425 2.721388578414917 136430
1668726523723 2.715125799179077 137267
1668726617368 2.706634044647217 138104
1668726710849 2.7200305461883545 138941
1668726804688 2.7117183208465576 139778
1668726898392 2.720430850982666 140615
1668726991894 2.7374303340911865 141452
1668727085462 2.7060627937316895 142289
1668727182011 2.6975066661834717 143126
1668727278107 2.70516037940979 143963
1668727371536 2.7244694232940674 144800
1668727465099 2.7026162147521973 145637
1668727558749 2.7049641609191895 146474
1668727652633 2.7198281288146973 147311
1668727749123 2.687180757522583 148148
1668727842492 2.6844356060028076 148985
1668727935992 2.6965689659118652 149822
1668728029747 2.7153470516204834 150659
1668728123549 2.7114973068237305 151496
1668728217412 2.6778674125671387 152333
1668728311123 2.715297222137451 153170
1668728404827 2.720503807067871 154007
1668728498576 2.6878533363342285 154844
1668728595207 2.688058614730835 155681
1668728691305 2.6899664402008057 156518
1668728784879 2.693629026412964 157355
1668728878538 2.7025580406188965 158192
1668728972077 2.6876015663146973 159029
1668729065641 2.6898274421691895 159866
1668729159260 2.685256004333496 160703
1668729252846 2.691096305847168 161540
1668729346462 2.6890714168548584 162377
1668729439958 2.70984148979187 163214
1668729533467 2.71242356300354 164051
1668729626824 2.693495512008667 164888
1668729720338 2.6863067150115967 165725
1668729816820 2.7022976875305176 166562
1668729910119 2.693737030029297 167399
1668730006461 2.6776115894317627 168236
1668730099679 2.672983407974243 169073
1668730193118 2.675062894821167 169910
1668730286511 2.676387071609497 170747
