1669190420061 1.585389734618313 216
1669190492320 1.5597218376233244 433
1669190564801 1.5406850758325772 650
1669190637148 1.5288207637639883 867
1669190709688 1.5136711663066236 1084
1669190782484 1.5064464580076884 1301
1669190855063 1.4995808278765093 1518
1669190927799 1.4944686918209906 1735
1669191000489 1.4900066785351653 1952
1669191073364 1.4838608286542452 2169
1669191145894 1.4805339039717154 2386
1669191218894 1.478829160323489 2603
1669191291655 1.4772883866157713 2820
1669191364127 1.473328434087502 3037
1669191436860 1.4741751892035424 3254
1669191509616 1.4709790820480253 3471
1669191582178 1.4683444217633206 3688
1669191654553 1.4653068186658866 3905
1669191727240 1.4671987305918632 4122
1669191799868 1.4634382841197904 4339
1669191872405 1.462870508800732 4556
1669191945150 1.4623800212811522 4773
1669192018020 1.4617953638416683 4990
1669192090427 1.4609272654213308 5207
1669192163047 1.4613002608279044 5424
1669192235882 1.4584609713659147 5641
1669192308489 1.4573749077931744 5858
1669192381728 1.4575818385207064 6075
1669192454692 1.4554891630146056 6292
1669192527282 1.455447465668211 6509
1669192600209 1.457561564890664 6726
1669192672756 1.4568348477167439 6943
1669192745536 1.4577670855989038 7160
1669192818414 1.458404537593923 7377
1669192891218 1.4546783717070646 7594
1669192963926 1.4564734584733108 7811
1669193036569 1.4548152885102397 8028
1669193109220 1.4558965880944303 8245
1669193181862 1.4541919365572114 8462
1669193254212 1.453562361811787 8679
1669193326845 1.4564763509390832 8896
1669193399368 1.4546509564352272 9113
1669193472424 1.4536406125082526 9330
1669193544955 1.4545220147506137 9547
1669193617732 1.4540454232417246 9764
1669193690480 1.453562663477294 9981
1669193763151 1.4561199893079337 10198
1669193835836 1.452792469103453 10415
1669193908478 1.4519334003943922 10632
1669193981057 1.4538590925204982 10849
1669194053685 1.4545361807601125 11066
1669194126323 1.452444899276577 11283
1669194199716 1.449998976664543 11500
1669194273102 1.4501424379899497 11717
1669194346013 1.452160661313304 11934
1669194418827 1.450875843130528 12151
1669194491687 1.4525814657051548 12368
1669194564606 1.4500573602387168 12585
1669194637238 1.4533902035728308 12802
1669194709960 1.4501215911933276 13019
1669194782906 1.4491748109248228 13236
1669194855827 1.4496862904408796 13453
1669194928591 1.4498785540458579 13670
1669195001529 1.4501528571345104 13887
1669195074870 1.449829786345938 14104
1669195147717 1.449780476857429 14321
1669195220765 1.449143077802935 14538
1669195293598 1.4518442008194354 14755
1669195366610 1.4486824763386028 14972
1669195440036 1.4491598825235825 15189
1669195513178 1.4482535325226151 15406
1669195586283 1.4483696513045545 15623
1669195659366 1.4484758171767544 15840
1669195732209 1.4511876220817304 16057
1669195805480 1.4494589728170784 16274
1669195878783 1.4474319267348097 16491
1669195952078 1.4493201113678345 16708
1669196025059 1.4476346314729307 16925
1669196098340 1.4478072527339783 17142
1669196171427 1.4469604779334395 17359
1669196244386 1.446477718712563 17576
1669196317389 1.4463054620423776 17793
1669196390443 1.4477739392792908 18010
1669196463356 1.447511966190531 18227
1669196536372 1.448268828853822 18444
1669196609323 1.4465316165019788 18661
1669196682650 1.4464494638597905 18878
1669196755774 1.4487276484862623 19095
1669196829207 1.4479246085455404 19312
1669196902196 1.4466433216612846 19529
1669196974916 1.4482403858711714 19746
1669197047486 1.4475310116898947 19963
1669197120389 1.4459936656516046 20180
1669197193621 1.4464111304771539 20397
1669197266781 1.4454237361416966 20614
1669197339408 1.4447008451563652 20831
1669197412615 1.4464466861129586 21048
1669197485667 1.4461137330793266 21265
1669197558590 1.4453889971964948 21482
1669197631581 1.4459221805949813 21699
1669197704647 1.4451666876802804 21916
1669197778089 1.444574401727389 22133
1669197851140 1.443388931378173 22350
1669197924234 1.4463553974697265 22567
1669197997295 1.4458969756570115 22784
1669198070036 1.4428460401228973 23001
1669198143191 1.4452427438899655 23218
1669198215863 1.4436711481607114 23435
1669198288947 1.4445859998298491 23652
1669198361688 1.4444706508166252 23869
1669198434785 1.4458351147171435 24086
1669198507837 1.443390240526346 24303
1669198580988 1.4434132237995752 24520
1669198653649 1.444681159230952 24737
1669198726300 1.4430693843972655 24954
1669198799390 1.4449358620618757 25171
1669198872505 1.4452506504570999 25388
1669198945404 1.444545844434986 25605
1669199018543 1.4445110131086214 25822
1669199091408 1.4424657969201646 26039
1669199164464 1.44501872645683 26256
1669199237534 1.445107670176454 26473
1669199310646 1.443894831514182 26690
1669199383851 1.4440020143560943 26907
1669199456662 1.4437847299808921 27124
1669199529468 1.4426122813831166 27341
1669199602632 1.4446922755106337 27558
1669199675732 1.4440268184846186 27775
1669199748681 1.4431442425855523 27992
1669199821675 1.441973705722247 28209
1669199894335 1.4432647380192778 28426
1669199967550 1.4437694360395907 28643
1669200040488 1.4420661007192188 28860
1669200113525 1.4416153708060593 29077
1669200186705 1.4428402086370289 29294
1669200260051 1.444625183505809 29511
1669200332569 1.4423800224114043 29728
1669200405428 1.4423103034150637 29945
1669200478657 1.4416092825830509 30162
1669200551666 1.4415233988601064 30379
1669200624550 1.443259346466352 30596
1669200697696 1.4432712715800968 30813
1669200770774 1.4431501043563475 31030
1669200843851 1.4433042188343082 31247
1669200916732 1.4423890038479472 31464
1669200989540 1.443205240534133 31681
1669201062472 1.4420904011710773 31898
1669201135607 1.4419178101185695 32115
1669201208963 1.4438292610810137 32332
1669201281822 1.442473155063277 32549
1669201355314 1.4418655994671126 32766
1669201428623 1.4417868455435776 32983
1669201501758 1.442852609095949 33200
1669201575106 1.4415050985251443 33417
1669201647995 1.4412049812033378 33634
1669201721248 1.4413459570627585 33851
1669201794728 1.4423835198386104 34068
1669201867882 1.4408144422372529 34285
1669201940984 1.4418436969466633 34502
1669202013973 1.4407234024211235 34719
1669202087516 1.4412063005811708 34936
1669202159729 1.4421972098428393 35153
1669202232758 1.4405013844028713 35370
1669202305875 1.4411914721927064 35587
1669202379267 1.4410708120860283 35804
1669202452915 1.4408459016322819 36021
1669202525920 1.4418575571509673 36238
1669202598922 1.4416017148534515 36455
1669202671718 1.44093013199998 36672
1669202744883 1.4420178854514125 36889
1669202817767 1.4418491530750606 37106
1669202891143 1.440239476918183 37323
1669202964494 1.4415499554198448 37540
1669203037852 1.4403191248737996 37757
1669203110437 1.440186652109736 37974
1669203183512 1.4405401521145171 38191
1669203256472 1.4411696908750835 38408
1669203329751 1.4417040358003697 38625
1669203402807 1.441100945911949 38842
1669203475899 1.441249291365949 39059
1669203548756 1.4409139200359529 39276
1669203621760 1.4414268395792538 39493
1669203694662 1.4406861206960277 39710
1669203767620 1.4409575995720163 39927
1669203840737 1.4413575927796909 40144
1669203913978 1.441115556663092 40361
1669203987033 1.4413118329964694 40578
1669204059686 1.4412243492572818 40795
1669204132461 1.4391645232795667 41012
1669204205244 1.4393917375210301 41229
1669204278055 1.4407043768745775 41446
1669204351199 1.4394882066958432 41663
1669204424046 1.440772802607836 41880
1669204496952 1.4403588676232388 42097
1669204569824 1.441708397938562 42314
1669204642558 1.4402940349048552 42531
1669204715258 1.4404230108203209 42748
1669204788449 1.4387024161247641 42965
1669204861200 1.440069908845014 43182
1669204934250 1.4391999077020792 43399
1669205007131 1.4389231514730876 43616
1669205080166 1.4395032826259468 43833
1669205152879 1.4376555231613115 44050
1669205226111 1.4393256109495953 44267
1669205299034 1.4385706767884 44484
1669205371833 1.440612484827799 44701
1669205445138 1.4402089845180206 44918
1669205518112 1.439695641250408 45135
1669205591372 1.4401014997498942 45352
1669205664364 1.438950157544425 45569
1669205737351 1.44029677296504 45786
1669205810436 1.4395332049975114 46003
1669205883673 1.4394825660636483 46220
1669205956446 1.4379583508260847 46437
1669206029363 1.4407025796261237 46654
1669206101774 1.43866306046137 46871
1669206174392 1.4405795559212815 47088
1669206247267 1.4398631242903326 47305
1669206320272 1.43845358693954 47522
1669206393284 1.4376175284932495 47739
1669206466213 1.4389080022000793 47956
1669206539022 1.4385046526403413 48173
1669206611982 1.4376689342645732 48390
1669206685359 1.4399992748552473 48607
1669206758206 1.4392367287543806 48824
1669206831565 1.4399078486725831 49041
1669206904895 1.4391935460344882 49258
1669206977403 1.439065684682064 49475
1669207050673 1.4377234674434718 49692
1669207124021 1.4391380437962995 49909
1669207197224 1.4376196717189271 50126
1669207269989 1.4384692561306358 50343
1669207343442 1.4387488095980285 50560
1669207416402 1.4381167420335594 50777
1669207489263 1.438535631964472 50994
1669207562291 1.4363658505528403 51211
1669207635143 1.4389080512969545 51428
1669207708010 1.4378735065512527 51645
1669207780755 1.4389835743602561 51862
1669207853584 1.4384508853695168 52079
1669207926340 1.4368879297503956 52296
1669207999368 1.4394896258714525 52513
1669208072503 1.4390713042726115 52730
1669208145475 1.43818139946819 52947
1669208218444 1.4369307565906773 53164
1669208291482 1.4383153563142372 53381
1669208364434 1.4374760850400452 53598
1669208437286 1.4375667596591069 53815
1669208510230 1.4375095907372264 54032
1669208583152 1.4379525733490124 54249
1669208656295 1.4387093400111126 54466
1669208729409 1.43608527660928 54683
1669208802222 1.4390643594733412 54900
1669208874854 1.4384291833709717 55117
1669208947963 1.4389187186976071 55334
1669209020997 1.4378713431993067 55551
1669209093907 1.4385918287310895 55768
1669209167142 1.438415717937954 55985
1669209240309 1.4382596872444253 56202
1669209313107 1.4377802878152828 56419
1669209386018 1.4376426882286422 56636
1669209459279 1.438955784215948 56853
1669209531966 1.4394565601044003 57070
1669209605353 1.4374205402010096 57287
1669209678500 1.438243794260396 57504
1669209751244 1.4382515247387893 57721
1669209824295 1.4373973409204686 57938
1669209897507 1.4383263966804554 58155
1669209970220 1.4387721407856804 58372
1669210042723 1.4370429751536067 58589
1669210115410 1.4361725558057208 58806
1669210188373 1.4373757122804305 59023
1669210261402 1.436740694747279 59240
1669210334460 1.4373824708755591 59457
1669210407666 1.4379529286212065 59674
1669210480671 1.4368078850812405 59891
1669210553923 1.4371367869718932 60108
1669210626868 1.4365839788953196 60325
1669210700243 1.4372349691654733 60542
1669210773437 1.4370881303481797 60759
1669210846382 1.437160244239208 60976
1669210919076 1.4376223860150334 61193
1669210991799 1.4369272010612715 61410
1669211064778 1.4373359895199633 61627
1669211137352 1.4352428301891276 61844
1669211210499 1.4371268766741043 62061
1669211283578 1.435910291884214 62278
1669211356500 1.435241097385173 62495
1669211429551 1.4373195237917875 62712
1669211502219 1.4372443516398061 62929
1669211575338 1.4373267871779798 63146
1669211648260 1.4347843889827874 63363
1669211721054 1.4364262231389138 63580
1669211794176 1.437290193300479 63797
1669211867247 1.4362126496345038 64014
1669211939841 1.4379540405787652 64231
1669212012691 1.4372729259546395 64448
1669212085665 1.4370108949439124 64665
1669212158676 1.4359962406047386 64882
1669212232240 1.4356817070586536 65099
