1669190362060 0.20000000298023224 49
1669190375976 0.5 99
1669190389841 0.25 149
1669190403474 0.25 199
1669190429709 0.6000000238418579 249
1669190443462 0.0 299
1669190457117 0.0 349
1669190470772 0.5 399
1669190497321 0.20000000298023224 449
1669190510966 0.5 499
1669190524651 0.25 549
1669190538340 0.3333333432674408 599
1669190552036 0.75 649
1669190578843 0.5 699
1669190592511 0.0 749
1669190606296 0.1666666716337204 799
1669190620011 0.0 849
1669190646502 0.800000011920929 899
1669190660172 0.0 949
1669190673921 0.1666666716337204 999
1669190687636 0.0 1049
1669190714478 0.3333333432674408 1099
1669190728173 0.0 1149
1669190742045 0.0 1199
1669190755755 0.20000000298023224 1249
1669190769496 0.1666666716337204 1299
1669190796232 0.5 1349
1669190809951 0.0 1399
1669190823761 0.8333333134651184 1449
1669190837540 0.25 1499
1669190864187 0.5 1549
1669190877933 0.5 1599
1669190891764 0.5 1649
1669190905584 0.25 1699
1669190932284 0.3333333432674408 1749
1669190945994 0.3333333432674408 1799
1669190959732 0.3333333432674408 1849
1669190973628 0.0 1899
1669190987336 0.25 1949
1669191014009 0.0 1999
1669191027718 0.5 2049
1669191041706 0.3333333432674408 2099
1669191055420 0.0 2149
1669191082201 0.25 2199
1669191095868 0.0 2249
1669191109674 0.3333333432674408 2299
1669191123410 0.0 2349
1669191150114 0.25 2399
1669191163770 0.1428571492433548 2449
1669191177656 0.75 2499
1669191191389 0.75 2549
1669191205160 0.0 2599
1669191232122 0.25 2649
1669191245858 0.0 2699
1669191259812 0.0 2749
1669191273567 0.20000000298023224 2799
1669191300242 0.25 2849
1669191313954 0.5 2899
1669191327687 0.25 2949
1669191341479 0.25 2999
1669191368098 1.0 3049
1669191381757 0.1666666716337204 3099
1669191395502 0.5 3149
1669191409387 0.3333333432674408 3199
1669191423124 0.3333333432674408 3249
1669191449878 0.3333333432674408 3299
1669191463661 0.5 3349
1669191477434 0.0 3399
1669191491199 0.5 3449
1669191517999 0.3333333432674408 3499
1669191531702 0.25 3549
1669191545495 0.6666666865348816 3599
1669191559247 1.0 3649
1669191585864 0.25 3699
1669191599513 0.0 3749
1669191613229 0.3333333432674408 3799
1669191626943 1.0 3849
1669191640736 1.0 3899
1669191667209 0.6666666865348816 3949
1669191680910 0.5 3999
1669191694689 0.6666666865348816 4049
1669191708406 0.75 4099
1669191735282 1.0 4149
1669191748971 0.20000000298023224 4199
1669191762806 0.3333333432674408 4249
1669191776596 0.0 4299
1669191803308 0.0 4349
1669191817016 0.25 4399
1669191830921 1.0 4449
1669191844689 1.0 4499
1669191858453 0.5 4549
1669191884836 0.6000000238418579 4599
1669191898644 0.6666666865348816 4649
1669191912469 0.5 4699
1669191926241 0.25 4749
1669191952929 0.25 4799
1669191966738 0.25 4849
1669191980575 1.0 4899
1669191994287 0.25 4949
1669192021151 0.6000000238418579 4999
1669192034828 0.6666666865348816 5049
1669192048535 0.6666666865348816 5099
1669192062268 0.20000000298023224 5149
1669192076015 0.5 5199
1669192102577 0.3333333432674408 5249
1669192116327 0.5 5299
1669192130136 0.5 5349
1669192143885 0.25 5399
1669192170564 0.75 5449
1669192184254 0.25 5499
1669192198025 0.75 5549
1669192211776 0.75 5599
1669192238751 0.25 5649
1669192252376 0.5 5699
1669192266147 1.0 5749
1669192279878 0.0 5799
1669192293596 0.0 5849
1669192320409 0.25 5899
1669192334187 1.0 5949
1669192348045 0.0 5999
1669192361833 0.3333333432674408 6049
1669192388991 0.5 6099
1669192402738 0.20000000298023224 6149
1669192416554 0.4000000059604645 6199
1669192430360 0.5 6249
1669192457317 0.5 6299
1669192470999 0.0 6349
1669192484916 1.0 6399
1669192498634 0.5 6449
1669192512389 0.5 6499
1669192538906 0.0 6549
1669192552611 0.0 6599
1669192566423 0.20000000298023224 6649
1669192580218 0.5 6699
1669192607175 0.25 6749
1669192620947 0.0 6799
1669192634683 0.6666666865348816 6849
1669192648476 0.3333333432674408 6899
1669192675086 0.5 6949
1669192688841 0.0 6999
1669192702635 0.25 7049
1669192716417 1.0 7099
1669192730221 0.20000000298023224 7149
1669192756834 0.6666666865348816 7199
1669192770616 0.0 7249
1669192784440 0.3333333432674408 7299
1669192798231 0.5 7349
1669192825081 0.5 7399
1669192838791 0.25 7449
1669192852546 0.0 7499
1669192866272 0.25 7549
1669192893302 0.6666666865348816 7599
1669192906947 1.0 7649
1669192920721 1.0 7699
1669192934545 1.0 7749
1669192948327 0.20000000298023224 7799
1669192975075 0.0 7849
1669192988835 0.0 7899
1669193002658 0.800000011920929 7949
1669193016432 0.6666666865348816 7999
1669193042986 0.6666666865348816 8049
1669193056648 0.0 8099
1669193070412 0.5 8149
1669193084130 0.5 8199
1669193110997 0.0 8249
1669193124693 0.75 8299
1669193138461 0.0 8349
1669193152210 0.0 8399
1669193165995 1.0 8449
1669193192644 0.3333333432674408 8499
1669193206389 0.3333333432674408 8549
1669193220145 0.25 8599
1669193233890 0.25 8649
1669193260364 0.0 8699
1669193274026 0.0 8749
1669193287794 0.25 8799
1669193301565 0.0 8849
1669193328334 1.0 8899
1669193341999 0.6000000238418579 8949
1669193355779 0.6666666865348816 8999
1669193369535 0.0 9049
1669193383239 0.25 9099
1669193409904 1.0 9149
1669193423660 0.0 9199
1669193437433 0.3333333432674408 9249
1669193451215 0.800000011920929 9299
1669193478275 1.0 9349
1669193491970 0.0 9399
1669193505856 0.20000000298023224 9449
1669193519574 0.5 9499
1669193546171 1.0 9549
1669193559870 0.0 9599
1669193573648 0.0 9649
1669193587445 0.6000000238418579 9699
1669193601218 0.6000000238418579 9749
1669193627960 1.0 9799
1669193641710 0.0 9849
1669193655480 0.3333333432674408 9899
1669193669264 0.75 9949
1669193696066 0.3333333432674408 9999
1669193709785 0.5 10049
1669193723541 1.0 10099
1669193737257 0.0 10149
1669193764101 0.0 10199
1669193777806 0.5 10249
1669193791555 0.6666666865348816 10299
1669193805340 0.0 10349
1669193819127 0.5 10399
1669193845759 0.0 10449
1669193859581 0.6666666865348816 10499
1669193873375 1.0 10549
1669193887125 0.5 10599
1669193913806 0.8333333134651184 10649
1669193927565 1.0 10699
1669193941317 0.3333333432674408 10749
1669193955074 0.0 10799
1669193968633 0.0 10849
1669193995418 1.0 10899
1669194009248 0.6000000238418579 10949
1669194023000 0.75 10999
1669194036759 0.5 11049
1669194063427 0.0 11099
1669194077287 0.6666666865348816 11149
1669194091096 0.0 11199
1669194104828 0.6666666865348816 11249
1669194131371 1.0 11299
1669194145064 0.5 11349
1669194158893 0.5 11399
1669194173092 0.3333333432674408 11449
1669194186819 0.0 11499
1669194214460 0.75 11549
1669194228191 0.6666666865348816 11599
1669194241934 0.6666666865348816 11649
1669194255671 0.0 11699
1669194282578 0.5 11749
1669194296313 0.4000000059604645 11799
1669194310079 0.5 11849
1669194323863 0.25 11899
1669194350781 0.0 11949
1669194364475 0.20000000298023224 11999
1669194378268 0.3333333432674408 12049
1669194392044 0.25 12099
1669194405819 0.3333333432674408 12149
1669194432632 1.0 12199
1669194446389 0.25 12249
1669194460111 1.0 12299
1669194473848 0.5 12349
1669194500823 0.0 12399
1669194514576 0.6000000238418579 12449
1669194528311 1.0 12499
1669194542031 0.5 12549
1669194569071 0.0 12599
1669194582748 0.3333333432674408 12649
1669194596476 0.20000000298023224 12699
1669194610224 0.20000000298023224 12749
1669194623954 1.0 12799
1669194650832 0.5 12849
1669194664674 0.0 12899
1669194678441 0.5 12949
1669194692172 0.800000011920929 12999
1669194718855 0.0 13049
1669194732635 0.3333333432674408 13099
1669194746394 0.3333333432674408 13149
1669194760190 1.0 13199
1669194787142 0.5 13249
1669194800832 1.0 13299
1669194814582 0.5 13349
1669194828316 0.3333333432674408 13399
1669194842078 0.5 13449
1669194869141 0.0 13499
1669194882950 0.5 13549
1669194896739 0.5 13599
1669194910511 0.0 13649
1669194937163 0.6000000238418579 13699
1669194950940 0.25 13749
1669194964773 0.0 13799
1669194978526 0.0 13849
1669195005516 0.1666666716337204 13899
1669195019202 0.6666666865348816 13949
1669195033146 0.5 13999
1669195046943 0.75 14049
1669195060743 0.5 14099
1669195087797 0.5 14149
1669195101587 0.0 14199
1669195115296 1.0 14249
1669195129029 0.5 14299
1669195156053 0.6666666865348816 14349
1669195169798 1.0 14399
1669195183553 0.6666666865348816 14449
1669195197314 0.75 14499
1669195224448 1.0 14549
1669195238122 0.3333333432674408 14599
1669195252007 0.6666666865348816 14649
1669195265754 0.25 14699
1669195279488 0.0 14749
1669195306363 0.0 14799
1669195320173 0.5 14849
1669195334004 1.0 14899
1669195347751 0.5 14949
1669195374705 0.3333333432674408 14999
1669195388520 0.0 15049
1669195402332 0.3333333432674408 15099
1669195416158 0.3333333432674408 15149
1669195443520 0.25 15199
1669195457198 0.3333333432674408 15249
1669195470975 0.3333333432674408 15299
1669195484705 0.75 15349
1669195498457 0.5 15399
1669195525640 1.0 15449
1669195539444 0.25 15499
1669195553292 1.0 15549
1669195567061 0.1666666716337204 15599
1669195594047 1.0 15649
1669195607787 0.6000000238418579 15699
1669195621608 0.3333333432674408 15749
1669195635423 0.6666666865348816 15799
1669195662523 0.25 15849
1669195676216 0.5 15899
1669195689953 0.5 15949
1669195703685 0.75 15999
1669195717446 0.6000000238418579 16049
1669195744374 1.0 16099
1669195758112 0.5 16149
1669195771835 0.0 16199
1669195785627 0.25 16249
1669195813083 0.0 16299
1669195826882 0.0 16349
1669195840758 0.6666666865348816 16399
1669195854484 0.3333333432674408 16449
1669195881750 0.25 16499
1669195895521 0.0 16549
1669195909283 0.6666666865348816 16599
1669195923019 0.5 16649
1669195936769 1.0 16699
1669195964014 0.3333333432674408 16749
1669195977773 0.0 16799
1669195991523 0.3333333432674408 16849
1669196005233 0.5 16899
1669196032289 0.0 16949
1669196046138 0.5 16999
1669196059882 1.0 17049
1669196073641 1.0 17099
1669196100955 0.4000000059604645 17149
1669196114835 1.0 17199
1669196128598 1.0 17249
1669196142327 0.6666666865348816 17299
1669196156092 0.4000000059604645 17349
1669196183047 1.0 17399
1669196196787 0.6000000238418579 17449
1669196210539 0.0 17499
1669196224284 0.3333333432674408 17549
1669196251318 0.3333333432674408 17599
1669196265061 1.0 17649
1669196278846 0.5 17699
1669196292579 0.800000011920929 17749
1669196319725 0.0 17799
1669196333460 0.0 17849
1669196347200 0.20000000298023224 17899
1669196360955 1.0 17949
1669196374690 0.0 17999
1669196401786 0.0 18049
1669196415558 0.3333333432674408 18099
1669196429281 0.0 18149
1669196443012 0.6666666865348816 18199
1669196470030 0.0 18249
1669196483900 0.0 18299
1669196497741 0.5 18349
1669196511475 0.6666666865348816 18399
1669196538448 1.0 18449
1669196552313 0.0 18499
1669196566022 0.5 18549
1669196579757 0.5 18599
1669196593603 0.4000000059604645 18649
1669196620472 0.5 18699
1669196634376 1.0 18749
1669196648151 1.0 18799
1669196661965 0.3333333432674408 18849
1669196689080 0.0 18899
1669196702937 0.3333333432674408 18949
1669196716686 0.0 18999
1669196730437 0.3333333432674408 19049
1669196757573 0.0 19099
1669196771367 0.5 19149
1669196785240 0.0 19199
1669196799024 0.0 19249
1669196812794 0.75 19299
1669196839994 0.5 19349
1669196853734 0.4000000059604645 19399
1669196867476 0.3333333432674408 19449
1669196881338 1.0 19499
1669196908347 0.5 19549
1669196922230 0.0 19599
1669196935975 0.75 19649
1669196949711 0.5 19699
1669196976404 0.3333333432674408 19749
1669196990095 0.3333333432674408 19799
1669197003825 0.5 19849
1669197017572 0.0 19899
1669197031292 0.5 19949
1669197057979 1.0 19999
1669197071813 1.0 20049
1669197085572 0.800000011920929 20099
1669197099346 0.5 20149
1669197126402 0.3333333432674408 20199
1669197140145 1.0 20249
1669197153899 0.0 20299
1669197167793 1.0 20349
1669197194841 0.0 20399
1669197208580 0.6666666865348816 20449
1669197222315 1.0 20499
1669197236100 0.5 20549
1669197249878 0.6666666865348816 20599
1669197277053 0.3333333432674408 20649
1669197290873 0.0 20699
1669197304626 1.0 20749
1669197318358 0.5 20799
1669197345017 0.6000000238418579 20849
1669197358823 0.3333333432674408 20899
1669197372632 0.0 20949
1669197386386 0.75 20999
1669197413584 0.6666666865348816 21049
1669197427300 1.0 21099
1669197441037 1.0 21149
1669197454823 0.3333333432674408 21199
1669197468580 0.5 21249
1669197495701 1.0 21299
1669197509439 0.3333333432674408 21349
1669197523188 0.0 21399
1669197536954 0.5 21449
1669197563932 1.0 21499
1669197577761 0.0 21549
1669197591530 0.75 21599
1669197605284 0.5 21649
1669197618917 0.0 21699
1669197646001 0.5 21749
1669197659866 1.0 21799
1669197673679 0.5 21849
1669197687467 0.5 21899
1669197714464 1.0 21949
1669197728282 0.8333333134651184 21999
1669197742128 0.25 22049
1669197755981 0.25 22099
1669197783288 0.6666666865348816 22149
1669197797079 0.0 22199
1669197810866 1.0 22249
1669197824634 0.0 22299
1669197838522 0.5 22349
1669197865271 0.5 22399
1669197879041 0.3333333432674408 22449
1669197892854 0.5 22499
1669197906765 0.6666666865348816 22549
1669197933670 1.0 22599
1669197947500 0.0 22649
1669197961246 0.0 22699
1669197974985 0.25 22749
1669198002100 0.4000000059604645 22799
1669198015832 0.0 22849
1669198029642 0.0 22899
1669198043428 0.6666666865348816 22949
1669198057197 0.6000000238418579 22999
1669198083988 0.3333333432674408 23049
1669198097746 0.5 23099
1669198111488 0.75 23149
1669198125290 0.5 23199
1669198152339 0.6666666865348816 23249
1669198166167 0.0 23299
1669198179981 0.5 23349
1669198193725 0.5 23399
1669198220397 0.5 23449
1669198234152 0.4000000059604645 23499
1669198247886 0.0 23549
1669198261740 0.5 23599
1669198275579 0.0 23649
1669198302567 0.0 23699
1669198316311 1.0 23749
1669198330134 0.6666666865348816 23799
1669198343933 0.0 23849
1669198370593 0.0 23899
1669198384342 0.5 23949
1669198398361 0.3333333432674408 23999
1669198412089 0.0 24049
1669198439041 1.0 24099
1669198452762 0.0 24149
1669198466505 0.0 24199
1669198480363 1.0 24249
1669198494145 0.0 24299
1669198521144 0.6000000238418579 24349
1669198534925 0.6666666865348816 24399
1669198548687 0.0 24449
1669198562423 0.6000000238418579 24499
1669198589645 0.5 24549
1669198603368 1.0 24599
1669198617124 0.0 24649
1669198630971 0.6666666865348816 24699
1669198657617 0.3333333432674408 24749
1669198671349 0.0 24799
1669198685079 1.0 24849
1669198698853 0.0 24899
1669198712589 0.0 24949
1669198739347 0.6666666865348816 24999
1669198753048 0.5 25049
1669198766843 0.4000000059604645 25099
1669198780662 0.75 25149
1669198807826 0.0 25199
1669198821647 0.5 25249
1669198835402 0.3333333432674408 25299
1669198849176 0.6000000238418579 25349
1669198876226 0.0 25399
1669198889968 1.0 25449
1669198903673 0.3333333432674408 25499
1669198917445 0.6666666865348816 25549
1669198931189 0.75 25599
1669198958188 0.1666666716337204 25649
1669198971914 0.3333333432674408 25699
1669198985697 0.6000000238418579 25749
1669198999477 0.5 25799
1669199026664 0.6666666865348816 25849
1669199040408 0.800000011920929 25899
1669199054123 0.3333333432674408 25949
1669199067912 0.0 25999
1669199094831 1.0 26049
1669199108566 0.5 26099
1669199122291 0.5 26149
1669199136054 0.20000000298023224 26199
1669199149844 1.0 26249
1669199177051 0.0 26299
1669199190759 0.5 26349
1669199204548 0.5 26399
1669199218420 0.6666666865348816 26449
1669199245370 0.6000000238418579 26499
1669199259085 0.0 26549
1669199272924 0.0 26599
1669199286792 0.25 26649
1669199313876 0.3333333432674408 26699
1669199327620 0.4000000059604645 26749
1669199341385 1.0 26799
1669199355157 1.0 26849
1669199369017 1.0 26899
1669199396132 0.3333333432674408 26949
1669199409832 0.0 26999
1669199423563 0.0 27049
1669199437353 0.0 27099
1669199464277 0.0 27149
1669199477979 0.20000000298023224 27199
1669199491714 0.25 27249
1669199505456 0.3333333432674408 27299
1669199532412 0.5 27349
1669199546163 0.5 27399
1669199559908 0.0 27449
1669199573669 0.0 27499
1669199587444 0.75 27549
1669199614624 0.0 27599
1669199628314 1.0 27649
1669199642056 0.25 27699
1669199655815 0.5 27749
1669199683016 0.6000000238418579 27799
1669199696726 0.0 27849
1669199710454 0.6666666865348816 27899
1669199724247 0.25 27949
1669199751303 0.0 27999
1669199765078 1.0 28049
1669199778804 0.6666666865348816 28099
1669199792545 0.6666666865348816 28149
1669199806287 0.25 28199
1669199833294 0.6666666865348816 28249
1669199847007 0.3333333432674408 28299
1669199860766 0.6666666865348816 28349
1669199874500 0.5 28399
1669199901409 0.6666666865348816 28449
1669199915115 1.0 28499
1669199928894 0.0 28549
1669199942620 0.0 28599
1669199969888 0.0 28649
1669199983583 0.0 28699
1669199997291 0.5 28749
1669200011071 0.3333333432674408 28799
1669200024826 0.5 28849
1669200051910 0.5 28899
1669200065618 0.25 28949
1669200079333 0.5 28999
1669200093104 0.0 29049
1669200120321 1.0 29099
1669200134115 0.6666666865348816 29149
1669200147853 0.0 29199
1669200161675 0.20000000298023224 29249
1669200188821 0.6666666865348816 29299
1669200202559 0.800000011920929 29349
1669200216285 0.0 29399
1669200230041 0.5 29449
1669200243863 1.0 29499
1669200271125 0.3333333432674408 29549
1669200284853 0.5 29599
1669200298605 0.0 29649
1669200312357 0.3333333432674408 29699
1669200339012 0.5 29749
1669200352708 0.0 29799
1669200366412 0.75 29849
1669200380176 0.5 29899
1669200407242 0.5 29949
1669200421004 0.800000011920929 29999
1669200434720 0.6666666865348816 30049
1669200448514 0.5 30099
1669200462314 0.3333333432674408 30149
1669200489477 0.5 30199
1669200503273 0.75 30249
1669200516991 0.5 30299
1669200530729 0.3333333432674408 30349
1669200557850 0.0 30399
1669200571563 0.5 30449
1669200585274 0.0 30499
1669200599012 0.5 30549
1669200626069 0.4000000059604645 30599
1669200639855 0.6666666865348816 30649
1669200653596 0.3333333432674408 30699
1669200667440 1.0 30749
1669200681204 0.5 30799
1669200708244 0.6666666865348816 30849
1669200722032 1.0 30899
1669200735749 1.0 30949
1669200749682 1.0 30999
1669200776636 0.0 31049
1669200790371 0.3333333432674408 31099
1669200804205 0.0 31149
1669200817983 0.4000000059604645 31199
1669200845146 0.6666666865348816 31249
1669200858848 1.0 31299
1669200872559 1.0 31349
1669200886286 0.5 31399
1669200900029 0.5 31449
1669200927002 1.0 31499
1669200940768 0.3333333432674408 31549
1669200954647 0.5 31599
1669200968385 0.5 31649
1669200995191 0.0 31699
1669201008941 0.5 31749
1669201022682 0.0 31799
1669201036443 0.6000000238418579 31849
1669201063402 1.0 31899
1669201077121 0.3333333432674408 31949
1669201090865 0.5 31999
1669201104570 0.75 32049
1669201118332 0.5 32099
1669201145744 0.6666666865348816 32149
1669201159526 0.5 32199
1669201173316 1.0 32249
1669201187091 0.25 32299
1669201214350 0.3333333432674408 32349
1669201228029 0.75 32399
1669201241781 0.3333333432674408 32449
1669201255499 0.3333333432674408 32499
1669201269094 0.0 32549
1669201296326 0.25 32599
1669201310127 1.0 32649
1669201323982 0.3333333432674408 32699
1669201337919 0.6666666865348816 32749
1669201365021 0.5 32799
1669201378745 0.4000000059604645 32849
1669201392562 0.6000000238418579 32899
1669201406446 0.6666666865348816 32949
1669201433764 0.6000000238418579 32999
1669201447519 0.0 33049
1669201461275 0.5 33099
1669201475030 0.25 33149
1669201488761 0.5 33199
1669201515866 0.5 33249
1669201529613 0.0 33299
1669201543353 1.0 33349
1669201557157 0.0 33399
1669201584597 1.0 33449
1669201598339 1.0 33499
1669201612095 0.3333333432674408 33549
1669201625839 0.20000000298023224 33599
1669201652861 0.0 33649
1669201666569 0.3333333432674408 33699
1669201680362 0.0 33749
1669201694191 0.5 33799
1669201707962 1.0 33849
1669201735133 1.0 33899
1669201748873 0.6666666865348816 33949
1669201762605 1.0 33999
1669201776345 1.0 34049
1669201803907 0.5 34099
1669201817639 0.75 34149
1669201831371 0.0 34199
1669201845169 0.6666666865348816 34249
1669201872414 0.6666666865348816 34299
1669201886126 0.25 34349
1669201899979 0.3333333432674408 34399
1669201913744 0.0 34449
1669201927489 0.0 34499
1669201954524 0.0 34549
1669201968281 0.6666666865348816 34599
1669201982045 1.0 34649
1669201995881 0.4000000059604645 34699
1669202022907 1.0 34749
1669202036608 0.0 34799
1669202050411 0.6666666865348816 34849
1669202064199 0.0 34899
1669202091758 1.0 34949
1669202105467 0.5 34999
1669202119226 0.6000000238418579 35049
1669202132956 0.6666666865348816 35099
1669202146819 0.0 35149
1669202173013 0.25 35199
1669202186780 0.4000000059604645 35249
1669202200516 0.0 35299
1669202214284 0.5 35349
1669202241432 0.25 35399
1669202255213 0.0 35449
1669202268981 0.5 35499
1669202282741 0.5 35549
1669202309902 0.75 35599
1669202323653 0.6666666865348816 35649
1669202337420 0.0 35699
1669202351263 0.6000000238418579 35749
1669202365077 0.0 35799
1669202392283 0.75 35849
1669202405993 0.5 35899
1669202419850 1.0 35949
1669202433719 0.25 35999
1669202461238 0.3333333432674408 36049
1669202474946 1.0 36099
1669202488656 0.0 36149
1669202502388 0.0 36199
1669202529633 0.5 36249
1669202543371 0.3333333432674408 36299
1669202557104 0.5 36349
1669202570889 0.0 36399
1669202584752 0.3333333432674408 36449
1669202611629 1.0 36499
1669202625341 0.6666666865348816 36549
1669202639072 0.25 36599
1669202652825 0.3333333432674408 36649
1669202679808 0.0 36699
1669202693511 0.5 36749
1669202707263 0.0 36799
1669202721004 0.75 36849
1669202748347 0.5 36899
1669202762047 0.6666666865348816 36949
1669202775827 0.6666666865348816 36999
1669202789578 0.5 37049
1669202803331 0.6666666865348816 37099
1669202830306 1.0 37149
1669202844032 1.0 37199
1669202857811 0.3333333432674408 37249
1669202871576 0.0 37299
1669202898958 0.0 37349
1669202912785 0.25 37399
1669202926619 0.5 37449
1669202940406 0.3333333432674408 37499
1669202967691 0.0 37549
1669202981392 0.0 37599
1669202995171 0.0 37649
1669203008937 0.3333333432674408 37699
1669203022707 0.0 37749
1669203049996 0.75 37799
1669203063708 0.0 37849
1669203077456 0.5 37899
1669203091212 1.0 37949
1669203117967 1.0 37999
1669203131673 0.3333333432674408 38049
1669203145406 0.4000000059604645 38099
1669203159187 0.5 38149
1669203186380 1.0 38199
1669203200058 0.25 38249
1669203213801 0.3333333432674408 38299
1669203227598 0.0 38349
1669203241391 0.3333333432674408 38399
1669203268391 0.3333333432674408 38449
1669203282114 0.6666666865348816 38499
1669203296030 0.5 38549
1669203309910 0.25 38599
1669203337015 0.0 38649
1669203350765 0.0 38699
1669203364567 0.75 38749
1669203378442 0.7142857313156128 38799
1669203405420 0.5 38849
1669203419113 0.6666666865348816 38899
1669203432830 1.0 38949
1669203446608 1.0 38999
1669203460364 0.0 39049
1669203487522 0.20000000298023224 39099
1669203501241 0.5 39149
1669203514969 0.0 39199
1669203528706 0.4000000059604645 39249
1669203555739 0.0 39299
1669203569440 0.4000000059604645 39349
1669203583172 1.0 39399
1669203596912 0.5 39449
1669203624097 0.3333333432674408 39499
1669203637772 0.25 39549
1669203651497 0.6000000238418579 39599
1669203665232 0.6666666865348816 39649
1669203679094 0.0 39699
1669203706024 0.3333333432674408 39749
1669203719775 0.5 39799
1669203733501 0.0 39849
1669203747287 0.6666666865348816 39899
1669203774319 1.0 39949
1669203788045 0.5 39999
1669203801822 0.75 40049
1669203815593 1.0 40099
1669203842827 0.0 40149
1669203856540 1.0 40199
1669203870256 0.6666666865348816 40249
1669203883982 0.25 40299
1669203897718 0.3333333432674408 40349
1669203925043 0.5 40399
1669203938744 0.0 40449
1669203952483 0.25 40499
1669203966237 0.0 40549
1669203993471 0.20000000298023224 40599
1669204007146 0.3333333432674408 40649
1669204020903 0.5 40699
1669204034615 0.25 40749
1669204061500 0.3333333432674408 40799
1669204075187 0.6666666865348816 40849
1669204088913 0.0 40899
1669204102669 1.0 40949
1669204116438 1.0 40999
1669204143286 0.6000000238418579 41049
1669204157064 0.6666666865348816 41099
1669204170799 0.0 41149
1669204184642 0.6000000238418579 41199
1669204211385 0.5 41249
1669204225111 1.0 41299
1669204238869 0.5 41349
1669204252622 0.0 41399
1669204279559 0.3333333432674408 41449
1669204293284 0.800000011920929 41499
1669204307073 0.4000000059604645 41549
1669204320826 0.0 41599
1669204334622 0.6000000238418579 41649
1669204361714 0.0 41699
1669204375492 0.6000000238418579 41749
1669204389243 0.20000000298023224 41799
1669204402982 0.6666666865348816 41849
1669204429906 0.5 41899
1669204443689 0.0 41949
1669204457488 0.3333333432674408 41999
1669204471243 1.0 42049
1669204498179 0.5 42099
1669204511874 0.5 42149
1669204525602 0.0 42199
1669204539339 0.3333333432674408 42249
1669204553107 0.4000000059604645 42299
1669204580099 0.5 42349
1669204593796 0.25 42399
1669204607572 0.5 42449
1669204621340 0.3333333432674408 42499
1669204648157 0.6666666865348816 42549
1669204661873 1.0 42599
1669204675601 1.0 42649
1669204689362 1.0 42699
1669204716206 0.6666666865348816 42749
1669204729916 0.3333333432674408 42799
1669204743651 0.25 42849
1669204757461 0.3333333432674408 42899
1669204771273 0.5 42949
1669204798410 0.0 42999
1669204812104 0.75 43049
1669204825936 0.1666666716337204 43099
1669204839728 0.0 43149
1669204866531 1.0 43199
1669204880242 0.0 43249
1669204893966 0.5 43299
1669204907700 0.0 43349
1669204921263 0.0 43399
1669204948628 0.5 43449
1669204962436 0.4000000059604645 43499
1669204976245 1.0 43549
1669204990012 0.0 43599
1669205016818 0.5 43649
1669205030503 0.5 43699
1669205044353 0.5 43749
1669205058108 0.75 43799
1669205085236 0.75 43849
1669205098929 0.0 43899
1669205112675 0.6666666865348816 43949
1669205126409 0.6666666865348816 43999
1669205140170 1.0 44049
1669205166908 0.0 44099
1669205180653 0.6000000238418579 44149
1669205194589 0.25 44199
1669205208374 0.0 44249
1669205235527 1.0 44299
1669205249214 0.0 44349
1669205262978 0.5 44399
1669205276759 0.5 44449
1669205303828 0.0 44499
1669205317546 0.5 44549
1669205331281 1.0 44599
1669205345037 1.0 44649
1669205358819 0.6000000238418579 44699
1669205385613 0.5 44749
1669205399311 0.5 44799
1669205413062 0.6666666865348816 44849
1669205426897 0.0 44899
1669205454274 0.0 44949
1669205467979 0.6666666865348816 44999
1669205481697 0.0 45049
1669205495510 0.5 45099
1669205522658 0.5 45149
1669205536351 0.6000000238418579 45199
1669205550193 0.6666666865348816 45249
1669205564025 0.6666666865348816 45299
1669205577848 0.3333333432674408 45349
1669205604914 1.0 45399
1669205618638 0.0 45449
1669205632423 0.5 45499
1669205646215 0.2857142984867096 45549
1669205673272 0.25 45599
1669205687036 0.0 45649
1669205700781 0.3333333432674408 45699
1669205714619 1.0 45749
1669205741619 1.0 45799
1669205755291 0.0 45849
1669205769017 0.25 45899
1669205782764 1.0 45949
1669205796549 0.0 45999
1669205823678 0.6000000238418579 46049
1669205837394 1.0 46099
1669205851154 1.0 46149
1669205864958 0.5 46199
1669205892278 0.6666666865348816 46249
1669205905996 0.75 46299
1669205919727 0.0 46349
1669205933480 1.0 46399
1669205960380 0.0 46449
1669205974085 0.6000000238418579 46499
1669205987852 0.6000000238418579 46549
1669206001615 0.5 46599
1669206015471 0.3333333432674408 46649
1669206042348 0.75 46699
1669206056060 1.0 46749
1669206069805 0.75 46799
1669206083572 0.5 46849
1669206110116 0.3333333432674408 46899
1669206123844 0.4000000059604645 46949
1669206137582 0.5 46999
1669206151309 0.0 47049
1669206178105 0.3333333432674408 47099
1669206191765 1.0 47149
1669206205500 0.3333333432674408 47199
1669206219258 0.0 47249
1669206232998 1.0 47299
1669206259941 0.5 47349
1669206273654 0.8333333134651184 47399
1669206287362 0.3333333432674408 47449
1669206301128 0.5 47499
1669206328365 0.3333333432674408 47549
1669206342120 1.0 47599
1669206355892 0.0 47649
1669206369673 0.5 47699
1669206396740 0.5 47749
1669206410424 0.5 47799
1669206424174 1.0 47849
1669206437943 0.5 47899
1669206451688 0.3333333432674408 47949
1669206478718 0.5 47999
1669206492509 0.6666666865348816 48049
1669206506279 0.6666666865348816 48099
1669206520051 0.6000000238418579 48149
1669206546836 1.0 48199
1669206560574 0.5 48249
1669206574285 0.3333333432674408 48299
1669206588034 1.0 48349
1669206615154 1.0 48399
1669206628814 0.0 48449
1669206642605 0.75 48499
1669206656586 0.5 48549
1669206670344 0.4000000059604645 48599
1669206697502 1.0 48649
1669206711215 0.3333333432674408 48699
1669206724985 0.25 48749
1669206738741 0.0 48799
1669206765724 0.5 48849
1669206779509 0.0 48899
1669206793245 1.0 48949
1669206807002 0.0 48999
1669206834458 0.75 49049
1669206848133 1.0 49099
1669206861890 1.0 49149
1669206875624 0.20000000298023224 49199
1669206889424 0.6000000238418579 49249
1669206916761 0.5 49299
1669206930463 0.25 49349
1669206944218 0.4000000059604645 49399
1669206957974 0.75 49449
1669206984647 0.0 49499
1669206998536 1.0 49549
1669207012328 0.3333333432674408 49599
1669207026060 0.3333333432674408 49649
1669207053301 0.0 49699
1669207067099 0.4000000059604645 49749
1669207080927 0.3333333432674408 49799
1669207094718 0.0 49849
1669207108498 0.0 49899
1669207135698 0.0 49949
1669207149458 0.3333333432674408 49999
1669207163279 1.0 50049
1669207177071 0.0 50099
1669207204264 1.0 50149
1669207217952 1.0 50199
1669207231712 0.6666666865348816 50249
1669207245457 0.4000000059604645 50299
1669207272313 0.3333333432674408 50349
1669207286002 0.5 50399
1669207299753 0.6000000238418579 50449
1669207313624 0.5 50499
1669207327507 0.5 50549
1669207354814 0.3333333432674408 50599
1669207368625 0.0 50649
1669207382459 0.5 50699
1669207396210 0.5 50749
1669207423162 1.0 50799
1669207436843 0.75 50849
1669207450597 0.6000000238418579 50899
1669207464334 1.0 50949
1669207491327 0.0 50999
1669207505069 1.0 51049
1669207518810 0.0 51099
1669207532580 0.0 51149
1669207546351 0.3333333432674408 51199
1669207573418 0.3333333432674408 51249
1669207587181 0.1666666716337204 51299
1669207600924 0.25 51349
1669207614662 0.3333333432674408 51399
1669207641564 0.4000000059604645 51449
1669207655272 0.0 51499
1669207669007 0.25 51549
1669207682764 0.800000011920929 51599
1669207709815 1.0 51649
1669207723552 0.5 51699
1669207737309 0.75 51749
1669207751045 0.3333333432674408 51799
1669207764845 0.0 51849
1669207791504 0.6666666865348816 51899
1669207805227 0.5 51949
1669207818948 0.0 51999
1669207832717 0.5 52049
1669207859731 1.0 52099
1669207873437 0.6000000238418579 52149
1669207887214 0.0 52199
1669207901012 0.3333333432674408 52249
1669207927830 0.25 52299
1669207941644 0.1666666716337204 52349
1669207955453 0.5 52399
1669207969203 0.6666666865348816 52449
1669207983042 0.0 52499
1669208010000 0.5 52549
1669208023721 0.0 52599
1669208037438 0.5 52649
1669208051157 0.0 52699
1669208078361 0.25 52749
1669208092072 1.0 52799
1669208105832 0.75 52849
1669208119675 0.25 52899
1669208146731 0.25 52949
1669208160440 0.0 52999
1669208174255 0.5 53049
1669208187992 0.25 53099
1669208201732 1.0 53149
1669208228695 1.0 53199
1669208242486 0.5 53249
1669208256243 0.0 53299
1669208269975 0.800000011920929 53349
1669208297122 1.0 53399
1669208310861 0.5 53449
1669208324555 0.0 53499
1669208338283 0.25 53549
1669208365385 0.0 53599
1669208379114 1.0 53649
1669208392850 1.0 53699
1669208406577 0.0 53749
1669208420313 0.3333333432674408 53799
1669208447237 1.0 53849
1669208460972 0.0 53899
1669208474718 1.0 53949
1669208488462 0.0 53999
1669208515590 0.6666666865348816 54049
1669208529269 0.5 54099
1669208543065 0.25 54149
1669208556811 0.5 54199
1669208570385 1.0 54249
1669208597505 0.2857142984867096 54299
1669208611451 0.800000011920929 54349
1669208625259 0.25 54399
1669208639032 0.5 54449
1669208665983 0.3333333432674408 54499
1669208679663 0.0 54549
1669208693417 0.0 54599
1669208707297 0.6666666865348816 54649
1669208734422 0.5 54699
1669208748117 1.0 54749
1669208761865 1.0 54799
1669208775573 0.5 54849
1669208789409 1.0 54899
1669208816240 0.6666666865348816 54949
1669208829957 0.3333333432674408 54999
1669208843763 0.5 55049
1669208857536 0.6666666865348816 55099
1669208884362 0.5 55149
1669208898073 0.6666666865348816 55199
1669208911805 0.0 55249
1669208925718 0.25 55299
1669208952753 0.0 55349
1669208966446 0.5 55399
1669208980362 1.0 55449
1669208994122 0.0 55499
1669209007891 0.0 55549
1669209034795 0.0 55599
1669209048530 0.4000000059604645 55649
1669209062262 1.0 55699
1669209076057 1.0 55749
1669209103048 1.0 55799
1669209116744 1.0 55849
1669209130463 0.0 55899
1669209144184 0.0 55949
1669209171669 0.5 55999
1669209185364 0.0 56049
1669209199074 0.5 56099
1669209212812 1.0 56149
1669209226646 0.6666666865348816 56199
1669209253923 0.3333333432674408 56249
1669209267684 0.75 56299
1669209281441 0.25 56349
1669209295180 0.6666666865348816 56399
1669209321977 0.0 56449
1669209335686 1.0 56499
1669209349438 0.5 56549
1669209363300 0.0 56599
1669209390275 1.0 56649
1669209403957 0.6000000238418579 56699
1669209417663 0.25 56749
1669209431758 0.5 56799
1669209445561 0.6666666865348816 56849
1669209472504 0.6666666865348816 56899
1669209486232 0.5 56949
1669209499988 0.0 56999
1669209513772 0.0 57049
1669209540640 0.3333333432674408 57099
1669209554357 0.25 57149
1669209568184 0.6666666865348816 57199
1669209582105 0.0 57249
1669209609340 0.0 57299
1669209623082 0.0 57349
1669209636811 0.6666666865348816 57399
1669209650568 0.0 57449
1669209664329 0.75 57499
1669209691477 1.0 57549
1669209705205 0.75 57599
1669209718958 0.75 57649
1669209732752 0.6666666865348816 57699
1669209759546 0.6666666865348816 57749
1669209773259 0.75 57799
1669209787018 1.0 57849
1669209800745 0.5 57899
1669209828018 1.0 57949
1669209841769 0.5 57999
1669209855639 0.0 58049
1669209869366 1.0 58099
1669209883197 0.5714285969734192 58149
1669209910203 0.6666666865348816 58199
1669209923951 0.0 58249
1669209937767 0.0 58299
1669209951620 1.0 58349
1669209978274 0.4000000059604645 58399
1669209991986 0.5 58449
1669210006181 0.5 58499
1669210019908 0.6666666865348816 58549
1669210046134 0.0 58599
1669210059789 0.0 58649
1669210073523 0.6666666865348816 58699
1669210087273 0.3333333432674408 58749
1669210101034 0.25 58799
1669210127877 0.5 58849
1669210141594 0.5 58899
1669210155364 0.3333333432674408 58949
1669210169128 1.0 58999
1669210196297 1.0 59049
1669210210089 0.5 59099
1669210223827 0.6000000238418579 59149
1669210237571 0.25 59199
1669210264564 0.75 59249
1669210278253 1.0 59299
1669210292031 0.3333333432674408 59349
1669210305792 0.4285714328289032 59399
1669210319668 0.6000000238418579 59449
1669210346593 0.0 59499
1669210360344 0.0 59549
1669210374109 0.0 59599
1669210387869 1.0 59649
1669210415207 0.3333333432674408 59699
1669210428987 0.0 59749
1669210442727 0.4000000059604645 59799
1669210456526 0.0 59849
1669210483545 0.0 59899
1669210497240 1.0 59949
1669210510996 0.5 59999
1669210524768 0.25 60049
1669210538620 0.75 60099
1669210565773 0.5 60149
1669210579513 0.0 60199
1669210593315 0.5 60249
1669210607088 0.3333333432674408 60299
1669210634140 1.0 60349
1669210647861 0.4000000059604645 60399
1669210661645 0.5 60449
1669210675566 0.0 60499
1669210702884 1.0 60549
1669210716576 0.20000000298023224 60599
1669210730302 0.5 60649
1669210744205 0.5 60699
1669210758087 1.0 60749
1669210785075 0.0 60799
1669210798799 0.75 60849
1669210812518 0.4000000059604645 60899
1669210826292 0.0 60949
1669210853415 0.3333333432674408 60999
1669210867122 1.0 61049
1669210880868 0.0 61099
1669210894622 0.25 61149
1669210921451 0.0 61199
1669210935197 0.5 61249
1669210948986 0.3333333432674408 61299
1669210962738 0.5 61349
1669210976485 0.0 61399
1669211003117 0.20000000298023224 61449
1669211017106 0.3333333432674408 61499
1669211030838 0.0 61549
1669211044625 0.6666666865348816 61599
1669211071448 1.0 61649
1669211085131 0.3333333432674408 61699
1669211098859 0.25 61749
1669211112568 0.3333333432674408 61799
1669211139420 1.0 61849
1669211153123 0.6666666865348816 61899
1669211166884 0.6666666865348816 61949
1669211180628 0.6666666865348816 61999
1669211194383 0.5 62049
1669211221556 0.5 62099
1669211235284 0.3333333432674408 62149
1669211249040 0.25 62199
1669211262809 0.3333333432674408 62249
1669211290023 1.0 62299
1669211303717 0.20000000298023224 62349
1669211317448 0.0 62399
1669211331192 0.4000000059604645 62449
1669211358258 0.25 62499
1669211371967 1.0 62549
1669211385714 0.25 62599
1669211399535 1.0 62649
1669211413413 0.4000000059604645 62699
1669211440314 0.800000011920929 62749
1669211454046 0.6666666865348816 62799
1669211467812 1.0 62849
1669211481558 0.0 62899
1669211508419 0.6666666865348816 62949
1669211522180 0.6666666865348816 62999
1669211535917 0.0 63049
1669211549685 0.6000000238418579 63099
1669211576852 0.6000000238418579 63149
1669211590538 0.0 63199
1669211604256 0.5 63249
1669211618004 0.4000000059604645 63299
1669211631848 0.6666666865348816 63349
1669211658783 0.3333333432674408 63399
1669211672527 0.5 63449
1669211686257 0.25 63499
1669211699979 0.1666666716337204 63549
1669211726885 0.5 63599
1669211740660 0.5 63649
1669211754418 0.6666666865348816 63699
1669211768247 0.0 63749
1669211795398 0.3333333432674408 63799
1669211809112 0.0 63849
1669211822876 0.3333333432674408 63899
1669211836664 0.5 63949
1669211850578 1.0 63999
1669211877491 0.5 64049
1669211891185 0.5 64099
1669211904941 0.5 64149
1669211918686 0.0 64199
1669211945446 0.0 64249
1669211959176 1.0 64299
1669211972885 0.0 64349
1669211986589 0.5 64399
1669212013654 0.6666666865348816 64449
1669212027370 0.75 64499
1669212041091 0.20000000298023224 64549
1669212054813 1.0 64599
1669212068543 0.3333333432674408 64649
1669212095638 0.3333333432674408 64699
1669212109346 1.0 64749
1669212123100 0.25 64799
1669212136849 1.0 64849
1669212164139 0.3333333432674408 64899
1669212177878 0.3333333432674408 64949
1669212191652 0.0 64999
1669212205443 0.5 65049
1669212219181 0.0 65099
