1669190420061 0.32495638728141785 216
1669190492320 0.3278151750564575 433
1669190564801 0.3185129761695862 650
1669190637148 0.32246410846710205 867
1669190709688 0.3261875510215759 1084
1669190782484 0.3206212520599365 1301
1669190855063 0.3273361921310425 1518
1669190927799 0.3349137604236603 1735
1669191000489 0.35052236914634705 1952
1669191073364 0.3446699380874634 2169
1669191145894 0.345358282327652 2386
1669191218894 0.3613945543766022 2603
1669191291655 0.3636738061904907 2820
1669191364127 0.36594057083129883 3037
1669191436860 0.37752169370651245 3254
1669191509616 0.3762354254722595 3471
1669191582178 0.38534149527549744 3688
1669191654553 0.3985465466976166 3905
1669191727240 0.39655718207359314 4122
1669191799868 0.40007147192955017 4339
1669191872405 0.3951576054096222 4556
1669191945150 0.4041459560394287 4773
1669192018020 0.4119318723678589 4990
1669192090427 0.4137609899044037 5207
1669192163047 0.4296499192714691 5424
1669192235882 0.4268784821033478 5641
1669192308489 0.4247919023036957 5858
1669192381728 0.419709712266922 6075
1669192454692 0.4293336868286133 6292
1669192527282 0.43424099683761597 6509
1669192600209 0.4344872534275055 6726
1669192672756 0.4394371211528778 6943
1669192745536 0.43810760974884033 7160
1669192818414 0.4371700882911682 7377
1669192891218 0.4411640167236328 7594
1669192963926 0.4372186064720154 7811
1669193036569 0.4355204105377197 8028
1669193109220 0.44120243191719055 8245
1669193181862 0.4507084786891937 8462
1669193254212 0.43684497475624084 8679
1669193326845 0.43691742420196533 8896
1669193399368 0.45025110244750977 9113
1669193472424 0.44541338086128235 9330
1669193544955 0.4488008916378021 9547
1669193617732 0.4373619556427002 9764
1669193690480 0.44138577580451965 9981
1669193763151 0.44068148732185364 10198
1669193835836 0.44270098209381104 10415
1669193908478 0.4421650171279907 10632
1669193981057 0.44939929246902466 10849
1669194053685 0.443859726190567 11066
1669194126323 0.44607827067375183 11283
1669194199716 0.44154366850852966 11500
1669194273102 0.4469808042049408 11717
1669194346013 0.4549327790737152 11934
1669194418827 0.44471052289009094 12151
1669194491687 0.44111451506614685 12368
1669194564606 0.45879971981048584 12585
1669194637238 0.43664172291755676 12802
1669194709960 0.4506126344203949 13019
1669194782906 0.44944390654563904 13236
1669194855827 0.46164998412132263 13453
1669194928591 0.43971940875053406 13670
1669195001529 0.4494920074939728 13887
1669195074870 0.4519190788269043 14104
1669195147717 0.4435780346393585 14321
1669195220765 0.4460815489292145 14538
1669195293598 0.4364856779575348 14755
1669195366610 0.44825279712677 14972
1669195440036 0.462759405374527 15189
1669195513178 0.44446322321891785 15406
1669195586283 0.44645148515701294 15623
1669195659366 0.4506368339061737 15840
1669195732209 0.4519266188144684 16057
1669195805480 0.45062771439552307 16274
1669195878783 0.4412415623664856 16491
1669195952078 0.44173696637153625 16708
1669196025059 0.44727107882499695 16925
1669196098340 0.4360322654247284 17142
1669196171427 0.45484659075737 17359
1669196244386 0.44811707735061646 17576
1669196317389 0.4479501247406006 17793
1669196390443 0.4466158151626587 18010
1669196463356 0.45124441385269165 18227
1669196536372 0.4528810679912567 18444
1669196609323 0.4543246030807495 18661
1669196682650 0.4527921974658966 18878
1669196755774 0.44454196095466614 19095
1669196829207 0.4511238634586334 19312
1669196902196 0.45382359623908997 19529
1669196974916 0.4409903287887573 19746
1669197047486 0.4449646770954132 19963
1669197120389 0.45631301403045654 20180
1669197193621 0.45806822180747986 20397
1669197266781 0.4627707302570343 20614
1669197339408 0.4510907530784607 20831
1669197412615 0.4553491473197937 21048
1669197485667 0.44708961248397827 21265
1669197558590 0.45213398337364197 21482
1669197631581 0.44881394505500793 21699
1669197704647 0.45518383383750916 21916
1669197778089 0.45054733753204346 22133
1669197851140 0.446562260389328 22350
1669197924234 0.45038795471191406 22567
1669197997295 0.4425499737262726 22784
1669198070036 0.4544660151004791 23001
1669198143191 0.4535021185874939 23218
1669198215863 0.45487257838249207 23435
1669198288947 0.4483339786529541 23652
1669198361688 0.45631134510040283 23869
1669198434785 0.4597232937812805 24086
1669198507837 0.46082431077957153 24303
1669198580988 0.45969659090042114 24520
1669198653649 0.44930383563041687 24737
1669198726300 0.45473355054855347 24954
1669198799390 0.44911107420921326 25171
1669198872505 0.4571074843406677 25388
1669198945404 0.45532336831092834 25605
1669199018543 0.45593148469924927 25822
1669199091408 0.45253753662109375 26039
1669199164464 0.45292210578918457 26256
1669199237534 0.45932453870773315 26473
1669199310646 0.454172819852829 26690
1669199383851 0.44711780548095703 26907
1669199456662 0.44572606682777405 27124
1669199529468 0.4499613046646118 27341
1669199602632 0.45437371730804443 27558
1669199675732 0.4448935389518738 27775
1669199748681 0.45891281962394714 27992
1669199821675 0.45786869525909424 28209
1669199894335 0.4434385895729065 28426
1669199967550 0.4471859037876129 28643
1669200040488 0.4515175521373749 28860
1669200113525 0.45311057567596436 29077
1669200186705 0.45348045229911804 29294
1669200260051 0.4480151832103729 29511
1669200332569 0.44824156165122986 29728
1669200405428 0.4583137035369873 29945
1669200478657 0.4537981152534485 30162
1669200551666 0.453765332698822 30379
1669200624550 0.4543101191520691 30596
1669200697696 0.4516879618167877 30813
1669200770774 0.46412402391433716 31030
1669200843851 0.45079880952835083 31247
1669200916732 0.4540194272994995 31464
1669200989540 0.4484965205192566 31681
1669201062472 0.44437503814697266 31898
1669201135607 0.45432934165000916 32115
1669201208963 0.4552746117115021 32332
1669201281822 0.4556570053100586 32549
1669201355314 0.45447754859924316 32766
1669201428623 0.4522717297077179 32983
1669201501758 0.45604994893074036 33200
1669201575106 0.45707371830940247 33417
1669201647995 0.45582613348960876 33634
1669201721248 0.4501412510871887 33851
1669201794728 0.45133790373802185 34068
1669201867882 0.4653265178203583 34285
1669201940984 0.4627166986465454 34502
1669202013973 0.4586709439754486 34719
1669202087516 0.45323646068573 34936
1669202159729 0.4505433142185211 35153
1669202232758 0.4566399157047272 35370
1669202305875 0.4591676592826843 35587
1669202379267 0.4512026309967041 35804
1669202452915 0.46090319752693176 36021
1669202525920 0.4532807171344757 36238
1669202598922 0.4508786201477051 36455
1669202671718 0.45734885334968567 36672
1669202744883 0.4557677209377289 36889
1669202817767 0.45882299542427063 37106
1669202891143 0.4592326879501343 37323
1669202964494 0.45422425866127014 37540
1669203037852 0.4515508711338043 37757
1669203110437 0.45424404740333557 37974
1669203183512 0.4581741988658905 38191
1669203256472 0.45174524188041687 38408
1669203329751 0.4555301368236542 38625
1669203402807 0.44292736053466797 38842
1669203475899 0.44190314412117004 39059
1669203548756 0.45047974586486816 39276
1669203621760 0.4508770704269409 39493
1669203694662 0.46266084909439087 39710
1669203767620 0.45474451780319214 39927
1669203840737 0.453823447227478 40144
1669203913978 0.4535735547542572 40361
1669203987033 0.44512292742729187 40578
1669204059686 0.4580916166305542 40795
1669204132461 0.4626605212688446 41012
1669204205244 0.45683905482292175 41229
1669204278055 0.45587363839149475 41446
1669204351199 0.4606768786907196 41663
1669204424046 0.45686769485473633 41880
1669204496952 0.4576171636581421 42097
1669204569824 0.4536359906196594 42314
1669204642558 0.4419858455657959 42531
1669204715258 0.4584200084209442 42748
1669204788449 0.45814406871795654 42965
1669204861200 0.45380234718322754 43182
1669204934250 0.45559802651405334 43399
1669205007131 0.4655659794807434 43616
1669205080166 0.457344114780426 43833
1669205152879 0.4636659622192383 44050
1669205226111 0.4564291536808014 44267
1669205299034 0.44651907682418823 44484
1669205371833 0.4537281095981598 44701
1669205445138 0.4650212228298187 44918
1669205518112 0.4505946636199951 45135
1669205591372 0.45550212264060974 45352
1669205664364 0.45805054903030396 45569
1669205737351 0.454394668340683 45786
1669205810436 0.45473238825798035 46003
1669205883673 0.4523795247077942 46220
1669205956446 0.45939135551452637 46437
1669206029363 0.45263728499412537 46654
1669206101774 0.4576544761657715 46871
1669206174392 0.45369717478752136 47088
1669206247267 0.4406341016292572 47305
1669206320272 0.4624860882759094 47522
1669206393284 0.45229315757751465 47739
1669206466213 0.45365431904792786 47956
1669206539022 0.4527781903743744 48173
1669206611982 0.4647459089756012 48390
1669206685359 0.4527583718299866 48607
1669206758206 0.4500489830970764 48824
1669206831565 0.45884373784065247 49041
1669206904895 0.4577430784702301 49258
1669206977403 0.4499755799770355 49475
1669207050673 0.4601803719997406 49692
1669207124021 0.4478446841239929 49909
1669207197224 0.46395623683929443 50126
1669207269989 0.4532747268676758 50343
1669207343442 0.45576295256614685 50560
1669207416402 0.453300803899765 50777
1669207489263 0.46258243918418884 50994
1669207562291 0.4532749354839325 51211
1669207635143 0.4617347717285156 51428
1669207708010 0.4484735429286957 51645
1669207780755 0.4595387578010559 51862
1669207853584 0.4645184278488159 52079
1669207926340 0.44758743047714233 52296
1669207999368 0.4546155035495758 52513
1669208072503 0.4499291181564331 52730
1669208145475 0.4562092423439026 52947
1669208218444 0.46158379316329956 53164
1669208291482 0.4584434926509857 53381
1669208364434 0.46042975783348083 53598
1669208437286 0.4614640176296234 53815
1669208510230 0.4541153013706207 54032
1669208583152 0.44722774624824524 54249
1669208656295 0.45006754994392395 54466
1669208729409 0.455111026763916 54683
1669208802222 0.45423492789268494 54900
1669208874854 0.45883825421333313 55117
1669208947963 0.4494902789592743 55334
1669209020997 0.45784586668014526 55551
1669209093907 0.4512944519519806 55768
1669209167142 0.4559144377708435 55985
1669209240309 0.452247679233551 56202
1669209313107 0.44310587644577026 56419
1669209386018 0.4611039459705353 56636
1669209459279 0.4463677406311035 56853
1669209531966 0.4527190923690796 57070
1669209605353 0.4543522000312805 57287
1669209678500 0.4612371325492859 57504
1669209751244 0.45737436413764954 57721
1669209824295 0.450386643409729 57938
1669209897507 0.45633625984191895 58155
1669209970220 0.4472897946834564 58372
1669210042723 0.45569807291030884 58589
1669210115410 0.46529003977775574 58806
1669210188373 0.4512900412082672 59023
1669210261402 0.45799532532691956 59240
1669210334460 0.45502644777297974 59457
1669210407666 0.4507579505443573 59674
1669210480671 0.450633704662323 59891
1669210553923 0.4566018283367157 60108
1669210626868 0.4624873995780945 60325
1669210700243 0.45359334349632263 60542
1669210773437 0.453456848859787 60759
1669210846382 0.44723859429359436 60976
1669210919076 0.4530142843723297 61193
1669210991799 0.4618365168571472 61410
1669211064778 0.46690741181373596 61627
1669211137352 0.45247724652290344 61844
1669211210499 0.45603320002555847 62061
1669211283578 0.4560938775539398 62278
1669211356500 0.4623405933380127 62495
1669211429551 0.4550899863243103 62712
1669211502219 0.45925748348236084 62929
1669211575338 0.4452301561832428 63146
1669211648260 0.46237912774086 63363
1669211721054 0.46021798253059387 63580
1669211794176 0.4616223871707916 63797
1669211867247 0.4567124843597412 64014
1669211939841 0.4558863639831543 64231
1669212012691 0.46414536237716675 64448
1669212085665 0.4534739851951599 64665
1669212158676 0.45232200622558594 64882
1669212232240 0.46205878257751465 65099
