1666950038723 0.0 0
1666950038828 1.0 1
1666950038928 0.5 2
1666950039029 1.0 3
1666950039129 0.0 4
1666950039229 1.0 5
1666950039329 1.0 6
1666950039428 1.0 7
1666950039526 0.0 8
1666950039625 1.0 9
1666950039724 1.0 10
1666950039822 1.0 11
1666950039921 0.5 12
1666950040020 1.0 13
1666950040118 1.0 14
1666950040217 1.0 15
1666950040317 1.0 16
1666950040415 1.0 17
1666950040515 0.8333333134651184 18
1666950040614 0.0 19
1666950040713 0.0 20
1666950040812 0.0 21
1666950040911 0.0 22
1666950041012 0.0 23
1666950041111 0.5 24
1666950041210 1.0 25
1666950041309 1.0 26
1666950041409 0.0 27
1666950041507 0.5 28
1666950041607 0.0 29
1666950041706 1.0 30
1666950041805 0.0 31
1666950041904 0.0 32
1666950042004 1.0 33
1666950042103 0.6666666865348816 34
1666950042202 1.0 35
1666950042302 1.0 36
1666950042401 0.0 37
1666950042500 0.0 38
1666950042599 0.0 39
1666950042699 1.0 40
1666950042798 0.0 41
1666950042897 0.0 42
1666950042996 1.0 43
1666950043095 1.0 44
1666950043195 1.0 45
1666950043296 0.75 46
1666950043397 1.0 47
1666950043496 1.0 48
1666950043596 1.0 49
1666950043696 0.6666666865348816 50
1666950043796 0.0 51
1666950043895 0.0 52
1666950043995 1.0 53
1666950044094 1.0 54
1666950044194 0.75 55
1666950044293 0.0 56
1666950044395 0.0 57
1666950044495 0.0 58
1666950044594 1.0 59
1666950044694 1.0 60
1666950044795 0.25 61
1666950044894 0.0 62
1666950044994 1.0 63
1666950045093 0.0 64
1666950045193 1.0 65
1666950045292 0.0 66
1666950045391 0.0 67
1666950045491 1.0 68
1666950045591 0.6666666865348816 69
1666950045690 1.0 70
1666950045791 1.0 71
1666950045890 1.0 72
1666950045989 0.0 73
1666950046088 0.0 74
1666950046189 0.6666666865348816 75
1666950046287 1.0 76
1666950046387 1.0 77
1666950046485 1.0 78
1666950046584 1.0 79
1666950046683 0.0 80
1666950046784 1.0 81
1666950046883 1.0 82
1666950046982 0.0 83
1666950047082 0.0 84
1666950047181 1.0 85
1666950047281 0.0 86
1666950047381 1.0 87
1666950047480 1.0 88
1666950047580 1.0 89
1666950047680 1.0 90
1666950047780 1.0 91
1666950047879 0.0 92
1666950047978 0.5 93
1666950048077 0.6666666865348816 94
1666950048177 1.0 95
1666950048277 1.0 96
1666950048377 0.0 97
1666950048477 0.0 98
1666950048577 0.0 99
1666950048676 1.0 100
1666950048775 0.0 101
1666950048874 1.0 102
1666950048974 1.0 103
1666950049072 0.6666666865348816 104
1666950049171 0.0 105
1666950049270 0.6666666865348816 106
1666950049369 0.0 107
1666950049469 1.0 108
1666950049568 0.800000011920929 109
1666950049668 0.5 110
1666950049767 0.5 111
1666950049866 0.0 112
1666950049966 0.0 113
1666950050064 1.0 114
1666950050162 0.0 115
1666950050261 0.5 116
1666950050360 0.0 117
1666950050458 1.0 118
1666950050557 1.0 119
1666950050655 0.6666666865348816 120
1666950050753 0.0 121
1666950050852 0.800000011920929 122
1666950050952 1.0 123
1666950051050 0.5 124
1666950051149 0.0 125
1666950051248 0.5 126
1666950051347 1.0 127
1666950051446 1.0 128
1666950051545 0.0 129
1666950051645 0.5 130
1666950051745 0.0 131
1666950051843 0.5 132
1666950051943 1.0 133
1666950052042 1.0 134
1666950052142 1.0 135
1666950052240 1.0 136
1666950052339 0.6666666865348816 137
1666950052438 0.0 138
1666950052537 0.5 139
1666950052635 1.0 140
1666950052735 0.0 141
1666950052834 1.0 142
1666950052933 1.0 143
1666950053031 0.0 144
1666950053131 1.0 145
1666950053230 1.0 146
1666950053329 1.0 147
1666950053428 1.0 148
1666950053527 0.0 149
1666950053625 0.0 150
1666950053724 0.0 151
1666950053823 1.0 152
1666950053922 0.6666666865348816 153
1666950054021 0.5 154
1666950054121 0.0 155
1666950054220 1.0 156
1666950054319 0.0 157
1666950054417 0.0 158
1666950054517 1.0 159
1666950054616 0.0 160
1666950054715 1.0 161
1666950054814 0.0 162
1666950054913 0.5 163
1666950055013 1.0 164
1666950055112 1.0 165
1666950055211 0.0 166
1666950055310 0.6666666865348816 167
1666950055410 0.0 168
1666950055510 0.5 169
1666950055610 0.5 170
1666950055709 0.0 171
1666950055807 1.0 172
1666950055908 0.5 173
1666950056006 1.0 174
1666950056105 1.0 175
1666950056204 1.0 176
1666950056303 1.0 177
1666950056402 0.0 178
1666950056502 1.0 179
1666950056600 0.6666666865348816 180
1666950056699 1.0 181
1666950056798 0.0 182
1666950056898 0.6666666865348816 183
1666950056996 0.5 184
1666950057096 1.0 185
1666950057195 1.0 186
1666950057295 0.0 187
1666950057393 0.5 188
1666950057491 1.0 189
1666950057591 1.0 190
1666950057690 0.0 191
1666950057789 1.0 192
1666950057888 0.5 193
1666950057988 0.0 194
1666950058087 0.5 195
1666950058186 0.5 196
1666950058285 1.0 197
1666950058385 1.0 198
1666950058484 0.0 199
1666950058584 0.0 200
1666950058683 0.0 201
1666950058782 0.6666666865348816 202
1666950058881 0.5 203
1666950058979 1.0 204
1666950059078 0.5 205
1666950059177 0.0 206
1666950059275 0.0 207
1666950059373 1.0 208
1666950059472 0.5 209
1666950059571 1.0 210
1666950059670 1.0 211
1666950059768 0.0 212
1666950059867 1.0 213
1666950059966 1.0 214
1666950060065 0.5 215
1666950060162 0.5 216
1666950060263 1.0 217
1666950060362 1.0 218
1666950060465 1.0 219
1666950060564 1.0 220
1666950060664 0.3333333432674408 221
1666950060763 0.5 222
1666950060862 0.800000011920929 223
1666950060963 1.0 224
1666950061062 1.0 225
1666950061161 0.0 226
1666950061261 0.0 227
1666950061361 1.0 228
1666950061462 0.0 229
1666950061561 1.0 230
1666950061660 0.6666666865348816 231
1666950061759 1.0 232
1666950061859 0.3333333432674408 233
1666950061958 0.6666666865348816 234
1666950062058 0.5 235
1666950062158 1.0 236
1666950062257 0.0 237
1666950062357 0.0 238
1666950062458 1.0 239
1666950062558 1.0 240
1666950062658 0.5 241
1666950062757 1.0 242
1666950062857 0.0 243
1666950062957 0.5 244
1666950063056 1.0 245
1666950063155 1.0 246
1666950063255 0.0 247
1666950063354 1.0 248
1666950063454 0.6000000238418579 249
1666950063553 0.0 250
1666950063653 0.0 251
1666950063752 1.0 252
1666950063851 0.0 253
1666950063949 1.0 254
1666950064049 0.5 255
1666950064149 1.0 256
1666950064248 0.5 257
1666950064347 0.0 258
1666950064447 1.0 259
1666950064545 0.6666666865348816 260
1666950064644 1.0 261
1666950064744 1.0 262
1666950064842 0.0 263
1666950064941 0.6666666865348816 264
1666950065041 1.0 265
1666950065139 1.0 266
1666950065238 0.6666666865348816 267
1666950065337 0.75 268
1666950065436 1.0 269
1666950065490 1.0 270
1666950315170 0.0 271
1666950315270 1.0 272
1666950315369 0.5 273
1666950315468 1.0 274
1666950315567 0.0 275
1666950315666 1.0 276
1666950315765 1.0 277
1666950315865 1.0 278
1666950315964 0.0 279
1666950316064 1.0 280
1666950316163 1.0 281
1666950316261 1.0 282
1666950316360 0.5 283
1666950316459 1.0 284
1666950316557 1.0 285
1666950316657 1.0 286
1666950316756 1.0 287
1666950316855 1.0 288
1666950316955 0.8333333134651184 289
1666950317054 0.0 290
1666950317153 0.0 291
1666950317251 0.0 292
1666950317350 0.0 293
1666950317450 0.0 294
1666950317548 0.5 295
1666950317647 1.0 296
1666950317747 1.0 297
1666950317845 0.0 298
1666950317945 0.5 299
1666950318044 0.0 300
1666950318143 1.0 301
1666950318242 0.0 302
1666950318341 0.0 303
1666950318441 1.0 304
1666950318540 0.6666666865348816 305
1666950318639 1.0 306
1666950318738 1.0 307
1666950318839 0.0 308
1666950318938 0.0 309
1666950319037 0.0 310
1666950319136 1.0 311
1666950319236 0.0 312
1666950319335 0.0 313
1666950319436 1.0 314
1666950319536 1.0 315
1666950319634 1.0 316
1666950319732 0.75 317
1666950319831 1.0 318
1666950319929 1.0 319
1666950320028 1.0 320
1666950320127 0.6666666865348816 321
1666950320226 0.0 322
1666950320324 0.0 323
1666950320423 1.0 324
1666950320522 1.0 325
1666950320621 0.75 326
1666950320720 0.0 327
1666950320819 0.0 328
1666950320919 0.0 329
1666950321017 1.0 330
1666950321115 1.0 331
1666950321215 0.25 332
1666950321314 0.0 333
1666950321412 1.0 334
1666950321512 0.0 335
1666950321611 1.0 336
1666950321710 0.0 337
1666950321808 0.0 338
1666950321906 1.0 339
1666950322005 0.6666666865348816 340
1666950322103 1.0 341
1666950322202 1.0 342
1666950322301 1.0 343
1666950322401 0.0 344
1666950322500 0.0 345
1666950322599 0.6666666865348816 346
1666950322698 1.0 347
1666950322796 1.0 348
1666950322895 1.0 349
1666950322995 1.0 350
1666950323094 0.0 351
1666950323192 1.0 352
1666950323291 1.0 353
1666950323390 0.0 354
1666950323489 0.0 355
1666950323588 1.0 356
1666950323686 0.0 357
1666950323786 1.0 358
1666950323884 1.0 359
1666950323983 1.0 360
1666950324083 1.0 361
1666950324181 1.0 362
1666950324282 0.0 363
1666950324380 0.5 364
1666950324479 0.6666666865348816 365
1666950324578 1.0 366
1666950324677 1.0 367
1666950324777 0.0 368
1666950324876 0.0 369
1666950324975 0.0 370
1666950325074 1.0 371
1666950325173 0.0 372
1666950325272 1.0 373
1666950325371 1.0 374
1666950325470 0.6666666865348816 375
1666950325568 0.0 376
1666950325667 0.6666666865348816 377
1666950325766 0.0 378
1666950325864 1.0 379
1666950325963 0.800000011920929 380
1666950326061 0.5 381
1666950326159 0.5 382
1666950326258 0.0 383
1666950326357 0.0 384
1666950326456 1.0 385
1666950326556 0.0 386
1666950326655 0.5 387
1666950326754 0.0 388
1666950326853 1.0 389
1666950326953 1.0 390
1666950327052 0.6666666865348816 391
1666950327151 0.0 392
1666950327252 0.800000011920929 393
1666950327351 1.0 394
1666950327450 0.5 395
1666950327551 0.0 396
1666950327651 0.5 397
1666950327751 1.0 398
1666950327851 1.0 399
1666950327951 0.0 400
1666950328051 0.5 401
1666950328150 0.0 402
1666950328249 0.5 403
1666950328349 1.0 404
1666950328448 1.0 405
1666950328548 1.0 406
1666950328649 1.0 407
1666950328749 0.6666666865348816 408
1666950328848 0.0 409
1666950328948 0.5 410
1666950329048 1.0 411
1666950329147 0.0 412
1666950329247 1.0 413
1666950329347 1.0 414
1666950329445 0.0 415
1666950329544 1.0 416
1666950329642 1.0 417
1666950329741 1.0 418
1666950329840 1.0 419
1666950329939 0.0 420
1666950330039 0.0 421
1666950330137 0.0 422
1666950330237 1.0 423
1666950330336 0.6666666865348816 424
1666950330436 0.5 425
1666950330536 0.0 426
1666950330635 1.0 427
1666950330734 0.0 428
1666950330833 0.0 429
1666950330932 1.0 430
1666950331031 0.0 431
1666950331131 1.0 432
1666950331230 0.0 433
1666950331329 0.5 434
1666950331431 1.0 435
1666950331529 1.0 436
1666950331628 0.0 437
1666950331728 0.6666666865348816 438
1666950331827 0.0 439
1666950331926 0.5 440
1666950332025 0.5 441
1666950332125 0.0 442
1666950332225 1.0 443
1666950332323 0.5 444
1666950332423 1.0 445
1666950332523 1.0 446
1666950332622 1.0 447
1666950332722 1.0 448
1666950332823 0.0 449
1666950332922 1.0 450
1666950333021 0.6666666865348816 451
1666950333120 1.0 452
1666950333219 0.0 453
1666950333318 0.6666666865348816 454
1666950333416 0.5 455
1666950333515 1.0 456
1666950333614 1.0 457
1666950333712 0.0 458
1666950333810 0.5 459
1666950333909 1.0 460
1666950334008 1.0 461
1666950334116 0.0 462
1666950334215 1.0 463
1666950334316 0.5 464
1666950334415 0.0 465
1666950334514 0.5 466
1666950334613 0.5 467
1666950334712 1.0 468
1666950334810 1.0 469
1666950334910 0.0 470
1666950335009 0.0 471
1666950335109 0.0 472
1666950335208 0.6666666865348816 473
1666950335307 0.5 474
1666950335407 1.0 475
1666950335506 0.5 476
1666950335605 0.0 477
1666950335704 0.0 478
1666950335804 1.0 479
1666950335904 0.5 480
1666950336003 1.0 481
1666950336103 1.0 482
1666950336202 0.0 483
1666950336301 1.0 484
1666950336401 1.0 485
1666950336501 0.5 486
1666950336601 0.5 487
1666950336701 1.0 488
1666950336802 1.0 489
1666950336901 1.0 490
1666950337001 1.0 491
1666950337101 0.3333333432674408 492
1666950337200 0.5 493
1666950337298 0.800000011920929 494
1666950337399 1.0 495
1666950337498 1.0 496
1666950337597 0.0 497
1666950337696 0.0 498
1666950337795 1.0 499
1666950337895 0.0 500
1666950337993 1.0 501
1666950338093 0.6666666865348816 502
1666950338192 1.0 503
1666950338291 0.3333333432674408 504
1666950338391 0.6666666865348816 505
1666950338490 0.5 506
1666950338590 1.0 507
1666950338689 0.0 508
1666950338789 0.0 509
1666950338888 1.0 510
1666950338986 1.0 511
1666950339085 0.5 512
1666950339183 1.0 513
1666950339283 0.0 514
1666950339382 0.5 515
1666950339482 1.0 516
1666950339582 1.0 517
1666950339682 0.0 518
1666950339782 1.0 519
1666950339881 0.6000000238418579 520
1666950339981 0.0 521
1666950340080 0.0 522
1666950340184 1.0 523
1666950340285 0.0 524
1666950340384 1.0 525
1666950340484 0.5 526
1666950340584 1.0 527
1666950340683 0.5 528
1666950340782 0.0 529
1666950340881 1.0 530
1666950340981 0.6666666865348816 531
1666950341080 1.0 532
1666950341179 1.0 533
1666950341278 0.0 534
1666950341378 0.6666666865348816 535
1666950341478 1.0 536
1666950341577 1.0 537
1666950341677 0.6666666865348816 538
1666950341776 0.75 539
1666950341876 1.0 540
1666950341930 1.0 541
1666950593732 0.0 542
1666950593832 1.0 543
1666950593931 0.5 544
1666950594030 1.0 545
1666950594133 0.0 546
1666950594233 1.0 547
1666950594332 1.0 548
1666950594430 1.0 549
1666950594529 0.0 550
1666950594629 1.0 551
1666950594727 1.0 552
1666950594829 1.0 553
1666950594928 0.5 554
1666950595027 1.0 555
1666950595125 1.0 556
1666950595224 1.0 557
1666950595323 1.0 558
1666950595421 1.0 559
1666950595519 0.8333333134651184 560
1666950595618 0.0 561
1666950595727 0.0 562
1666950595826 0.0 563
1666950595926 0.0 564
1666950596036 0.0 565
1666950596136 0.5 566
1666950596237 1.0 567
1666950596336 1.0 568
1666950596434 0.0 569
1666950596533 0.5 570
1666950596632 0.0 571
1666950596730 1.0 572
1666950596829 0.0 573
1666950596928 0.0 574
1666950597028 1.0 575
1666950597128 0.6666666865348816 576
1666950597227 1.0 577
1666950597340 1.0 578
1666950597440 0.0 579
1666950597539 0.0 580
1666950597638 0.0 581
1666950597739 1.0 582
1666950597838 0.0 583
1666950597938 0.0 584
1666950598038 1.0 585
1666950598138 1.0 586
1666950598237 1.0 587
1666950598338 0.75 588
1666950598439 1.0 589
1666950598538 1.0 590
1666950598636 1.0 591
1666950598736 0.6666666865348816 592
1666950598836 0.0 593
1666950598934 0.0 594
1666950599033 1.0 595
1666950599133 1.0 596
1666950599235 0.75 597
1666950599333 0.0 598
1666950599433 0.0 599
1666950599533 0.0 600
1666950599633 1.0 601
1666950599732 1.0 602
1666950599831 0.25 603
1666950599931 0.0 604
1666950600030 1.0 605
1666950600129 0.0 606
1666950600229 1.0 607
1666950600328 0.0 608
1666950600428 0.0 609
1666950600528 1.0 610
1666950600627 0.6666666865348816 611
1666950600726 1.0 612
1666950600824 1.0 613
1666950600924 1.0 614
1666950601024 0.0 615
1666950601122 0.0 616
1666950601221 0.6666666865348816 617
1666950601321 1.0 618
1666950601420 1.0 619
1666950601519 1.0 620
1666950601618 1.0 621
1666950601718 0.0 622
1666950601818 1.0 623
1666950601918 1.0 624
1666950602018 0.0 625
1666950602118 0.0 626
1666950602217 1.0 627
1666950602320 0.0 628
1666950602419 1.0 629
1666950602517 1.0 630
1666950602616 1.0 631
1666950602717 1.0 632
1666950602817 1.0 633
1666950602918 0.0 634
1666950603019 0.5 635
1666950603118 0.6666666865348816 636
1666950603218 1.0 637
1666950603318 1.0 638
1666950603417 0.0 639
1666950603518 0.0 640
1666950603617 0.0 641
1666950603717 1.0 642
1666950603817 0.0 643
1666950603916 1.0 644
1666950604015 1.0 645
1666950604114 0.6666666865348816 646
1666950604242 0.0 647
1666950604341 0.6666666865348816 648
1666950604441 0.0 649
1666950604540 1.0 650
1666950604640 0.800000011920929 651
1666950604739 0.5 652
1666950604839 0.5 653
1666950604939 0.0 654
1666950605039 0.0 655
1666950605138 1.0 656
1666950605238 0.0 657
1666950605338 0.5 658
1666950605437 0.0 659
1666950605536 1.0 660
1666950605635 1.0 661
1666950605734 0.6666666865348816 662
1666950605834 0.0 663
1666950605933 0.800000011920929 664
1666950606032 1.0 665
1666950606132 0.5 666
1666950606231 0.0 667
1666950606330 0.5 668
1666950606429 1.0 669
1666950606527 1.0 670
1666950606627 0.0 671
1666950606726 0.5 672
1666950606825 0.0 673
1666950606925 0.5 674
1666950607025 1.0 675
1666950607124 1.0 676
1666950607224 1.0 677
1666950607325 1.0 678
1666950607425 0.6666666865348816 679
1666950607525 0.0 680
1666950607625 0.5 681
1666950607724 1.0 682
1666950607823 0.0 683
1666950607921 1.0 684
1666950608021 1.0 685
1666950608120 0.0 686
1666950608218 1.0 687
1666950608317 1.0 688
1666950608416 1.0 689
1666950608515 1.0 690
1666950608614 0.0 691
1666950608713 0.0 692
1666950608812 0.0 693
1666950608910 1.0 694
1666950609010 0.6666666865348816 695
1666950609109 0.5 696
1666950609208 0.0 697
1666950609307 1.0 698
1666950609407 0.0 699
1666950609506 0.0 700
1666950609605 1.0 701
1666950609704 0.0 702
1666950609804 1.0 703
1666950609903 0.0 704
1666950610003 0.5 705
1666950610102 1.0 706
1666950610200 1.0 707
1666950610299 0.0 708
1666950610398 0.6666666865348816 709
1666950610497 0.0 710
1666950610596 0.5 711
1666950610694 0.5 712
1666950610794 0.0 713
1666950610892 1.0 714
1666950610992 0.5 715
1666950611092 1.0 716
1666950611192 1.0 717
1666950611291 1.0 718
1666950611390 1.0 719
1666950611490 0.0 720
1666950611590 1.0 721
1666950611689 0.6666666865348816 722
1666950611788 1.0 723
1666950611889 0.0 724
1666950611988 0.6666666865348816 725
1666950612087 0.5 726
1666950612187 1.0 727
1666950612286 1.0 728
1666950612384 0.0 729
1666950612483 0.5 730
1666950612582 1.0 731
1666950612681 1.0 732
1666950612780 0.0 733
1666950612879 1.0 734
1666950612979 0.5 735
1666950613078 0.0 736
1666950613178 0.5 737
1666950613276 0.5 738
1666950613376 1.0 739
1666950613475 1.0 740
1666950613573 0.0 741
1666950613672 0.0 742
1666950613771 0.0 743
1666950613870 0.6666666865348816 744
1666950613969 0.5 745
1666950614070 1.0 746
1666950614169 0.5 747
1666950614268 0.0 748
1666950614367 0.0 749
1666950614466 1.0 750
1666950614565 0.5 751
1666950614664 1.0 752
1666950614764 1.0 753
1666950614862 0.0 754
1666950614962 1.0 755
1666950615062 1.0 756
1666950615162 0.5 757
1666950615262 0.5 758
1666950615361 1.0 759
1666950615460 1.0 760
1666950615559 1.0 761
1666950615658 1.0 762
1666950615758 0.3333333432674408 763
1666950615857 0.5 764
1666950615956 0.800000011920929 765
1666950616055 1.0 766
1666950616155 1.0 767
1666950616253 0.0 768
1666950616353 0.0 769
1666950616451 1.0 770
1666950616550 0.0 771
1666950616650 1.0 772
1666950616748 0.6666666865348816 773
1666950616847 1.0 774
1666950616946 0.3333333432674408 775
1666950617044 0.6666666865348816 776
1666950617144 0.5 777
1666950617243 1.0 778
1666950617342 0.0 779
1666950617442 0.0 780
1666950617541 1.0 781
1666950617642 1.0 782
1666950617744 0.5 783
1666950617844 1.0 784
1666950617943 0.0 785
1666950618043 0.5 786
1666950618144 1.0 787
1666950618244 1.0 788
1666950618343 0.0 789
1666950618442 1.0 790
1666950618543 0.6000000238418579 791
1666950618642 0.0 792
1666950618741 0.0 793
1666950618841 1.0 794
1666950618940 0.0 795
1666950619040 1.0 796
1666950619140 0.5 797
1666950619240 1.0 798
1666950619339 0.5 799
1666950619440 0.0 800
1666950619540 1.0 801
1666950619639 0.6666666865348816 802
1666950619738 1.0 803
1666950619837 1.0 804
1666950619937 0.0 805
1666950620036 0.6666666865348816 806
1666950620136 1.0 807
1666950620236 1.0 808
1666950620336 0.6666666865348816 809
1666950620435 0.75 810
1666950620534 1.0 811
1666950620587 1.0 812
1666950872474 0.0 813
1666950872573 1.0 814
1666950872673 0.5 815
1666950872771 1.0 816
1666950872870 0.0 817
1666950872969 1.0 818
1666950873068 1.0 819
1666950873167 1.0 820
1666950873266 0.0 821
1666950873364 1.0 822
1666950873464 1.0 823
1666950873562 1.0 824
1666950873661 0.5 825
1666950873761 1.0 826
1666950873860 1.0 827
1666950873959 1.0 828
1666950874059 1.0 829
1666950874158 1.0 830
1666950874256 0.8333333134651184 831
1666950874354 0.0 832
1666950874453 0.0 833
1666950874552 0.0 834
1666950874651 0.0 835
1666950874750 0.0 836
1666950874849 0.5 837
1666950874948 1.0 838
1666950875046 1.0 839
1666950875146 0.0 840
1666950875246 0.5 841
1666950875345 0.0 842
1666950875444 1.0 843
1666950875544 0.0 844
1666950875643 0.0 845
1666950875741 1.0 846
1666950875840 0.6666666865348816 847
1666950875939 1.0 848
1666950876037 1.0 849
1666950876136 0.0 850
1666950876235 0.0 851
1666950876334 0.0 852
1666950876433 1.0 853
1666950876532 0.0 854
1666950876632 0.0 855
1666950876731 1.0 856
1666950876830 1.0 857
1666950876938 1.0 858
1666950877037 0.75 859
1666950877137 1.0 860
1666950877237 1.0 861
1666950877336 1.0 862
1666950877436 0.6666666865348816 863
1666950877535 0.0 864
1666950877635 0.0 865
1666950877734 1.0 866
1666950877833 1.0 867
1666950877931 0.75 868
1666950878031 0.0 869
1666950878131 0.0 870
1666950878231 0.0 871
1666950878331 1.0 872
1666950878432 1.0 873
1666950878531 0.25 874
1666950878630 0.0 875
1666950878729 1.0 876
1666950878829 0.0 877
1666950878928 1.0 878
1666950879028 0.0 879
1666950879128 0.0 880
1666950879246 1.0 881
1666950879346 0.6666666865348816 882
1666950879446 1.0 883
1666950879546 1.0 884
1666950879646 1.0 885
1666950879746 0.0 886
1666950879847 0.0 887
1666950879946 0.6666666865348816 888
1666950880046 1.0 889
1666950880147 1.0 890
1666950880247 1.0 891
1666950880346 1.0 892
1666950880446 0.0 893
1666950880545 1.0 894
1666950880645 1.0 895
1666950880745 0.0 896
1666950880846 0.0 897
1666950880946 1.0 898
1666950881046 0.0 899
1666950881146 1.0 900
1666950881246 1.0 901
1666950881346 1.0 902
1666950881445 1.0 903
1666950881544 1.0 904
1666950881644 0.0 905
1666950881743 0.5 906
1666950881843 0.6666666865348816 907
1666950881942 1.0 908
1666950882042 1.0 909
1666950882142 0.0 910
1666950882243 0.0 911
1666950882343 0.0 912
1666950882442 1.0 913
1666950882540 0.0 914
1666950882640 1.0 915
1666950882739 1.0 916
1666950882838 0.6666666865348816 917
1666950882937 0.0 918
1666950883037 0.6666666865348816 919
1666950883136 0.0 920
1666950883234 1.0 921
1666950883333 0.800000011920929 922
1666950883430 0.5 923
1666950883529 0.5 924
1666950883630 0.0 925
1666950883728 0.0 926
1666950883826 1.0 927
1666950883925 0.0 928
1666950884023 0.5 929
1666950884122 0.0 930
1666950884234 1.0 931
1666950884335 1.0 932
1666950884434 0.6666666865348816 933
1666950884533 0.0 934
1666950884632 0.800000011920929 935
1666950884731 1.0 936
1666950884829 0.5 937
1666950884928 0.0 938
1666950885043 0.5 939
1666950885142 1.0 940
1666950885241 1.0 941
1666950885339 0.0 942
1666950885439 0.5 943
1666950885538 0.0 944
1666950885639 0.5 945
1666950885739 1.0 946
1666950885839 1.0 947
1666950885939 1.0 948
1666950886039 1.0 949
1666950886138 0.6666666865348816 950
1666950886237 0.0 951
1666950886336 0.5 952
1666950886435 1.0 953
1666950886534 0.0 954
1666950886633 1.0 955
1666950886733 1.0 956
1666950886831 0.0 957
1666950886930 1.0 958
1666950887030 1.0 959
1666950887129 1.0 960
1666950887228 1.0 961
1666950887327 0.0 962
1666950887426 0.0 963
1666950887526 0.0 964
1666950887625 1.0 965
1666950887723 0.6666666865348816 966
1666950887823 0.5 967
1666950887923 0.0 968
1666950888022 1.0 969
1666950888120 0.0 970
1666950888219 0.0 971
1666950888318 1.0 972
1666950888416 0.0 973
1666950888514 1.0 974
1666950888614 0.0 975
1666950888711 0.5 976
1666950888810 1.0 977
1666950888909 1.0 978
1666950889008 0.0 979
1666950889107 0.6666666865348816 980
1666950889205 0.0 981
1666950889305 0.5 982
1666950889404 0.5 983
1666950889503 0.0 984
1666950889602 1.0 985
1666950889701 0.5 986
1666950889801 1.0 987
1666950889901 1.0 988
1666950890001 1.0 989
1666950890100 1.0 990
1666950890200 0.0 991
1666950890299 1.0 992
1666950890399 0.6666666865348816 993
1666950890498 1.0 994
1666950890598 0.0 995
1666950890697 0.6666666865348816 996
1666950890797 0.5 997
1666950890896 1.0 998
1666950890995 1.0 999
1666950891095 0.0 1000
1666950891193 0.5 1001
1666950891292 1.0 1002
1666950891392 1.0 1003
1666950891492 0.0 1004
1666950891592 1.0 1005
1666950891691 0.5 1006
1666950891790 0.0 1007
1666950891889 0.5 1008
1666950891988 0.5 1009
1666950892089 1.0 1010
1666950892189 1.0 1011
1666950892287 0.0 1012
1666950892386 0.0 1013
1666950892487 0.0 1014
1666950892586 0.6666666865348816 1015
1666950892684 0.5 1016
1666950892782 1.0 1017
1666950892881 0.5 1018
1666950892980 0.0 1019
1666950893079 0.0 1020
1666950893179 1.0 1021
1666950893279 0.5 1022
1666950893379 1.0 1023
1666950893478 1.0 1024
1666950893578 0.0 1025
1666950893678 1.0 1026
1666950893776 1.0 1027
1666950893876 0.5 1028
1666950893976 0.5 1029
1666950894075 1.0 1030
1666950894175 1.0 1031
1666950894274 1.0 1032
1666950894372 1.0 1033
1666950894471 0.3333333432674408 1034
1666950894569 0.5 1035
1666950894669 0.800000011920929 1036
1666950894768 1.0 1037
1666950894867 1.0 1038
1666950894967 0.0 1039
1666950895066 0.0 1040
1666950895165 1.0 1041
1666950895265 0.0 1042
1666950895366 1.0 1043
1666950895464 0.6666666865348816 1044
1666950895563 1.0 1045
1666950895662 0.3333333432674408 1046
1666950895762 0.6666666865348816 1047
1666950895861 0.5 1048
1666950895960 1.0 1049
1666950896059 0.0 1050
1666950896158 0.0 1051
1666950896257 1.0 1052
1666950896357 1.0 1053
1666950896455 0.5 1054
1666950896554 1.0 1055
1666950896652 0.0 1056
1666950896752 0.5 1057
1666950896850 1.0 1058
1666950896950 1.0 1059
1666950897050 0.0 1060
1666950897150 1.0 1061
1666950897248 0.6000000238418579 1062
1666950897348 0.0 1063
1666950897447 0.0 1064
1666950897545 1.0 1065
1666950897645 0.0 1066
1666950897745 1.0 1067
1666950897844 0.5 1068
1666950897943 1.0 1069
1666950898041 0.5 1070
1666950898140 0.0 1071
1666950898239 1.0 1072
1666950898338 0.6666666865348816 1073
1666950898437 1.0 1074
1666950898537 1.0 1075
1666950898635 0.0 1076
1666950898734 0.6666666865348816 1077
1666950898833 1.0 1078
1666950898933 1.0 1079
1666950899031 0.6666666865348816 1080
1666950899130 0.75 1081
1666950899230 1.0 1082
1666950899283 1.0 1083
1666951151097 0.0 1084
1666951151197 1.0 1085
1666951151297 0.5 1086
1666951151396 1.0 1087
1666951151496 0.0 1088
1666951151596 1.0 1089
1666951151696 1.0 1090
1666951151796 1.0 1091
1666951151895 0.0 1092
1666951151996 1.0 1093
1666951152095 1.0 1094
1666951152195 1.0 1095
1666951152294 0.5 1096
1666951152393 1.0 1097
1666951152493 1.0 1098
1666951152593 1.0 1099
1666951152692 1.0 1100
1666951152792 1.0 1101
1666951152892 0.8333333134651184 1102
1666951152992 0.0 1103
1666951153091 0.0 1104
1666951153191 0.0 1105
1666951153291 0.0 1106
1666951153391 0.0 1107
1666951153491 0.5 1108
1666951153591 1.0 1109
1666951153691 1.0 1110
1666951153790 0.0 1111
1666951153890 0.5 1112
1666951153990 0.0 1113
1666951154089 1.0 1114
1666951154187 0.0 1115
1666951154285 0.0 1116
1666951154384 1.0 1117
1666951154485 0.6666666865348816 1118
1666951154584 1.0 1119
1666951154682 1.0 1120
1666951154781 0.0 1121
1666951154881 0.0 1122
1666951154980 0.0 1123
1666951155078 1.0 1124
1666951155178 0.0 1125
1666951155278 0.0 1126
1666951155379 1.0 1127
1666951155478 1.0 1128
1666951155578 1.0 1129
1666951155677 0.75 1130
1666951155777 1.0 1131
1666951155876 1.0 1132
1666951155976 1.0 1133
1666951156076 0.6666666865348816 1134
1666951156176 0.0 1135
1666951156275 0.0 1136
1666951156375 1.0 1137
1666951156474 1.0 1138
1666951156573 0.75 1139
1666951156672 0.0 1140
1666951156772 0.0 1141
1666951156871 0.0 1142
1666951156971 1.0 1143
1666951157069 1.0 1144
1666951157169 0.25 1145
1666951157268 0.0 1146
1666951157368 1.0 1147
1666951157469 0.0 1148
1666951157569 1.0 1149
1666951157667 0.0 1150
1666951157768 0.0 1151
1666951157874 1.0 1152
1666951157974 0.6666666865348816 1153
1666951158074 1.0 1154
1666951158174 1.0 1155
1666951158274 1.0 1156
1666951158375 0.0 1157
1666951158475 0.0 1158
1666951158575 0.6666666865348816 1159
1666951158675 1.0 1160
1666951158775 1.0 1161
1666951158877 1.0 1162
1666951158976 1.0 1163
1666951159075 0.0 1164
1666951159175 1.0 1165
1666951159274 1.0 1166
1666951159374 0.0 1167
1666951159472 0.0 1168
1666951159572 1.0 1169
1666951159671 0.0 1170
1666951159770 1.0 1171
1666951159869 1.0 1172
1666951159968 1.0 1173
1666951160067 1.0 1174
1666951160166 1.0 1175
1666951160266 0.0 1176
1666951160365 0.5 1177
1666951160463 0.6666666865348816 1178
1666951160564 1.0 1179
1666951160663 1.0 1180
1666951160762 0.0 1181
1666951160861 0.0 1182
1666951160960 0.0 1183
1666951161060 1.0 1184
1666951161161 0.0 1185
1666951161262 1.0 1186
1666951161361 1.0 1187
1666951161460 0.6666666865348816 1188
1666951161559 0.0 1189
1666951161658 0.6666666865348816 1190
1666951161758 0.0 1191
1666951161858 1.0 1192
1666951161958 0.800000011920929 1193
1666951162058 0.5 1194
1666951162158 0.5 1195
1666951162258 0.0 1196
1666951162359 0.0 1197
1666951162460 1.0 1198
1666951162559 0.0 1199
1666951162658 0.5 1200
1666951162757 0.0 1201
1666951162856 1.0 1202
1666951162954 1.0 1203
1666951163054 0.6666666865348816 1204
1666951163154 0.0 1205
1666951163253 0.800000011920929 1206
1666951163352 1.0 1207
1666951163452 0.5 1208
1666951163551 0.0 1209
1666951163650 0.5 1210
1666951163750 1.0 1211
1666951163850 1.0 1212
1666951163950 0.0 1213
1666951164050 0.5 1214
1666951164150 0.0 1215
1666951164250 0.5 1216
1666951164349 1.0 1217
1666951164449 1.0 1218
1666951164549 1.0 1219
1666951164650 1.0 1220
1666951164749 0.6666666865348816 1221
1666951164850 0.0 1222
1666951164949 0.5 1223
1666951165049 1.0 1224
1666951165150 0.0 1225
1666951165251 1.0 1226
1666951165350 1.0 1227
1666951165450 0.0 1228
1666951165550 1.0 1229
1666951165650 1.0 1230
1666951165750 1.0 1231
1666951165849 1.0 1232
1666951165948 0.0 1233
1666951166047 0.0 1234
1666951166145 0.0 1235
1666951166245 1.0 1236
1666951166344 0.6666666865348816 1237
1666951166442 0.5 1238
1666951166540 0.0 1239
1666951166639 1.0 1240
1666951166738 0.0 1241
1666951166836 0.0 1242
1666951166935 1.0 1243
1666951167034 0.0 1244
1666951167132 1.0 1245
1666951167231 0.0 1246
1666951167330 0.5 1247
1666951167429 1.0 1248
1666951167534 1.0 1249
1666951167633 0.0 1250
1666951167733 0.6666666865348816 1251
1666951167832 0.0 1252
1666951167932 0.5 1253
1666951168032 0.5 1254
1666951168131 0.0 1255
1666951168229 1.0 1256
1666951168329 0.5 1257
1666951168427 1.0 1258
1666951168526 1.0 1259
1666951168626 1.0 1260
1666951168726 1.0 1261
1666951168824 0.0 1262
1666951168923 1.0 1263
1666951169022 0.6666666865348816 1264
1666951169122 1.0 1265
1666951169221 0.0 1266
1666951169321 0.6666666865348816 1267
1666951169420 0.5 1268
1666951169519 1.0 1269
1666951169619 1.0 1270
1666951169720 0.0 1271
1666951169819 0.5 1272
1666951169918 1.0 1273
1666951170018 1.0 1274
1666951170118 0.0 1275
1666951170216 1.0 1276
1666951170315 0.5 1277
1666951170414 0.0 1278
1666951170513 0.5 1279
1666951170612 0.5 1280
1666951170712 1.0 1281
1666951170811 1.0 1282
1666951170910 0.0 1283
1666951171008 0.0 1284
1666951171107 0.0 1285
1666951171208 0.6666666865348816 1286
1666951171307 0.5 1287
1666951171406 1.0 1288
1666951171506 0.5 1289
1666951171605 0.0 1290
1666951171704 0.0 1291
1666951171802 1.0 1292
1666951171901 0.5 1293
1666951172000 1.0 1294
1666951172100 1.0 1295
1666951172200 0.0 1296
1666951172298 1.0 1297
1666951172397 1.0 1298
1666951172496 0.5 1299
1666951172600 0.5 1300
1666951172699 1.0 1301
1666951172799 1.0 1302
1666951172899 1.0 1303
1666951172998 1.0 1304
1666951173096 0.3333333432674408 1305
1666951173195 0.5 1306
1666951173295 0.800000011920929 1307
1666951173394 1.0 1308
1666951173492 1.0 1309
1666951173592 0.0 1310
1666951173691 0.0 1311
1666951173790 1.0 1312
1666951173889 0.0 1313
1666951173989 1.0 1314
1666951174088 0.6666666865348816 1315
1666951174187 1.0 1316
1666951174287 0.3333333432674408 1317
1666951174387 0.6666666865348816 1318
1666951174485 0.5 1319
1666951174584 1.0 1320
1666951174684 0.0 1321
1666951174784 0.0 1322
1666951174883 1.0 1323
1666951174982 1.0 1324
1666951175081 0.5 1325
1666951175181 1.0 1326
1666951175279 0.0 1327
1666951175379 0.5 1328
1666951175477 1.0 1329
1666951175576 1.0 1330
1666951175675 0.0 1331
1666951175776 1.0 1332
1666951175875 0.6000000238418579 1333
1666951175975 0.0 1334
1666951176074 0.0 1335
1666951176175 1.0 1336
1666951176275 0.0 1337
1666951176374 1.0 1338
1666951176474 0.5 1339
1666951176572 1.0 1340
1666951176671 0.5 1341
1666951176771 0.0 1342
1666951176870 1.0 1343
1666951176969 0.6666666865348816 1344
1666951177068 1.0 1345
1666951177168 1.0 1346
1666951177266 0.0 1347
1666951177366 0.6666666865348816 1348
1666951177464 1.0 1349
1666951177563 1.0 1350
1666951177662 0.6666666865348816 1351
1666951177761 0.75 1352
1666951177860 1.0 1353
1666951177914 1.0 1354
1666951429947 0.0 1355
1666951430046 1.0 1356
1666951430147 0.5 1357
1666951430247 1.0 1358
1666951430346 0.0 1359
1666951430445 1.0 1360
1666951430544 1.0 1361
1666951430643 1.0 1362
1666951430743 0.0 1363
1666951430843 1.0 1364
1666951430943 1.0 1365
1666951431043 1.0 1366
1666951431143 0.5 1367
1666951431243 1.0 1368
1666951431342 1.0 1369
1666951431441 1.0 1370
1666951431540 1.0 1371
1666951431640 1.0 1372
1666951431739 0.8333333134651184 1373
1666951431838 0.0 1374
1666951431937 0.0 1375
1666951432037 0.0 1376
1666951432138 0.0 1377
1666951432238 0.0 1378
1666951432338 0.5 1379
1666951432438 1.0 1380
1666951432537 1.0 1381
1666951432637 0.0 1382
1666951432736 0.5 1383
1666951432836 0.0 1384
1666951432936 1.0 1385
1666951433036 0.0 1386
1666951433137 0.0 1387
1666951433237 1.0 1388
1666951433337 0.6666666865348816 1389
1666951433436 1.0 1390
1666951433535 1.0 1391
1666951433635 0.0 1392
1666951433734 0.0 1393
1666951433833 0.0 1394
1666951433932 1.0 1395
1666951434031 0.0 1396
1666951434131 0.0 1397
1666951434229 1.0 1398
1666951434328 1.0 1399
1666951434428 1.0 1400
1666951434528 0.75 1401
1666951434627 1.0 1402
1666951434726 1.0 1403
1666951434825 1.0 1404
1666951434924 0.6666666865348816 1405
1666951435024 0.0 1406
1666951435124 0.0 1407
1666951435223 1.0 1408
1666951435323 1.0 1409
1666951435423 0.75 1410
1666951435522 0.0 1411
1666951435621 0.0 1412
1666951435720 0.0 1413
1666951435819 1.0 1414
1666951435917 1.0 1415
1666951436016 0.25 1416
1666951436115 0.0 1417
1666951436214 1.0 1418
1666951436313 0.0 1419
1666951436418 1.0 1420
1666951436517 0.0 1421
1666951436616 0.0 1422
1666951436715 1.0 1423
1666951436815 0.6666666865348816 1424
1666951436914 1.0 1425
1666951437013 1.0 1426
1666951437112 1.0 1427
1666951437212 0.0 1428
1666951437311 0.0 1429
1666951437410 0.6666666865348816 1430
1666951437510 1.0 1431
1666951437609 1.0 1432
1666951437708 1.0 1433
1666951437807 1.0 1434
1666951437908 0.0 1435
1666951438008 1.0 1436
1666951438107 1.0 1437
1666951438207 0.0 1438
1666951438306 0.0 1439
1666951438405 1.0 1440
1666951438505 0.0 1441
1666951438605 1.0 1442
1666951438705 1.0 1443
1666951438804 1.0 1444
1666951438904 1.0 1445
1666951439004 1.0 1446
1666951439103 0.0 1447
1666951439203 0.5 1448
1666951439304 0.6666666865348816 1449
1666951439403 1.0 1450
1666951439503 1.0 1451
1666951439603 0.0 1452
1666951439702 0.0 1453
1666951439802 0.0 1454
1666951439901 1.0 1455
1666951440001 0.0 1456
1666951440100 1.0 1457
1666951440200 1.0 1458
1666951440299 0.6666666865348816 1459
1666951440397 0.0 1460
1666951440496 0.6666666865348816 1461
1666951440597 0.0 1462
1666951440697 1.0 1463
1666951440796 0.800000011920929 1464
1666951440896 0.5 1465
1666951440996 0.5 1466
1666951441096 0.0 1467
1666951441196 0.0 1468
1666951441298 1.0 1469
1666951441397 0.0 1470
1666951441497 0.5 1471
1666951441597 0.0 1472
1666951441697 1.0 1473
1666951441797 1.0 1474
1666951441896 0.6666666865348816 1475
1666951441996 0.0 1476
1666951442096 0.800000011920929 1477
1666951442196 1.0 1478
1666951442296 0.5 1479
1666951442395 0.0 1480
1666951442495 0.5 1481
1666951442594 1.0 1482
1666951442695 1.0 1483
1666951442794 0.0 1484
1666951442899 0.5 1485
1666951442999 0.0 1486
1666951443099 0.5 1487
1666951443199 1.0 1488
1666951443299 1.0 1489
1666951443399 1.0 1490
1666951443499 1.0 1491
1666951443598 0.6666666865348816 1492
1666951443699 0.0 1493
1666951443798 0.5 1494
1666951443897 1.0 1495
1666951443996 0.0 1496
1666951444095 1.0 1497
1666951444194 1.0 1498
1666951444294 0.0 1499
1666951444394 1.0 1500
1666951444493 1.0 1501
1666951444593 1.0 1502
1666951444692 1.0 1503
1666951444791 0.0 1504
1666951444892 0.0 1505
1666951444991 0.0 1506
1666951445091 1.0 1507
1666951445190 0.6666666865348816 1508
1666951445289 0.5 1509
1666951445389 0.0 1510
1666951445489 1.0 1511
1666951445589 0.0 1512
1666951445689 0.0 1513
1666951445789 1.0 1514
1666951445888 0.0 1515
1666951445989 1.0 1516
1666951446089 0.0 1517
1666951446188 0.5 1518
1666951446287 1.0 1519
1666951446387 1.0 1520
1666951446487 0.0 1521
1666951446587 0.6666666865348816 1522
1666951446686 0.0 1523
1666951446786 0.5 1524
1666951446885 0.5 1525
1666951446986 0.0 1526
1666951447087 1.0 1527
1666951447186 0.5 1528
1666951447286 1.0 1529
1666951447386 1.0 1530
1666951447486 1.0 1531
1666951447585 1.0 1532
1666951447685 0.0 1533
1666951447785 1.0 1534
1666951447885 0.6666666865348816 1535
1666951447984 1.0 1536
1666951448085 0.0 1537
1666951448185 0.6666666865348816 1538
1666951448286 0.5 1539
1666951448387 1.0 1540
1666951448489 1.0 1541
1666951448588 0.0 1542
1666951448687 0.5 1543
1666951448786 1.0 1544
1666951448887 1.0 1545
1666951448986 0.0 1546
1666951449087 1.0 1547
1666951449188 0.5 1548
1666951449288 0.0 1549
1666951449388 0.5 1550
1666951449488 0.5 1551
1666951449588 1.0 1552
1666951449687 1.0 1553
1666951449787 0.0 1554
1666951449887 0.0 1555
1666951449987 0.0 1556
1666951450086 0.6666666865348816 1557
1666951450186 0.5 1558
1666951450287 1.0 1559
1666951450388 0.5 1560
1666951450489 0.0 1561
1666951450589 0.0 1562
1666951450690 1.0 1563
1666951450790 0.5 1564
1666951450890 1.0 1565
1666951450989 1.0 1566
1666951451088 0.0 1567
1666951451188 1.0 1568
1666951451287 1.0 1569
1666951451387 0.5 1570
1666951451486 0.5 1571
1666951451585 1.0 1572
1666951451684 1.0 1573
1666951451783 1.0 1574
1666951451882 1.0 1575
1666951451981 0.3333333432674408 1576
1666951452080 0.5 1577
1666951452179 0.800000011920929 1578
1666951452278 1.0 1579
1666951452377 1.0 1580
1666951452476 0.0 1581
1666951452575 0.0 1582
1666951452676 1.0 1583
1666951452776 0.0 1584
1666951452876 1.0 1585
1666951452975 0.6666666865348816 1586
1666951453074 1.0 1587
1666951453174 0.3333333432674408 1588
1666951453274 0.6666666865348816 1589
1666951453376 0.5 1590
1666951453476 1.0 1591
1666951453575 0.0 1592
1666951453675 0.0 1593
1666951453775 1.0 1594
1666951453874 1.0 1595
1666951453974 0.5 1596
1666951454073 1.0 1597
1666951454171 0.0 1598
1666951454270 0.5 1599
1666951454369 1.0 1600
1666951454467 1.0 1601
1666951454566 0.0 1602
1666951454665 1.0 1603
1666951454764 0.6000000238418579 1604
1666951454862 0.0 1605
1666951454961 0.0 1606
1666951455061 1.0 1607
1666951455160 0.0 1608
1666951455258 1.0 1609
1666951455357 0.5 1610
1666951455456 1.0 1611
1666951455555 0.5 1612
1666951455653 0.0 1613
1666951455752 1.0 1614
1666951455851 0.6666666865348816 1615
1666951455950 1.0 1616
1666951456049 1.0 1617
1666951456148 0.0 1618
1666951456248 0.6666666865348816 1619
1666951456347 1.0 1620
1666951456446 1.0 1621
1666951456545 0.6666666865348816 1622
1666951456644 0.75 1623
1666951456743 1.0 1624
1666951456797 1.0 1625
1666951708286 0.0 1626
1666951708385 1.0 1627
1666951708486 0.5 1628
1666951708587 1.0 1629
1666951708687 0.0 1630
1666951708786 1.0 1631
1666951708885 1.0 1632
1666951708985 1.0 1633
1666951709084 0.0 1634
1666951709184 1.0 1635
1666951709285 1.0 1636
1666951709384 1.0 1637
1666951709484 0.5 1638
1666951709584 1.0 1639
1666951709683 1.0 1640
1666951709783 1.0 1641
1666951709883 1.0 1642
1666951709983 1.0 1643
1666951710083 0.8333333134651184 1644
1666951710183 0.0 1645
1666951710284 0.0 1646
1666951710384 0.0 1647
1666951710482 0.0 1648
1666951710581 0.0 1649
1666951710682 0.5 1650
1666951710781 1.0 1651
1666951710880 1.0 1652
1666951710979 0.0 1653
1666951711078 0.5 1654
1666951711177 0.0 1655
1666951711276 1.0 1656
1666951711376 0.0 1657
1666951711475 0.0 1658
1666951711574 1.0 1659
1666951711674 0.6666666865348816 1660
1666951711773 1.0 1661
1666951711872 1.0 1662
1666951711971 0.0 1663
1666951712070 0.0 1664
1666951712170 0.0 1665
1666951712269 1.0 1666
1666951712368 0.0 1667
1666951712467 0.0 1668
1666951712566 1.0 1669
1666951712667 1.0 1670
1666951712766 1.0 1671
1666951712866 0.75 1672
1666951712965 1.0 1673
1666951713064 1.0 1674
1666951713164 1.0 1675
1666951713265 0.6666666865348816 1676
1666951713365 0.0 1677
1666951713465 0.0 1678
1666951713565 1.0 1679
1666951713665 1.0 1680
1666951713763 0.75 1681
1666951713862 0.0 1682
1666951713962 0.0 1683
1666951714063 0.0 1684
1666951714162 1.0 1685
1666951714261 1.0 1686
1666951714361 0.25 1687
1666951714461 0.0 1688
1666951714560 1.0 1689
1666951714659 0.0 1690
1666951714757 1.0 1691
1666951714873 0.0 1692
1666951714972 0.0 1693
1666951715071 1.0 1694
1666951715171 0.6666666865348816 1695
1666951715270 1.0 1696
1666951715370 1.0 1697
1666951715469 1.0 1698
1666951715568 0.0 1699
1666951715667 0.0 1700
1666951715766 0.6666666865348816 1701
1666951715865 1.0 1702
1666951715965 1.0 1703
1666951716065 1.0 1704
1666951716164 1.0 1705
1666951716263 0.0 1706
1666951716362 1.0 1707
1666951716461 1.0 1708
1666951716560 0.0 1709
1666951716660 0.0 1710
1666951716759 1.0 1711
1666951716860 0.0 1712
1666951716959 1.0 1713
1666951717058 1.0 1714
1666951717158 1.0 1715
1666951717258 1.0 1716
1666951717366 1.0 1717
1666951717466 0.0 1718
1666951717567 0.5 1719
1666951717667 0.6666666865348816 1720
1666951717766 1.0 1721
1666951717866 1.0 1722
1666951717967 0.0 1723
1666951718068 0.0 1724
1666951718169 0.0 1725
1666951718270 1.0 1726
1666951718370 0.0 1727
1666951718470 1.0 1728
1666951718571 1.0 1729
1666951718672 0.6666666865348816 1730
1666951718773 0.0 1731
1666951718872 0.6666666865348816 1732
1666951718972 0.0 1733
1666951719071 1.0 1734
1666951719171 0.800000011920929 1735
1666951719271 0.5 1736
1666951719372 0.5 1737
1666951719472 0.0 1738
1666951719571 0.0 1739
1666951719672 1.0 1740
1666951719771 0.0 1741
1666951719871 0.5 1742
1666951719971 0.0 1743
1666951720071 1.0 1744
1666951720170 1.0 1745
1666951720270 0.6666666865348816 1746
1666951720370 0.0 1747
1666951720469 0.800000011920929 1748
1666951720569 1.0 1749
1666951720669 0.5 1750
1666951720768 0.0 1751
1666951720868 0.5 1752
1666951720967 1.0 1753
1666951721066 1.0 1754
1666951721165 0.0 1755
1666951721265 0.5 1756
1666951721364 0.0 1757
1666951721464 0.5 1758
1666951721563 1.0 1759
1666951721662 1.0 1760
1666951721762 1.0 1761
1666951721861 1.0 1762
1666951721961 0.6666666865348816 1763
1666951722060 0.0 1764
1666951722160 0.5 1765
1666951722259 1.0 1766
1666951722358 0.0 1767
1666951722458 1.0 1768
1666951722557 1.0 1769
1666951722657 0.0 1770
1666951722756 1.0 1771
1666951722857 1.0 1772
1666951722956 1.0 1773
1666951723055 1.0 1774
1666951723154 0.0 1775
1666951723254 0.0 1776
1666951723354 0.0 1777
1666951723453 1.0 1778
1666951723553 0.6666666865348816 1779
1666951723652 0.5 1780
1666951723751 0.0 1781
1666951723851 1.0 1782
1666951723950 0.0 1783
1666951724050 0.0 1784
1666951724149 1.0 1785
1666951724249 0.0 1786
1666951724349 1.0 1787
1666951724449 0.0 1788
1666951724549 0.5 1789
1666951724650 1.0 1790
1666951724750 1.0 1791
1666951724851 0.0 1792
1666951724952 0.6666666865348816 1793
1666951725051 0.0 1794
1666951725152 0.5 1795
1666951725251 0.5 1796
1666951725350 0.0 1797
1666951725449 1.0 1798
1666951725550 0.5 1799
1666951725649 1.0 1800
1666951725748 1.0 1801
1666951725846 1.0 1802
1666951725945 1.0 1803
1666951726044 0.0 1804
1666951726143 1.0 1805
1666951726242 0.6666666865348816 1806
1666951726342 1.0 1807
1666951726441 0.0 1808
1666951726540 0.6666666865348816 1809
1666951726640 0.5 1810
1666951726740 1.0 1811
1666951726840 1.0 1812
1666951726939 0.0 1813
1666951727038 0.5 1814
1666951727137 1.0 1815
1666951727237 1.0 1816
1666951727335 0.0 1817
1666951727435 1.0 1818
1666951727534 0.5 1819
1666951727634 0.0 1820
1666951727734 0.5 1821
1666951727834 0.5 1822
1666951727934 1.0 1823
1666951728035 1.0 1824
1666951728135 0.0 1825
1666951728236 0.0 1826
1666951728336 0.0 1827
1666951728436 0.6666666865348816 1828
1666951728536 0.5 1829
1666951728636 1.0 1830
1666951728737 0.5 1831
1666951728837 0.0 1832
1666951728937 0.0 1833
1666951729038 1.0 1834
1666951729141 0.5 1835
1666951729241 1.0 1836
1666951729342 1.0 1837
1666951729441 0.0 1838
1666951729541 1.0 1839
1666951729642 1.0 1840
1666951729742 0.5 1841
1666951729843 0.5 1842
1666951729941 1.0 1843
1666951730041 1.0 1844
1666951730141 1.0 1845
1666951730241 1.0 1846
1666951730341 0.3333333432674408 1847
1666951730440 0.5 1848
1666951730540 0.800000011920929 1849
1666951730640 1.0 1850
1666951730739 1.0 1851
1666951730839 0.0 1852
1666951730937 0.0 1853
1666951731036 1.0 1854
1666951731138 0.0 1855
1666951731237 1.0 1856
1666951731337 0.6666666865348816 1857
1666951731437 1.0 1858
1666951731536 0.3333333432674408 1859
1666951731635 0.6666666865348816 1860
1666951731735 0.5 1861
1666951731835 1.0 1862
1666951731934 0.0 1863
1666951732033 0.0 1864
1666951732132 1.0 1865
1666951732231 1.0 1866
1666951732331 0.5 1867
1666951732430 1.0 1868
1666951732530 0.0 1869
1666951732629 0.5 1870
1666951732727 1.0 1871
1666951732827 1.0 1872
1666951732926 0.0 1873
1666951733025 1.0 1874
1666951733124 0.6000000238418579 1875
1666951733223 0.0 1876
1666951733322 0.0 1877
1666951733420 1.0 1878
1666951733520 0.0 1879
1666951733619 1.0 1880
1666951733718 0.5 1881
1666951733818 1.0 1882
1666951733919 0.5 1883
1666951734018 0.0 1884
1666951734117 1.0 1885
1666951734217 0.6666666865348816 1886
1666951734317 1.0 1887
1666951734416 1.0 1888
1666951734516 0.0 1889
1666951734615 0.6666666865348816 1890
1666951734714 1.0 1891
1666951734814 1.0 1892
1666951734914 0.6666666865348816 1893
1666951735014 0.75 1894
1666951735115 1.0 1895
1666951735168 1.0 1896
1666951986564 0.0 1897
1666951986664 1.0 1898
1666951986765 0.5 1899
1666951986864 1.0 1900
1666951986964 0.0 1901
1666951987064 1.0 1902
1666951987163 1.0 1903
1666951987262 1.0 1904
1666951987361 0.0 1905
1666951987461 1.0 1906
1666951987560 1.0 1907
1666951987660 1.0 1908
1666951987759 0.5 1909
1666951987858 1.0 1910
1666951987956 1.0 1911
1666951988055 1.0 1912
1666951988155 1.0 1913
1666951988255 1.0 1914
1666951988353 0.8333333134651184 1915
1666951988452 0.0 1916
1666951988552 0.0 1917
1666951988651 0.0 1918
1666951988751 0.0 1919
1666951988851 0.0 1920
1666951988950 0.5 1921
1666951989049 1.0 1922
1666951989148 1.0 1923
1666951989247 0.0 1924
1666951989347 0.5 1925
1666951989445 0.0 1926
1666951989544 1.0 1927
1666951989644 0.0 1928
1666951989745 0.0 1929
1666951989843 1.0 1930
1666951989942 0.6666666865348816 1931
1666951990042 1.0 1932
1666951990142 1.0 1933
1666951990242 0.0 1934
1666951990342 0.0 1935
1666951990443 0.0 1936
1666951990542 1.0 1937
1666951990641 0.0 1938
1666951990740 0.0 1939
1666951990839 1.0 1940
1666951990938 1.0 1941
1666951991037 1.0 1942
1666951991137 0.75 1943
1666951991236 1.0 1944
1666951991336 1.0 1945
1666951991435 1.0 1946
1666951991535 0.6666666865348816 1947
1666951991635 0.0 1948
1666951991735 0.0 1949
1666951991835 1.0 1950
1666951991936 1.0 1951
1666951992035 0.75 1952
1666951992135 0.0 1953
1666951992236 0.0 1954
1666951992336 0.0 1955
1666951992436 1.0 1956
1666951992536 1.0 1957
1666951992635 0.25 1958
1666951992734 0.0 1959
1666951992833 1.0 1960
1666951992932 0.0 1961
1666951993031 1.0 1962
1666951993130 0.0 1963
1666951993229 0.0 1964
1666951993328 1.0 1965
1666951993427 0.6666666865348816 1966
1666951993527 1.0 1967
1666951993627 1.0 1968
1666951993726 1.0 1969
1666951993825 0.0 1970
1666951993925 0.0 1971
1666951994025 0.6666666865348816 1972
1666951994125 1.0 1973
1666951994226 1.0 1974
1666951994326 1.0 1975
1666951994426 1.0 1976
1666951994527 0.0 1977
1666951994627 1.0 1978
1666951994727 1.0 1979
1666951994827 0.0 1980
1666951994927 0.0 1981
1666951995028 1.0 1982
1666951995129 0.0 1983
1666951995230 1.0 1984
1666951995331 1.0 1985
1666951995431 1.0 1986
1666951995531 1.0 1987
1666951995631 1.0 1988
1666951995731 0.0 1989
1666951995832 0.5 1990
1666951995932 0.6666666865348816 1991
1666951996032 1.0 1992
1666951996132 1.0 1993
1666951996232 0.0 1994
1666951996331 0.0 1995
1666951996430 0.0 1996
1666951996529 1.0 1997
1666951996629 0.0 1998
1666951996727 1.0 1999
1666951996827 1.0 2000
1666951996926 0.6666666865348816 2001
1666951997025 0.0 2002
1666951997124 0.6666666865348816 2003
1666951997224 0.0 2004
1666951997324 1.0 2005
1666951997423 0.800000011920929 2006
1666951997523 0.5 2007
1666951997623 0.5 2008
1666951997723 0.0 2009
1666951997823 0.0 2010
1666951997923 1.0 2011
1666951998023 0.0 2012
1666951998123 0.5 2013
1666951998222 0.0 2014
1666951998322 1.0 2015
1666951998421 1.0 2016
1666951998520 0.6666666865348816 2017
1666951998619 0.0 2018
1666951998718 0.800000011920929 2019
1666951998818 1.0 2020
1666951998918 0.5 2021
1666951999018 0.0 2022
1666951999117 0.5 2023
1666951999216 1.0 2024
1666951999316 1.0 2025
1666951999415 0.0 2026
1666951999520 0.5 2027
1666951999622 0.0 2028
1666951999721 0.5 2029
1666951999821 1.0 2030
1666951999920 1.0 2031
1666952000019 1.0 2032
1666952000119 1.0 2033
1666952000219 0.6666666865348816 2034
1666952000319 0.0 2035
1666952000419 0.5 2036
1666952000520 1.0 2037
1666952000619 0.0 2038
1666952000720 1.0 2039
1666952000819 1.0 2040
1666952000919 0.0 2041
1666952001018 1.0 2042
1666952001117 1.0 2043
1666952001216 1.0 2044
1666952001315 1.0 2045
1666952001414 0.0 2046
1666952001515 0.0 2047
1666952001615 0.0 2048
1666952001714 1.0 2049
1666952001813 0.6666666865348816 2050
1666952001913 0.5 2051
1666952002012 0.0 2052
1666952002113 1.0 2053
1666952002214 0.0 2054
1666952002315 0.0 2055
1666952002414 1.0 2056
1666952002514 0.0 2057
1666952002614 1.0 2058
1666952002713 0.0 2059
1666952002812 0.5 2060
1666952002911 1.0 2061
1666952003010 1.0 2062
1666952003109 0.0 2063
1666952003208 0.6666666865348816 2064
1666952003307 0.0 2065
1666952003406 0.5 2066
1666952003506 0.5 2067
1666952003606 0.0 2068
1666952003706 1.0 2069
1666952003805 0.5 2070
1666952003904 1.0 2071
1666952004004 1.0 2072
1666952004103 1.0 2073
1666952004202 1.0 2074
1666952004302 0.0 2075
1666952004401 1.0 2076
1666952004502 0.6666666865348816 2077
1666952004603 1.0 2078
1666952004704 0.0 2079
1666952004802 0.6666666865348816 2080
1666952004902 0.5 2081
1666952005002 1.0 2082
1666952005102 1.0 2083
1666952005201 0.0 2084
1666952005301 0.5 2085
1666952005401 1.0 2086
1666952005500 1.0 2087
1666952005599 0.0 2088
1666952005699 1.0 2089
1666952005799 0.5 2090
1666952005898 0.0 2091
1666952005998 0.5 2092
1666952006097 0.5 2093
1666952006195 1.0 2094
1666952006295 1.0 2095
1666952006394 0.0 2096
1666952006494 0.0 2097
1666952006593 0.0 2098
1666952006693 0.6666666865348816 2099
1666952006792 0.5 2100
1666952006892 1.0 2101
1666952006991 0.5 2102
1666952007091 0.0 2103
1666952007190 0.0 2104
1666952007290 1.0 2105
1666952007390 0.5 2106
1666952007490 1.0 2107
1666952007589 1.0 2108
1666952007689 0.0 2109
1666952007788 1.0 2110
1666952007888 1.0 2111
1666952007989 0.5 2112
1666952008090 0.5 2113
1666952008190 1.0 2114
1666952008290 1.0 2115
1666952008389 1.0 2116
1666952008488 1.0 2117
1666952008587 0.3333333432674408 2118
1666952008686 0.5 2119
1666952008785 0.800000011920929 2120
1666952008885 1.0 2121
1666952008985 1.0 2122
1666952009085 0.0 2123
1666952009184 0.0 2124
1666952009283 1.0 2125
1666952009382 0.0 2126
1666952009481 1.0 2127
1666952009580 0.6666666865348816 2128
1666952009680 1.0 2129
1666952009780 0.3333333432674408 2130
1666952009880 0.6666666865348816 2131
1666952009978 0.5 2132
1666952010077 1.0 2133
1666952010177 0.0 2134
1666952010279 0.0 2135
1666952010378 1.0 2136
1666952010479 1.0 2137
1666952010579 0.5 2138
1666952010678 1.0 2139
1666952010777 0.0 2140
1666952010877 0.5 2141
1666952010977 1.0 2142
1666952011076 1.0 2143
1666952011175 0.0 2144
1666952011275 1.0 2145
1666952011374 0.6000000238418579 2146
1666952011475 0.0 2147
1666952011574 0.0 2148
1666952011675 1.0 2149
1666952011774 0.0 2150
1666952011874 1.0 2151
1666952011974 0.5 2152
1666952012073 1.0 2153
1666952012172 0.5 2154
1666952012273 0.0 2155
1666952012372 1.0 2156
1666952012471 0.6666666865348816 2157
1666952012572 1.0 2158
1666952012671 1.0 2159
1666952012771 0.0 2160
1666952012870 0.6666666865348816 2161
1666952012970 1.0 2162
1666952013070 1.0 2163
1666952013170 0.6666666865348816 2164
1666952013271 0.75 2165
1666952013372 1.0 2166
1666952013425 1.0 2167
1666952265018 0.0 2168
1666952265118 1.0 2169
1666952265218 0.5 2170
1666952265318 1.0 2171
1666952265417 0.0 2172
1666952265517 1.0 2173
1666952265617 1.0 2174
1666952265716 1.0 2175
1666952265817 0.0 2176
1666952265916 1.0 2177
1666952266016 1.0 2178
1666952266117 1.0 2179
1666952266217 0.5 2180
1666952266318 1.0 2181
1666952266418 1.0 2182
1666952266518 1.0 2183
1666952266619 1.0 2184
1666952266719 1.0 2185
1666952266819 0.8333333134651184 2186
1666952266919 0.0 2187
1666952267018 0.0 2188
1666952267118 0.0 2189
1666952267218 0.0 2190
1666952267317 0.0 2191
1666952267417 0.5 2192
1666952267517 1.0 2193
1666952267616 1.0 2194
1666952267715 0.0 2195
1666952267815 0.5 2196
1666952267914 0.0 2197
1666952268014 1.0 2198
1666952268114 0.0 2199
1666952268214 0.0 2200
1666952268314 1.0 2201
1666952268413 0.6666666865348816 2202
1666952268513 1.0 2203
1666952268613 1.0 2204
1666952268712 0.0 2205
1666952268813 0.0 2206
1666952268913 0.0 2207
1666952269013 1.0 2208
1666952269113 0.0 2209
1666952269213 0.0 2210
1666952269313 1.0 2211
1666952269413 1.0 2212
1666952269513 1.0 2213
1666952269612 0.75 2214
1666952269712 1.0 2215
1666952269812 1.0 2216
1666952269911 1.0 2217
1666952270010 0.6666666865348816 2218
1666952270111 0.0 2219
1666952270210 0.0 2220
1666952270310 1.0 2221
1666952270410 1.0 2222
1666952270511 0.75 2223
1666952270610 0.0 2224
1666952270710 0.0 2225
1666952270810 0.0 2226
1666952270910 1.0 2227
1666952271010 1.0 2228
1666952271109 0.25 2229
1666952271208 0.0 2230
1666952271308 1.0 2231
1666952271408 0.0 2232
1666952271507 1.0 2233
1666952271606 0.0 2234
1666952271705 0.0 2235
1666952271804 1.0 2236
1666952271903 0.6666666865348816 2237
1666952272003 1.0 2238
1666952272102 1.0 2239
1666952272203 1.0 2240
1666952272304 0.0 2241
1666952272404 0.0 2242
1666952272505 0.6666666865348816 2243
1666952272605 1.0 2244
1666952272706 1.0 2245
1666952272805 1.0 2246
1666952272907 1.0 2247
1666952273007 0.0 2248
1666952273107 1.0 2249
1666952273207 1.0 2250
1666952273308 0.0 2251
1666952273407 0.0 2252
1666952273506 1.0 2253
1666952273605 0.0 2254
1666952273704 1.0 2255
1666952273804 1.0 2256
1666952273903 1.0 2257
1666952274002 1.0 2258
1666952274101 1.0 2259
1666952274200 0.0 2260
1666952274300 0.5 2261
1666952274399 0.6666666865348816 2262
1666952274498 1.0 2263
1666952274598 1.0 2264
1666952274698 0.0 2265
1666952274798 0.0 2266
1666952274897 0.0 2267
1666952274997 1.0 2268
1666952275097 0.0 2269
1666952275197 1.0 2270
1666952275296 1.0 2271
1666952275396 0.6666666865348816 2272
1666952275497 0.0 2273
1666952275597 0.6666666865348816 2274
1666952275697 0.0 2275
1666952275797 1.0 2276
1666952275897 0.800000011920929 2277
1666952275996 0.5 2278
1666952276096 0.5 2279
1666952276195 0.0 2280
1666952276295 0.0 2281
1666952276395 1.0 2282
1666952276494 0.0 2283
1666952276593 0.5 2284
1666952276692 0.0 2285
1666952276792 1.0 2286
1666952276891 1.0 2287
1666952276990 0.6666666865348816 2288
1666952277090 0.0 2289
1666952277190 0.800000011920929 2290
1666952277289 1.0 2291
1666952277389 0.5 2292
1666952277489 0.0 2293
1666952277588 0.5 2294
1666952277686 1.0 2295
1666952277786 1.0 2296
1666952277885 0.0 2297
1666952277984 0.5 2298
1666952278085 0.0 2299
1666952278184 0.5 2300
1666952278284 1.0 2301
1666952278384 1.0 2302
1666952278484 1.0 2303
1666952278584 1.0 2304
1666952278684 0.6666666865348816 2305
1666952278785 0.0 2306
1666952278885 0.5 2307
1666952278984 1.0 2308
1666952279083 0.0 2309
1666952279183 1.0 2310
1666952279282 1.0 2311
1666952279382 0.0 2312
1666952279481 1.0 2313
1666952279580 1.0 2314
1666952279679 1.0 2315
1666952279780 1.0 2316
1666952279880 0.0 2317
1666952279979 0.0 2318
1666952280079 0.0 2319
1666952280179 1.0 2320
1666952280279 0.6666666865348816 2321
1666952280379 0.5 2322
1666952280478 0.0 2323
1666952280578 1.0 2324
1666952280678 0.0 2325
1666952280777 0.0 2326
1666952280877 1.0 2327
1666952280976 0.0 2328
1666952281076 1.0 2329
1666952281176 0.0 2330
1666952281277 0.5 2331
1666952281377 1.0 2332
1666952281477 1.0 2333
1666952281577 0.0 2334
1666952281676 0.6666666865348816 2335
1666952281776 0.0 2336
1666952281876 0.5 2337
1666952281976 0.5 2338
1666952282076 0.0 2339
1666952282176 1.0 2340
1666952282276 0.5 2341
1666952282376 1.0 2342
1666952282476 1.0 2343
1666952282576 1.0 2344
1666952282677 1.0 2345
1666952282776 0.0 2346
1666952282875 1.0 2347
1666952282975 0.6666666865348816 2348
1666952283075 1.0 2349
1666952283175 0.0 2350
1666952283274 0.6666666865348816 2351
1666952283374 0.5 2352
1666952283473 1.0 2353
1666952283572 1.0 2354
1666952283671 0.0 2355
1666952283771 0.5 2356
1666952283871 1.0 2357
1666952283971 1.0 2358
1666952284071 0.0 2359
1666952284170 1.0 2360
1666952284270 0.5 2361
1666952284371 0.0 2362
1666952284470 0.5 2363
1666952284569 0.5 2364
1666952284668 1.0 2365
1666952284768 1.0 2366
1666952284867 0.0 2367
1666952284966 0.0 2368
1666952285066 0.0 2369
1666952285165 0.6666666865348816 2370
1666952285264 0.5 2371
1666952285362 1.0 2372
1666952285463 0.5 2373
1666952285561 0.0 2374
1666952285660 0.0 2375
1666952285760 1.0 2376
1666952285859 0.5 2377
1666952285958 1.0 2378
1666952286057 1.0 2379
1666952286157 0.0 2380
1666952286258 1.0 2381
1666952286358 1.0 2382
1666952286459 0.5 2383
1666952286559 0.5 2384
1666952286660 1.0 2385
1666952286761 1.0 2386
1666952286860 1.0 2387
1666952286959 1.0 2388
1666952287058 0.3333333432674408 2389
1666952287159 0.5 2390
1666952287257 0.800000011920929 2391
1666952287357 1.0 2392
1666952287457 1.0 2393
1666952287556 0.0 2394
1666952287656 0.0 2395
1666952287755 1.0 2396
1666952287854 0.0 2397
1666952287954 1.0 2398
1666952288053 0.6666666865348816 2399
1666952288153 1.0 2400
1666952288253 0.3333333432674408 2401
1666952288352 0.6666666865348816 2402
1666952288452 0.5 2403
1666952288552 1.0 2404
1666952288651 0.0 2405
1666952288750 0.0 2406
1666952288850 1.0 2407
1666952288950 1.0 2408
1666952289049 0.5 2409
1666952289150 1.0 2410
1666952289249 0.0 2411
1666952289349 0.5 2412
1666952289448 1.0 2413
1666952289549 1.0 2414
1666952289648 0.0 2415
1666952289748 1.0 2416
1666952289848 0.6000000238418579 2417
1666952289948 0.0 2418
1666952290048 0.0 2419
1666952290148 1.0 2420
1666952290247 0.0 2421
1666952290346 1.0 2422
1666952290445 0.5 2423
1666952290545 1.0 2424
1666952290645 0.5 2425
1666952290745 0.0 2426
1666952290844 1.0 2427
1666952290944 0.6666666865348816 2428
1666952291045 1.0 2429
1666952291144 1.0 2430
1666952291244 0.0 2431
1666952291345 0.6666666865348816 2432
1666952291444 1.0 2433
1666952291546 1.0 2434
1666952291644 0.6666666865348816 2435
1666952291744 0.75 2436
1666952291843 1.0 2437
1666952291897 1.0 2438
1666952543423 0.0 2439
1666952543522 1.0 2440
1666952543621 0.5 2441
1666952543720 1.0 2442
1666952543820 0.0 2443
1666952543919 1.0 2444
1666952544017 1.0 2445
1666952544116 1.0 2446
1666952544215 0.0 2447
1666952544314 1.0 2448
1666952544413 1.0 2449
1666952544512 1.0 2450
1666952544611 0.5 2451
1666952544710 1.0 2452
1666952544809 1.0 2453
1666952544909 1.0 2454
1666952545008 1.0 2455
1666952545107 1.0 2456
1666952545207 0.8333333134651184 2457
1666952545305 0.0 2458
1666952545405 0.0 2459
1666952545506 0.0 2460
1666952545604 0.0 2461
1666952545703 0.0 2462
1666952545802 0.5 2463
1666952545902 1.0 2464
1666952546001 1.0 2465
1666952546100 0.0 2466
1666952546199 0.5 2467
1666952546298 0.0 2468
1666952546400 1.0 2469
1666952546499 0.0 2470
1666952546598 0.0 2471
1666952546697 1.0 2472
1666952546797 0.6666666865348816 2473
1666952546896 1.0 2474
1666952546996 1.0 2475
1666952547096 0.0 2476
1666952547197 0.0 2477
1666952547297 0.0 2478
1666952547397 1.0 2479
1666952547496 0.0 2480
1666952547596 0.0 2481
1666952547696 1.0 2482
1666952547796 1.0 2483
1666952547896 1.0 2484
1666952547995 0.75 2485
1666952548094 1.0 2486
1666952548193 1.0 2487
1666952548292 1.0 2488
1666952548391 0.6666666865348816 2489
1666952548490 0.0 2490
1666952548589 0.0 2491
1666952548688 1.0 2492
1666952548788 1.0 2493
1666952548888 0.75 2494
1666952548988 0.0 2495
1666952549087 0.0 2496
1666952549186 0.0 2497
1666952549286 1.0 2498
1666952549385 1.0 2499
1666952549484 0.25 2500
1666952549583 0.0 2501
1666952549682 1.0 2502
1666952549782 0.0 2503
1666952549881 1.0 2504
1666952549980 0.0 2505
1666952550080 0.0 2506
1666952550179 1.0 2507
1666952550279 0.6666666865348816 2508
1666952550378 1.0 2509
1666952550478 1.0 2510
1666952550577 1.0 2511
1666952550677 0.0 2512
1666952550777 0.0 2513
1666952550876 0.6666666865348816 2514
1666952550975 1.0 2515
1666952551075 1.0 2516
1666952551174 1.0 2517
1666952551274 1.0 2518
1666952551373 0.0 2519
1666952551473 1.0 2520
1666952551572 1.0 2521
1666952551672 0.0 2522
1666952551771 0.0 2523
1666952551871 1.0 2524
1666952551971 0.0 2525
1666952552070 1.0 2526
1666952552169 1.0 2527
1666952552268 1.0 2528
1666952552368 1.0 2529
1666952552468 1.0 2530
1666952552568 0.0 2531
1666952552667 0.5 2532
1666952552766 0.6666666865348816 2533
1666952552865 1.0 2534
1666952552964 1.0 2535
1666952553064 0.0 2536
1666952553165 0.0 2537
1666952553265 0.0 2538
1666952553367 1.0 2539
1666952553466 0.0 2540
1666952553564 1.0 2541
1666952553664 1.0 2542
1666952553762 0.6666666865348816 2543
1666952553863 0.0 2544
1666952553963 0.6666666865348816 2545
1666952554063 0.0 2546
1666952554163 1.0 2547
1666952554263 0.800000011920929 2548
1666952554362 0.5 2549
1666952554462 0.5 2550
1666952554561 0.0 2551
1666952554661 0.0 2552
1666952554759 1.0 2553
1666952554858 0.0 2554
1666952554957 0.5 2555
1666952555056 0.0 2556
1666952555155 1.0 2557
1666952555254 1.0 2558
1666952555353 0.6666666865348816 2559
1666952555452 0.0 2560
1666952555552 0.800000011920929 2561
1666952555651 1.0 2562
1666952555751 0.5 2563
1666952555851 0.0 2564
1666952555950 0.5 2565
1666952556049 1.0 2566
1666952556149 1.0 2567
1666952556250 0.0 2568
1666952556350 0.5 2569
1666952556450 0.0 2570
1666952556549 0.5 2571
1666952556649 1.0 2572
1666952556749 1.0 2573
1666952556849 1.0 2574
1666952556949 1.0 2575
1666952557049 0.6666666865348816 2576
1666952557149 0.0 2577
1666952557248 0.5 2578
1666952557348 1.0 2579
1666952557448 0.0 2580
1666952557546 1.0 2581
1666952557646 1.0 2582
1666952557746 0.0 2583
1666952557845 1.0 2584
1666952557944 1.0 2585
1666952558044 1.0 2586
1666952558143 1.0 2587
1666952558243 0.0 2588
1666952558343 0.0 2589
1666952558442 0.0 2590
1666952558543 1.0 2591
1666952558642 0.6666666865348816 2592
1666952558742 0.5 2593
1666952558842 0.0 2594
1666952558942 1.0 2595
1666952559042 0.0 2596
1666952559142 0.0 2597
1666952559241 1.0 2598
1666952559341 0.0 2599
1666952559441 1.0 2600
1666952559541 0.0 2601
1666952559641 0.5 2602
1666952559740 1.0 2603
1666952559841 1.0 2604
1666952559941 0.0 2605
1666952560040 0.6666666865348816 2606
1666952560140 0.0 2607
1666952560242 0.5 2608
1666952560343 0.5 2609
1666952560445 0.0 2610
1666952560545 1.0 2611
1666952560646 0.5 2612
1666952560745 1.0 2613
1666952560846 1.0 2614
1666952560945 1.0 2615
1666952561045 1.0 2616
1666952561144 0.0 2617
1666952561244 1.0 2618
1666952561343 0.6666666865348816 2619
1666952561444 1.0 2620
1666952561544 0.0 2621
1666952561643 0.6666666865348816 2622
1666952561742 0.5 2623
1666952561842 1.0 2624
1666952561942 1.0 2625
1666952562042 0.0 2626
1666952562141 0.5 2627
1666952562240 1.0 2628
1666952562339 1.0 2629
1666952562439 0.0 2630
1666952562539 1.0 2631
1666952562639 0.5 2632
1666952562738 0.0 2633
1666952562838 0.5 2634
1666952562937 0.5 2635
1666952563036 1.0 2636
1666952563134 1.0 2637
1666952563234 0.0 2638
1666952563333 0.0 2639
1666952563432 0.0 2640
1666952563532 0.6666666865348816 2641
1666952563632 0.5 2642
1666952563731 1.0 2643
1666952563831 0.5 2644
1666952563930 0.0 2645
1666952564030 0.0 2646
1666952564129 1.0 2647
1666952564228 0.5 2648
1666952564328 1.0 2649
1666952564428 1.0 2650
1666952564527 0.0 2651
1666952564627 1.0 2652
1666952564726 1.0 2653
1666952564825 0.5 2654
1666952564925 0.5 2655
1666952565024 1.0 2656
1666952565123 1.0 2657
1666952565222 1.0 2658
1666952565320 1.0 2659
1666952565419 0.3333333432674408 2660
1666952565519 0.5 2661
1666952565619 0.800000011920929 2662
1666952565718 1.0 2663
1666952565817 1.0 2664
1666952565916 0.0 2665
1666952566015 0.0 2666
1666952566116 1.0 2667
1666952566215 0.0 2668
1666952566315 1.0 2669
1666952566415 0.6666666865348816 2670
1666952566514 1.0 2671
1666952566613 0.3333333432674408 2672
1666952566714 0.6666666865348816 2673
1666952566813 0.5 2674
1666952566912 1.0 2675
1666952567011 0.0 2676
1666952567110 0.0 2677
1666952567210 1.0 2678
1666952567309 1.0 2679
1666952567408 0.5 2680
1666952567507 1.0 2681
1666952567606 0.0 2682
1666952567704 0.5 2683
1666952567803 1.0 2684
1666952567904 1.0 2685
1666952568004 0.0 2686
1666952568103 1.0 2687
1666952568203 0.6000000238418579 2688
1666952568301 0.0 2689
1666952568401 0.0 2690
1666952568500 1.0 2691
1666952568599 0.0 2692
1666952568699 1.0 2693
1666952568798 0.5 2694
1666952568898 1.0 2695
1666952568998 0.5 2696
1666952569097 0.0 2697
1666952569197 1.0 2698
1666952569296 0.6666666865348816 2699
1666952569396 1.0 2700
1666952569495 1.0 2701
1666952569595 0.0 2702
1666952569695 0.6666666865348816 2703
1666952569795 1.0 2704
1666952569894 1.0 2705
1666952569993 0.6666666865348816 2706
1666952570092 0.75 2707
1666952570192 1.0 2708
1666952570245 1.0 2709
