1669608906174 0.625 49
1669608920766 0.5 99
1669608935628 0.875 149
1669608950367 0.375 199
1669608977423 0.875 249
1669608992082 0.375 299
1669609006731 0.375 349
1669609021386 0.875 399
1669609048396 0.375 449
1669609063153 0.5 499
1669609077951 0.5 549
1669609092750 0.625 599
1669609107536 0.25 649
1669609134537 0.75 699
1669609149174 0.625 749
1669609163822 0.375 799
1669609178606 0.5 849
1669609205555 0.75 899
1669609220466 0.375 949
1669609235081 0.25 999
1669609249854 0.125 1049
1669609276968 0.5 1099
1669609291706 0.5 1149
1669609306335 0.375 1199
1669609321086 0.25 1249
1669609335702 0.375 1299
1669609362946 0.5 1349
1669609377575 0.375 1399
1669609392373 0.875 1449
1669609407025 0.625 1499
1669609434197 0.5 1549
1669609448987 0.5 1599
1669609463619 0.375 1649
1669609478380 0.5 1699
1669609505842 0.25 1749
1669609520606 0.5 1799
1669609535250 0.375 1849
1669609549891 0.375 1899
1669609564689 0.375 1949
1669609591761 0.5 1999
1669609606374 0.5 2049
1669609620986 0.625 2099
1669609635738 0.625 2149
1669609662894 0.75 2199
1669609677687 0.625 2249
1669609692508 0.625 2299
1669609707180 0.125 2349
1669609734533 0.5 2399
1669609749478 0.625 2449
1669609764143 0.625 2499
1669609778778 0.625 2549
1669609793421 0.25 2599
1669609820812 0.375 2649
1669609835651 0.75 2699
1669609850302 0.625 2749
1669609865098 0.375 2799
1669609892285 0.75 2849
1669609907031 0.625 2899
1669609921630 0.25 2949
1669609936242 0.625 2999
1669609963485 0.75 3049
1669609978261 0.375 3099
1669609993131 0.75 3149
1669610007729 0.5 3199
1669610022451 0.625 3249
1669610049821 0.75 3299
1669610064409 0.375 3349
1669610079003 0.5 3399
1669610093622 0.25 3449
1669610120931 0.5 3499
1669610135577 0.375 3549
1669610150371 0.625 3599
1669610165029 0.625 3649
1669610192210 0.75 3699
1669610207002 0.5 3749
1669610221668 0.5 3799
1669610236390 0.75 3849
1669610251066 0.875 3899
1669610278487 0.625 3949
1669610293241 0.75 3999
1669610307996 0.625 4049
1669610322744 0.75 4099
1669610350187 0.875 4149
1669610364908 0.375 4199
1669610379580 0.5 4249
1669610394554 0.375 4299
1669610421926 0.5 4349
1669610436586 0.5 4399
1669610451255 0.875 4449
1669610466039 0.875 4499
1669610480691 0.875 4549
1669610508048 0.75 4599
1669610522838 0.75 4649
1669610537484 0.625 4699
1669610552180 0.625 4749
1669610579480 0.625 4799
1669610594303 0.625 4849
1669610609138 0.875 4899
1669610623792 0.625 4949
1669610651168 0.375 4999
1669610665783 0.625 5049
1669610680418 0.625 5099
1669610695196 0.25 5149
1669610710013 0.625 5199
1669610737346 0.625 5249
1669610752101 0.75 5299
1669610766865 0.625 5349
1669610781494 0.5 5399
1669610808798 0.625 5449
1669610823577 0.5 5499
1669610838242 0.875 5549
1669610853037 0.875 5599
1669610880258 0.375 5649
1669610895147 0.875 5699
1669610909796 0.875 5749
1669610924483 0.875 5799
1669610939135 0.625 5849
1669610966361 0.625 5899
1669610981124 0.75 5949
1669610995766 0.375 5999
1669611011149 0.875 6049
1669611038618 0.75 6099
1669611053263 0.5 6149
1669611067908 0.375 6199
1669611082554 0.5 6249
1669611109661 0.5 6299
1669611124467 0.875 6349
1669611139250 0.625 6399
1669611154008 0.625 6449
1669611168638 0.625 6499
1669611196047 0.75 6549
1669611210706 0.375 6599
1669611225372 0.625 6649
1669611240025 0.75 6699
1669611267405 0.5 6749
1669611282075 0.0 6799
1669611297009 1.0 6849
1669611311824 0.5 6899
1669611339130 0.75 6949
1669611353806 0.875 6999
1669611368498 0.5 7049
1669611383340 0.875 7099
1669611398004 0.5 7149
1669611425391 0.75 7199
1669611440231 0.625 7249
1669611454886 0.5 7299
1669611469686 0.75 7349
1669611496837 0.625 7399
1669611511496 0.375 7449
1669611526271 1.0 7499
1669611540916 0.5 7549
1669611568196 0.875 7599
1669611582959 0.75 7649
1669611597605 0.875 7699
1669611612255 0.75 7749
1669611626905 0.375 7799
1669611654434 0.5 7849
1669611669167 0.75 7899
1669611684105 0.75 7949
1669611698772 0.75 7999
1669611726150 0.875 8049
1669611740859 0.875 8099
1669611755548 0.625 8149
1669611770224 0.375 8199
1669611797711 0.625 8249
1669611812609 0.5 8299
1669611827460 0.375 8349
1669611842180 0.625 8399
1669611856911 0.875 8449
1669611884142 0.375 8499
1669611898807 0.375 8549
1669611913453 0.625 8599
1669611928254 0.375 8649
1669611955651 0.5 8699
1669611970421 0.75 8749
1669611985204 0.5 8799
1669611999832 0.625 8849
1669612027029 0.625 8899
1669612041665 0.5 8949
1669612056473 0.5 8999
1669612071104 0.875 9049
1669612086029 0.625 9099
1669612113412 0.625 9149
1669612128198 1.0 9199
1669612142880 0.5 9249
1669612157531 0.75 9299
1669612184844 0.875 9349
1669612199632 0.375 9399
1669612214384 0.25 9449
1669612229149 0.75 9499
1669612256568 0.75 9549
1669612271195 0.375 9599
1669612285964 0.5 9649
1669612300601 0.75 9699
1669612315273 0.875 9749
1669612342678 0.875 9799
1669612357518 0.625 9849
1669612372398 0.5 9899
1669612387106 0.75 9949
1669612414574 0.75 9999
1669612429374 0.625 10049
1669612444034 0.75 10099
1669612458694 0.625 10149
1669612486105 0.375 10199
1669612500902 0.875 10249
1669612515729 0.625 10299
1669612530536 0.875 10349
1669612545208 0.5 10399
1669612572651 0.625 10449
1669612587520 0.875 10499
1669612602256 1.0 10549
1669612616958 0.875 10599
1669612644447 0.75 10649
1669612659419 0.75 10699
1669612674066 0.375 10749
1669612688699 0.875 10799
1669612703132 0.0 10849
1669612730983 0.875 10899
1669612745761 0.5 10949
1669612760415 0.875 10999
1669612775058 0.875 11049
1669612803131 0.625 11099
1669612817770 0.625 11149
1669612832413 0.5 11199
1669612847059 0.75 11249
1669612874414 0.75 11299
1669612889216 0.75 11349
1669612903886 0.75 11399
1669612918710 0.875 11449
1669612933543 0.75 11499
1669612960820 0.625 11549
1669612975505 1.0 11599
1669612990365 0.375 11649
1669613005159 0.5 11699
1669613032616 0.625 11749
1669613047257 0.625 11799
1669613062193 0.5 11849
1669613076836 0.625 11899
1669613104146 0.625 11949
1669613118844 0.25 11999
1669613133700 0.625 12049
1669613148399 0.5 12099
1669613163210 0.5 12149
1669613190615 0.875 12199
1669613205408 0.75 12249
1669613220193 0.75 12299
1669613234841 0.875 12349
1669613262317 0.875 12399
1669613277122 0.625 12449
1669613291812 1.0 12499
1669613306475 0.5 12549
1669613333959 0.375 12599
1669613348624 0.375 12649
1669613363336 0.375 12699
1669613378164 0.375 12749
1669613392993 0.875 12799
1669613420604 0.625 12849
1669613435274 0.625 12899
1669613449937 0.5 12949
1669613464765 0.75 12999
1669613492157 0.625 13049
1669613506987 0.625 13099
1669613521801 0.5 13149
1669613536459 0.75 13199
1669613564205 0.625 13249
1669613578807 0.75 13299
1669613593418 0.625 13349
1669613608069 0.625 13399
1669613622707 0.625 13449
1669613650394 0.75 13499
1669613665209 0.5 13549
1669613679901 0.75 13599
1669613694715 0.375 13649
1669613722275 0.625 13699
1669613737022 0.625 13749
1669613751710 0.625 13799
1669613766404 0.625 13849
1669613793851 0.5 13899
1669613808664 0.875 13949
1669613823343 0.5 13999
1669613838176 0.875 14049
1669613852991 0.75 14099
1669613880555 0.875 14149
1669613895227 0.625 14199
1669613910051 0.75 14249
1669613924807 0.875 14299
1669613952443 0.625 14349
1669613967121 0.875 14399
1669613981944 0.75 14449
1669613996772 0.75 14499
1669614024170 0.875 14549
1669614038816 0.625 14599
1669614053635 0.875 14649
1669614068298 0.625 14699
1669614082948 0.625 14749
1669614110398 0.5 14799
1669614125225 0.75 14849
1669614139984 0.75 14899
1669614154670 0.375 14949
1669614182137 0.625 14999
1669614196810 0.625 15049
1669614211469 0.625 15099
1669614226265 0.375 15149
1669614253633 0.5 15199
1669614268741 0.5 15249
1669614283556 0.75 15299
1669614298373 0.625 15349
1669614313050 0.625 15399
1669614340585 0.875 15449
1669614355282 0.625 15499
1669614369957 0.75 15549
1669614384642 0.625 15599
1669614412272 0.75 15649
1669614427199 0.5 15699
1669614441982 0.5 15749
1669614456635 0.5 15799
1669614484297 0.5 15849
1669614498943 0.5 15899
1669614513594 0.625 15949
1669614528237 0.5 15999
1669614542885 0.375 16049
1669614570670 0.75 16099
1669614585347 0.875 16149
1669614600165 0.375 16199
1669614614846 0.625 16249
1669614642164 0.625 16299
1669614656814 0.875 16349
1669614671465 0.875 16399
1669614686241 0.5 16449
1669614713771 0.625 16499
1669614728422 0.75 16549
1669614743119 0.375 16599
1669614757777 0.75 16649
1669614772719 0.875 16699
1669614800121 0.375 16749
1669614814815 0.75 16799
1669614829641 0.625 16849
1669614844350 0.5 16899
1669614871813 0.625 16949
1669614886615 0.75 16999
1669614901410 0.75 17049
1669614916069 0.75 17099
1669614943750 0.5 17149
1669614958406 0.625 17199
1669614973074 0.875 17249
1669614987741 0.875 17299
1669615002413 0.375 17349
1669615030031 0.625 17399
1669615044758 0.625 17449
1669615059620 0.75 17499
1669615074422 0.625 17549
1669615101915 0.625 17599
1669615116546 1.0 17649
1669615131175 0.625 17699
1669615145795 0.75 17749
1669615173447 0.625 17799
1669615188436 0.875 17849
1669615203162 0.375 17899
1669615217855 0.5 17949
1669615232540 0.5 17999
1669615260276 0.375 18049
1669615274927 0.625 18099
1669615289711 0.5 18149
1669615304622 0.75 18199
1669615331991 0.75 18249
1669615346908 0.75 18299
1669615361660 0.5 18349
1669615376443 0.5 18399
1669615404020 0.75 18449
1669615418753 0.625 18499
1669615433363 0.75 18549
1669615448239 0.5 18599
1669615462994 0.375 18649
1669615490170 0.375 18699
1669615504891 0.5 18749
1669615519585 0.875 18799
1669615534286 0.375 18849
1669615562070 0.5 18899
1669615576966 0.375 18949
1669615591749 0.5 18999
1669615606460 0.625 19049
1669615634290 1.0 19099
1669615649114 0.625 19149
1669615664006 0.625 19199
1669615678802 0.5 19249
1669615693601 0.5 19299
1669615721621 0.75 19349
1669615736301 0.5 19399
1669615750973 0.5 19449
1669615765767 0.875 19499
1669615793291 0.5 19549
1669615808145 0.875 19599
1669615822833 0.875 19649
1669615837676 0.5 19699
1669615865404 0.625 19749
1669615880048 0.625 19799
1669615894712 0.625 19849
1669615909518 0.5 19899
1669615924208 0.75 19949
1669615951845 0.875 19999
1669615966547 1.0 20049
1669615981375 0.625 20099
1669615996124 0.75 20149
1669616023646 0.75 20199
1669616038437 0.875 20249
1669616053154 0.375 20299
1669616067934 0.875 20349
1669616095417 0.5 20399
1669616110216 0.75 20449
1669616125006 0.625 20499
1669616139687 0.75 20549
1669616154362 0.625 20599
1669616181919 0.5 20649
1669616196747 0.625 20699
1669616211441 0.875 20749
1669616226381 0.5 20799
1669616253931 0.625 20849
1669616268731 0.625 20899
1669616283411 0.625 20949
1669616298080 0.75 20999
1669616325700 0.75 21049
1669616340398 0.875 21099
1669616355221 0.875 21149
1669616370072 0.5 21199
1669616384774 0.5 21249
1669616412268 0.625 21299
1669616426948 0.625 21349
1669616441629 0.75 21399
1669616456310 0.5 21449
1669616484017 0.875 21499
1669616498933 0.5 21549
1669616513585 0.75 21599
1669616528236 0.75 21649
1669616543536 0.5 21699
1669616571326 0.75 21749
1669616586011 1.0 21799
1669616600813 0.625 21849
1669616615484 0.625 21899
1669616643125 0.625 21949
1669616657921 0.625 21999
1669616672572 0.75 22049
1669616687214 0.5 22099
1669616715040 0.625 22149
1669616729707 0.5 22199
1669616744378 0.875 22249
1669616759055 0.625 22299
1669616773876 0.5 22349
1669616801282 0.75 22399
1669616815972 0.75 22449
1669616830623 0.875 22499
1669616845547 0.625 22549
1669616873099 0.625 22599
1669616887762 0.625 22649
1669616902552 0.625 22699
1669616917225 0.625 22749
1669616944825 0.625 22799
1669616959628 0.875 22849
1669616974291 0.625 22899
1669616989073 0.75 22949
1669617003730 0.625 22999
1669617031281 0.5 23049
1669617045946 0.625 23099
1669617060897 0.75 23149
1669617075571 0.75 23199
1669617103245 0.875 23249
1669617117933 0.5 23299
1669617132614 0.5 23349
1669617147418 0.5 23399
1669617175072 0.75 23449
1669617189776 0.375 23499
1669617204674 0.625 23549
1669617219352 0.75 23599
1669617234088 0.875 23649
1669617262102 0.75 23699
1669617276896 0.75 23749
1669617291821 0.625 23799
1669617306611 1.0 23849
1669617334156 0.625 23899
1669617348941 0.625 23949
1669617363577 0.625 23999
1669617378693 0.625 24049
1669617406240 0.75 24099
1669617420886 0.5 24149
1669617435714 0.5 24199
1669617450388 0.875 24249
1669617465036 0.75 24299
1669617492749 0.625 24349
1669617507448 0.875 24399
1669617522129 0.375 24449
1669617536952 0.75 24499
1669617564522 0.625 24549
1669617579167 0.875 24599
1669617593830 0.75 24649
1669617608499 0.625 24699
1669617636082 0.625 24749
1669617650756 0.625 24799
1669617665736 0.5 24849
1669617680413 0.75 24899
1669617695089 0.75 24949
1669617722704 0.75 24999
1669617737399 0.75 25049
1669617752092 0.625 25099
1669617766771 0.625 25149
1669617794564 0.5 25199
1669617809386 0.625 25249
1669617824171 0.625 25299
1669617839011 0.875 25349
1669617866726 0.5 25399
1669617881404 0.875 25449
1669617896171 0.5 25499
1669617910848 0.75 25549
1669617925519 0.75 25599
1669617953218 0.375 25649
1669617968138 0.75 25699
1669617982921 0.5 25749
1669617997699 0.375 25799
1669618025468 0.75 25849
1669618040299 0.5 25899
1669618055021 0.375 25949
1669618069723 0.875 25999
1669618097371 0.5 26049
1669618112010 0.875 26099
1669618126682 0.75 26149
1669618141490 0.125 26199
1669618156153 1.0 26249
1669618183603 0.5 26299
1669618198268 0.5 26349
1669618213082 0.625 26399
1669618227751 0.75 26449
1669618255334 0.625 26499
1669618270146 0.875 26549
1669618284817 0.875 26599
1669618299478 0.625 26649
1669618326927 0.625 26699
1669618341646 0.625 26749
1669618356635 0.75 26799
1669618371361 0.875 26849
1669618386089 1.0 26899
1669618413717 0.75 26949
1669618428435 0.25 26999
1669618443106 0.25 27049
1669618457929 0.625 27099
1669618485365 0.5 27149
1669618500072 0.5 27199
1669618514902 0.625 27249
1669618529576 0.625 27299
1669618557407 0.75 27349
1669618572051 0.625 27399
1669618586874 0.75 27449
1669618601526 0.75 27499
1669618616189 0.625 27549
1669618643618 0.5 27599
1669618658566 0.875 27649
1669618673397 0.5 27699
1669618688088 0.25 27749
1669618715589 0.75 27799
1669618730232 0.625 27849
1669618744916 0.875 27899
1669618759747 0.625 27949
1669618787113 0.75 27999
1669618801907 0.75 28049
1669618816709 0.75 28099
1669618831483 0.625 28149
1669618846128 0.375 28199
1669618873854 0.75 28249
1669618888534 0.625 28299
1669618903193 0.75 28349
1669618917881 0.875 28399
1669618945866 0.75 28449
1669618960760 0.875 28499
1669618975557 0.625 28549
1669618990254 0.5 28599
1669619017903 0.75 28649
1669619032650 0.25 28699
1669619047402 0.5 28749
1669619062073 0.375 28799
1669619077024 0.5 28849
1669619104811 0.5 28899
1669619119459 0.375 28949
1669619134120 0.625 28999
1669619148773 0.75 29049
1669619176278 0.75 29099
1669619190948 0.875 29149
1669619205598 0.875 29199
1669619220672 0.5 29249
1669619248130 0.5 29299
1669619262808 0.5 29349
1669619277514 0.75 29399
1669619292268 0.875 29449
1669619306958 0.625 29499
1669619334520 0.875 29549
1669619349445 0.625 29599
1669619364070 0.875 29649
1669619379122 0.625 29699
1669619406487 0.75 29749
1669619421156 0.5 29799
1669619435830 0.75 29849
1669619450576 0.875 29899
1669619478165 0.75 29949
1669619492941 0.375 29999
1669619507749 0.875 30049
1669619522661 0.75 30099
1669619537291 0.75 30149
1669619564732 0.75 30199
1669619579392 0.625 30249
1669619594191 0.5 30299
1669619608943 0.625 30349
1669619636661 0.5 30399
1669619651317 0.375 30449
1669619666254 0.5 30499
1669619681028 0.5 30549
1669619708515 0.625 30599
1669619723226 0.625 30649
1669619737910 0.5 30699
1669619752589 0.75 30749
1669619767263 0.375 30799
1669619795096 0.75 30849
1669619810062 1.0 30899
1669619824711 0.875 30949
1669619839486 0.875 30999
1669619866734 0.75 31049
1669619881407 0.625 31099
1669619896099 0.625 31149
1669619910778 0.625 31199
1669619938410 0.75 31249
1669619953194 0.875 31299
1669619967867 0.625 31349
1669619982651 0.875 31399
1669619997327 0.5 31449
1669620024882 0.875 31499
1669620039553 0.625 31549
1669620054366 0.75 31599
1669620069185 0.875 31649
1669620096869 0.625 31699
1669620111537 0.875 31749
1669620126340 0.375 31799
1669620141013 0.25 31849
1669620168563 0.75 31899
1669620183504 0.5 31949
1669620198187 0.5 31999
1669620213036 0.75 32049
1669620227734 0.75 32099
1669620255317 0.875 32149
1669620270106 0.75 32199
1669620284764 0.875 32249
1669620299422 0.5 32299
1669620326932 0.625 32349
1669620341718 0.75 32399
1669620356543 0.75 32449
1669620371230 0.625 32499
1669620385880 0.5 32549
1669620413571 0.625 32599
1669620428256 1.0 32649
1669620443044 0.625 32699
1669620457700 0.75 32749
1669620485328 0.75 32799
1669620500097 0.5 32849
1669620514740 0.75 32899
1669620529527 0.5 32949
1669620557061 0.625 32999
1669620571715 0.75 33049
1669620586511 0.875 33099
1669620601316 0.5 33149
1669620615992 1.0 33199
1669620643522 0.875 33249
1669620658212 0.625 33299
1669620672899 0.875 33349
1669620687695 0.875 33399
1669620715651 1.0 33449
1669620730460 0.875 33499
1669620745257 0.625 33549
1669620760023 0.625 33599
1669620787560 0.625 33649
1669620802405 0.625 33699
1669620817126 0.875 33749
1669620831830 0.625 33799
1669620846452 0.625 33849
1669620874397 1.0 33899
1669620889055 0.625 33949
1669620903707 0.875 33999
1669620918371 0.5 34049
1669620946022 0.75 34099
1669620960732 0.625 34149
1669620975432 0.625 34199
1669620990430 1.0 34249
1669621018093 0.5 34299
1669621032739 0.5 34349
1669621047383 0.5 34399
1669621062014 0.625 34449
1669621076790 0.75 34499
1669621104212 0.625 34549
1669621118832 0.75 34599
1669621133483 0.75 34649
1669621148276 0.5 34699
1669621175930 0.875 34749
1669621190587 0.625 34799
1669621205256 0.875 34849
1669621220064 0.75 34899
1669621247784 0.875 34949
1669621262486 0.5 34999
1669621277181 0.5 35049
1669621292036 0.875 35099
1669621306666 0.75 35149
1669621334225 0.625 35199
1669621349052 0.625 35249
1669621363927 0.75 35299
1669621378620 0.625 35349
1669621406109 0.625 35399
1669621420861 0.625 35449
1669621435596 0.625 35499
1669621450448 0.5 35549
1669621478155 0.625 35599
1669621492803 0.5 35649
1669621507633 0.625 35699
1669621522301 0.5 35749
1669621537018 0.625 35799
1669621564461 0.75 35849
1669621579217 1.0 35899
1669621594059 0.625 35949
1669621609033 0.5 35999
1669621636561 0.5 36049
1669621651186 1.0 36099
1669621665875 0.5 36149
1669621680707 0.625 36199
1669621708149 0.625 36249
1669621722842 0.375 36299
1669621737625 0.75 36349
1669621752426 1.0 36399
1669621767235 0.5 36449
1669621795049 0.875 36499
1669621809747 0.625 36549
1669621824605 0.625 36599
1669621839282 0.5 36649
1669621866873 0.75 36699
1669621881548 0.875 36749
1669621896491 0.625 36799
1669621911171 0.5 36849
1669621938825 0.5 36899
1669621953496 0.875 36949
1669621968234 0.875 36999
1669621982983 0.375 37049
1669621997959 0.875 37099
1669622025382 0.625 37149
1669622040227 0.625 37199
1669622054921 0.375 37249
1669622069622 0.625 37299
1669622097504 0.5 37349
1669622112204 0.75 37399
1669622126862 0.75 37449
1669622141810 0.625 37499
1669622169220 0.625 37549
1669622183852 0.625 37599
1669622198493 0.75 37649
1669622213407 0.5 37699
1669622228209 0.75 37749
1669622255832 0.75 37799
1669622270526 0.75 37849
1669622285370 0.5 37899
1669622300022 0.875 37949
1669622327684 0.75 37999
1669622342364 0.75 38049
1669622357045 0.5 38099
1669622371870 0.625 38149
1669622399557 0.75 38199
1669622414486 0.625 38249
1669622429158 0.5 38299
1669622443818 0.875 38349
1669622458626 0.5 38399
1669622486339 0.75 38449
1669622501164 0.875 38499
1669622515831 0.75 38549
1669622530511 0.75 38599
1669622558200 0.75 38649
1669622573076 0.5 38699
1669622587831 0.625 38749
1669622602753 0.5 38799
1669622630485 0.5 38849
1669622645162 0.75 38899
1669622660025 0.625 38949
1669622674877 0.875 38999
1669622689711 0.5 39049
1669622717377 0.375 39099
1669622732053 0.75 39149
1669622746893 0.75 39199
1669622761640 0.5 39249
1669622789446 0.375 39299
1669622804215 0.625 39349
1669622819124 1.0 39399
1669622833889 0.75 39449
1669622861648 0.75 39499
1669622876323 0.375 39549
1669622891004 0.625 39599
1669622906113 0.5 39649
1669622920802 0.5 39699
1669622948323 0.625 39749
1669622963192 0.75 39799
1669622978019 0.875 39849
1669622992732 0.75 39899
1669623020227 0.625 39949
1669623035034 0.875 39999
1669623049844 0.5 40049
1669623064643 0.875 40099
1669623092142 0.5 40149
1669623106855 1.0 40199
1669623121630 0.5 40249
1669623136854 0.75 40299
1669623151688 0.625 40349
1669623179148 0.875 40399
1669623193841 0.875 40449
1669623208544 0.625 40499
1669623223244 0.625 40549
1669623250702 0.25 40599
1669623265599 0.375 40649
1669623280498 0.375 40699
1669623295393 0.5 40749
1669623322775 0.625 40799
1669623337488 0.75 40849
1669623352209 0.875 40899
1669623366941 1.0 40949
1669623381656 0.625 40999
1669623409379 0.5 41049
1669623424287 0.75 41099
1669623439025 0.75 41149
1669623453782 0.625 41199
1669623481098 0.625 41249
1669623495870 0.75 41299
1669623510611 0.375 41349
1669623525361 0.625 41399
1669623553369 0.75 41449
1669623568211 0.625 41499
1669623582993 0.625 41549
1669623597733 0.5 41599
1669623612476 0.75 41649
1669623640128 0.75 41699
1669623654878 0.625 41749
1669623669607 0.375 41799
1669623684770 0.625 41849
1669623712361 0.625 41899
1669623727091 0.75 41949
1669623741834 0.625 41999
1669623756585 0.875 42049
1669623784031 0.5 42099
1669623798733 0.375 42149
1669623813661 0.25 42199
1669623828611 0.5 42249
1669623843520 0.5 42299
1669623871033 0.625 42349
1669623885753 0.5 42399
1669623900475 0.625 42449
1669623915197 0.75 42499
1669623942642 0.625 42549
1669623957391 1.0 42599
1669623972253 0.625 42649
1669623987234 1.0 42699
1669624014803 0.75 42749
1669624029563 0.625 42799
1669624044338 0.625 42849
1669624059120 0.75 42899
1669624073892 0.75 42949
1669624101182 0.875 42999
1669624116251 0.75 43049
1669624131278 0.5 43099
1669624146036 0.625 43149
1669624173774 0.75 43199
1669624188542 0.5 43249
1669624203352 0.75 43299
1669624218223 0.75 43349
1669624232812 1.0 43399
1669624260711 0.75 43449
1669624275642 0.625 43499
1669624290538 1.0 43549
1669624305249 0.25 43599
1669624333109 0.75 43649
1669624347833 0.75 43699
1669624362521 0.5 43749
1669624377412 0.75 43799
1669624405081 0.625 43849
1669624420035 0.625 43899
1669624435084 0.875 43949
1669624450014 0.625 43999
1669624464840 0.75 44049
1669624492605 0.875 44099
1669624507491 0.75 44149
1669624522515 0.5 44199
1669624537412 0.5 44249
1669624565324 0.875 44299
1669624580084 0.875 44349
1669624595121 0.625 44399
1669624609924 0.75 44449
1669624637696 0.5 44499
1669624652546 0.875 44549
1669624667311 1.0 44599
1669624682025 0.75 44649
1669624696833 0.25 44699
1669624724682 0.75 44749
1669624739542 0.375 44799
1669624754289 0.875 44849
1669624769004 0.75 44899
1669624796809 0.375 44949
1669624811517 0.625 44999
1669624826243 0.625 45049
1669624841318 0.75 45099
1669624869132 0.25 45149
1669624884054 0.75 45199
1669624898848 0.75 45249
1669624913631 0.625 45299
1669624928425 0.75 45349
1669624956169 0.625 45399
1669624971021 0.75 45449
1669624985705 0.875 45499
1669625000519 0.25 45549
1669625028401 0.5 45599
1669625043206 0.375 45649
1669625057996 0.75 45699
1669625072979 0.875 45749
1669625100849 0.5 45799
1669625115631 0.75 45849
1669625130830 0.5 45899
1669625145533 0.75 45949
1669625160313 0.25 45999
1669625187903 0.75 46049
1669625202619 0.875 46099
1669625217340 1.0 46149
1669625232351 0.625 46199
1669625260392 0.75 46249
1669625275174 0.625 46299
1669625289958 0.75 46349
1669625304751 0.625 46399
1669625332557 0.625 46449
1669625347269 0.375 46499
1669625362129 0.5 46549
1669625376839 0.875 46599
1669625391688 0.625 46649
1669625419399 0.625 46699
1669625434207 0.875 46749
1669625449009 0.75 46799
1669625463820 0.875 46849
1669625491846 0.625 46899
1669625506657 0.375 46949
1669625521462 0.875 46999
1669625536228 0.25 47049
1669625564139 0.375 47099
1669625579148 0.625 47149
1669625594199 0.625 47199
1669625609001 0.75 47249
1669625623815 0.625 47299
1669625651858 0.5 47349
1669625666587 0.625 47399
1669625681311 0.625 47449
1669625696076 0.75 47499
1669625724088 0.625 47549
1669625738892 0.75 47599
1669625753695 0.25 47649
1669625768509 0.75 47699
1669625796927 0.625 47749
1669625811705 0.375 47799
1669625826506 0.875 47849
1669625841323 0.75 47899
1669625856278 0.75 47949
1669625883972 0.875 47999
1669625898964 0.75 48049
1669625913674 0.75 48099
1669625928376 0.75 48149
1669625956157 0.75 48199
1669625970872 0.375 48249
1669625985753 0.625 48299
1669626000479 0.75 48349
1669626028433 0.875 48399
1669626043459 0.625 48449
1669626058187 0.875 48499
1669626072969 0.75 48549
1669626087699 0.5 48599
1669626115069 0.75 48649
1669626130055 0.25 48699
1669626144868 0.75 48749
1669626159674 0.75 48799
1669626187765 0.625 48849
1669626202624 0.375 48899
1669626217465 0.625 48949
1669626232325 0.625 48999
1669626260282 0.75 49049
1669626274980 0.875 49099
1669626289825 0.75 49149
1669626304663 0.5 49199
1669626319369 0.875 49249
1669626347320 0.375 49299
1669626362308 0.5 49349
1669626377222 0.625 49399
1669626391921 0.625 49449
1669626419757 0.625 49499
1669626434599 1.0 49549
1669626449414 0.375 49599
1669626464137 0.875 49649
1669626491874 0.625 49699
1669626506850 0.75 49749
1669626521587 0.75 49799
1669626536349 0.5 49849
1669626551264 0.375 49899
1669626579095 0.25 49949
1669626593818 0.625 49999
1669626608555 0.875 50049
1669626623259 0.25 50099
1669626651137 0.875 50149
1669626665898 1.0 50199
1669626680762 0.75 50249
1669626695531 0.5 50299
1669626723475 0.5 50349
1669626738101 0.625 50399
1669626752741 0.625 50449
1669626767389 0.5 50499
1669626782191 0.5 50549
1669626810035 0.5 50599
1669626824867 0.625 50649
1669626839880 0.75 50699
1669626854673 0.75 50749
1669626882457 0.875 50799
1669626897099 0.75 50849
1669626911802 0.625 50899
1669626926534 0.875 50949
1669626954473 0.75 50999
1669626969188 0.75 51049
1669626984128 0.5 51099
1669626998964 0.5 51149
1669627013806 0.5 51199
1669627041867 0.375 51249
1669627056576 0.375 51299
1669627071308 0.375 51349
1669627086269 0.75 51399
1669627114154 0.25 51449
1669627129120 0.75 51499
1669627143933 0.25 51549
1669627158790 0.75 51599
1669627186665 0.875 51649
1669627201298 0.625 51699
1669627216126 0.5 51749
1669627230759 0.5 51799
1669627245566 0.375 51849
1669627273593 0.75 51899
1669627288426 0.375 51949
1669627303130 0.75 51999
1669627317830 0.75 52049
1669627345645 1.0 52099
1669627360352 0.625 52149
1669627375010 0.875 52199
1669627389682 0.75 52249
1669627417569 0.25 52299
1669627432423 0.125 52349
1669627447313 0.875 52399
1669627462255 0.5 52449
1669627477277 0.75 52499
1669627505049 0.75 52549
1669627519842 0.75 52599
1669627534830 0.75 52649
1669627549572 0.625 52699
1669627577553 0.5 52749
1669627592266 0.875 52799
1669627606973 0.75 52849
1669627621724 0.625 52899
1669627649609 0.625 52949
1669627664403 0.625 52999
1669627679215 0.75 53049
1669627694015 0.375 53099
1669627708976 0.625 53149
1669627736903 0.875 53199
1669627751672 0.5 53249
1669627766588 0.625 53299
1669627781326 0.625 53349
1669627809077 0.5 53399
1669627823894 0.5 53449
1669627838895 0.75 53499
1669627854015 0.375 53549
1669627881601 0.75 53599
1669627896317 0.75 53649
1669627911173 0.875 53699
1669627925871 0.625 53749
1669627940621 0.625 53799
1669627968388 0.875 53849
1669627983514 0.75 53899
1669627998322 1.0 53949
1669628013155 0.75 53999
1669628041228 0.375 54049
1669628055912 0.875 54099
1669628070594 0.625 54149
1669628085299 0.75 54199
1669628100073 0.5 54249
1669628127863 0.375 54299
1669628142780 0.75 54349
1669628157450 0.5 54399
1669628172130 0.75 54449
1669628200177 0.625 54499
1669628214954 0.625 54549
1669628229837 0.5 54599
1669628244526 0.625 54649
1669628272586 0.25 54699
1669628287523 0.875 54749
1669628302207 0.75 54799
1669628316975 0.75 54849
1669628331907 0.875 54899
1669628359619 0.75 54949
1669628374469 0.5 54999
1669628389163 0.75 55049
1669628403869 0.625 55099
1669628431859 0.75 55149
1669628446574 0.875 55199
1669628461507 0.875 55249
1669628476297 0.5 55299
1669628504080 0.875 55349
1669628518930 0.75 55399
1669628533638 0.875 55449
1669628548437 0.625 55499
1669628563357 1.0 55549
1669628591226 0.625 55599
1669628606086 0.5 55649
1669628620796 0.875 55699
1669628635587 1.0 55749
1669628663467 0.875 55799
1669628678136 0.875 55849
1669628692826 0.375 55899
1669628707495 0.375 55949
1669628735700 0.625 55999
1669628751026 0.625 56049
1669628765808 0.625 56099
1669628780574 0.75 56149
1669628795291 0.75 56199
1669628823296 0.75 56249
1669628838026 0.75 56299
1669628852777 0.375 56349
1669628867812 0.875 56399
1669628895820 0.75 56449
1669628910502 0.75 56499
1669628925169 0.75 56549
1669628940009 1.0 56599
1669628967908 1.0 56649
1669628982698 0.5 56699
1669628997525 0.625 56749
1669629012341 0.75 56799
1669629027427 0.75 56849
1669629055350 0.5 56899
1669629070105 0.75 56949
1669629084829 0.875 56999
1669629099547 0.375 57049
1669629127333 0.375 57099
1669629142388 0.625 57149
1669629157095 0.75 57199
1669629171745 0.5 57249
1669629199338 0.625 57299
1669629214053 0.625 57349
1669629228788 0.5 57399
1669629243511 0.875 57449
1669629258346 0.5 57499
1669629286371 0.875 57549
1669629301066 0.625 57599
1669629315761 0.875 57649
1669629330452 0.75 57699
1669629358402 0.625 57749
1669629373139 0.875 57799
1669629388012 1.0 57849
1669629402909 0.875 57899
1669629430804 0.5 57949
1669629445458 0.75 57999
1669629460151 0.625 58049
1669629474899 0.875 58099
1669629489647 0.5 58149
1669629517480 0.75 58199
1669629532186 0.875 58249
1669629546875 1.0 58299
1669629561743 0.875 58349
1669629589645 0.5 58399
1669629604398 0.625 58449
1669629619056 0.875 58499
1669629633901 0.5 58549
1669629661803 0.75 58599
1669629676733 0.625 58649
1669629691549 0.75 58699
1669629706374 0.375 58749
1669629721658 0.375 58799
1669629749365 0.75 58849
1669629764187 0.625 58899
1669629778987 0.625 58949
1669629793785 0.5 58999
1669629821760 1.0 59049
1669629836544 0.875 59099
1669629851502 0.75 59149
1669629866325 0.625 59199
1669629894431 0.75 59249
1669629909218 1.0 59299
1669629924019 0.625 59349
1669629938822 0.375 59399
1669629953623 0.5 59449
1669629981536 0.375 59499
1669629996426 0.5 59549
1669630011292 0.625 59599
1669630025992 0.875 59649
1669630053681 0.375 59699
1669630068347 0.75 59749
1669630083025 0.625 59799
1669630097890 0.75 59849
1669630125358 1.0 59899
1669630140399 0.75 59949
1669630155118 0.75 59999
1669630169839 0.375 60049
1669630184686 0.625 60099
1669630212474 0.625 60149
1669630227252 0.625 60199
1669630242029 0.5 60249
1669630256950 0.375 60299
1669630284955 1.0 60349
1669630300023 0.25 60399
1669630314808 0.5 60449
1669630329642 0.75 60499
1669630357369 0.875 60549
1669630372198 0.5 60599
1669630386905 0.625 60649
1669630401580 0.625 60699
1669630416570 1.0 60749
1669630444153 0.625 60799
1669630458905 0.875 60849
1669630473817 0.75 60899
1669630488606 0.375 60949
1669630516229 0.875 60999
1669630531096 0.875 61049
1669630545879 0.875 61099
1669630560660 0.375 61149
1669630588861 0.75 61199
1669630603482 0.5 61249
1669630618168 0.75 61299
1669630633146 0.75 61349
1669630647797 0.75 61399
1669630675377 0.375 61449
1669630690191 0.875 61499
1669630704991 0.25 61549
1669630719877 0.75 61599
1669630747774 1.0 61649
1669630762486 0.375 61699
1669630777359 0.625 61749
1669630792238 0.625 61799
1669630819960 0.875 61849
1669630834644 0.625 61899
1669630849354 0.5 61949
1669630864065 0.5 61999
1669630878939 0.75 62049
1669630906793 0.875 62099
1669630921652 0.625 62149
1669630936581 0.25 62199
1669630951389 0.875 62249
1669630979253 0.75 62299
1669630993959 0.5 62349
1669631008684 0.5 62399
1669631023402 0.375 62449
1669631051550 0.625 62499
1669631066437 1.0 62549
1669631081166 0.5 62599
1669631095923 0.625 62649
1669631110851 0.375 62699
1669631138584 0.875 62749
1669631153260 0.875 62799
1669631168148 0.875 62849
1669631182963 0.125 62899
1669631210636 0.75 62949
1669631225327 0.875 62999
1669631240015 0.5 63049
1669631254855 0.625 63099
1669631282360 0.5 63149
1669631297011 0.5 63199
1669631311691 0.625 63249
1669631326532 0.625 63299
1669631341359 0.75 63349
1669631368855 0.75 63399
1669631383868 0.75 63449
1669631398544 0.5 63499
1669631413220 0.25 63549
1669631440646 0.625 63599
1669631455326 0.625 63649
1669631470269 0.625 63699
1669631484937 0.625 63749
1669631512478 0.875 63799
1669631527275 0.375 63849
1669631542060 0.625 63899
1669631557084 0.875 63949
1669631571803 1.0 63999
1669631599374 0.625 64049
1669631614059 0.625 64099
1669631629013 0.75 64149
1669631643822 0.875 64199
1669631671279 0.75 64249
1669631685961 1.0 64299
1669631700639 0.875 64349
1669631715319 0.75 64399
1669631743028 0.375 64449
1669631757765 0.875 64499
1669631772534 0.375 64549
1669631787145 0.75 64599
1669631801759 0.5 64649
1669631829337 0.75 64699
1669631844018 0.875 64749
1669631858685 0.75 64799
1669631873391 0.875 64849
1669631901235 0.5 64899
1669631915995 0.75 64949
1669631930711 0.75 64999
1669631945621 0.75 65049
1669631960206 1.0 65099
