1669608906174 0.5 49
1669608920766 0.5 99
1669608935628 0.8333333134651184 149
1669608950367 0.1666666716337204 199
1669608977423 1.0 249
1669608992082 0.20000000298023224 299
1669609006731 0.3333333432674408 349
1669609021386 0.6666666865348816 399
1669609048396 0.1666666716337204 449
1669609063153 0.5 499
1669609077951 0.4000000059604645 549
1669609092750 0.4000000059604645 599
1669609107536 0.5 649
1669609134537 0.6000000238418579 699
1669609149174 0.5 749
1669609163822 0.20000000298023224 799
1669609178606 0.0 849
1669609205555 0.8333333134651184 899
1669609220466 0.0 949
1669609235081 0.1666666716337204 999
1669609249854 0.0 1049
1669609276968 0.4000000059604645 1099
1669609291706 0.5 1149
1669609306335 0.20000000298023224 1199
1669609321086 0.20000000298023224 1249
1669609335702 0.1666666716337204 1299
1669609362946 0.4000000059604645 1349
1669609377575 0.20000000298023224 1399
1669609392373 0.8333333134651184 1449
1669609407025 0.25 1499
1669609434197 0.5 1549
1669609448987 0.3333333432674408 1599
1669609463619 0.25 1649
1669609478380 0.25 1699
1669609505842 0.20000000298023224 1749
1669609520606 0.25 1799
1669609535250 0.20000000298023224 1849
1669609549891 0.20000000298023224 1899
1669609564689 0.25 1949
1669609591761 0.0 1999
1669609606374 0.3333333432674408 2049
1669609620986 0.6666666865348816 2099
1669609635738 0.25 2149
1669609662894 0.3333333432674408 2199
1669609677687 0.3333333432674408 2249
1669609692508 0.3333333432674408 2299
1669609707180 0.0 2349
1669609734533 0.0 2399
1669609749478 0.4000000059604645 2449
1669609764143 0.75 2499
1669609778778 0.75 2549
1669609793421 0.0 2599
1669609820812 0.0 2649
1669609835651 0.3333333432674408 2699
1669609850302 0.25 2749
1669609865098 0.2857142984867096 2799
1669609892285 0.3333333432674408 2849
1669609907031 0.6666666865348816 2899
1669609921630 0.0 2949
1669609936242 0.25 2999
1669609963485 0.6666666865348816 3049
1669609978261 0.25 3099
1669609993131 0.5 3149
1669610007729 0.25 3199
1669610022451 0.5 3249
1669610049821 0.0 3299
1669610064409 0.4285714328289032 3349
1669610079003 0.0 3399
1669610093622 0.0 3449
1669610120931 0.25 3499
1669610135577 0.25 3549
1669610150371 0.5 3599
1669610165029 0.6666666865348816 3649
1669610192210 0.5 3699
1669610207002 0.3333333432674408 3749
1669610221668 0.3333333432674408 3799
1669610236390 0.6666666865348816 3849
1669610251066 1.0 3899
1669610278487 0.5 3949
1669610293241 0.0 3999
1669610307996 0.6000000238418579 4049
1669610322744 0.800000011920929 4099
1669610350187 0.75 4149
1669610364908 0.3333333432674408 4199
1669610379580 0.5 4249
1669610394554 0.20000000298023224 4299
1669610421926 0.0 4349
1669610436586 0.25 4399
1669610451255 1.0 4449
1669610466039 1.0 4499
1669610480691 0.6666666865348816 4549
1669610508048 0.800000011920929 4599
1669610522838 0.5 4649
1669610537484 0.0 4699
1669610552180 0.0 4749
1669610579480 0.25 4799
1669610594303 0.5 4849
1669610609138 1.0 4899
1669610623792 0.25 4949
1669610651168 0.4000000059604645 4999
1669610665783 0.6666666865348816 5049
1669610680418 0.0 5099
1669610695196 0.1428571492433548 5149
1669610710013 0.5 5199
1669610737346 0.25 5249
1669610752101 0.5 5299
1669610766865 0.5 5349
1669610781494 0.25 5399
1669610808798 0.6666666865348816 5449
1669610823577 0.4000000059604645 5499
1669610838242 1.0 5549
1669610853037 0.800000011920929 5599
1669610880258 0.0 5649
1669610895147 0.5 5699
1669610909796 1.0 5749
1669610924483 0.5 5799
1669610939135 0.0 5849
1669610966361 0.4000000059604645 5899
1669610981124 0.6666666865348816 5949
1669610995766 0.0 5999
1669611011149 0.5 6049
1669611038618 0.6000000238418579 6099
1669611053263 0.20000000298023224 6149
1669611067908 0.2857142984867096 6199
1669611082554 0.3333333432674408 6249
1669611109661 0.25 6299
1669611124467 0.0 6349
1669611139250 1.0 6399
1669611154008 0.3333333432674408 6449
1669611168638 0.4000000059604645 6499
1669611196047 0.6666666865348816 6549
1669611210706 0.0 6599
1669611225372 0.25 6649
1669611240025 0.5 6699
1669611267405 0.20000000298023224 6749
1669611282075 0.0 6799
1669611297009 1.0 6849
1669611311824 0.4000000059604645 6899
1669611339130 0.6666666865348816 6949
1669611353806 1.0 6999
1669611368498 0.25 7049
1669611383340 1.0 7099
1669611398004 0.3333333432674408 7149
1669611425391 0.75 7199
1669611440231 0.4000000059604645 7249
1669611454886 0.3333333432674408 7299
1669611469686 0.6000000238418579 7349
1669611496837 0.3333333432674408 7399
1669611511496 0.25 7449
1669611526271 0.0 7499
1669611540916 0.3333333432674408 7549
1669611568196 0.75 7599
1669611582959 0.3333333432674408 7649
1669611597605 1.0 7699
1669611612255 1.0 7749
1669611626905 0.1666666716337204 7799
1669611654434 0.0 7849
1669611669167 0.3333333432674408 7899
1669611684105 0.75 7949
1669611698772 0.800000011920929 7999
1669611726150 0.6666666865348816 8049
1669611740859 0.5 8099
1669611755548 0.5 8149
1669611770224 0.25 8199
1669611797711 0.0 8249
1669611812609 0.0 8299
1669611827460 0.20000000298023224 8349
1669611842180 0.0 8399
1669611856911 1.0 8449
1669611884142 0.25 8499
1669611898807 0.0 8549
1669611913453 0.25 8599
1669611928254 0.0 8649
1669611955651 0.0 8699
1669611970421 0.5 8749
1669611985204 0.0 8799
1669611999832 0.5 8849
1669612027029 0.5 8899
1669612041665 0.5 8949
1669612056473 0.3333333432674408 8999
1669612071104 0.0 9049
1669612086029 0.4000000059604645 9099
1669612113412 0.5 9149
1669612128198 1.0 9199
1669612142880 0.3333333432674408 9249
1669612157531 0.75 9299
1669612184844 1.0 9349
1669612199632 0.1666666716337204 9399
1669612214384 0.1666666716337204 9449
1669612229149 0.0 9499
1669612256568 1.0 9549
1669612271195 0.0 9599
1669612285964 0.25 9649
1669612300601 0.6666666865348816 9699
1669612315273 0.75 9749
1669612342678 1.0 9799
1669612357518 0.0 9849
1669612372398 0.3333333432674408 9899
1669612387106 0.800000011920929 9949
1669612414574 0.6666666865348816 9999
1669612429374 0.5 10049
1669612444034 1.0 10099
1669612458694 0.25 10149
1669612486105 0.0 10199
1669612500902 0.5 10249
1669612515729 0.3333333432674408 10299
1669612530536 0.6666666865348816 10349
1669612545208 0.4000000059604645 10399
1669612572651 0.25 10449
1669612587520 0.800000011920929 10499
1669612602256 1.0 10549
1669612616958 1.0 10599
1669612644447 0.800000011920929 10649
1669612659419 0.75 10699
1669612674066 0.0 10749
1669612688699 1.0 10799
1669612703132 0.0 10849
1669612730983 1.0 10899
1669612745761 0.5 10949
1669612760415 0.800000011920929 10999
1669612775058 1.0 11049
1669612803131 0.0 11099
1669612817770 0.6666666865348816 11149
1669612832413 0.0 11199
1669612847059 0.6666666865348816 11249
1669612874414 1.0 11299
1669612889216 0.6000000238418579 11349
1669612903886 0.6666666865348816 11399
1669612918710 0.5 11449
1669612933543 0.3333333432674408 11499
1669612960820 0.6666666865348816 11549
1669612975505 1.0 11599
1669612990365 0.3333333432674408 11649
1669613005159 0.25 11699
1669613032616 0.4000000059604645 11749
1669613047257 0.5 11799
1669613062193 0.0 11849
1669613076836 0.25 11899
1669613104146 0.0 11949
1669613118844 0.0 11999
1669613133700 0.3333333432674408 12049
1669613148399 0.20000000298023224 12099
1669613163210 0.3333333432674408 12149
1669613190615 1.0 12199
1669613205408 0.5 12249
1669613220193 0.5 12299
1669613234841 0.75 12349
1669613262317 0.5 12399
1669613277122 0.5 12449
1669613291812 1.0 12499
1669613306475 0.25 12549
1669613333959 0.0 12599
1669613348624 0.1666666716337204 12649
1669613363336 0.20000000298023224 12699
1669613378164 0.1666666716337204 12749
1669613392993 1.0 12799
1669613420604 0.3333333432674408 12849
1669613435274 0.3333333432674408 12899
1669613449937 0.4000000059604645 12949
1669613464765 0.75 12999
1669613492157 0.25 13049
1669613506987 0.25 13099
1669613521801 0.3333333432674408 13149
1669613536459 1.0 13199
1669613564205 0.3333333432674408 13249
1669613578807 1.0 13299
1669613593418 0.5 13349
1669613608069 0.5 13399
1669613622707 0.5 13449
1669613650394 0.5 13499
1669613665209 0.0 13549
1669613679901 0.5 13599
1669613694715 0.25 13649
1669613722275 0.6000000238418579 13699
1669613737022 0.25 13749
1669613751710 0.3333333432674408 13799
1669613766404 0.0 13849
1669613793851 0.20000000298023224 13899
1669613808664 0.75 13949
1669613823343 0.3333333432674408 13999
1669613838176 0.75 14049
1669613852991 0.6000000238418579 14099
1669613880555 0.5 14149
1669613895227 0.6000000238418579 14199
1669613910051 0.6666666865348816 14249
1669613924807 0.6666666865348816 14299
1669613952443 0.6000000238418579 14349
1669613967121 1.0 14399
1669613981944 0.6666666865348816 14449
1669613996772 1.0 14499
1669614024170 1.0 14549
1669614038816 0.3333333432674408 14599
1669614053635 0.6666666865348816 14649
1669614068298 0.4000000059604645 14699
1669614082948 0.25 14749
1669614110398 0.0 14799
1669614125225 0.5 14849
1669614139984 0.6666666865348816 14899
1669614154670 0.25 14949
1669614182137 0.0 14999
1669614196810 0.25 15049
1669614211469 0.3333333432674408 15099
1669614226265 0.25 15149
1669614253633 0.0 15199
1669614268741 0.20000000298023224 15249
1669614283556 0.5 15299
1669614298373 0.5 15349
1669614313050 0.0 15399
1669614340585 1.0 15449
1669614355282 0.3333333432674408 15499
1669614369957 1.0 15549
1669614384642 0.25 15599
1669614412272 1.0 15649
1669614427199 0.3333333432674408 15699
1669614441982 0.4000000059604645 15749
1669614456635 0.5 15799
1669614484297 0.25 15849
1669614498943 0.3333333432674408 15899
1669614513594 0.6000000238418579 15949
1669614528237 0.3333333432674408 15999
1669614542885 0.25 16049
1669614570670 0.0 16099
1669614585347 0.6666666865348816 16149
1669614600165 0.0 16199
1669614614846 0.25 16249
1669614642164 0.3333333432674408 16299
1669614656814 1.0 16349
1669614671465 1.0 16399
1669614686241 0.0 16449
1669614713771 0.25 16499
1669614728422 0.3333333432674408 16549
1669614743119 0.3333333432674408 16599
1669614757777 0.5 16649
1669614772719 1.0 16699
1669614800121 0.3333333432674408 16749
1669614814815 0.0 16799
1669614829641 0.3333333432674408 16849
1669614844350 0.5 16899
1669614871813 0.4000000059604645 16949
1669614886615 0.0 16999
1669614901410 0.5 17049
1669614916069 1.0 17099
1669614943750 0.4000000059604645 17149
1669614958406 1.0 17199
1669614973074 0.6666666865348816 17249
1669614987741 0.75 17299
1669615002413 0.20000000298023224 17349
1669615030031 0.6666666865348816 17399
1669615044758 0.6666666865348816 17449
1669615059620 0.0 17499
1669615074422 0.3333333432674408 17549
1669615101915 0.0 17599
1669615116546 1.0 17649
1669615131175 0.6666666865348816 17699
1669615145795 0.800000011920929 17749
1669615173447 1.0 17799
1669615188436 0.0 17849
1669615203162 0.20000000298023224 17899
1669615217855 1.0 17949
1669615232540 0.4000000059604645 17999
1669615260276 0.3333333432674408 18049
1669615274927 0.0 18099
1669615289711 0.0 18149
1669615304622 0.6000000238418579 18199
1669615331991 0.6000000238418579 18249
1669615346908 0.3333333432674408 18299
1669615361660 0.25 18349
1669615376443 0.3333333432674408 18399
1669615404020 1.0 18449
1669615418753 0.0 18499
1669615433363 0.3333333432674408 18549
1669615448239 0.5 18599
1669615462994 0.25 18649
1669615490170 0.0 18699
1669615504891 0.6666666865348816 18749
1669615519585 0.800000011920929 18799
1669615534286 0.3333333432674408 18849
1669615562070 0.0 18899
1669615576966 0.25 18949
1669615591749 0.0 18999
1669615606460 0.3333333432674408 19049
1669615634290 1.0 19099
1669615649114 0.5 19149
1669615664006 0.3333333432674408 19199
1669615678802 0.25 19249
1669615693601 0.5 19299
1669615721621 0.5 19349
1669615736301 0.25 19399
1669615750973 0.0 19449
1669615765767 1.0 19499
1669615793291 0.5 19549
1669615808145 0.0 19599
1669615822833 0.75 19649
1669615837676 0.4000000059604645 19699
1669615865404 0.25 19749
1669615880048 0.4000000059604645 19799
1669615894712 0.5 19849
1669615909518 0.0 19899
1669615924208 0.6666666865348816 19949
1669615951845 0.75 19999
1669615966547 1.0 20049
1669615981375 0.75 20099
1669615996124 0.6666666865348816 20149
1669616023646 0.6000000238418579 20199
1669616038437 1.0 20249
1669616053154 0.1666666716337204 20299
1669616067934 1.0 20349
1669616095417 0.25 20399
1669616110216 0.5 20449
1669616125006 0.5 20499
1669616139687 0.5 20549
1669616154362 0.5 20599
1669616181919 0.25 20649
1669616196747 0.5 20699
1669616211441 1.0 20749
1669616226381 0.25 20799
1669616253931 0.6000000238418579 20849
1669616268731 0.0 20899
1669616283411 0.0 20949
1669616298080 0.6666666865348816 20999
1669616325700 0.75 21049
1669616340398 1.0 21099
1669616355221 0.6666666865348816 21149
1669616370072 0.4285714328289032 21199
1669616384774 0.3333333432674408 21249
1669616412268 1.0 21299
1669616426948 0.5 21349
1669616441629 0.0 21399
1669616456310 0.0 21449
1669616484017 1.0 21499
1669616498933 0.25 21549
1669616513585 0.800000011920929 21599
1669616528236 0.800000011920929 21649
1669616543536 0.0 21699
1669616571326 0.0 21749
1669616586011 1.0 21799
1669616600813 0.3333333432674408 21849
1669616615484 0.3333333432674408 21899
1669616643125 0.75 21949
1669616657921 0.800000011920929 21999
1669616672572 0.6666666865348816 22049
1669616687214 0.25 22099
1669616715040 0.0 22149
1669616729707 0.0 22199
1669616744378 0.0 22249
1669616759055 0.0 22299
1669616773876 0.6000000238418579 22349
1669616801282 0.5 22399
1669616815972 0.5 22449
1669616830623 0.75 22499
1669616845547 0.6666666865348816 22549
1669616873099 0.6666666865348816 22599
1669616887762 0.0 22649
1669616902552 0.0 22699
1669616917225 0.25 22749
1669616944825 0.4000000059604645 22799
1669616959628 0.0 22849
1669616974291 0.3333333432674408 22899
1669616989073 0.75 22949
1669617003730 0.5 22999
1669617031281 0.0 23049
1669617045946 0.3333333432674408 23099
1669617060897 0.75 23149
1669617075571 0.5 23199
1669617103245 0.6666666865348816 23249
1669617117933 0.0 23299
1669617132614 0.5 23349
1669617147418 0.25 23399
1669617175072 0.5 23449
1669617189776 0.0 23499
1669617204674 0.0 23549
1669617219352 0.5 23599
1669617234088 0.5 23649
1669617262102 0.3333333432674408 23699
1669617276896 1.0 23749
1669617291821 0.0 23799
1669617306611 1.0 23849
1669617334156 0.0 23899
1669617348941 0.0 23949
1669617363577 0.3333333432674408 23999
1669617378693 0.0 24049
1669617406240 0.6666666865348816 24099
1669617420886 0.0 24149
1669617435714 0.0 24199
1669617450388 1.0 24249
1669617465036 0.5 24299
1669617492749 0.5 24349
1669617507448 0.75 24399
1669617522129 0.20000000298023224 24449
1669617536952 0.6000000238418579 24499
1669617564522 0.6000000238418579 24549
1669617579167 1.0 24599
1669617593830 0.0 24649
1669617608499 0.5 24699
1669617636082 0.0 24749
1669617650756 0.25 24799
1669617665736 0.0 24849
1669617680413 0.3333333432674408 24899
1669617695089 0.0 24949
1669617722704 0.6666666865348816 24999
1669617737399 0.3333333432674408 25049
1669617752092 0.5 25099
1669617766771 0.5 25149
1669617794564 0.0 25199
1669617809386 0.3333333432674408 25249
1669617824171 0.3333333432674408 25299
1669617839011 0.75 25349
1669617866726 0.0 25399
1669617881404 0.6666666865348816 25449
1669617896171 0.3333333432674408 25499
1669617910848 1.0 25549
1669617925519 0.6666666865348816 25599
1669617953218 0.1666666716337204 25649
1669617968138 0.5 25699
1669617982921 0.5 25749
1669617997699 0.5 25799
1669618025468 0.6000000238418579 25849
1669618040299 0.6666666865348816 25899
1669618055021 0.0 25949
1669618069723 0.0 25999
1669618097371 1.0 26049
1669618112010 0.5 26099
1669618126682 0.5 26149
1669618141490 0.1666666716337204 26199
1669618156153 1.0 26249
1669618183603 0.0 26299
1669618198268 0.3333333432674408 26349
1669618213082 0.5 26399
1669618227751 0.6666666865348816 26449
1669618255334 0.6000000238418579 26499
1669618270146 1.0 26549
1669618284817 0.5 26599
1669618299478 0.25 26649
1669618326927 0.6000000238418579 26699
1669618341646 0.4000000059604645 26749
1669618356635 0.5 26799
1669618371361 1.0 26849
1669618386089 1.0 26899
1669618413717 0.3333333432674408 26949
1669618428435 0.0 26999
1669618443106 0.0 27049
1669618457929 0.0 27099
1669618485365 0.0 27149
1669618500072 0.20000000298023224 27199
1669618514902 0.25 27249
1669618529576 0.25 27299
1669618557407 0.3333333432674408 27349
1669618572051 0.3333333432674408 27399
1669618586874 0.3333333432674408 27449
1669618601526 0.0 27499
1669618616189 0.6000000238418579 27549
1669618643618 0.0 27599
1669618658566 1.0 27649
1669618673397 0.4000000059604645 27699
1669618688088 0.0 27749
1669618715589 0.6666666865348816 27799
1669618730232 0.0 27849
1669618744916 0.75 27899
1669618759747 0.4000000059604645 27949
1669618787113 0.5 27999
1669618801907 0.6666666865348816 28049
1669618816709 0.6666666865348816 28099
1669618831483 0.6666666865348816 28149
1669618846128 0.1666666716337204 28199
1669618873854 0.6666666865348816 28249
1669618888534 0.25 28299
1669618903193 0.6666666865348816 28349
1669618917881 0.75 28399
1669618945866 0.6666666865348816 28449
1669618960760 1.0 28499
1669618975557 0.0 28549
1669618990254 0.20000000298023224 28599
1669619017903 0.0 28649
1669619032650 0.1666666716337204 28699
1669619047402 0.4000000059604645 28749
1669619062073 0.20000000298023224 28799
1669619077024 0.6000000238418579 28849
1669619104811 0.4000000059604645 28899
1669619119459 0.3333333432674408 28949
1669619134120 0.4000000059604645 28999
1669619148773 0.6666666865348816 29049
1669619176278 1.0 29099
1669619190948 1.0 29149
1669619205598 0.0 29199
1669619220672 0.20000000298023224 29249
1669619248130 0.25 29299
1669619262808 0.75 29349
1669619277514 0.0 29399
1669619292268 0.6666666865348816 29449
1669619306958 0.5 29499
1669619334520 0.5 29549
1669619349445 0.5 29599
1669619364070 0.0 29649
1669619379122 0.4000000059604645 29699
1669619406487 0.5 29749
1669619421156 0.0 29799
1669619435830 0.75 29849
1669619450576 0.5 29899
1669619478165 0.5 29949
1669619492941 0.4000000059604645 29999
1669619507749 0.6666666865348816 30049
1669619522661 0.6666666865348816 30099
1669619537291 0.3333333432674408 30149
1669619564732 0.6666666865348816 30199
1669619579392 0.5 30249
1669619594191 0.25 30299
1669619608943 0.4000000059604645 30349
1669619636661 0.0 30399
1669619651317 0.5 30449
1669619666254 0.25 30499
1669619681028 0.5 30549
1669619708515 0.5 30599
1669619723226 0.6000000238418579 30649
1669619737910 0.4000000059604645 30699
1669619752589 0.75 30749
1669619767263 0.25 30799
1669619795096 0.6666666865348816 30849
1669619810062 1.0 30899
1669619824711 1.0 30949
1669619839486 1.0 30999
1669619866734 0.0 31049
1669619881407 0.3333333432674408 31099
1669619896099 0.3333333432674408 31149
1669619910778 0.4000000059604645 31199
1669619938410 0.6000000238418579 31249
1669619953194 0.5 31299
1669619967867 1.0 31349
1669619982651 0.5 31399
1669619997327 0.5 31449
1669620024882 1.0 31499
1669620039553 0.5 31549
1669620054366 0.6000000238418579 31599
1669620069185 0.75 31649
1669620096869 0.3333333432674408 31699
1669620111537 0.5 31749
1669620126340 0.0 31799
1669620141013 0.25 31849
1669620168563 1.0 31899
1669620183504 0.3333333432674408 31949
1669620198187 0.3333333432674408 31999
1669620213036 0.75 32049
1669620227734 0.6000000238418579 32099
1669620255317 0.6666666865348816 32149
1669620270106 0.6666666865348816 32199
1669620284764 1.0 32249
1669620299422 0.0 32299
1669620326932 0.25 32349
1669620341718 0.6666666865348816 32399
1669620356543 0.6000000238418579 32449
1669620371230 0.0 32499
1669620385880 0.0 32549
1669620413571 0.4000000059604645 32599
1669620428256 1.0 32649
1669620443044 0.4000000059604645 32699
1669620457700 0.6666666865348816 32749
1669620485328 0.3333333432674408 32799
1669620500097 0.25 32849
1669620514740 0.6000000238418579 32899
1669620529527 0.5 32949
1669620557061 0.5 32999
1669620571715 0.3333333432674408 33049
1669620586511 0.6666666865348816 33099
1669620601316 0.25 33149
1669620615992 1.0 33199
1669620643522 0.6666666865348816 33249
1669620658212 0.3333333432674408 33299
1669620672899 1.0 33349
1669620687695 0.0 33399
1669620715651 1.0 33449
1669620730460 1.0 33499
1669620745257 0.3333333432674408 33549
1669620760023 0.25 33599
1669620787560 0.0 33649
1669620802405 0.5 33699
1669620817126 0.5 33749
1669620831830 0.6000000238418579 33799
1669620846452 1.0 33849
1669620874397 1.0 33899
1669620889055 0.6000000238418579 33949
1669620903707 1.0 33999
1669620918371 0.0 34049
1669620946022 0.5 34099
1669620960732 0.75 34149
1669620975432 0.25 34199
1669620990430 1.0 34249
1669621018093 0.4000000059604645 34299
1669621032739 0.0 34349
1669621047383 0.4000000059604645 34399
1669621062014 0.25 34449
1669621076790 0.3333333432674408 34499
1669621104212 0.0 34549
1669621118832 0.5 34599
1669621133483 1.0 34649
1669621148276 0.25 34699
1669621175930 1.0 34749
1669621190587 0.0 34799
1669621205256 0.6666666865348816 34849
1669621220064 0.5 34899
1669621247784 1.0 34949
1669621262486 0.0 34999
1669621277181 0.5 35049
1669621292036 0.6666666865348816 35099
1669621306666 0.0 35149
1669621334225 0.25 35199
1669621349052 0.4000000059604645 35249
1669621363927 0.0 35299
1669621378620 0.4000000059604645 35349
1669621406109 0.4000000059604645 35399
1669621420861 0.0 35449
1669621435596 0.6666666865348816 35499
1669621450448 0.5 35549
1669621478155 0.6000000238418579 35599
1669621492803 0.6666666865348816 35649
1669621507633 0.0 35699
1669621522301 0.3333333432674408 35749
1669621537018 0.0 35799
1669621564461 0.6666666865348816 35849
1669621579217 1.0 35899
1669621594059 1.0 35949
1669621609033 0.25 35999
1669621636561 0.3333333432674408 36049
1669621651186 1.0 36099
1669621665875 0.3333333432674408 36149
1669621680707 0.0 36199
1669621708149 0.0 36249
1669621722842 0.2857142984867096 36299
1669621737625 0.6666666865348816 36349
1669621752426 0.0 36399
1669621767235 0.0 36449
1669621795049 1.0 36499
1669621809747 0.5 36549
1669621824605 0.4000000059604645 36599
1669621839282 0.3333333432674408 36649
1669621866873 0.3333333432674408 36699
1669621881548 0.5 36749
1669621896491 0.25 36799
1669621911171 0.5 36849
1669621938825 0.3333333432674408 36899
1669621953496 0.6666666865348816 36949
1669621968234 0.6666666865348816 36999
1669621982983 0.3333333432674408 37049
1669621997959 0.75 37099
1669622025382 1.0 37149
1669622040227 0.6666666865348816 37199
1669622054921 0.25 37249
1669622069622 0.0 37299
1669622097504 0.5 37349
1669622112204 0.6666666865348816 37399
1669622126862 0.6000000238418579 37449
1669622141810 0.25 37499
1669622169220 0.5 37549
1669622183852 0.5 37599
1669622198493 0.0 37649
1669622213407 0.4000000059604645 37699
1669622228209 0.0 37749
1669622255832 0.75 37799
1669622270526 0.0 37849
1669622285370 0.25 37899
1669622300022 0.5 37949
1669622327684 0.800000011920929 37999
1669622342364 0.0 38049
1669622357045 0.4000000059604645 38099
1669622371870 0.3333333432674408 38149
1669622399557 0.3333333432674408 38199
1669622414486 0.25 38249
1669622429158 0.25 38299
1669622443818 1.0 38349
1669622458626 0.0 38399
1669622486339 0.5 38449
1669622501164 0.6666666865348816 38499
1669622515831 0.5 38549
1669622530511 0.5 38599
1669622558200 0.3333333432674408 38649
1669622573076 0.25 38699
1669622587831 0.5 38749
1669622602753 0.6000000238418579 38799
1669622630485 0.0 38849
1669622645162 0.6666666865348816 38899
1669622660025 0.5 38949
1669622674877 1.0 38999
1669622689711 0.0 39049
1669622717377 0.20000000298023224 39099
1669622732053 0.5 39149
1669622746893 0.5 39199
1669622761640 0.4285714328289032 39249
1669622789446 0.0 39299
1669622804215 0.5 39349
1669622819124 1.0 39399
1669622833889 0.6666666865348816 39449
1669622861648 0.5 39499
1669622876323 0.4000000059604645 39549
1669622891004 0.5 39599
1669622906113 0.5 39649
1669622920802 0.0 39699
1669622948323 0.25 39749
1669622963192 0.5 39799
1669622978019 0.0 39849
1669622992732 0.75 39899
1669623020227 1.0 39949
1669623035034 0.6666666865348816 39999
1669623049844 0.6000000238418579 40049
1669623064643 1.0 40099
1669623092142 0.25 40149
1669623106855 1.0 40199
1669623121630 0.3333333432674408 40249
1669623136854 0.5 40299
1669623151688 0.25 40349
1669623179148 0.6666666865348816 40399
1669623193841 0.5 40449
1669623208544 0.5 40499
1669623223244 0.0 40549
1669623250702 0.0 40599
1669623265599 0.4000000059604645 40649
1669623280498 0.5 40699
1669623295393 0.3333333432674408 40749
1669623322775 0.25 40799
1669623337488 0.6666666865348816 40849
1669623352209 0.0 40899
1669623366941 1.0 40949
1669623381656 1.0 40999
1669623409379 0.4000000059604645 41049
1669623424287 0.6666666865348816 41099
1669623439025 0.0 41149
1669623453782 0.6000000238418579 41199
1669623481098 0.3333333432674408 41249
1669623495870 1.0 41299
1669623510611 0.3333333432674408 41349
1669623525361 0.0 41399
1669623553369 0.5 41449
1669623568211 0.6666666865348816 41499
1669623582993 0.4000000059604645 41549
1669623597733 0.4000000059604645 41599
1669623612476 0.6666666865348816 41649
1669623640128 0.0 41699
1669623654878 0.6000000238418579 41749
1669623669607 0.20000000298023224 41799
1669623684770 0.3333333432674408 41849
1669623712361 0.5 41899
1669623727091 0.0 41949
1669623741834 0.3333333432674408 41999
1669623756585 1.0 42049
1669623784031 0.25 42099
1669623798733 0.3333333432674408 42149
1669623813661 0.0 42199
1669623828611 0.25 42249
1669623843520 0.4000000059604645 42299
1669623871033 0.6666666865348816 42349
1669623885753 0.4000000059604645 42399
1669623900475 0.5 42449
1669623915197 0.3333333432674408 42499
1669623942642 0.3333333432674408 42549
1669623957391 1.0 42599
1669623972253 0.6666666865348816 42649
1669623987234 1.0 42699
1669624014803 0.6666666865348816 42749
1669624029563 0.5 42799
1669624044338 0.25 42849
1669624059120 0.3333333432674408 42899
1669624073892 0.6666666865348816 42949
1669624101182 0.0 42999
1669624116251 0.6666666865348816 43049
1669624131278 0.20000000298023224 43099
1669624146036 0.0 43149
1669624173774 1.0 43199
1669624188542 0.3333333432674408 43249
1669624203352 0.5 43299
1669624218223 0.3333333432674408 43349
1669624232812 0.0 43399
1669624260711 0.5 43449
1669624275642 0.4000000059604645 43499
1669624290538 1.0 43549
1669624305249 0.0 43599
1669624333109 0.5 43649
1669624347833 0.5 43699
1669624362521 0.5 43749
1669624377412 0.75 43799
1669624405081 0.800000011920929 43849
1669624420035 0.0 43899
1669624435084 0.75 43949
1669624450014 0.5 43999
1669624464840 1.0 44049
1669624492605 0.75 44099
1669624507491 0.6000000238418579 44149
1669624522515 0.4000000059604645 44199
1669624537412 0.0 44249
1669624565324 1.0 44299
1669624580084 0.5 44349
1669624595121 0.5 44399
1669624609924 0.5 44449
1669624637696 0.25 44499
1669624652546 0.75 44549
1669624667311 1.0 44599
1669624682025 1.0 44649
1669624696833 0.3333333432674408 44699
1669624724682 1.0 44749
1669624739542 0.0 44799
1669624754289 0.75 44849
1669624769004 0.0 44899
1669624796809 0.1666666716337204 44949
1669624811517 0.6000000238418579 44999
1669624826243 0.0 45049
1669624841318 0.3333333432674408 45099
1669624869132 0.25 45149
1669624884054 0.75 45199
1669624898848 0.6000000238418579 45249
1669624913631 0.5 45299
1669624928425 0.0 45349
1669624956169 0.0 45399
1669624971021 0.0 45449
1669624985705 0.5 45499
1669625000519 0.2857142984867096 45549
1669625028401 0.0 45599
1669625043206 0.0 45649
1669625057996 0.3333333432674408 45699
1669625072979 1.0 45749
1669625100849 0.6666666865348816 45799
1669625115631 0.0 45849
1669625130830 0.3333333432674408 45899
1669625145533 0.6666666865348816 45949
1669625160313 0.20000000298023224 45999
1669625187903 0.7142857313156128 46049
1669625202619 0.6666666865348816 46099
1669625217340 1.0 46149
1669625232351 0.6666666865348816 46199
1669625260392 0.75 46249
1669625275174 0.75 46299
1669625289958 0.0 46349
1669625304751 0.5 46399
1669625332557 0.0 46449
1669625347269 0.3333333432674408 46499
1669625362129 0.6000000238418579 46549
1669625376839 0.6666666865348816 46599
1669625391688 0.3333333432674408 46649
1669625419399 0.0 46699
1669625434207 1.0 46749
1669625449009 0.6666666865348816 46799
1669625463820 0.6666666865348816 46849
1669625491846 0.5 46899
1669625506657 0.3333333432674408 46949
1669625521462 0.6666666865348816 46999
1669625536228 0.0 47049
1669625564139 0.0 47099
1669625579148 0.5 47149
1669625594199 0.3333333432674408 47199
1669625609001 0.0 47249
1669625623815 0.5 47299
1669625651858 0.5 47349
1669625666587 0.75 47399
1669625681311 0.3333333432674408 47449
1669625696076 0.6666666865348816 47499
1669625724088 0.3333333432674408 47549
1669625738892 1.0 47599
1669625753695 0.0 47649
1669625768509 0.5 47699
1669625796927 0.3333333432674408 47749
1669625811705 0.3333333432674408 47799
1669625826506 1.0 47849
1669625841323 0.6666666865348816 47899
1669625856278 0.3333333432674408 47949
1669625883972 0.5 47999
1669625898964 0.6666666865348816 48049
1669625913674 0.75 48099
1669625928376 0.75 48149
1669625956157 0.75 48199
1669625970872 0.25 48249
1669625985753 0.0 48299
1669626000479 1.0 48349
1669626028433 1.0 48399
1669626043459 0.0 48449
1669626058187 0.75 48499
1669626072969 0.5 48549
1669626087699 0.25 48599
1669626115069 1.0 48649
1669626130055 0.3333333432674408 48699
1669626144868 0.5 48749
1669626159674 0.0 48799
1669626187765 0.5 48849
1669626202624 0.0 48899
1669626217465 1.0 48949
1669626232325 0.5 48999
1669626260282 0.75 49049
1669626274980 1.0 49099
1669626289825 0.6666666865348816 49149
1669626304663 0.20000000298023224 49199
1669626319369 0.800000011920929 49249
1669626347320 0.3333333432674408 49299
1669626362308 0.0 49349
1669626377222 0.4000000059604645 49399
1669626391921 0.800000011920929 49449
1669626419757 0.0 49499
1669626434599 1.0 49549
1669626449414 0.3333333432674408 49599
1669626464137 0.6666666865348816 49649
1669626491874 0.0 49699
1669626506850 0.5 49749
1669626521587 0.6000000238418579 49799
1669626536349 0.0 49849
1669626551264 0.25 49899
1669626579095 0.0 49949
1669626593818 0.5 49999
1669626608555 1.0 50049
1669626623259 0.0 50099
1669626651137 1.0 50149
1669626665898 1.0 50199
1669626680762 0.75 50249
1669626695531 0.25 50299
1669626723475 0.5 50349
1669626738101 0.25 50399
1669626752741 0.7142857313156128 50449
1669626767389 0.4000000059604645 50499
1669626782191 0.25 50549
1669626810035 0.20000000298023224 50599
1669626824867 0.0 50649
1669626839880 0.5 50699
1669626854673 0.5 50749
1669626882457 1.0 50799
1669626897099 0.6666666865348816 50849
1669626911802 0.6000000238418579 50899
1669626926534 1.0 50949
1669626954473 0.5 50999
1669626969188 1.0 51049
1669626984128 0.0 51099
1669626998964 0.25 51149
1669627013806 0.0 51199
1669627041867 0.0 51249
1669627056576 0.1666666716337204 51299
1669627071308 0.0 51349
1669627086269 0.3333333432674408 51399
1669627114154 0.0 51449
1669627129120 0.0 51499
1669627143933 0.25 51549
1669627158790 0.75 51599
1669627186665 0.6666666865348816 51649
1669627201298 0.3333333432674408 51699
1669627216126 0.5 51749
1669627230759 0.5 51799
1669627245566 0.20000000298023224 51849
1669627273593 0.6666666865348816 51899
1669627288426 0.25 51949
1669627303130 0.0 51999
1669627317830 0.6666666865348816 52049
1669627345645 1.0 52099
1669627360352 0.5714285969734192 52149
1669627375010 0.0 52199
1669627389682 0.6666666865348816 52249
1669627417569 0.20000000298023224 52299
1669627432423 0.0 52349
1669627447313 0.0 52399
1669627462255 0.6666666865348816 52449
1669627477277 0.5 52499
1669627505049 0.6666666865348816 52549
1669627519842 0.5 52599
1669627534830 0.5 52649
1669627549572 0.5 52699
1669627577553 0.25 52749
1669627592266 1.0 52799
1669627606973 0.6666666865348816 52849
1669627621724 0.25 52899
1669627649609 0.4000000059604645 52949
1669627664403 0.0 52999
1669627679215 0.0 53049
1669627694015 0.25 53099
1669627708976 0.5 53149
1669627736903 1.0 53199
1669627751672 0.25 53249
1669627766588 0.25 53299
1669627781326 0.6000000238418579 53349
1669627809077 1.0 53399
1669627823894 0.3333333432674408 53449
1669627838895 0.0 53499
1669627854015 0.0 53549
1669627881601 0.5 53599
1669627896317 0.6666666865348816 53649
1669627911173 0.75 53699
1669627925871 0.25 53749
1669627940621 0.4000000059604645 53799
1669627968388 1.0 53849
1669627983514 0.0 53899
1669627998322 1.0 53949
1669628013155 0.0 53999
1669628041228 0.0 54049
1669628055912 0.5 54099
1669628070594 0.4000000059604645 54149
1669628085299 0.5 54199
1669628100073 0.5 54249
1669628127863 0.2857142984867096 54299
1669628142780 0.800000011920929 54349
1669628157450 0.25 54399
1669628172130 0.5 54449
1669628200177 0.3333333432674408 54499
1669628214954 0.0 54549
1669628229837 0.4000000059604645 54599
1669628244526 0.0 54649
1669628272586 0.25 54699
1669628287523 1.0 54749
1669628302207 1.0 54799
1669628316975 0.5 54849
1669628331907 1.0 54899
1669628359619 0.5 54949
1669628374469 0.0 54999
1669628389163 0.0 55049
1669628403869 0.5 55099
1669628431859 0.0 55149
1669628446574 1.0 55199
1669628461507 0.0 55249
1669628476297 0.25 55299
1669628504080 0.5 55349
1669628518930 0.3333333432674408 55399
1669628533638 1.0 55449
1669628548437 0.25 55499
1669628563357 0.0 55549
1669628591226 0.0 55599
1669628606086 0.25 55649
1669628620796 0.6666666865348816 55699
1669628635587 1.0 55749
1669628663467 1.0 55799
1669628678136 1.0 55849
1669628692826 0.1666666716337204 55899
1669628707495 0.1666666716337204 55949
1669628735700 0.6000000238418579 55999
1669628751026 0.0 56049
1669628765808 0.5 56099
1669628780574 0.6000000238418579 56149
1669628795291 0.6666666865348816 56199
1669628823296 0.5 56249
1669628838026 0.6666666865348816 56299
1669628852777 0.25 56349
1669628867812 0.75 56399
1669628895820 0.0 56449
1669628910502 0.0 56499
1669628925169 0.6666666865348816 56549
1669628940009 0.0 56599
1669628967908 1.0 56649
1669628982698 0.6000000238418579 56699
1669628997525 0.25 56749
1669629012341 0.6666666865348816 56799
1669629027427 0.6666666865348816 56849
1669629055350 0.6000000238418579 56899
1669629070105 0.6000000238418579 56949
1669629084829 1.0 56999
1669629099547 0.1666666716337204 57049
1669629127333 0.25 57099
1669629142388 0.5 57149
1669629157095 0.7142857313156128 57199
1669629171745 0.20000000298023224 57249
1669629199338 0.3333333432674408 57299
1669629214053 0.5 57349
1669629228788 0.0 57399
1669629243511 0.0 57449
1669629258346 0.5 57499
1669629286371 1.0 57549
1669629301066 0.6666666865348816 57599
1669629315761 0.75 57649
1669629330452 0.6666666865348816 57699
1669629358402 0.6666666865348816 57749
1669629373139 0.75 57799
1669629388012 1.0 57849
1669629402909 0.6666666865348816 57899
1669629430804 0.0 57949
1669629445458 0.6000000238418579 57999
1669629460151 0.0 58049
1669629474899 0.75 58099
1669629489647 0.5 58149
1669629517480 0.75 58199
1669629532186 0.5 58249
1669629546875 1.0 58299
1669629561743 1.0 58349
1669629589645 0.4000000059604645 58399
1669629604398 0.5 58449
1669629619056 0.6666666865348816 58499
1669629633901 0.6666666865348816 58549
1669629661803 0.5 58599
1669629676733 0.3333333432674408 58649
1669629691549 0.6666666865348816 58699
1669629706374 0.0 58749
1669629721658 0.0 58799
1669629749365 0.5 58849
1669629764187 0.6000000238418579 58899
1669629778987 0.3333333432674408 58949
1669629793785 1.0 58999
1669629821760 1.0 59049
1669629836544 0.75 59099
1669629851502 0.6000000238418579 59149
1669629866325 0.4000000059604645 59199
1669629894431 0.6666666865348816 59249
1669629909218 1.0 59299
1669629924019 0.3333333432674408 59349
1669629938822 0.4285714328289032 59399
1669629953623 0.5 59449
1669629981536 0.0 59499
1669629996426 0.0 59549
1669630011292 0.0 59599
1669630025992 1.0 59649
1669630053681 0.3333333432674408 59699
1669630068347 0.5 59749
1669630083025 0.3333333432674408 59799
1669630097890 0.0 59849
1669630125358 0.0 59899
1669630140399 1.0 59949
1669630155118 0.6666666865348816 59999
1669630169839 0.20000000298023224 60049
1669630184686 0.75 60099
1669630212474 0.5 60149
1669630227252 0.25 60199
1669630242029 0.4000000059604645 60249
1669630256950 0.3333333432674408 60299
1669630284955 1.0 60349
1669630300023 0.3333333432674408 60399
1669630314808 0.5 60449
1669630329642 1.0 60499
1669630357369 1.0 60549
1669630372198 0.4000000059604645 60599
1669630386905 0.5 60649
1669630401580 0.3333333432674408 60699
1669630416570 1.0 60749
1669630444153 0.0 60799
1669630458905 0.75 60849
1669630473817 0.75 60899
1669630488606 0.0 60949
1669630516229 0.5 60999
1669630531096 1.0 61049
1669630545879 1.0 61099
1669630560660 0.0 61149
1669630588861 0.0 61199
1669630603482 0.5 61249
1669630618168 0.5 61299
1669630633146 0.6666666865348816 61349
1669630647797 0.0 61399
1669630675377 0.20000000298023224 61449
1669630690191 0.6666666865348816 61499
1669630704991 0.0 61549
1669630719877 0.6666666865348816 61599
1669630747774 1.0 61649
1669630762486 0.25 61699
1669630777359 0.4000000059604645 61749
1669630792238 0.3333333432674408 61799
1669630819960 1.0 61849
1669630834644 0.5 61899
1669630849354 0.5 61949
1669630864065 0.4000000059604645 61999
1669630878939 0.3333333432674408 62049
1669630906793 0.5 62099
1669630921652 0.3333333432674408 62149
1669630936581 0.0 62199
1669630951389 0.75 62249
1669630979253 1.0 62299
1669630993959 0.4285714328289032 62349
1669631008684 0.25 62399
1669631023402 0.20000000298023224 62449
1669631051550 0.25 62499
1669631066437 1.0 62549
1669631081166 0.3333333432674408 62599
1669631095923 1.0 62649
1669631110851 0.25 62699
1669631138584 0.8571428656578064 62749
1669631153260 0.6666666865348816 62799
1669631168148 0.6666666865348816 62849
1669631182963 0.0 62899
1669631210636 0.800000011920929 62949
1669631225327 0.6666666865348816 62999
1669631240015 0.0 63049
1669631254855 0.5 63099
1669631282360 0.5 63149
1669631297011 0.0 63199
1669631311691 0.3333333432674408 63249
1669631326532 0.4000000059604645 63299
1669631341359 0.6666666865348816 63349
1669631368855 0.5 63399
1669631383868 0.5 63449
1669631398544 0.0 63499
1669631413220 0.0 63549
1669631440646 0.5 63599
1669631455326 0.5 63649
1669631470269 0.75 63699
1669631484937 0.25 63749
1669631512478 0.6666666865348816 63799
1669631527275 0.0 63849
1669631542060 0.4000000059604645 63899
1669631557084 0.5 63949
1669631571803 1.0 63999
1669631599374 0.5 64049
1669631614059 0.5 64099
1669631629013 0.6666666865348816 64149
1669631643822 1.0 64199
1669631671279 0.0 64249
1669631685961 1.0 64299
1669631700639 0.0 64349
1669631715319 0.6666666865348816 64399
1669631743028 0.3333333432674408 64449
1669631757765 0.75 64499
1669631772534 0.20000000298023224 64549
1669631787145 1.0 64599
1669631801759 0.3333333432674408 64649
1669631829337 0.3333333432674408 64699
1669631844018 1.0 64749
1669631858685 0.3333333432674408 64799
1669631873391 1.0 64849
1669631901235 0.25 64899
1669631915995 0.3333333432674408 64949
1669631930711 0.3333333432674408 64999
1669631945621 0.6666666865348816 65049
1669631960206 0.0 65099
