1668406884223 0.0 49
1668406897950 0.6000000238418579 99
1668406911706 0.800000011920929 149
1668406925474 0.25 199
1668406956397 0.75 249
1668406970110 0.5 299
1668406983932 0.5 349
1668406997756 0.5 399
1668407028643 0.1666666716337204 449
1668407042629 0.5 499
1668407056595 0.6666666865348816 549
1668407070621 0.25 599
1668407084595 1.0 649
1668407116064 0.4000000059604645 699
1668407129850 0.6000000238418579 749
1668407143686 0.4000000059604645 799
1668407157561 0.0 849
1668407188654 1.0 899
1668407202369 0.0 949
1668407216233 0.0 999
1668407230089 0.6666666865348816 1049
1668407260729 0.75 1099
1668407274726 0.6666666865348816 1149
1668407288610 0.0 1199
1668407302489 0.6666666865348816 1249
1668407316374 1.0 1299
1668407347754 0.5 1349
1668407361560 1.0 1399
1668407375447 1.0 1449
1668407389317 0.3333333432674408 1499
1668407420497 1.0 1549
1668407434293 0.5 1599
1668407448237 1.0 1649
1668407462141 0.5 1699
1668407492717 0.5 1749
1668407506810 0.6666666865348816 1799
1668407520696 0.0 1849
1668407534584 0.0 1899
1668407548477 0.3333333432674408 1949
1668407579282 0.25 1999
1668407593101 1.0 2049
1668407607000 0.75 2099
1668407620880 0.0 2149
1668407651936 0.0 2199
1668407665688 0.6666666865348816 2249
1668407679589 1.0 2299
1668407693493 0.5 2349
1668407724671 0.6666666865348816 2399
1668407738698 0.25 2449
1668407752560 1.0 2499
1668407766527 1.0 2549
1668407780454 0.0 2599
1668407811514 0.5 2649
1668407825362 0.0 2699
1668407839268 0.5 2749
1668407853177 0.5 2799
1668407884325 0.5 2849
1668407898078 1.0 2899
1668407911991 0.75 2949
1668407925876 0.0 2999
1668407956981 0.5 3049
1668407971128 1.0 3099
1668407984999 0.5 3149
1668407998886 0.5 3199
1668408012790 0.6666666865348816 3249
1668408043408 0.25 3299
1668408057231 0.75 3349
1668408071114 0.0 3399
1668408085000 1.0 3449
1668408116465 1.0 3499
1668408130300 0.6666666865348816 3549
1668408144189 1.0 3599
1668408158084 1.0 3649
1668408189139 0.3333333432674408 3699
1668408203321 0.3333333432674408 3749
1668408217198 0.6666666865348816 3799
1668408231092 1.0 3849
1668408244998 1.0 3899
1668408275890 0.5 3949
1668408289709 1.0 3999
1668408303605 0.5 4049
1668408317499 1.0 4099
1668408348853 1.0 4149
1668408362635 0.0 4199
1668408376534 0.5 4249
1668408390437 0.3333333432674408 4299
1668408421456 0.0 4349
1668408435551 1.0 4399
1668408449388 1.0 4449
1668408463306 0.75 4499
1668408477211 1.0 4549
1668408508976 1.0 4599
1668408522769 0.5 4649
1668408536644 1.0 4699
1668408550544 0.0 4749
1668408581273 0.3333333432674408 4799
1668408595150 0.0 4849
1668408609034 1.0 4899
1668408622934 0.0 4949
1668408654217 0.800000011920929 4999
1668408668245 1.0 5049
1668408682108 1.0 5099
1668408696000 0.0 5149
1668408709895 0.0 5199
1668408740833 0.0 5249
1668408754632 0.5 5299
1668408768518 1.0 5349
1668408782408 0.5 5399
1668408813318 0.0 5449
1668408827138 0.6666666865348816 5499
1668408841014 0.0 5549
1668408854935 0.5 5599
1668408885862 0.0 5649
1668408899999 0.0 5699
1668408913870 1.0 5749
1668408927773 0.0 5799
1668408941687 0.0 5849
1668408972953 0.5 5899
1668408986832 1.0 5949
1668409000782 0.0 5999
1668409014717 0.0 6049
1668409045751 0.6666666865348816 6099
1668409059619 0.3333333432674408 6149
1668409073490 0.3333333432674408 6199
1668409087388 1.0 6249
1668409118569 0.5 6299
1668409132724 0.0 6349
1668409146632 1.0 6399
1668409160582 0.0 6449
1668409174541 1.0 6499
1668409205660 1.0 6549
1668409219463 0.5 6599
1668409233355 0.0 6649
1668409247261 0.0 6699
1668409278048 0.20000000298023224 6749
1668409291945 0.6666666865348816 6799
1668409305823 0.0 6849
1668409319727 0.5 6899
1668409350910 1.0 6949
1668409364924 0.0 6999
1668409378776 0.0 7049
1668409392689 1.0 7099
1668409406593 0.3333333432674408 7149
1668409437863 0.5 7199
1668409451686 0.6666666865348816 7249
1668409465649 0.5 7299
1668409479577 0.0 7349
1668409510629 0.6666666865348816 7399
1668409524501 0.5 7449
1668409538387 0.0 7499
1668409552282 1.0 7549
1668409583441 1.0 7599
1668409597547 0.0 7649
1668409611404 0.6666666865348816 7699
1668409625314 1.0 7749
1668409639231 0.0 7799
1668409671064 0.0 7849
1668409684866 0.5 7899
1668409698766 1.0 7949
1668409712683 1.0 7999
1668409744210 1.0 8049
1668409758062 1.0 8099
1668409771971 0.5 8149
1668409785921 0.0 8199
1668409817431 1.0 8249
1668409831511 1.0 8299
1668409845366 0.6666666865348816 8349
1668409859270 0.0 8399
1668409873169 1.0 8449
1668409904277 0.4000000059604645 8499
1668409918113 1.0 8549
1668409932038 1.0 8599
1668409945944 1.0 8649
1668409977375 0.0 8699
1668409991364 0.0 8749
1668410005253 1.0 8799
1668410019164 0.0 8849
1668410050679 1.0 8899
1668410064775 0.6666666865348816 8949
1668410078619 1.0 8999
1668410092539 0.0 9049
1668410106455 0.0 9099
1668410137733 1.0 9149
1668410151518 0.0 9199
1668410165428 1.0 9249
1668410179344 0.5 9299
1668410210684 1.0 9349
1668410224679 0.0 9399
1668410238589 0.0 9449
1668410252520 0.0 9499
1668410284163 1.0 9549
1668410298201 0.0 9599
1668410312028 0.0 9649
1668410325926 0.6666666865348816 9699
1668410339825 0.0 9749
1668410371213 1.0 9799
1668410384985 0.0 9849
1668410398880 1.0 9899
1668410412808 1.0 9949
1668410443725 0.5 9999
1668410457769 0.5 10049
1668410471664 1.0 10099
1668410485578 0.3333333432674408 10149
1668410516384 0.0 10199
1668410530487 0.0 10249
1668410544350 0.0 10299
1668410558263 1.0 10349
1668410572172 0.5 10399
1668410603977 1.0 10449
1668410617766 1.0 10499
1668410631660 1.0 10549
1668410645572 0.0 10599
1668410676527 1.0 10649
1668410690496 1.0 10699
1668410704424 0.3333333432674408 10749
1668410718325 0.0 10799
1668410732058 0.0 10849
1668410763739 1.0 10899
1668410777619 1.0 10949
1668410791539 0.75 10999
1668410805451 1.0 11049
1668410836022 0.5 11099
1668410849801 0.6000000238418579 11149
1668410863720 0.0 11199
1668410877643 0.3333333432674408 11249
1668410909217 1.0 11299
1668410923236 1.0 11349
1668410937164 1.0 11399
1668410951091 0.0 11449
1668410965009 1.0 11499
1668410996344 1.0 11549
1668411010195 1.0 11599
1668411024111 0.0 11649
1668411038007 0.0 11699
1668411070054 0.0 11749
1668411083834 0.0 11799
1668411097748 1.0 11849
1668411111656 0.5 11899
1668411142813 0.0 11949
1668411156876 0.0 11999
1668411170802 0.25 12049
1668411184713 0.0 12099
1668411198688 0.0 12149
1668411230318 1.0 12199
1668411244163 0.3333333432674408 12249
1668411258088 1.0 12299
1668411271993 1.0 12349
1668411303590 0.0 12399
1668411317448 1.0 12449
1668411331436 1.0 12499
1668411345426 0.5 12549
1668411376823 0.25 12599
1668411390871 0.0 12649
1668411404755 0.25 12699
1668411418664 0.0 12749
1668411432577 1.0 12799
1668411463682 0.0 12849
1668411477530 1.0 12899
1668411491458 0.0 12949
1668411505379 0.6666666865348816 12999
1668411537183 0.5 13049
1668411550985 0.0 13099
1668411564913 0.5 13149
1668411578836 1.0 13199
1668411610339 0.5 13249
1668411624357 1.0 13299
1668411638307 0.6666666865348816 13349
1668411652225 0.5 13399
1668411666158 1.0 13449
1668411697569 0.25 13499
1668411711453 0.6666666865348816 13549
1668411725411 0.5 13599
1668411739319 1.0 13649
1668411770799 0.75 13699
1668411784606 0.0 13749
1668411798523 1.0 13799
1668411812426 0.0 13849
1668411843564 0.0 13899
1668411857680 1.0 13949
1668411871631 1.0 13999
1668411885624 0.0 14049
1668411899565 0.5 14099
1668411931032 0.5 14149
1668411944851 1.0 14199
1668411958765 0.6666666865348816 14249
1668411972666 0.0 14299
1668412003941 0.0 14349
1668412017722 0.0 14399
1668412031638 1.0 14449
1668412045595 1.0 14499
1668412076332 1.0 14549
1668412090429 1.0 14599
1668412104329 0.0 14649
1668412118263 0.5 14699
1668412132215 0.3333333432674408 14749
1668412163669 0.0 14799
1668412177499 0.3333333432674408 14849
1668412191398 0.0 14899
1668412205297 0.0 14949
1668412236445 1.0 14999
1668412250396 0.0 15049
1668412264309 1.0 15099
1668412278226 0.6666666865348816 15149
1668412309722 0.0 15199
1668412323775 1.0 15249
1668412337656 1.0 15299
1668412351579 0.75 15349
1668412365485 1.0 15399
1668412396820 1.0 15449
1668412410637 1.0 15499
1668412424540 1.0 15549
1668412438457 0.0 15599
1668412469710 1.0 15649
1668412483632 0.6000000238418579 15699
1668412497599 1.0 15749
1668412511590 0.0 15799
1668412542385 0.0 15849
1668412556431 0.0 15899
1668412570319 1.0 15949
1668412584222 0.6666666865348816 15999
1668412598174 0.0 16049
1668412629804 1.0 16099
1668412643640 1.0 16149
1668412657547 0.3333333432674408 16199
1668412671458 0.0 16249
1668412702933 0.0 16299
1668412716763 1.0 16349
1668412730653 0.6666666865348816 16399
1668412744558 0.0 16449
1668412776178 1.0 16499
1668412790238 0.5 16549
1668412804115 1.0 16599
1668412818042 1.0 16649
1668412831955 0.0 16699
1668412863389 0.5 16749
1668412877198 0.0 16799
1668412891113 0.25 16849
1668412905035 0.5 16899
1668412936471 0.3333333432674408 16949
1668412950384 1.0 16999
1668412964274 0.0 17049
1668412978185 1.0 17099
1668413009269 0.6666666865348816 17149
1668413023295 1.0 17199
1668413037171 0.0 17249
1668413051091 1.0 17299
1668413065004 0.5 17349
1668413096528 1.0 17399
1668413110352 1.0 17449
1668413124269 0.0 17499
1668413138184 1.0 17549
1668413169933 0.0 17599
1668413183778 0.0 17649
1668413197701 0.75 17699
1668413211645 1.0 17749
1668413243243 1.0 17799
1668413257231 0.0 17849
1668413271101 0.0 17899
1668413285024 1.0 17949
1668413298941 0.5 17999
1668413330050 0.5 18049
1668413343855 1.0 18099
1668413357775 0.0 18149
1668413371697 0.5 18199
1668413402628 0.6666666865348816 18249
1668413416575 1.0 18299
1668413430493 1.0 18349
1668413444420 0.5 18399
1668413475733 1.0 18449
1668413489829 0.0 18499
1668413503662 0.0 18549
1668413517637 0.6666666865348816 18599
1668413531565 0.5 18649
1668413563364 1.0 18699
1668413577160 1.0 18749
1668413591092 1.0 18799
1668413605008 0.5 18849
1668413635930 0.0 18899
1668413649880 0.5 18949
1668413663779 0.0 18999
1668413677702 0.0 19049
1668413708994 1.0 19099
1668413723120 0.5 19149
1668413736977 0.0 19199
1668413750908 0.3333333432674408 19249
1668413764861 1.0 19299
1668413796414 0.5 19349
1668413810188 0.20000000298023224 19399
1668413824143 1.0 19449
1668413838144 1.0 19499
1668413869705 0.5 19549
1668413883640 0.0 19599
1668413897550 1.0 19649
1668413911457 1.0 19699
1668413942576 0.0 19749
1668413956686 0.5 19799
1668413970571 0.0 19849
1668413984473 0.0 19899
1668413998377 1.0 19949
1668414029859 0.6666666865348816 19999
1668414043633 1.0 20049
1668414057536 0.800000011920929 20099
1668414071466 0.0 20149
1668414102703 0.5 20199
1668414116700 1.0 20249
1668414130621 0.0 20299
1668414144525 1.0 20349
1668414176023 0.20000000298023224 20399
1668414190105 1.0 20449
1668414203963 0.0 20499
1668414217897 0.0 20549
1668414231829 1.0 20599
1668414263034 0.3333333432674408 20649
1668414276834 1.0 20699
1668414290751 0.5 20749
1668414304647 0.5 20799
1668414336121 0.75 20849
1668414350031 0.0 20899
1668414363939 0.0 20949
1668414377847 1.0 20999
1668414409175 1.0 21049
1668414423262 1.0 21099
1668414437112 0.0 21149
1668414451019 1.0 21199
1668414464942 1.0 21249
1668414496026 1.0 21299
1668414509816 0.5 21349
1668414523723 0.0 21399
1668414537661 0.0 21449
1668414568508 1.0 21499
1668414582507 0.0 21549
1668414596432 0.75 21599
1668414610375 1.0 21649
1668414624144 0.0 21699
1668414655557 0.0 21749
1668414669428 1.0 21799
1668414684939 0.0 21849
1668414698857 1.0 21899
1668414729749 0.0 21949
1668414743567 1.0 21999
1668414757490 0.5 22049
1668414771405 0.5 22099
1668414802336 0.3333333432674408 22149
1668414816408 0.0 22199
1668414830328 1.0 22249
1668414844257 0.0 22299
1668414858176 0.800000011920929 22349
1668414889693 1.0 22399
1668414903557 0.5 22449
1668414917484 1.0 22499
1668414931399 1.0 22549
1668414962956 1.0 22599
1668414976750 0.3333333432674408 22649
1668414990673 0.0 22699
1668415004623 0.3333333432674408 22749
1668415035599 0.4000000059604645 22799
1668415049632 0.0 22849
1668415063552 1.0 22899
1668415077496 0.5 22949
1668415091421 0.0 22999
1668415122672 1.0 23049
1668415136524 0.25 23099
1668415150468 0.5 23149
1668415164392 1.0 23199
1668415196074 0.0 23249
1668415209923 0.0 23299
1668415223845 0.5 23349
1668415237767 0.3333333432674408 23399
1668415269177 0.0 23449
1668415283246 0.3333333432674408 23499
1668415297166 0.0 23549
1668415311119 0.0 23599
1668415325057 0.0 23649
1668415356451 1.0 23699
1668415370306 1.0 23749
1668415384236 0.5 23799
1668415398137 1.0 23849
1668415429392 0.0 23899
1668415443298 0.6666666865348816 23949
1668415457240 1.0 23999
1668415471199 0.0 24049
1668415502506 1.0 24099
1668415516597 0.0 24149
1668415530525 0.5 24199
1668415544452 0.0 24249
1668415558357 0.5 24299
1668415589460 0.6666666865348816 24349
1668415603313 0.6666666865348816 24399
1668415617231 0.0 24449
1668415631154 1.0 24499
1668415662889 1.0 24549
1668415676699 1.0 24599
1668415690627 0.0 24649
1668415704546 1.0 24699
1668415735324 0.3333333432674408 24749
1668415749519 0.3333333432674408 24799
1668415763423 1.0 24849
1668415777356 0.0 24899
1668415791295 0.0 24949
1668415822969 0.0 24999
1668415836817 0.0 25049
1668415850738 0.75 25099
1668415864651 0.5 25149
1668415895507 0.0 25199
1668415909433 1.0 25249
1668415923360 0.5 25299
1668415937274 0.6666666865348816 25349
1668415968824 0.0 25399
1668415982912 1.0 25449
1668415996819 0.0 25499
1668416010730 1.0 25549
1668416024647 0.3333333432674408 25599
1668416056190 0.3333333432674408 25649
1668416070034 1.0 25699
1668416083968 1.0 25749
1668416097875 0.6666666865348816 25799
1668416129188 1.0 25849
1668416143015 1.0 25899
1668416156934 0.0 25949
1668416170865 0.0 25999
1668416201593 1.0 26049
1668416215630 0.5 26099
1668416229575 0.5 26149
1668416243538 0.0 26199
1668416257488 1.0 26249
1668416288778 0.0 26299
1668416302622 0.75 26349
1668416316550 1.0 26399
1668416330482 0.3333333432674408 26449
1668416362393 1.0 26499
1668416376298 1.0 26549
1668416390310 1.0 26599
1668416404269 0.0 26649
1668416435768 1.0 26699
1668416449847 1.0 26749
1668416463728 1.0 26799
1668416477658 1.0 26849
1668416491592 1.0 26899
1668416523219 0.5 26949
1668416537028 0.20000000298023224 26999
1668416550932 0.25 27049
1668416564847 0.0 27099
1668416595898 0.5 27149
1668416609786 1.0 27199
1668416623725 0.5 27249
1668416637643 1.0 27299
1668416668774 0.5 27349
1668416682873 0.0 27399
1668416696764 0.5 27449
1668416710664 0.0 27499
1668416724578 1.0 27549
1668416756092 0.0 27599
1668416769904 1.0 27649
1668416783824 1.0 27699
1668416797846 0.0 27749
1668416829205 1.0 27799
1668416843153 0.0 27849
1668416857043 1.0 27899
1668416870960 0.0 27949
1668416902153 0.6666666865348816 27999
1668416916238 0.0 28049
1668416930278 0.6000000238418579 28099
1668416944182 1.0 28149
1668416958095 0.3333333432674408 28199
1668416989842 1.0 28249
1668417003651 1.0 28299
1668417017573 1.0 28349
1668417031503 1.0 28399
1668417062831 0.3333333432674408 28449
1668417076721 0.5 28499
1668417090698 0.0 28549
1668417104665 0.3333333432674408 28599
1668417135990 0.5 28649
1668417150067 0.3333333432674408 28699
1668417164002 0.75 28749
1668417177991 0.0 28799
1668417191971 0.6666666865348816 28849
1668417223216 0.5 28899
1668417237013 0.5 28949
1668417250959 0.5 28999
1668417264938 0.0 29049
1668417296432 1.0 29099
1668417310345 0.0 29149
1668417324215 1.0 29199
1668417338139 0.20000000298023224 29249
1668417369069 1.0 29299
1668417383182 1.0 29349
1668417397046 0.0 29399
1668417410960 1.0 29449
1668417424868 1.0 29499
1668417456278 1.0 29549
1668417470064 0.5 29599
1668417483951 0.0 29649
1668417497857 0.0 29699
1668417529065 0.0 29749
1668417542992 1.0 29799
1668417556881 0.0 29849
1668417570769 0.5 29899
1668417602025 0.5 29949
1668417616165 0.5 29999
1668417630033 0.5 30049
1668417643954 0.0 30099
1668417657871 0.5 30149
1668417689433 1.0 30199
1668417703262 1.0 30249
1668417717233 0.5 30299
1668417731172 0.5 30349
1668417762429 0.0 30399
1668417776389 1.0 30449
1668417790289 0.3333333432674408 30499
1668417804229 0.5 30549
1668417835787 1.0 30599
1668417849885 1.0 30649
1668417863757 0.5 30699
1668417877697 1.0 30749
1668417891604 0.75 30799
1668417922723 1.0 30849
1668417936500 1.0 30899
1668417950427 1.0 30949
1668417964348 1.0 30999
1668417995561 0.0 31049
1668418009544 0.5 31099
1668418023467 0.5 31149
1668418037399 1.0 31199
1668418068550 0.75 31249
1668418082547 0.0 31299
1668418096400 1.0 31349
1668418110330 0.0 31399
1668418124268 0.5 31449
1668418155806 1.0 31499
1668418169585 0.6000000238418579 31549
1668418183495 0.0 31599
1668418197410 1.0 31649
1668418228437 1.0 31699
1668418242330 0.0 31749
1668418256233 0.0 31799
1668418270150 0.6000000238418579 31849
1668418301245 1.0 31899
1668418315361 0.0 31949
1668418329223 1.0 31999
1668418343147 0.3333333432674408 32049
1668418357080 0.6666666865348816 32099
1668418388551 1.0 32149
1668418402311 0.75 32199
1668418416212 1.0 32249
1668418430131 0.5 32299
1668418461121 0.3333333432674408 32349
1668418475144 1.0 32399
1668418489042 0.75 32449
1668418502953 0.5 32499
1668418516696 0.0 32549
1668418548545 0.0 32599
1668418562399 1.0 32649
1668418576328 0.0 32699
1668418590260 1.0 32749
1668418622498 0.5 32799
1668418636299 0.25 32849
1668418650225 1.0 32899
1668418664151 0.0 32949
1668418695220 1.0 32999
1668418709251 0.0 33049
1668418723136 0.3333333432674408 33099
1668418737049 0.5 33149
1668418750947 0.5 33199
1668418782301 1.0 33249
1668418796143 0.0 33299
1668418810067 0.6666666865348816 33349
1668418823989 1.0 33399
1668418855690 1.0 33449
1668418869496 1.0 33499
1668418883424 0.0 33549
1668418897349 0.0 33599
1668418928240 0.0 33649
1668418942256 0.3333333432674408 33699
1668418956163 0.0 33749
1668418970087 0.6666666865348816 33799
1668418984006 0.0 33849
1668419015231 1.0 33899
1668419029095 0.6666666865348816 33949
1668419043029 1.0 33999
1668419056969 1.0 34049
1668419088986 0.0 34099
1668419102775 0.0 34149
1668419116692 0.3333333432674408 34199
1668419130614 1.0 34249
1668419161365 0.5 34299
1668419175453 0.0 34349
1668419189369 0.3333333432674408 34399
1668419203309 0.0 34449
1668419217226 1.0 34499
1668419248357 0.5 34549
1668419262221 1.0 34599
1668419276182 1.0 34649
1668419290168 0.3333333432674408 34699
1668419321474 0.0 34749
1668419335293 0.0 34799
1668419349243 0.5 34849
1668419363182 0.0 34899
1668419394580 0.5 34949
1668419408620 0.0 34999
1668419422524 0.5 35049
1668419436436 1.0 35099
1668419450351 0.0 35149
1668419481849 0.0 35199
1668419495737 0.5 35249
1668419509683 1.0 35299
1668419523614 1.0 35349
1668419555140 0.3333333432674408 35399
1668419568936 0.0 35449
1668419582864 1.0 35499
1668419596783 1.0 35549
1668419628131 1.0 35599
1668419642170 0.6666666865348816 35649
1668419656078 0.5 35699
1668419670007 0.5 35749
1668419683928 0.0 35799
1668419715398 0.6666666865348816 35849
1668419729240 0.0 35899
1668419743180 1.0 35949
1668419757106 0.4000000059604645 35999
1668419789608 0.6666666865348816 36049
1668419803471 1.0 36099
1668419817398 0.0 36149
1668419831304 1.0 36199
1668419862967 0.0 36249
1668419877130 0.0 36299
1668419891105 0.6666666865348816 36349
1668419905116 0.0 36399
1668419919113 0.5 36449
1668419950727 0.6666666865348816 36499
1668419964580 1.0 36549
1668419978513 0.5 36599
1668419992433 0.0 36649
1668420023930 1.0 36699
1668420037762 0.5 36749
1668420051692 0.0 36799
1668420065603 0.6666666865348816 36849
1668420096742 1.0 36899
1668420110792 0.0 36949
1668420124685 0.5 36999
1668420138593 0.6666666865348816 37049
1668420152513 0.5 37099
1668420184144 1.0 37149
1668420197964 1.0 37199
1668420211887 0.25 37249
1668420225796 0.0 37299
1668420257139 1.0 37349
1668420271329 0.5 37399
1668420285329 1.0 37449
1668420299322 0.3333333432674408 37499
1668420330603 0.6666666865348816 37549
1668420344667 0.6666666865348816 37599
1668420358614 0.0 37649
1668420372594 0.75 37699
1668420386545 0.0 37749
1668420417459 1.0 37799
1668420431311 1.0 37849
1668420445235 0.5 37899
1668420459148 0.5 37949
1668420490664 1.0 37999
1668420504604 0.0 38049
1668420518523 0.5 38099
1668420532404 0.5 38149
1668420563127 1.0 38199
1668420577229 0.5 38249
1668420591120 1.0 38299
1668420605050 0.5 38349
1668420618985 0.0 38399
1668420650646 0.6666666865348816 38449
1668420664590 0.0 38499
1668420678514 1.0 38549
1668420692433 0.0 38599
1668420724018 0.5 38649
1668420737940 0.3333333432674408 38699
1668420751855 0.25 38749
1668420765764 0.75 38799
1668420796713 1.0 38849
1668420810794 0.0 38899
1668420824668 1.0 38949
1668420838580 1.0 38999
1668420852489 1.0 39049
1668420883621 0.5 39099
1668420897416 0.0 39149
1668420911378 0.5 39199
1668420925344 0.5 39249
1668420956731 0.0 39299
1668420970581 0.3333333432674408 39349
1668420984481 1.0 39399
1668420998374 0.6666666865348816 39449
1668421029505 1.0 39499
1668421043605 1.0 39549
1668421057476 1.0 39599
1668421071397 0.75 39649
1668421085322 0.0 39699
1668421116641 0.0 39749
1668421130436 0.6666666865348816 39799
1668421144365 1.0 39849
1668421158300 1.0 39899
1668421189053 1.0 39949
1668421203018 1.0 39999
1668421216944 1.0 40049
1668421230854 1.0 40099
1668421262124 1.0 40149
1668421276154 1.0 40199
1668421290000 0.0 40249
1668421303917 0.6666666865348816 40299
1668421317823 0.0 40349
1668421349516 0.3333333432674408 40399
1668421363310 1.0 40449
1668421377207 0.5 40499
1668421391129 0.0 40549
1668421422264 0.4000000059604645 40599
1668421436238 1.0 40649
1668421450151 1.0 40699
1668421464091 0.0 40749
1668421494963 0.0 40799
1668421509060 1.0 40849
1668421522919 0.0 40899
1668421536818 1.0 40949
1668421550708 1.0 40999
1668421581654 0.5 41049
1668421595435 1.0 41099
1668421609337 0.0 41149
1668421623265 1.0 41199
1668421654647 0.0 41249
1668421668748 0.5 41299
1668421682706 0.6666666865348816 41349
1668421696661 0.0 41399
1668421728085 0.0 41449
1668421742135 0.6666666865348816 41499
1668421755992 0.3333333432674408 41549
1668421769885 0.5 41599
1668421783792 1.0 41649
1668421815188 0.0 41699
1668421828984 0.6000000238418579 41749
1668421842884 1.0 41799
1668421856801 0.5 41849
1668421888077 0.0 41899
1668421902020 0.0 41949
1668421915924 0.6666666865348816 41999
1668421929842 1.0 42049
1668421960713 0.4000000059604645 42099
1668421974922 0.75 42149
1668421988794 0.0 42199
1668422002716 0.3333333432674408 42249
1668422016601 0.6666666865348816 42299
1668422048098 0.75 42349
1668422061883 0.3333333432674408 42399
1668422075762 0.6666666865348816 42449
1668422089681 1.0 42499
1668422121096 0.0 42549
1668422134994 1.0 42599
1668422148879 1.0 42649
1668422162810 1.0 42699
1668422194021 0.75 42749
1668422208122 0.6666666865348816 42799
1668422221965 0.5 42849
1668422235873 0.5 42899
1668422249795 0.3333333432674408 42949
1668422281264 0.0 42999
1668422295054 0.5 43049
1668422309007 0.3333333432674408 43099
1668422322908 0.0 43149
1668422354017 1.0 43199
1668422367960 0.5 43249
1668422381870 0.5 43299
1668422395816 0.0 43349
1668422409580 0.0 43399
1668422440933 0.6666666865348816 43449
1668422454777 0.3333333432674408 43499
1668422469189 1.0 43549
1668422483105 0.5 43599
1668422514283 1.0 43649
1668422528084 0.0 43699
1668422541997 1.0 43749
1668422555924 0.0 43799
1668422586547 1.0 43849
1668422600552 0.0 43899
1668422614480 1.0 43949
1668422628413 0.0 43999
1668422642346 0.5 44049
1668422673278 1.0 44099
1668422687098 0.75 44149
1668422701016 0.6666666865348816 44199
1668422714921 0.5 44249
1668422746545 0.5 44299
1668422760323 0.3333333432674408 44349
1668422774239 1.0 44399
1668422788182 0.5 44449
1668422819396 0.25 44499
1668422833426 0.3333333432674408 44549
1668422847330 1.0 44599
1668422861238 1.0 44649
1668422875159 0.5 44699
1668422906680 1.0 44749
1668422920509 1.0 44799
1668422934438 0.0 44849
1668422948352 0.0 44899
1668422979880 0.5 44949
1668422993650 0.5 44999
1668423007576 0.0 45049
1668423021506 1.0 45099
1668423052445 0.3333333432674408 45149
1668423066495 0.6666666865348816 45199
1668423080391 0.0 45249
1668423094328 0.5 45299
1668423108250 0.3333333432674408 45349
1668423139620 1.0 45399
1668423153462 0.5 45449
1668423167383 0.5 45499
1668423181311 0.3333333432674408 45549
1668423213187 0.0 45599
1668423226952 0.0 45649
1668423240865 0.0 45699
1668423254786 0.5 45749
1668423286253 1.0 45799
1668423300276 0.0 45849
1668423314184 0.25 45899
1668423328140 1.0 45949
1668423342097 0.5 45999
1668423373740 0.75 46049
1668423387587 1.0 46099
1668423401487 0.5 46149
1668423415409 1.0 46199
1668423447188 1.0 46249
1668423460979 0.75 46299
1668423474890 0.0 46349
1668423488793 1.0 46399
1668423520929 0.0 46449
1668423534969 0.4000000059604645 46499
1668423548869 1.0 46549
1668423562790 1.0 46599
1668423576751 0.0 46649
1668423608174 1.0 46699
1668423622060 1.0 46749
1668423636040 1.0 46799
1668423650028 0.5 46849
1668423681724 1.0 46899
1668423695516 0.6666666865348816 46949
1668423709434 0.5 46999
1668423723351 0.25 47049
1668423754162 0.5 47099
1668423768146 1.0 47149
1668423782057 0.5 47199
1668423795993 0.0 47249
1668423809913 1.0 47299
1668423841432 0.5 47349
1668423855341 1.0 47399
1668423869302 0.5 47449
1668423883224 1.0 47499
1668423914169 0.0 47549
1668423928044 1.0 47599
1668423941973 0.0 47649
1668423955895 1.0 47699
1668423987076 0.5 47749
1668424001209 0.0 47799
1668424015111 0.0 47849
1668424029040 0.6666666865348816 47899
1668424042968 0.0 47949
1668424074796 0.0 47999
1668424088635 0.5 48049
1668424102556 0.5 48099
1668424116470 1.0 48149
1668424147748 1.0 48199
1668424161566 0.0 48249
1668424175472 0.5 48299
1668424189400 0.0 48349
1668424220963 1.0 48399
1668424235119 1.0 48449
1668424249076 0.5 48499
1668424263077 0.0 48549
1668424277046 0.5 48599
1668424308530 1.0 48649
1668424322388 0.5 48699
1668424336317 0.6666666865348816 48749
1668424350232 0.0 48799
1668424381371 1.0 48849
1668424395284 0.0 48899
1668424409198 1.0 48949
1668424423129 0.3333333432674408 48999
1668424454178 1.0 49049
1668424468318 1.0 49099
1668424482209 1.0 49149
1668424496142 0.0 49199
1668424510064 1.0 49249
1668424541262 0.75 49299
1668424555070 1.0 49349
1668424569000 0.20000000298023224 49399
1668424582896 0.0 49449
1668424614320 0.0 49499
1668424628185 1.0 49549
1668424642107 0.5 49599
1668424656031 0.0 49649
1668424687367 0.0 49699
1668424701457 1.0 49749
1668424715348 1.0 49799
1668424729275 0.0 49849
1668424743189 0.5 49899
1668424774869 0.3333333432674408 49949
1668424788709 0.5 49999
1668424802647 1.0 50049
1668424816570 0.5 50099
1668424847529 1.0 50149
1668424861468 1.0 50199
1668424875376 1.0 50249
1668424889298 0.5 50299
1668424920330 0.6000000238418579 50349
1668424934434 0.5 50399
1668424948302 0.6666666865348816 50449
1668424962227 0.0 50499
1668424976135 0.5 50549
1668425007494 0.0 50599
1668425021327 0.0 50649
1668425035249 0.6666666865348816 50699
1668425049158 0.0 50749
1668425080628 1.0 50799
1668425094602 0.75 50849
1668425108514 1.0 50899
1668425122436 0.0 50949
1668425153590 0.6666666865348816 50999
1668425167731 1.0 51049
1668425181610 0.0 51099
1668425195523 0.0 51149
1668425209448 0.0 51199
1668425240876 0.6666666865348816 51249
1668425254663 0.0 51299
1668425268564 0.3333333432674408 51349
1668425282474 0.0 51399
1668425313819 0.25 51449
1668425327797 0.0 51499
1668425341713 1.0 51549
1668425355619 1.0 51599
1668425386617 0.5 51649
1668425400659 0.5 51699
1668425414513 1.0 51749
1668425428411 0.6666666865348816 51799
1668425442306 0.6666666865348816 51849
1668425473392 0.75 51899
1668425487220 0.0 51949
1668425501124 0.0 51999
1668425515036 1.0 52049
1668425546131 1.0 52099
1668425560076 0.6000000238418579 52149
1668425573994 0.0 52199
1668425587915 0.75 52249
1668425619135 0.0 52299
1668425633394 0.0 52349
1668425647245 1.0 52399
1668425661153 0.800000011920929 52449
1668425675072 0.5 52499
1668425706768 1.0 52549
1668425720540 0.0 52599
1668425734423 1.0 52649
1668425748327 0.5 52699
1668425779715 0.0 52749
1668425793752 0.0 52799
1668425807655 1.0 52849
1668425821561 0.0 52899
1668425853043 0.0 52949
1668425867054 0.0 52999
1668425880902 0.0 53049
1668425894833 1.0 53099
1668425908766 1.0 53149
1668425940007 0.5 53199
1668425953776 0.6666666865348816 53249
1668425967668 0.3333333432674408 53299
1668425981583 0.3333333432674408 53349
1668426012336 1.0 53399
1668426026396 0.5 53449
1668426040288 0.0 53499
1668426054204 0.5 53549
1668426085395 0.6666666865348816 53599
1668426099484 1.0 53649
1668426113342 1.0 53699
1668426127263 0.0 53749
1668426141192 1.0 53799
1668426172702 1.0 53849
1668426186498 0.0 53899
1668426200426 1.0 53949
1668426214342 0.0 53999
1668426245469 0.75 54049
1668426259454 1.0 54099
1668426273334 0.25 54149
1668426287246 0.0 54199
1668426300992 0.0 54249
1668426332701 0.3333333432674408 54299
1668426346530 0.800000011920929 54349
1668426360442 0.5 54399
1668426374372 0.5 54449
1668426406128 0.0 54499
1668426419908 0.0 54549
1668426433828 0.5 54599
1668426447754 0.0 54649
1668426477967 0.0 54699
1668426492012 1.0 54749
1668426505896 1.0 54799
1668426519815 0.5 54849
1668426533725 1.0 54899
1668426564981 0.5 54949
1668426578834 0.6666666865348816 54999
1668426592745 1.0 55049
1668426606645 0.0 55099
1668426638098 0.0 55149
1668426651878 0.0 55199
1668426665813 0.0 55249
1668426679772 0.0 55299
1668426710870 0.0 55349
1668426724903 0.0 55399
1668426738779 1.0 55449
1668426752719 0.25 55499
1668426766627 0.0 55549
1668426798183 0.0 55599
1668426812029 0.0 55649
1668426825947 1.0 55699
1668426839856 0.5 55749
1668426871390 1.0 55799
1668426885185 1.0 55849
1668426899105 0.3333333432674408 55899
1668426913019 0.0 55949
1668426944191 1.0 55999
1668426958188 0.0 56049
1668426972080 1.0 56099
1668426985985 0.5 56149
1668426999907 1.0 56199
1668427031279 0.6666666865348816 56249
1668427045101 0.6666666865348816 56299
1668427059009 0.6666666865348816 56349
1668427072953 1.0 56399
1668427104563 0.0 56449
1668427118341 0.0 56499
1668427132253 0.0 56549
1668427146185 0.0 56599
1668427177463 1.0 56649
1668427191516 1.0 56699
1668427205441 0.0 56749
1668427219364 1.0 56799
1668427233279 1.0 56849
1668427264919 0.8333333134651184 56899
1668427278752 0.6666666865348816 56949
1668427292672 1.0 56999
1668427306590 1.0 57049
1668427338086 0.5 57099
1668427351897 1.0 57149
1668427365818 1.0 57199
1668427379741 0.0 57249
1668427410844 1.0 57299
1668427424873 0.0 57349
1668427438781 0.0 57399
1668427452727 1.0 57449
1668427466650 1.0 57499
1668427498158 1.0 57549
1668427512010 0.5 57599
1668427525932 0.6666666865348816 57649
1668427539865 1.0 57699
1668427571078 1.0 57749
1668427584887 1.0 57799
1668427598809 1.0 57849
1668427612717 1.0 57899
1668427644037 1.0 57949
1668427658046 0.0 57999
1668427671929 0.0 58049
1668427685894 1.0 58099
1668427699869 0.6666666865348816 58149
1668427731322 0.6666666865348816 58199
1668427745150 1.0 58249
1668427759070 0.0 58299
1668427772998 1.0 58349
1668427804245 0.6666666865348816 58399
1668427818176 1.0 58449
1668427832143 0.0 58499
1668427846126 0.800000011920929 58549
1668427877263 0.0 58599
1668427891391 1.0 58649
1668427905322 1.0 58699
1668427919344 0.6666666865348816 58749
1668427933315 0.5 58799
1668427964312 0.5 58849
1668427978164 0.3333333432674408 58899
1668427992106 1.0 58949
1668428006019 1.0 58999
1668428037435 1.0 59049
1668428051297 0.6666666865348816 59099
1668428065221 1.0 59149
1668428079152 1.0 59199
1668428109845 0.75 59249
1668428124003 1.0 59299
1668428137901 0.6666666865348816 59349
1668428151816 0.5 59399
1668428165747 0.6666666865348816 59449
1668428197416 0.0 59499
1668428211225 0.0 59549
1668428225137 0.0 59599
1668428239076 1.0 59649
1668428270607 0.0 59699
1668428284418 0.0 59749
1668428298345 0.3333333432674408 59799
1668428312285 0.0 59849
1668428343039 0.0 59899
1668428357078 1.0 59949
1668428370971 1.0 59999
1668428384912 0.5 60049
1668428398844 0.0 60099
1668428430314 0.4000000059604645 60149
1668428444133 0.0 60199
1668428458066 0.5 60249
1668428471986 1.0 60299
1668428503268 0.5 60349
1668428517180 0.5 60399
1668428531101 0.0 60449
1668428545057 1.0 60499
1668428576270 0.0 60549
1668428590297 1.0 60599
1668428604178 0.75 60649
1668428618094 0.0 60699
1668428632022 1.0 60749
1668428663267 0.5 60799
1668428677082 1.0 60849
1668428691009 0.6666666865348816 60899
1668428704935 0.6666666865348816 60949
1668428736266 1.0 60999
1668428750275 1.0 61049
1668428764210 1.0 61099
1668428778151 0.5 61149
1668428809322 0.0 61199
1668428823378 0.6666666865348816 61249
1668428837310 1.0 61299
1668428851263 1.0 61349
1668428865171 0.0 61399
1668428896812 0.5 61449
1668428910635 0.5 61499
1668428924562 0.0 61549
1668428938495 0.5 61599
1668428970060 0.3333333432674408 61649
1668428983998 0.6666666865348816 61699
1668428997915 0.0 61749
1668429011845 0.0 61799
1668429042481 0.0 61849
1668429056569 0.75 61899
1668429070429 1.0 61949
1668429084347 0.5 61999
1668429098254 0.3333333432674408 62049
1668429129576 0.0 62099
1668429143427 0.3333333432674408 62149
1668429157375 0.25 62199
1668429171305 1.0 62249
1668429202743 1.0 62299
1668429216748 0.5 62349
1668429230742 0.6666666865348816 62399
1668429244701 0.5 62449
1668429276335 0.0 62499
1668429290334 0.0 62549
1668429304216 0.4000000059604645 62599
1668429318162 1.0 62649
1668429332093 0.0 62699
1668429363980 0.6666666865348816 62749
1668429377800 1.0 62799
1668429391717 1.0 62849
1668429405625 0.0 62899
1668429437286 1.0 62949
1668429451243 1.0 62999
1668429465172 0.3333333432674408 63049
1668429479111 0.6666666865348816 63099
1668429510036 0.3333333432674408 63149
1668429524063 1.0 63199
1668429537925 0.25 63249
1668429551839 0.3333333432674408 63299
1668429565751 0.5 63349
1668429597172 0.5 63399
1668429610964 0.0 63449
1668429624873 0.0 63499
1668429638775 0.0 63549
1668429669821 0.6666666865348816 63599
1668429683827 1.0 63649
1668429697729 0.6000000238418579 63699
1668429711632 0.0 63749
1668429743288 1.0 63799
1668429757399 0.0 63849
1668429771294 1.0 63899
1668429785233 0.0 63949
1668429799174 0.0 63999
1668429830285 0.75 64049
1668429844086 1.0 64099
1668429857987 0.75 64149
1668429871891 1.0 64199
1668429903200 0.0 64249
1668429917251 0.0 64299
1668429931177 0.0 64349
1668429945107 0.3333333432674408 64399
1668429976081 0.0 64449
1668429990166 1.0 64499
1668430004038 0.3333333432674408 64549
1668430017976 1.0 64599
1668430031893 0.0 64649
1668430063499 0.3333333432674408 64699
1668430077291 1.0 64749
1668430091224 0.25 64799
1668430105144 1.0 64849
1668430136473 0.5 64899
1668430150446 1.0 64949
1668430164444 0.3333333432674408 64999
1668430178411 0.5 65049
1668430192172 0.0 65099
