1668406944921 0.4353195130825043 216
1668407022180 0.4328059256076813 433
1668407100289 0.4383346736431122 650
1668407177395 0.42332136631011963 867
1668407254525 0.42406028509140015 1084
1668407332259 0.4218798577785492 1301
1668407409557 0.4375537037849426 1518
1668407486760 0.43684273958206177 1735
1668407563940 0.4270583391189575 1952
1668407641245 0.43560904264450073 2169
1668407718963 0.4388755261898041 2386
1668407796418 0.44930514693260193 2603
1668407873933 0.4477558434009552 2820
1668407951602 0.42165738344192505 3037
1668408028714 0.4490295648574829 3254
1668408106407 0.4369717836380005 3471
1668408184016 0.43563032150268555 3688
1668408261339 0.4461354613304138 3905
1668408339055 0.43703994154930115 4122
1668408416538 0.4484175443649292 4339
1668408494756 0.4423828721046448 4556
1668408571875 0.4396876096725464 4773
1668408649568 0.447500616312027 4990
1668408726865 0.43935850262641907 5207
1668408804067 0.45139649510383606 5424
1668408881546 0.44433924555778503 5641
1668408959031 0.43715110421180725 5858
1668409036888 0.4383629560470581 6075
1668409114498 0.44433996081352234 6292
1668409192186 0.4366266429424286 6509
1668409269466 0.44669461250305176 6726
1668409347094 0.4574940800666809 6943
1668409424736 0.44717472791671753 7160
1668409502241 0.4461058974266052 7377
1668409579930 0.43321844935417175 7594
1668409658203 0.4517030715942383 7811
1668409736095 0.4413723051548004 8028
1668409814235 0.4549456238746643 8245
1668409891732 0.4393535256385803 8462
1668409969686 0.4390580952167511 8679
1668410047566 0.45154792070388794 8896
1668410125313 0.4459700286388397 9113
1668410203198 0.4544275104999542 9330
1668410281459 0.44890299439430237 9547
1668410359118 0.4354419410228729 9764
1668410436492 0.4394938051700592 9981
1668410514001 0.44781556725502014 10198
1668410592217 0.4489700198173523 10415
1668410669700 0.4474962055683136 10632
1668410747396 0.4414125382900238 10849
1668410824495 0.44968727231025696 11066
1668410902634 0.4427744746208191 11283
1668410980484 0.4464596211910248 11500
1668411058609 0.4424900710582733 11717
1668411136434 0.4454784691333771 11934
1668411214664 0.44972482323646545 12151
1668411292587 0.4507964551448822 12368
1668411370811 0.4568352997303009 12585
1668411448317 0.4459376335144043 12802
1668411526480 0.45341160893440247 13019
1668411604628 0.44702455401420593 13236
1668411682350 0.4491390883922577 13453
1668411760357 0.4435870051383972 13670
1668411838076 0.43287989497184753 13887
1668411915936 0.44146573543548584 14104
1668411993833 0.43512436747550964 14321
1668412071165 0.4490755796432495 14538
1668412148904 0.4579034447669983 14755
1668412226744 0.43256887793540955 14972
1668412304849 0.4504765570163727 15189
1668412382485 0.45477941632270813 15406
1668412460227 0.4425048232078552 15623
1668412537790 0.44876256585121155 15840
1668412615741 0.4528226852416992 16057
1668412693637 0.4466840922832489 16274
1668412771814 0.45027440786361694 16491
1668412849690 0.4510839581489563 16708
1668412927546 0.4583693742752075 16925
1668413005241 0.4475930333137512 17142
1668413083046 0.44287094473838806 17359
1668413160921 0.44888684153556824 17576
1668413239398 0.45047706365585327 17793
1668413316868 0.44543349742889404 18010
1668413394346 0.4484066665172577 18227
1668413472233 0.445134699344635 18444
1668413550528 0.44739192724227905 18661
1668413627840 0.44318386912345886 18878
1668413705811 0.4380554258823395 19095
1668413783794 0.45708727836608887 19312
1668413862017 0.4644664525985718 19529
1668413939617 0.4507746398448944 19746
1668414017642 0.45899805426597595 19963
1668414095341 0.4425823986530304 20180
1668414173357 0.4598100781440735 20397
1668414250933 0.46280890703201294 20614
1668414328995 0.45094960927963257 20831
1668414406747 0.4467998147010803 21048
1668414484206 0.4534507691860199 21265
1668414561686 0.43198737502098083 21482
1668414639319 0.4466780722141266 21699
1668414718264 0.4485010504722595 21916
1668414795744 0.4536290168762207 22133
1668414873724 0.45054906606674194 22350
1668414951582 0.454456627368927 22567
1668415029298 0.4357823133468628 22784
1668415106949 0.44806113839149475 23001
1668415185165 0.4498816728591919 23218
1668415263118 0.4481728971004486 23435
1668415340867 0.44813597202301025 23652
1668415418784 0.4490629732608795 23869
1668415496738 0.4530969560146332 24086
1668415574379 0.44884711503982544 24303
1668415652380 0.45116516947746277 24520
1668415729913 0.45877790451049805 24737
1668415808125 0.44568103551864624 24954
1668415885502 0.43830424547195435 25171
1668415963590 0.46001583337783813 25388
1668416041590 0.4552583694458008 25605
1668416119354 0.4510871171951294 25822
1668416196669 0.4543747007846832 26039
1668416274514 0.44790804386138916 26256
1668416352705 0.4540724456310272 26473
1668416431161 0.45590996742248535 26690
1668416509226 0.4637790620326996 26907
1668416586633 0.4442983865737915 27124
1668416664478 0.4435223340988159 27341
1668416742475 0.45940732955932617 27558
1668416820286 0.43709421157836914 27775
1668416898059 0.4370221197605133 27992
1668416976371 0.44383975863456726 28209
1668417054129 0.45002272725105286 28426
1668417132220 0.4571281373500824 28643
1668417210020 0.4563930332660675 28860
1668417288075 0.45190536975860596 29077
1668417365574 0.4482569992542267 29294
1668417443254 0.4434107542037964 29511
1668417521085 0.4380865693092346 29728
1668417598825 0.45900076627731323 29945
1668417676757 0.4635355472564697 30162
1668417754739 0.44584548473358154 30379
1668417832841 0.45906636118888855 30596
1668417910363 0.4598456621170044 30813
1668417988023 0.45357078313827515 31030
1668418065853 0.45978841185569763 31247
1668418143604 0.45276564359664917 31464
1668418221233 0.4528365433216095 31681
1668418298841 0.4417615830898285 31898
1668418376734 0.4549534022808075 32115
1668418454221 0.44887396693229675 32332
1668418532298 0.4642525315284729 32549
1668418610901 0.4465697109699249 32766
1668418688695 0.44549044966697693 32983
1668418766397 0.4553406834602356 33200
1668418844417 0.45575854182243347 33417
1668418921844 0.44491708278656006 33634
1668418999594 0.4488355219364166 33851
1668419077955 0.44405534863471985 34068
1668419155378 0.45415735244750977 34285
1668419233008 0.45726385712623596 34502
1668419310744 0.4564686119556427 34719
1668419388874 0.4498385488986969 34936
1668419466712 0.44895949959754944 35153
1668419544673 0.4535669684410095 35370
1668419622587 0.44805556535720825 35587
1668419700459 0.4395020604133606 35804
1668419779525 0.44802600145339966 36021
1668419857823 0.45224422216415405 36238
1668419936093 0.44479799270629883 36455
1668420014074 0.4527274966239929 36672
1668420091863 0.4540230333805084 36889
1668420169809 0.4544824957847595 37106
1668420247641 0.4522533118724823 37323
1668420325937 0.44537848234176636 37540
1668420403425 0.4445311725139618 37757
1668420481442 0.45589447021484375 37974
1668420558814 0.46148550510406494 38191
1668420636764 0.4554463028907776 38408
1668420715018 0.4548611044883728 38625
1668420792653 0.453620582818985 38842
1668420870186 0.45419707894325256 39059
1668420948059 0.4483158588409424 39276
1668421025701 0.4504398703575134 39493
1668421103421 0.4606502950191498 39710
1668421180773 0.45900943875312805 39927
1668421258629 0.4565529227256775 40144
1668421336518 0.4525180459022522 40361
1668421414270 0.45685815811157227 40578
1668421491731 0.45341619849205017 40795
1668421569082 0.4609315097332001 41012
1668421647005 0.4643544852733612 41229
1668421725055 0.45316025614738464 41446
1668421802883 0.4585626721382141 41663
1668421880474 0.45398426055908203 41880
1668421958060 0.45617738366127014 42097
1668422036004 0.4449508488178253 42314
1668422113864 0.4524790942668915 42531
1668422191589 0.45306408405303955 42748
1668422269474 0.45358070731163025 42965
1668422347107 0.4508650302886963 43182
1668422424831 0.4512036144733429 43399
1668422502679 0.4530514180660248 43616
1668422579965 0.45299214124679565 43833
1668422657390 0.46420741081237793 44050
1668422735291 0.4608478844165802 44267
1668422813089 0.452934205532074 44484
1668422890835 0.449656218290329 44701
1668422968806 0.44840729236602783 44918
1668423046427 0.4604507386684418 45135
1668423124275 0.45167821645736694 45352
1668423202471 0.4589131772518158 45569
1668423280566 0.45832905173301697 45786
1668423358640 0.4456055462360382 46003
1668423436728 0.46172305941581726 46220
1668423515522 0.4627555310726166 46437
1668423593304 0.4550689458847046 46654
1668423671592 0.43869274854660034 46871
1668423748980 0.45592013001441956 47088
1668423826852 0.4562322497367859 47305
1668423904411 0.4557197690010071 47522
1668423982195 0.4468098282814026 47739
1668424060421 0.4468255043029785 47956
1668424138163 0.44862815737724304 48173
1668424216302 0.4475324749946594 48390
1668424294531 0.45851776003837585 48607
1668424372117 0.46512719988822937 48824
1668424449800 0.45195192098617554 49041
1668424527516 0.44422847032546997 49258
1668424605391 0.4531199336051941 49475
1668424683264 0.4562828838825226 49692
1668424761394 0.4550628066062927 49909
1668424838942 0.4615066349506378 50126
1668424916499 0.4509872794151306 50343
1668424994338 0.4553298056125641 50560
1668425072190 0.4470137357711792 50777
1668425150052 0.4609188735485077 50994
1668425227960 0.4471603035926819 51211
1668425305811 0.452823281288147 51428
1668425383429 0.45316171646118164 51645
1668425460805 0.45691928267478943 51862
1668425538333 0.4573943316936493 52079
1668425616147 0.45693862438201904 52296
1668425694402 0.44998663663864136 52513
1668425772219 0.4570960998535156 52730
1668425850283 0.44890931248664856 52947
1668425927961 0.45390188694000244 53164
1668426005187 0.4640127420425415 53381
1668426083036 0.4651086926460266 53598
1668426160824 0.4548816978931427 53815
1668426238689 0.462285578250885 54032
1668426316506 0.4535049796104431 54249
1668426394615 0.4552575647830963 54466
1668426471382 0.4423981308937073 54683
1668426549079 0.4571661651134491 54900
1668426626706 0.45979976654052734 55117
1668426704635 0.4514135420322418 55334
1668426782525 0.45347222685813904 55551
1668426860423 0.45752277970314026 55768
1668426938167 0.448388010263443 55985
1668427015849 0.4529489278793335 56202
1668427093900 0.4460921883583069 56419
1668427171689 0.4525730609893799 56636
1668427249786 0.4441336691379547 56853
1668427327713 0.4579596519470215 57070
1668427405391 0.4647151231765747 57287
1668427483299 0.45840033888816833 57504
1668427560946 0.4657362699508667 57721
1668427638839 0.4649690091609955 57938
1668427716801 0.4513340890407562 58155
1668427794391 0.4463038146495819 58372
1668427872361 0.4515638053417206 58589
1668427950034 0.45928966999053955 58806
1668428027905 0.45152923464775085 59023
1668428105222 0.4592764973640442 59240
1668428183365 0.4496312141418457 59457
1668428261344 0.4568455219268799 59674
1668428338686 0.4569469690322876 59891
1668428416590 0.4647124409675598 60108
1668428494246 0.45542335510253906 60325
1668428572199 0.4724471867084503 60542
1668428649743 0.4584340751171112 60759
1668428727638 0.4598246216773987 60976
1668428805551 0.4534340500831604 61193
1668428883586 0.4612365961074829 61410
1668428961679 0.45100054144859314 61627
1668429039016 0.4553176760673523 61844
1668429116578 0.4587228000164032 62061
1668429194675 0.455941379070282 62278
1668429272943 0.46327224373817444 62495
1668429351264 0.4581943452358246 62712
1668429429576 0.4599741995334625 62929
1668429507052 0.4525826573371887 63146
1668429584860 0.47476714849472046 63363
1668429662311 0.45655182003974915 63580
1668429740614 0.4609903395175934 63797
1668429818187 0.45186328887939453 64014
1668429896113 0.4469386339187622 64231
1668429973636 0.46692579984664917 64448
1668430051613 0.4563005268573761 64665
1668430129517 0.447426438331604 64882
1668430207041 0.4533907175064087 65099
