1669440435468 0 49
1669440450159 0 99
1669440465072 0 149
1669440479682 0 199
1669440492300 0 216
1669440496792 1 216
1669440507068 1 249
1669440521633 1 299
1669440536579 1 349
1669440551123 1 399
1669440568206 1 433
1669440573174 2 433
1669440578594 2 449
1669440593169 2 499
1669440607969 2 549
1669440622802 2 599
1669440637473 2 649
1669440645012 2 650
1669440649893 3 650
1669440664913 3 699
1669440679552 3 749
1669440694168 3 799
1669440708772 3 849
1669440721278 3 867
1669440726164 4 867
1669440736142 4 899
1669440750951 4 949
1669440765642 4 999
1669440780310 4 1049
1669440797727 4 1084
1669440802535 5 1084
1669440807585 5 1099
1669440822154 5 1149
1669440836722 5 1199
1669440851313 5 1249
1669440865880 5 1299
1669440873699 5 1301
1669440878499 6 1301
1669440893332 6 1349
1669440908069 6 1399
1669440922810 6 1449
1669440937406 6 1499
1669440950131 6 1518
1669440954932 7 1518
1669440964721 7 1549
1669440979478 7 1599
1669440994062 7 1649
1669441008828 7 1699
1669441026633 7 1735
1669441031522 8 1735
1669441036313 8 1749
1669441051021 8 1799
1669441065969 8 1849
1669441080665 8 1899
1669441095299 8 1949
1669441103457 8 1952
1669441108258 9 1952
1669441122845 9 1999
1669441137545 9 2049
1669441152138 9 2099
1669441166881 9 2149
1669441179856 9 2169
1669441184754 10 2169
1669441194352 10 2199
1669441209065 10 2249
1669441223739 10 2299
1669441238373 10 2349
1669441256409 10 2386
1669441261310 11 2386
1669441265790 11 2399
1669441280654 11 2449
1669441295255 11 2499
1669441309985 11 2549
1669441324637 11 2599
1669441333228 11 2603
1669441338049 12 2603
1669441352237 12 2649
1669441366875 12 2699
1669441381453 12 2749
1669441396182 12 2799
1669441409493 12 2820
1669441414339 13 2820
1669441423432 13 2849
1669441438162 13 2899
1669441452730 13 2949
1669441467336 13 2999
1669441485808 13 3037
1669441490730 14 3037
1669441494946 14 3049
1669441509531 14 3099
1669441524128 14 3149
1669441538810 14 3199
1669441553399 14 3249
1669441562105 14 3254
1669441566938 15 3254
1669441580723 15 3299
1669441595455 15 3349
1669441610453 15 3399
1669441624995 15 3449
1669441638595 15 3471
1669441643454 16 3471
1669441652347 16 3499
1669441667002 16 3549
1669441681681 16 3599
1669441696447 16 3649
1669441715228 16 3688
1669441720108 17 3688
1669441724035 17 3699
1669441738764 17 3749
1669441753492 17 3799
1669441768073 17 3849
1669441782605 17 3899
1669441791632 17 3905
1669441796362 18 3905
1669441809916 18 3949
1669441824518 18 3999
1669441839256 18 4049
1669441853852 18 4099
1669441867953 18 4122
1669441872821 19 4122
1669441881498 19 4149
1669441896200 19 4199
1669441911033 19 4249
1669441925602 19 4299
1669441944371 19 4339
1669441949177 20 4339
1669441952815 20 4349
1669441967485 20 4399
1669441982238 20 4449
1669441996981 20 4499
1669442011596 20 4549
1669442021055 20 4556
1669442025930 21 4556
1669442039102 21 4599
1669442053673 21 4649
1669442068238 21 4699
1669442082805 21 4749
1669442097233 21 4773
1669442102039 22 4773
1669442110297 22 4799
1669442124910 22 4849
1669442139464 22 4899
1669442154043 22 4949
1669442173280 22 4990
1669442178192 23 4990
1669442181681 23 4999
1669442196373 23 5049
1669442210987 23 5099
1669442225558 23 5149
1669442240270 23 5199
1669442249868 23 5207
1669442254768 24 5207
1669442267746 24 5249
1669442282350 24 5299
1669442297016 24 5349
1669442311744 24 5399
1669442326357 24 5424
1669442331164 25 5424
1669442339281 25 5449
1669442353860 25 5499
1669442368472 25 5549
1669442383261 25 5599
1669442402676 25 5641
1669442407526 26 5641
1669442410557 26 5649
1669442425327 26 5699
1669442440065 26 5749
1669442454729 26 5799
1669442469486 26 5849
1669442479557 26 5858
1669442484482 27 5858
1669442497108 27 5899
1669442511685 27 5949
1669442526474 27 5999
1669442541068 27 6049
1669442555863 27 6075
1669442560738 28 6075
1669442568474 28 6099
1669442583079 28 6149
1669442597816 28 6199
1669442612582 28 6249
1669442632342 28 6292
1669442637255 29 6292
1669442640055 29 6299
1669442654749 29 6349
1669442669396 29 6399
1669442684038 29 6449
1669442698600 29 6499
1669442708799 29 6509
1669442713651 30 6509
1669442726144 30 6549
1669442740734 30 6599
1669442755473 30 6649
1669442770074 30 6699
1669442785443 30 6726
1669442790342 31 6726
1669442797943 31 6749
1669442812613 31 6799
1669442827326 31 6849
1669442841960 31 6899
1669442862138 31 6943
1669442866929 32 6943
1669442869350 32 6949
1669442884147 32 6999
1669442898950 32 7049
1669442913747 32 7099
1669442928471 32 7149
1669442939005 32 7160
1669442943827 33 7160
1669442956084 33 7199
1669442970670 33 7249
1669442985358 33 7299
1669443000033 33 7349
1669443015694 33 7377
1669443020555 34 7377
1669443027812 34 7399
1669443042522 34 7449
1669443057126 34 7499
1669443071836 34 7549
1669443092281 34 7594
1669443097142 35 7594
1669443099299 35 7599
1669443113906 35 7649
1669443128646 35 7699
1669443143311 35 7749
1669443157889 35 7799
1669443168698 35 7811
1669443173510 36 7811
1669443185317 36 7849
1669443200048 36 7899
1669443214663 36 7949
1669443229447 36 7999
1669443245181 36 8028
1669443250029 37 8028
1669443256942 37 8049
1669443272038 37 8099
1669443286819 37 8149
1669443301427 37 8199
1669443322171 37 8245
1669443327025 38 8245
1669443328905 38 8249
1669443343626 38 8299
1669443358241 38 8349
1669443372834 38 8399
1669443387545 38 8449
1669443398649 38 8462
1669443403474 39 8462
1669443415011 39 8499
1669443429649 39 8549
1669443444462 39 8599
1669443459155 39 8649
1669443475080 39 8679
1669443479944 40 8679
1669443486463 40 8699
1669443501172 40 8749
1669443515930 40 8799
1669443530640 40 8849
1669443551716 40 8896
1669443556540 41 8896
1669443558180 41 8899
1669443572765 41 8949
1669443587655 41 8999
1669443602258 41 9049
1669443616841 41 9099
1669443628224 41 9113
1669443633051 42 9113
1669443644474 42 9149
1669443659223 42 9199
1669443673810 42 9249
1669443688551 42 9299
1669443704834 42 9330
1669443709661 43 9330
1669443716083 43 9349
1669443730933 43 9399
1669443745619 43 9449
1669443760361 43 9499
1669443781763 43 9547
1669443786560 44 9547
1669443787848 44 9549
1669443802607 44 9599
1669443817230 44 9649
1669443831846 44 9699
1669443846495 44 9749
1669443858240 44 9764
1669443863016 45 9764
1669443873891 45 9799
1669443888515 45 9849
1669443903180 45 9899
1669443918188 45 9949
1669443934786 45 9981
1669443939675 46 9981
1669443945783 46 9999
1669443960510 46 10049
1669443975329 46 10099
1669443990270 46 10149
1669444012099 46 10198
1669444017120 47 10198
1669444018181 47 10199
1669444032976 47 10249
1669444047872 47 10299
1669444062791 47 10349
1669444077551 47 10399
1669444089645 47 10415
1669444094629 48 10415
1669444105458 48 10449
1669444120252 48 10499
1669444135106 48 10549
1669444150123 48 10599
1669444167465 48 10632
1669444172433 49 10632
1669444178199 49 10649
1669444193153 49 10699
1669444207925 49 10749
1669444222727 49 10799
1669444237483 49 10849
1669444245259 49 10849
1669444250254 50 10849
1669444265983 50 10899
1669444280893 50 10949
1669444295890 50 10999
1669444310661 50 11049
1669444323312 50 11066
1669444328346 51 11066
1669444339021 51 11099
1669444353797 51 11149
1669444368673 51 11199
1669444383461 51 11249
1669444400988 51 11283
1669444406063 52 11283
1669444411505 52 11299
1669444426471 52 11349
1669444441258 52 11399
1669444456125 52 11449
1669444470987 52 11499
1669444478843 52 11500
1669444483791 53 11500
1669444499041 53 11549
1669444513879 53 11599
1669444528716 53 11649
1669444543736 53 11699
1669444556758 53 11717
1669444561777 54 11717
1669444571976 54 11749
1669444586852 54 11799
1669444601497 54 11849
1669444616471 54 11899
1669444633957 54 11934
1669444638763 55 11934
1669444643846 55 11949
1669444658669 55 11999
1669444673335 55 12049
1669444688080 55 12099
1669444702691 55 12149
1669444710477 55 12151
1669444715333 56 12151
1669444730189 56 12199
1669444744938 56 12249
1669444759729 56 12299
1669444774359 56 12349
1669444787276 56 12368
1669444792036 57 12368
1669444801881 57 12399
1669444816529 57 12449
1669444831163 57 12499
1669444845787 57 12549
1669444864041 57 12585
1669444869023 58 12585
1669444873992 58 12599
1669444888737 58 12649
1669444903752 58 12699
1669444918736 58 12749
1669444933532 58 12799
1669444941952 58 12802
1669444946919 59 12802
1669444962035 59 12849
1669444976800 59 12899
1669444991605 59 12949
1669445006548 59 12999
1669445019816 59 13019
1669445024762 60 13019
1669445034406 60 13049
1669445049423 60 13099
1669445064141 60 13149
1669445078728 60 13199
1669445096775 60 13236
1669445101563 61 13236
1669445106108 61 13249
1669445120697 61 13299
1669445135417 61 13349
1669445150012 61 13399
1669445164732 61 13449
1669445173352 61 13453
1669445178144 62 13453
1669445192206 62 13499
1669445206822 62 13549
1669445221410 62 13599
1669445236015 62 13649
1669445249516 62 13670
1669445254417 63 13670
1669445263599 63 13699
1669445278243 63 13749
1669445292859 63 13799
1669445307501 63 13849
1669445326007 63 13887
1669445330725 64 13887
1669445334946 64 13899
1669445349519 64 13949
1669445364237 64 13999
1669445378798 64 14049
1669445393569 64 14099
1669445402441 64 14104
1669445407335 65 14104
1669445421156 65 14149
1669445435769 65 14199
1669445450381 65 14249
1669445465161 65 14299
1669445479072 65 14321
1669445483860 66 14321
1669445492738 66 14349
1669445507330 66 14399
1669445522002 66 14449
1669445536765 66 14499
1669445555458 66 14538
1669445560237 67 14538
1669445564131 67 14549
1669445578879 67 14599
1669445593550 67 14649
1669445608352 67 14699
1669445623300 67 14749
1669445632353 67 14755
1669445637242 68 14755
1669445650743 68 14799
1669445665331 68 14849
1669445680045 68 14899
1669445694611 68 14949
1669445708486 68 14972
1669445713356 69 14972
1669445721937 69 14999
1669445736597 69 15049
1669445751361 69 15099
1669445766099 69 15149
1669445785152 69 15189
1669445790060 70 15189
1669445793668 70 15199
1669445808384 70 15249
1669445822988 70 15299
1669445837561 70 15349
1669445852161 70 15399
1669445861549 70 15406
1669445866337 71 15406
1669445879578 71 15449
1669445894326 71 15499
1669445909124 71 15549
1669445923705 71 15599
1669445938193 71 15623
1669445943098 72 15623
1669445951337 72 15649
1669445966189 72 15699
1669445980792 72 15749
1669445995370 72 15799
1669446014732 72 15840
1669446019597 73 15840
1669446022904 73 15849
1669446037694 73 15899
1669446052349 73 15949
1669446067091 73 15999
1669446081887 73 16049
1669446091746 73 16057
1669446096633 74 16057
1669446109565 74 16099
1669446124175 74 16149
1669446138911 74 16199
1669446153587 74 16249
1669446168443 74 16274
1669446173331 75 16274
1669446181355 75 16299
1669446195986 75 16349
1669446210785 75 16399
1669446225554 75 16449
1669446245283 75 16491
1669446250047 76 16491
1669446252998 76 16499
1669446267578 76 16549
1669446282315 76 16599
1669446296875 76 16649
1669446311618 76 16699
1669446321675 76 16708
1669446326607 77 16708
1669446339268 77 16749
1669446354095 77 16799
1669446368783 77 16849
1669446383483 77 16899
1669446398494 77 16925
1669446403382 78 16925
1669446410998 78 16949
1669446425605 78 16999
1669446440383 78 17049
1669446455140 78 17099
1669446474967 78 17142
1669446479909 79 17142
1669446482686 79 17149
1669446497392 79 17199
1669446512013 79 17249
1669446526649 79 17299
1669446541396 79 17349
1669446551718 79 17359
1669446556708 80 17359
1669446569063 80 17399
1669446583659 80 17449
1669446598655 80 17499
1669446613255 80 17549
1669446628656 80 17576
1669446633644 81 17576
1669446641072 81 17599
1669446656078 81 17649
1669446671105 81 17699
1669446685709 81 17749
1669446706040 81 17793
1669446710957 82 17793
1669446713398 82 17799
1669446728118 82 17849
1669446742772 82 17899
1669446757451 82 17949
1669446772066 82 17999
1669446782717 82 18010
1669446787652 83 18010
1669446799853 83 18049
1669446814435 83 18099
1669446829022 83 18149
1669446843654 83 18199
1669446859360 83 18227
1669446864304 84 18227
1669446871438 84 18249
1669446886053 84 18299
1669446900805 84 18349
1669446915537 84 18399
1669446936291 84 18444
1669446941186 85 18444
1669446943348 85 18449
1669446957932 85 18499
1669446972544 85 18549
1669446987244 85 18599
1669447001832 85 18649
1669447012811 85 18661
1669447017802 86 18661
1669447029570 86 18699
1669447044349 86 18749
1669447059032 86 18799
1669447073838 86 18849
1669447089735 86 18878
1669447094652 87 18878
1669447101477 87 18899
1669447116218 87 18949
1669447130774 87 18999
1669447145387 87 19049
1669447166415 87 19095
1669447171375 88 19095
1669447173298 88 19099
1669447188125 88 19149
1669447202747 88 19199
1669447217364 88 19249
1669447231968 88 19299
1669447243046 88 19312
1669447247857 89 19312
1669447259502 89 19349
1669447274088 89 19399
1669447288944 89 19449
1669447303554 89 19499
1669447319905 89 19529
1669447324814 90 19529
1669447331340 90 19549
1669447345955 90 19599
1669447360546 90 19649
1669447375128 90 19699
1669447396358 90 19746
1669447401249 91 19746
1669447402848 91 19749
1669447417608 91 19799
1669447432271 91 19849
1669447447180 91 19899
1669447461811 91 19949
1669447473298 91 19963
1669447478224 92 19963
1669447489483 92 19999
1669447504092 92 20049
1669447518704 92 20099
1669447533599 92 20149
1669447549894 92 20180
1669447554821 93 20180
1669447561032 93 20199
1669447575625 93 20249
1669447590340 93 20299
1669447605327 93 20349
1669447626789 93 20397
1669447631666 94 20397
1669447632953 94 20399
1669447647580 94 20449
1669447662221 94 20499
1669447676851 94 20549
1669447691669 94 20599
1669447703612 94 20614
1669447708553 95 20614
1669447719423 95 20649
1669447734252 95 20699
1669447748855 95 20749
1669447763451 95 20799
1669447780312 95 20831
1669447785302 96 20831
1669447791258 96 20849
1669447805854 96 20899
1669447820614 96 20949
1669447835206 96 20999
1669447856710 96 21048
1669447861622 97 21048
1669447862567 97 21049
1669447877173 97 21099
1669447891911 97 21149
1669447906627 97 21199
1669447921234 97 21249
1669447933303 97 21265
1669447938295 98 21265
1669447948897 98 21299
1669447963666 98 21349
1669447978413 98 21399
1669447993050 98 21449
1669448009821 98 21482
1669448014800 99 21482
1669448020435 99 21499
1669448035173 99 21549
1669448049929 99 21599
1669448064484 99 21649
1669448078973 99 21699
1669448086546 99 21699
1669448091471 100 21699
1669448106723 100 21749
1669448121414 100 21799
1669448136129 100 21849
1669448150906 100 21899
1669448163220 100 21916
1669448168059 101 21916
1669448178540 101 21949
1669448193337 101 21999
1669448207946 101 22049
1669448222709 101 22099
1669448240033 101 22133
1669448244962 102 22133
1669448250312 102 22149
1669448264873 102 22199
1669448279621 102 22249
1669448294205 102 22299
1669448308991 102 22349
1669448316685 102 22350
1669448321537 103 22350
1669448336535 103 22399
1669448351347 103 22449
1669448366126 103 22499
1669448380708 103 22549
1669448393441 103 22567
1669448398359 104 22567
1669448408495 104 22599
1669448423101 104 22649
1669448437934 104 22699
1669448452592 104 22749
1669448470363 104 22784
1669448475245 105 22784
1669448480500 105 22799
1669448495068 105 22849
1669448509632 105 22899
1669448524221 105 22949
1669448538934 105 22999
1669448546908 105 23001
1669448551931 106 23001
1669448566771 106 23049
1669448581416 106 23099
1669448596007 106 23149
1669448610775 106 23199
1669448623766 106 23218
1669448628788 107 23218
1669448638682 107 23249
1669448653365 107 23299
1669448668007 107 23349
1669448682651 107 23399
1669448700802 107 23435
1669448705752 108 23435
1669448710613 108 23449
1669448725253 108 23499
1669448739943 108 23549
1669448754586 108 23599
1669448769380 108 23649
1669448777642 108 23652
1669448782607 109 23652
1669448797142 109 23699
1669448811711 109 23749
1669448826293 109 23799
1669448841000 109 23849
1669448854291 109 23869
1669448859171 110 23869
1669448868695 110 23899
1669448883277 110 23949
1669448898054 110 23999
1669448912638 110 24049
1669448930977 110 24086
1669448935943 111 24086
1669448940537 111 24099
1669448955145 111 24149
1669448969739 111 24199
1669448984471 111 24249
1669448999182 111 24299
1669449007757 111 24303
1669449012726 112 24303
1669449026782 112 24349
1669449041557 112 24399
1669449056138 112 24449
1669449070858 112 24499
1669449084305 112 24520
1669449089292 113 24520
1669449098595 113 24549
1669449113255 113 24599
1669449127820 113 24649
1669449142514 113 24699
1669449160916 113 24737
1669449165774 114 24737
1669449170000 114 24749
1669449184624 114 24799
1669449199400 114 24849
1669449214003 114 24899
1669449228914 114 24949
1669449237659 114 24954
1669449242557 115 24954
1669449256358 115 24999
1669449270984 115 25049
1669449285677 115 25099
1669449300276 115 25149
1669449314153 115 25171
1669449319095 116 25171
1669449328003 116 25199
1669449342629 116 25249
1669449357444 116 25299
1669449372331 116 25349
1669449391181 116 25388
1669449396067 117 25388
1669449399973 117 25399
1669449414593 117 25449
1669449429203 117 25499
1669449443958 117 25549
1669449458549 117 25599
1669449467630 117 25605
1669449472621 118 25605
1669449486401 118 25649
1669449501013 118 25699
1669449515850 118 25749
1669449530461 118 25799
1669449544681 118 25822
1669449549670 119 25822
1669449558396 119 25849
1669449573190 119 25899
1669449587818 119 25949
1669449602633 119 25999
1669449621742 119 26039
1669449626685 120 26039
1669449630324 120 26049
1669449644949 120 26099
1669449659720 120 26149
1669449674357 120 26199
1669449689171 120 26249
1669449698689 120 26256
1669449703548 121 26256
1669449716911 121 26299
1669449731528 121 26349
1669449746127 121 26399
1669449760875 121 26449
1669449775261 121 26473
1669449780257 122 26473
1669449788604 122 26499
1669449803146 122 26549
1669449817929 122 26599
1669449832756 122 26649
1669449852196 122 26690
1669449857170 123 26690
1669449860459 123 26699
1669449875034 123 26749
1669449889770 123 26799
1669449904430 123 26849
1669449919047 123 26899
1669449928764 123 26907
1669449933778 124 26907
1669449946694 124 26949
1669449961423 124 26999
1669449976199 124 27049
1669449990987 124 27099
1669450005735 124 27124
1669450010684 125 27124
1669450018730 125 27149
1669450033519 125 27199
1669450048148 125 27249
1669450062800 125 27299
1669450082716 125 27341
1669450087699 126 27341
1669450090758 126 27349
1669450105372 126 27399
1669450120117 126 27449
1669450134768 126 27499
1669450149552 126 27549
1669450159580 126 27558
1669450164512 127 27558
1669450177182 127 27599
1669450192091 127 27649
1669450206886 127 27699
1669450221504 127 27749
1669450236407 127 27775
1669450241269 128 27775
1669450248973 128 27799
1669450263651 128 27849
1669450278488 128 27899
1669450293041 128 27949
1669450313074 128 27992
1669450317926 129 27992
1669450320696 129 27999
1669450335373 129 28049
1669450350303 129 28099
1669450364942 129 28149
1669450379545 129 28199
1669450389894 129 28209
1669450394795 130 28209
1669450407300 130 28249
1669450422095 130 28299
1669450436708 130 28349
1669450451382 130 28399
1669450466737 130 28426
1669450471672 131 28426
1669450479079 131 28449
1669450493673 131 28499
1669450508426 131 28549
1669450523057 131 28599
1669450543358 131 28643
1669450548237 132 28643
1669450550671 132 28649
1669450565614 132 28699
1669450580286 132 28749
1669450594915 132 28799
1669450609525 132 28849
1669450620275 132 28860
1669450625277 133 28860
1669450637509 133 28899
1669450652190 133 28949
1669450666756 133 28999
1669450681535 133 29049
1669450697262 133 29077
1669450702211 134 29077
1669450709343 134 29099
1669450724008 134 29149
1669450738605 134 29199
1669450753402 134 29249
1669450774073 134 29294
1669450778949 135 29294
1669450781077 135 29299
1669450795675 135 29349
1669450810321 135 29399
1669450824988 135 29449
1669450839881 135 29499
1669450850660 135 29511
1669450855563 136 29511
1669450867410 136 29549
1669450882166 136 29599
1669450896770 136 29649
1669450911498 136 29699
1669450927366 136 29728
1669450932370 137 29728
1669450939216 137 29749
1669450953947 137 29799
1669450968628 137 29849
1669450983436 137 29899
1669451004455 137 29945
1669451009494 138 29945
1669451011378 138 29949
1669451026090 138 29999
1669451040679 138 30049
1669451055445 138 30099
1669451070051 138 30149
1669451081045 138 30162
1669451085955 139 30162
1669451097489 139 30199
1669451112268 139 30249
1669451126886 139 30299
1669451141514 139 30349
1669451157803 139 30379
1669451162778 140 30379
1669451169331 140 30399
1669451183922 140 30449
1669451198817 140 30499
1669451213427 140 30549
1669451234437 140 30596
1669451239307 141 30596
1669451240893 141 30599
1669451255489 141 30649
1669451270110 141 30699
1669451284883 141 30749
1669451299790 141 30799
1669451311433 141 30813
1669451316360 142 30813
1669451327608 142 30849
1669451342299 142 30899
1669451356891 142 30949
1669451371507 142 30999
1669451387897 142 31030
1669451392865 143 31030
1669451399090 143 31049
1669451413833 143 31099
1669451428476 143 31149
1669451443076 143 31199
1669451464973 143 31247
1669451470003 144 31247
1669451471282 144 31249
1669451485897 144 31299
1669451500575 144 31349
1669451515210 144 31399
1669451529852 144 31449
1669451541687 144 31464
1669451546608 145 31464
1669451557494 145 31499
1669451572103 145 31549
1669451586974 145 31599
1669451601734 145 31649
1669451618596 145 31681
1669451623552 146 31681
1669451629520 146 31699
1669451644340 146 31749
1669451658948 146 31799
1669451673644 146 31849
1669451695636 146 31898
1669451700509 147 31898
1669451701508 147 31899
1669451716136 147 31949
1669451731110 147 31999
1669451745732 147 32049
1669451760349 147 32099
1669451772494 147 32115
1669451777584 148 32115
1669451788212 148 32149
1669451802822 148 32199
1669451817656 148 32249
1669451832255 148 32299
1669451849299 148 32332
1669451854281 149 32332
1669451859962 149 32349
1669451874773 149 32399
1669451889405 149 32449
1669451904274 149 32499
1669451918825 149 32549
1669451926400 149 32549
1669451931296 150 32549
1669451946650 150 32599
1669451961273 150 32649
1669451976036 150 32699
1669451990642 150 32749
1669452003051 150 32766
1669452007993 151 32766
1669452018540 151 32799
1669452033283 151 32849
1669452048064 151 32899
1669452063069 151 32949
1669452080439 151 32983
1669452085309 152 32983
1669452090637 152 32999
1669452105243 152 33049
1669452119991 152 33099
1669452134683 152 33149
1669452149444 152 33199
1669452157151 152 33200
1669452162149 153 33200
1669452177354 153 33249
1669452192521 153 33299
1669452207140 153 33349
1669452221774 153 33399
1669452234555 153 33417
1669452239576 154 33417
1669452249692 154 33449
1669452264403 154 33499
1669452279049 154 33549
1669452293815 154 33599
1669452311737 154 33634
1669452316714 155 33634
1669452321760 155 33649
1669452336469 155 33699
1669452351331 155 33749
1669452365946 155 33799
1669452380547 155 33849
1669452388668 155 33851
1669452393607 156 33851
1669452408281 156 33899
1669452422885 156 33949
1669452437629 156 33999
1669452452326 156 34049
1669452465331 156 34068
1669452470324 157 34068
1669452480012 157 34099
1669452494643 157 34149
1669452509288 157 34199
1669452524195 157 34249
1669452542231 157 34285
1669452547194 158 34285
1669452551945 158 34299
1669452566571 158 34349
1669452581322 158 34399
1669452595918 158 34449
1669452610706 158 34499
1669452618922 158 34502
1669452623879 159 34502
1669452638326 159 34549
1669452653172 159 34599
1669452667757 159 34649
1669452682358 159 34699
1669452695710 159 34719
1669452700647 160 34719
1669452710166 160 34749
1669452724760 160 34799
1669452739353 160 34849
1669452754173 160 34899
1669452772526 160 34936
1669452777485 161 34936
1669452781930 161 34949
1669452796531 161 34999
1669452811273 161 35049
1669452825839 161 35099
1669452840571 161 35149
1669452849166 161 35153
1669452854112 162 35153
1669452868274 162 35199
1669452883002 162 35249
1669452897776 162 35299
1669452912425 162 35349
1669452926145 162 35370
1669452931131 163 35370
1669452940473 163 35399
1669452955135 163 35449
1669452969739 163 35499
1669452984520 163 35549
1669453002989 163 35587
1669453007948 164 35587
1669453012204 164 35599
1669453027090 164 35649
1669453041664 164 35699
1669453056284 164 35749
1669453071137 164 35799
1669453080377 164 35804
1669453085312 165 35804
1669453099191 165 35849
1669453113824 165 35899
1669453128633 165 35949
1669453143253 165 35999
1669453157168 165 36021
1669453162127 166 36021
1669453171057 166 36049
1669453185669 166 36099
1669453200417 166 36149
1669453215569 166 36199
1669453234278 166 36238
1669453239153 167 36238
1669453243130 167 36249
1669453257780 167 36299
1669453272797 167 36349
1669453287562 167 36399
1669453302191 167 36449
1669453311172 167 36455
1669453316152 168 36455
1669453329721 168 36499
1669453344671 168 36549
1669453359354 168 36599
1669453374010 168 36649
1669453388214 168 36672
1669453393085 169 36672
1669453401803 169 36699
1669453416392 169 36749
1669453431125 169 36799
1669453445779 169 36849
1669453464975 169 36889
1669453469936 170 36889
1669453473708 170 36899
1669453488494 170 36949
1669453503118 170 36999
1669453517756 170 37049
1669453532486 170 37099
1669453542055 170 37106
1669453547094 171 37106
1669453560306 171 37149
1669453574877 171 37199
1669453589737 171 37249
1669453604444 171 37299
1669453618834 171 37323
1669453623787 172 37323
1669453632062 172 37349
1669453646834 172 37399
1669453661596 172 37449
1669453676298 172 37499
1669453695841 172 37540
1669453700807 173 37540
1669453704183 173 37549
1669453718891 173 37599
1669453733654 173 37649
1669453748228 173 37699
1669453762894 173 37749
1669453772804 173 37757
1669453777781 174 37757
1669453790797 174 37799
1669453805556 174 37849
1669453820211 174 37899
1669453834850 174 37949
1669453849731 174 37974
1669453854759 175 37974
1669453862909 175 37999
1669453877553 175 38049
1669453892234 175 38099
1669453906991 175 38149
1669453926780 175 38191
1669453931733 176 38191
1669453934781 176 38199
1669453949564 176 38249
1669453964171 176 38299
1669453978817 176 38349
1669453993623 176 38399
1669454003732 176 38408
1669454008790 177 38408
1669454021677 177 38449
1669454036271 177 38499
1669454050866 177 38549
1669454065472 177 38599
1669454080526 177 38625
1669454085547 178 38625
1669454093312 178 38649
1669454108122 178 38699
1669454122711 178 38749
1669454137472 178 38799
1669454157476 178 38842
1669454162398 179 38842
1669454165186 179 38849
1669454179961 179 38899
1669454194581 179 38949
1669454209265 179 38999
1669454223853 179 39049
1669454234247 179 39059
1669454239160 180 39059
1669454251501 180 39099
1669454266127 180 39149
1669454281014 180 39199
1669454295613 180 39249
1669454311085 180 39276
1669454316141 181 39276
1669454323544 181 39299
1669454338157 181 39349
1669454352959 181 39399
1669454367553 181 39449
1669454387848 181 39493
1669454392852 182 39493
1669454395364 182 39499
1669454410159 182 39549
1669454424914 182 39599
1669454439549 182 39649
1669454454165 182 39699
1669454464841 182 39710
1669454469846 183 39710
1669454482101 183 39749
1669454496681 183 39799
1669454511282 183 39849
1669454525910 183 39899
1669454541581 183 39927
1669454546564 184 39927
1669454553766 184 39949
1669454568629 184 39999
1669454583400 184 40049
1669454598185 184 40099
1669454618850 184 40144
1669454623893 185 40144
1669454626160 185 40149
1669454640787 185 40199
1669454655490 185 40249
1669454670323 185 40299
1669454685070 185 40349
1669454696055 185 40361
1669454701033 186 40361
1669454712933 186 40399
1669454727549 186 40449
1669454742314 186 40499
1669454756914 186 40549
1669454772736 186 40578
1669454777836 187 40578
1669454784643 187 40599
1669454799245 187 40649
1669454814067 187 40699
1669454829079 187 40749
1669454849932 187 40795
1669454854903 188 40795
1669454856817 188 40799
1669454871667 188 40849
1669454886283 188 40899
1669454900892 188 40949
1669454915488 188 40999
1669454926647 188 41012
1669454931552 189 41012
1669454943316 189 41049
1669454957996 189 41099
1669454972620 189 41149
1669454987299 189 41199
1669455003405 189 41229
1669455008430 190 41229
1669455015267 190 41249
1669455029827 190 41299
1669455044386 190 41349
1669455058954 190 41399
1669455080358 190 41446
1669455085395 191 41446
1669455086962 191 41449
1669455101972 191 41499
1669455116755 191 41549
1669455131372 191 41599
1669455146100 191 41649
1669455157802 191 41663
1669455162685 192 41663
1669455173924 192 41699
1669455188539 192 41749
1669455203242 192 41799
1669455217965 192 41849
1669455234641 192 41880
1669455239592 193 41880
1669455245848 193 41899
1669455260406 193 41949
1669455275089 193 41999
1669455289806 193 42049
1669455311225 193 42097
1669455316168 194 42097
1669455317484 194 42099
1669455332121 194 42149
1669455346749 194 42199
1669455361970 194 42249
1669455376714 194 42299
1669455388491 194 42314
1669455393569 195 42314
1669455404452 195 42349
1669455419225 195 42399
1669455433994 195 42449
1669455448602 195 42499
1669455465321 195 42531
1669455470203 196 42531
1669455476127 196 42549
1669455490998 196 42599
1669455505760 196 42649
1669455520423 196 42699
1669455542224 196 42748
1669455547253 197 42748
1669455548224 197 42749
1669455562987 197 42799
1669455577788 197 42849
1669455592404 197 42899
1669455607013 197 42949
1669455618980 197 42965
1669455623901 198 42965
1669455634693 198 42999
1669455649519 198 43049
1669455664183 198 43099
1669455678832 198 43149
1669455695881 198 43182
1669455700833 199 43182
1669455706778 199 43199
1669455721378 199 43249
1669455736000 199 43299
1669455750634 199 43349
1669455765186 199 43399
1669455772764 199 43399
1669455777642 200 43399
1669455793094 200 43449
1669455807813 200 43499
1669455822428 200 43549
1669455837018 200 43599
1669455849430 200 43616
1669455854473 201 43616
1669455864779 201 43649
1669455879380 201 43699
1669455894156 201 43749
1669455908782 201 43799
1669455926469 201 43833
1669455931525 202 43833
1669455936966 202 43849
1669455951539 202 43899
1669455966174 202 43949
1669455980997 202 43999
1669455995566 202 44049
1669456003163 202 44050
1669456008130 203 44050
1669456023278 203 44099
1669456037931 203 44149
1669456052575 203 44199
1669456067418 203 44249
1669456080116 203 44267
1669456085083 204 44267
1669456095088 204 44299
1669456109678 204 44349
1669456124260 204 44399
1669456138860 204 44449
1669456156595 204 44484
1669456161624 205 44484
1669456166704 205 44499
1669456181394 205 44549
1669456196294 205 44599
1669456210929 205 44649
1669456225547 205 44699
1669456233564 205 44701
1669456238580 206 44701
1669456253358 206 44749
1669456268211 206 44799
1669456282978 206 44849
1669456297770 206 44899
1669456310952 206 44918
1669456315958 207 44918
1669456325697 207 44949
1669456340446 207 44999
1669456355106 207 45049
1669456369765 207 45099
1669456387741 207 45135
1669456392726 208 45135
1669456397532 208 45149
1669456412305 208 45199
1669456427222 208 45249
1669456441902 208 45299
1669456456723 208 45349
1669456465102 208 45352
1669456470213 209 45352
1669456484680 209 45399
1669456499363 209 45449
1669456514033 209 45499
1669456528684 209 45549
1669456542121 209 45569
1669456547047 210 45569
1669456556589 210 45599
1669456571180 210 45649
1669456585918 210 45699
1669456600534 210 45749
1669456619003 210 45786
1669456624136 211 45786
1669456628649 211 45799
1669456643254 211 45849
1669456657827 211 45899
1669456672416 211 45949
1669456687289 211 45999
1669456695851 211 46003
1669456700866 212 46003
1669456714950 212 46049
1669456729693 212 46099
1669456744324 212 46149
1669456758925 212 46199
1669456772561 212 46220
1669456777529 213 46220
1669456786649 213 46249
1669456801246 213 46299
1669456816210 213 46349
1669456830856 213 46399
1669456849537 213 46437
1669456854596 214 46437
1669456858923 214 46449
1669456873540 214 46499
1669456888335 214 46549
1669456902938 214 46599
1669456917537 214 46649
1669456926394 214 46654
1669456931458 215 46654
1669456945301 215 46699
1669456960037 215 46749
1669456974778 215 46799
1669456989387 215 46849
1669457003194 215 46871
1669457008219 216 46871
1669457017077 216 46899
1669457031673 216 46949
1669457046348 216 46999
1669457060918 216 47049
1669457079812 216 47088
1669457084823 217 47088
1669457088760 217 47099
1669457103473 217 47149
1669457118259 217 47199
1669457132842 217 47249
1669457147426 217 47299
1669457156783 217 47305
1669457161825 218 47305
1669457175489 218 47349
1669457190116 218 47399
1669457204873 218 47449
1669457219650 218 47499
1669457233891 218 47522
1669457238908 219 47522
1669457247508 219 47549
1669457262300 219 47599
1669457276928 219 47649
1669457291571 219 47699
1669457310758 219 47739
1669457315635 220 47739
1669457319281 220 47749
1669457333913 220 47799
1669457348846 220 47849
1669457363595 220 47899
1669457378273 220 47949
1669457387835 220 47956
1669457392827 221 47956
1669457406305 221 47999
1669457421209 221 48049
1669457435925 221 48099
1669457450735 221 48149
1669457465448 221 48173
1669457470466 222 48173
1669457478732 222 48199
1669457493332 222 48249
1669457507943 222 48299
1669457522550 222 48349
1669457541826 222 48390
1669457546739 223 48390
1669457550183 223 48399
1669457564786 223 48449
1669457579655 223 48499
1669457594274 223 48549
1669457609029 223 48599
1669457618614 223 48607
1669457623577 224 48607
1669457636494 224 48649
1669457651099 224 48699
1669457665802 224 48749
1669457680422 224 48799
1669457695497 224 48824
1669457700424 225 48824
1669457708450 225 48849
1669457723038 225 48899
1669457737635 225 48949
1669457752221 225 48999
1669457771975 225 49041
1669457777086 226 49041
1669457780158 226 49049
1669457794870 226 49099
1669457809494 226 49149
1669457824370 226 49199
1669457838975 226 49249
1669457849139 226 49258
1669457854038 227 49258
1669457866710 227 49299
1669457881368 227 49349
1669457896190 227 49399
1669457910825 227 49449
1669457925913 227 49475
1669457930943 228 49475
1669457938631 228 49499
1669457953415 228 49549
1669457968188 228 49599
1669457982840 228 49649
1669458002917 228 49692
1669458007972 229 49692
1669458010792 229 49699
1669458025391 229 49749
1669458040176 229 49799
1669458054792 229 49849
1669458069463 229 49899
1669458079881 229 49909
1669458084806 230 49909
1669458097351 230 49949
1669458112151 230 49999
1669458126799 230 50049
1669458141614 230 50099
1669458156930 230 50126
1669458161940 231 50126
1669458169353 231 50149
1669458184117 231 50199
1669458198727 231 50249
1669458213475 231 50299
1669458233812 231 50343
1669458238783 232 50343
1669458241245 232 50349
1669458256030 232 50399
1669458270765 232 50449
1669458285360 232 50499
1669458300089 232 50549
1669458310524 232 50560
1669458315641 233 50560
1669458327811 233 50599
1669458342420 233 50649
1669458357036 233 50699
1669458371643 233 50749
1669458387312 233 50777
1669458392211 234 50777
1669458399488 234 50799
1669458414212 234 50849
1669458429028 234 50899
1669458443722 234 50949
1669458464297 234 50994
1669458469288 235 50994
1669458471498 235 50999
1669458486284 235 51049
1669458500917 235 51099
1669458515530 235 51149
1669458530496 235 51199
1669458541500 235 51211
1669458546531 236 51211
1669458558439 236 51249
1669458573050 236 51299
1669458587701 236 51349
1669458602312 236 51399
1669458618276 236 51428
1669458623222 237 51428
1669458630020 237 51449
1669458644772 237 51499
1669458659385 237 51549
1669458674345 237 51599
1669458695424 237 51645
1669458700429 238 51645
1669458702310 238 51649
1669458716902 238 51699
1669458731510 238 51749
1669458746102 238 51799
1669458760785 238 51849
1669458771931 238 51862
1669458776963 239 51862
1669458788593 239 51899
1669458803338 239 51949
1669458818224 239 51999
1669458832782 239 52049
1669458848913 239 52079
1669458853949 240 52079
1669458860765 240 52099
1669458875363 240 52149
1669458889954 240 52199
1669458904556 240 52249
1669458925577 240 52296
1669458930574 241 52296
1669458932148 241 52299
1669458947184 241 52349
1669458961792 241 52399
1669458976567 241 52449
1669458991160 241 52499
1669459002682 241 52513
1669459007699 242 52513
1669459018938 242 52549
1669459033601 242 52599
1669459048372 242 52649
1669459063016 242 52699
1669459079847 242 52730
1669459084812 243 52730
1669459091067 243 52749
1669459105668 243 52799
1669459120448 243 52849
1669459135005 243 52899
1669459156515 243 52947
1669459161475 244 52947
1669459162723 244 52949
1669459177361 244 52999
1669459191951 244 53049
1669459206576 244 53099
1669459221655 244 53149
1669459233564 244 53164
1669459238494 245 53164
1669459249356 245 53199
1669459263948 245 53249
1669459278559 245 53299
1669459293136 245 53349
1669459309817 245 53381
1669459314661 246 53381
1669459320600 246 53399
1669459335444 246 53449
1669459350083 246 53499
1669459365025 246 53549
1669459387023 246 53598
1669459392110 247 53598
1669459393141 247 53599
1669459407901 247 53649
1669459422582 247 53699
1669459437181 247 53749
1669459451807 247 53799
1669459463834 247 53815
1669459468858 248 53815
1669459479731 248 53849
1669459494300 248 53899
1669459509027 248 53949
1669459523600 248 53999
1669459540607 248 54032
1669459545611 249 54032
1669459551264 249 54049
1669459566131 249 54099
1669459580761 249 54149
1669459595501 249 54199
1669459609972 249 54249
1669459617622 249 54249
1669459622688 250 54249
1669459638033 250 54299
1669459652660 250 54349
1669459667294 250 54399
1669459682042 250 54449
1669459694548 250 54466
1669459699515 251 54466
1669459709860 251 54499
1669459724485 251 54549
1669459739290 251 54599
1669459753887 251 54649
1669459771461 251 54683
1669459776326 252 54683
1669459781684 252 54699
1669459796474 252 54749
1669459811169 252 54799
1669459825941 252 54849
1669459840684 252 54899
1669459848330 252 54900
1669459853219 253 54900
1669459868304 253 54949
1669459883046 253 54999
1669459897813 253 55049
1669459912446 253 55099
1669459925238 253 55117
1669459930225 254 55117
1669459940336 254 55149
1669459955242 254 55199
1669459969843 254 55249
1669459984625 254 55299
1669460002318 254 55334
1669460007230 255 55334
1669460012498 255 55349
1669460027086 255 55399
1669460041723 255 55449
1669460056511 255 55499
1669460071104 255 55549
1669460078972 255 55551
1669460083871 256 55551
1669460098569 256 55599
1669460113470 256 55649
1669460128221 256 55699
1669460142815 256 55749
1669460155749 256 55768
1669460160643 257 55768
1669460170390 257 55799
1669460184975 257 55849
1669460199580 257 55899
1669460214337 257 55949
1669460232283 257 55985
1669460237373 258 55985
1669460242101 258 55999
1669460256820 258 56049
1669460271636 258 56099
1669460286196 258 56149
1669460300791 258 56199
1669460309000 258 56202
1669460313944 259 56202
1669460328374 259 56249
1669460343085 259 56299
1669460357717 259 56349
1669460372313 259 56399
1669460385798 259 56419
1669460390854 260 56419
1669460400295 260 56449
1669460415234 260 56499
1669460429854 260 56549
1669460444506 260 56599
1669460462736 260 56636
1669460467645 261 56636
1669460472197 261 56649
1669460487023 261 56699
1669460501670 261 56749
1669460516288 261 56799
1669460531193 261 56849
1669460539908 261 56853
1669460544968 262 56853
1669460559304 262 56899
1669460573925 262 56949
1669460588582 262 56999
1669460603208 262 57049
1669460616899 262 57070
1669460621907 263 57070
1669460631207 263 57099
1669460645846 263 57149
1669460660656 263 57199
1669460675451 263 57249
1669460694159 263 57287
1669460699140 264 57287
1669460703282 264 57299
1669460718035 264 57349
1669460732645 264 57399
1669460747251 264 57449
1669460761879 264 57499
1669460770925 264 57504
1669460775797 265 57504
1669460789594 265 57549
1669460804215 265 57599
1669460819116 265 57649
1669460833872 265 57699
1669460847973 265 57721
1669460852829 266 57721
1669460861703 266 57749
1669460876327 266 57799
1669460890941 266 57849
1669460905640 266 57899
1669460924432 266 57938
1669460929408 267 57938
1669460933295 267 57949
1669460948007 267 57999
1669460962582 267 58049
1669460977473 267 58099
1669460992026 267 58149
1669461001380 267 58155
1669461006432 268 58155
1669461020022 268 58199
1669461034642 268 58249
1669461049226 268 58299
1669461063803 268 58349
1669461077937 268 58372
1669461082831 269 58372
1669461091748 269 58399
1669461106538 269 58449
1669461121170 269 58499
1669461135779 269 58549
1669461155006 269 58589
1669461159936 270 58589
1669461163574 270 58599
1669461178183 270 58649
1669461192822 270 58699
1669461207446 270 58749
1669461222086 270 58799
1669461231594 270 58806
1669461236562 271 58806
1669461249948 271 58849
1669461264746 271 58899
1669461279544 271 58949
1669461294312 271 58999
1669461308860 271 59023
1669461313859 272 59023
1669461322328 272 59049
1669461336932 272 59099
1669461351531 272 59149
1669461366163 272 59199
1669461385601 272 59240
1669461390599 273 59240
1669461394085 273 59249
1669461408743 273 59299
1669461423520 273 59349
1669461438297 273 59399
1669461452948 273 59449
1669461462693 273 59457
1669461467667 274 59457
1669461480625 274 59499
1669461495348 274 59549
1669461510066 274 59599
1669461524922 274 59649
1669461539536 274 59674
1669461544566 275 59674
1669461552536 275 59699
1669461567465 275 59749
1669461582208 275 59799
1669461596816 275 59849
1669461616518 275 59891
1669461621649 276 59891
1669461624755 276 59899
1669461639391 276 59949
1669461654179 276 59999
1669461668828 276 60049
1669461683459 276 60099
1669461693699 276 60108
1669461698655 277 60108
1669461711284 277 60149
1669461726165 277 60199
1669461740764 277 60249
1669461755370 277 60299
1669461770502 277 60325
1669461775517 278 60325
1669461783266 278 60349
1669461797947 278 60399
1669461812508 278 60449
1669461827229 278 60499
1669461847371 278 60542
1669461852274 279 60542
1669461855021 279 60549
1669461869764 279 60599
1669461884619 279 60649
1669461899254 279 60699
1669461913932 279 60749
1669461924737 279 60759
1669461929678 280 60759
1669461942219 280 60799
1669461956826 280 60849
1669461971634 280 60899
1669461986310 280 60949
1669462001832 280 60976
1669462006832 281 60976
1669462014281 281 60999
1669462028912 281 61049
1669462043532 281 61099
1669462058108 281 61149
1669462078521 281 61193
1669462083589 282 61193
1669462085992 282 61199
1669462100755 282 61249
1669462115348 282 61299
1669462130084 282 61349
1669462144691 282 61399
1669462155323 282 61410
1669462160364 283 61410
1669462172525 283 61449
1669462187149 283 61499
1669462201971 283 61549
1669462216571 283 61599
1669462232206 283 61627
1669462237204 284 61627
1669462244282 284 61649
1669462259277 284 61699
1669462273866 284 61749
1669462288449 284 61799
1669462308894 284 61844
1669462313821 285 61844
1669462316018 285 61849
1669462330669 285 61899
1669462345408 285 61949
1669462360065 285 61999
1669462374666 285 62049
1669462385728 285 62061
1669462390771 286 62061
1669462402581 286 62099
1669462417351 286 62149
1669462432023 286 62199
1669462446858 286 62249
1669462462959 286 62278
1669462467892 287 62278
1669462474717 287 62299
1669462489353 287 62349
1669462504162 287 62399
1669462518788 287 62449
1669462539746 287 62495
1669462544732 288 62495
1669462546614 288 62499
1669462561386 288 62549
1669462576151 288 62599
1669462590775 288 62649
1669462605435 288 62699
1669462616738 288 62712
1669462621657 289 62712
1669462633269 289 62749
1669462647828 289 62799
1669462662416 289 62849
1669462677025 289 62899
1669462693190 289 62929
1669462698300 290 62929
1669462705055 290 62949
1669462719870 290 62999
1669462734503 290 63049
1669462749126 290 63099
1669462770689 290 63146
1669462775596 291 63146
1669462777153 291 63149
1669462791755 291 63199
1669462806377 291 63249
1669462821037 291 63299
1669462835820 291 63349
1669462847576 291 63363
1669462852576 292 63363
1669462863779 292 63399
1669462878471 292 63449
1669462893341 292 63499
1669462907936 292 63549
1669462924379 292 63580
1669462929279 293 63580
1669462935545 293 63599
1669462950187 293 63649
1669462964989 293 63699
1669462979656 293 63749
1669463001387 293 63797
1669463006371 294 63797
1669463007694 294 63799
1669463022306 294 63849
1669463036937 294 63899
1669463051713 294 63949
1669463066330 294 63999
1669463078257 294 64014
1669463083224 295 64014
1669463094129 295 64049
1669463108965 295 64099
1669463123690 295 64149
1669463138293 295 64199
1669463155056 295 64231
1669463160031 296 64231
1669463166160 296 64249
1669463180829 296 64299
1669463195464 296 64349
1669463210077 296 64399
1669463232141 296 64448
1669463237166 297 64448
1669463238246 297 64449
1669463252853 297 64499
1669463267639 297 64549
1669463282315 297 64599
1669463296882 297 64649
1669463308926 297 64665
1669463313843 298 64665
1669463324700 298 64699
1669463339424 298 64749
1669463353989 298 64799
1669463368715 298 64849
1669463385814 298 64882
1669463390770 299 64882
1669463396388 299 64899
1669463411200 299 64949
1669463425831 299 64999
1669463440414 299 65049
1669463454832 299 65099
1669463462624 299 65099
1669463467414 300 65099
