1669440496792 0.2893931269645691 216
1669440573174 0.28811734914779663 433
1669440649893 0.28710436820983887 650
1669440726164 0.28587815165519714 867
1669440802535 0.29031112790107727 1084
1669440878499 0.28656071424484253 1301
1669440954932 0.29690343141555786 1518
1669441031522 0.2932879328727722 1735
1669441108258 0.29497942328453064 1952
1669441184754 0.3056028485298157 2169
1669441261310 0.3057762682437897 2386
1669441338049 0.311907559633255 2603
1669441414339 0.3118002414703369 2820
1669441490730 0.3150206506252289 3037
1669441566938 0.31646159291267395 3254
1669441643454 0.3198390305042267 3471
1669441720108 0.3152216374874115 3688
1669441796362 0.324401319026947 3905
1669441872821 0.33111482858657837 4122
1669441949177 0.32741400599479675 4339
1669442025930 0.33028629422187805 4556
1669442102039 0.32839804887771606 4773
1669442178192 0.3323672115802765 4990
1669442254768 0.32879164814949036 5207
1669442331164 0.3363625705242157 5424
1669442407526 0.3423273265361786 5641
1669442484482 0.3275296092033386 5858
1669442560738 0.3296903967857361 6075
1669442637255 0.33354660868644714 6292
1669442713651 0.3314395844936371 6509
1669442790342 0.33555877208709717 6726
1669442866929 0.3388040363788605 6943
1669442943827 0.34474271535873413 7160
1669443020555 0.3372584581375122 7377
1669443097142 0.3350661098957062 7594
1669443173510 0.33669283986091614 7811
1669443250029 0.34228599071502686 8028
1669443327025 0.3361491858959198 8245
1669443403474 0.3404679298400879 8462
1669443479944 0.3343091607093811 8679
1669443556540 0.33312827348709106 8896
1669443633051 0.3359716236591339 9113
1669443709661 0.3368993103504181 9330
1669443786560 0.3332466185092926 9547
1669443863016 0.34207409620285034 9764
1669443939675 0.33394578099250793 9981
1669444017120 0.33867737650871277 10198
1669444094629 0.3333333730697632 10415
1669444172433 0.33613958954811096 10632
1669444250254 0.3391783535480499 10849
1669444328346 0.33929675817489624 11066
1669444406063 0.34701767563819885 11283
1669444483791 0.33717450499534607 11500
1669444561777 0.3371332585811615 11717
1669444638763 0.33860036730766296 11934
1669444715333 0.3395099937915802 12151
1669444792036 0.3348321318626404 12368
1669444869023 0.33970001339912415 12585
1669444946919 0.33436694741249084 12802
1669445024762 0.34288468956947327 13019
1669445101563 0.33766722679138184 13236
1669445178144 0.34502893686294556 13453
1669445254417 0.3332383632659912 13670
1669445330725 0.3448445498943329 13887
1669445407335 0.3413349688053131 14104
1669445483860 0.340740442276001 14321
1669445560237 0.3461560904979706 14538
1669445637242 0.34441232681274414 14755
1669445713356 0.340030312538147 14972
1669445790060 0.34275391697883606 15189
1669445866337 0.33759158849716187 15406
1669445943098 0.3404638469219208 15623
1669446019597 0.3387806713581085 15840
1669446096633 0.3385094702243805 16057
1669446173331 0.3455766439437866 16274
1669446250047 0.33964774012565613 16491
1669446326607 0.3385467231273651 16708
1669446403382 0.34398433566093445 16925
1669446479909 0.3385714888572693 17142
1669446556708 0.34074875712394714 17359
1669446633644 0.34311994910240173 17576
1669446710957 0.3500632643699646 17793
1669446787652 0.3464616537094116 18010
1669446864304 0.3437627851963043 18227
1669446941186 0.3461010754108429 18444
1669447017802 0.34550103545188904 18661
1669447094652 0.34407514333724976 18878
1669447171375 0.34102949500083923 19095
1669447247857 0.34039774537086487 19312
1669447324814 0.34688547253608704 19529
1669447401249 0.3390009105205536 19746
1669447478224 0.3407019078731537 19963
1669447554821 0.35092073678970337 20180
1669447631666 0.3459055721759796 20397
1669447708553 0.3466198742389679 20614
1669447785302 0.3445183336734772 20831
1669447861622 0.3418634533882141 21048
1669447938295 0.3473685681819916 21265
1669448014800 0.34385496377944946 21482
1669448091471 0.3429383337497711 21699
1669448168059 0.35195016860961914 21916
1669448244962 0.3416542708873749 22133
1669448321537 0.3420368432998657 22350
1669448398359 0.3416721522808075 22567
1669448475245 0.34443849325180054 22784
1669448551931 0.34277182817459106 23001
1669448628788 0.34472888708114624 23218
1669448705752 0.34450873732566833 23435
1669448782607 0.34171485900878906 23652
1669448859171 0.3459661304950714 23869
1669448935943 0.34517067670822144 24086
1669449012726 0.3480622470378876 24303
1669449089292 0.3466033339500427 24520
1669449165774 0.3476671874523163 24737
1669449242557 0.35021471977233887 24954
1669449319095 0.3514877259731293 25171
1669449396067 0.34632399678230286 25388
1669449472621 0.34947845339775085 25605
1669449549670 0.3455546796321869 25822
1669449626685 0.3422350585460663 26039
1669449703548 0.34654146432876587 26256
1669449780257 0.3476369380950928 26473
1669449857170 0.35316818952560425 26690
1669449933778 0.3536897897720337 26907
1669450010684 0.35467246174812317 27124
1669450087699 0.34112030267715454 27341
1669450164512 0.34335675835609436 27558
1669450241269 0.34135016798973083 27775
1669450317926 0.3466419279575348 27992
1669450394795 0.3512895703315735 28209
1669450471672 0.35126620531082153 28426
1669450548237 0.35280758142471313 28643
1669450625277 0.3454899489879608 28860
1669450702211 0.34973713755607605 29077
1669450778949 0.34784072637557983 29294
1669450855563 0.34755298495292664 29511
1669450932370 0.34578174352645874 29728
1669451009494 0.3489857316017151 29945
1669451085955 0.3424951434135437 30162
1669451162778 0.34644779562950134 30379
1669451239307 0.35084229707717896 30596
1669451316360 0.34537437558174133 30813
1669451392865 0.3456317186355591 31030
1669451470003 0.3455450236797333 31247
1669451546608 0.3500330150127411 31464
1669451623552 0.3540104627609253 31681
1669451700509 0.35096749663352966 31898
1669451777584 0.35354116559028625 32115
1669451854281 0.3474401831626892 32332
1669451931296 0.3461010158061981 32549
1669452007993 0.3480415344238281 32766
1669452085309 0.35348471999168396 32983
1669452162149 0.35524362325668335 33200
1669452239576 0.34975507855415344 33417
1669452316714 0.34401318430900574 33634
1669452393607 0.34380123019218445 33851
1669452470324 0.3482094407081604 34068
1669452547194 0.35463255643844604 34285
1669452623879 0.35196807980537415 34502
1669452700647 0.35210707783699036 34719
1669452777485 0.3496835231781006 34936
1669452854112 0.3447248041629791 35153
1669452931131 0.35083678364753723 35370
1669453007948 0.3477071523666382 35587
1669453085312 0.35195842385292053 35804
1669453162127 0.34739604592323303 36021
1669453239153 0.35415223240852356 36238
1669453316152 0.35370907187461853 36455
1669453393085 0.3443283438682556 36672
1669453469936 0.3499504327774048 36889
1669453547094 0.3442651033401489 37106
1669453623787 0.35574865341186523 37323
1669453700807 0.34628966450691223 37540
1669453777781 0.3466763496398926 37757
1669453854759 0.3522172272205353 37974
1669453931733 0.3460046947002411 38191
1669454008790 0.3434916138648987 38408
1669454085547 0.3447398841381073 38625
1669454162398 0.34124279022216797 38842
1669454239160 0.3469102680683136 39059
1669454316141 0.35352739691734314 39276
1669454392852 0.34052708745002747 39493
1669454469846 0.35192546248435974 39710
1669454546564 0.34889209270477295 39927
1669454623893 0.347983717918396 40144
1669454701033 0.3461313247680664 40361
1669454777836 0.34702733159065247 40578
1669454854903 0.353826105594635 40795
1669454931552 0.3479975461959839 41012
1669455008430 0.3465455174446106 41229
1669455085395 0.34551331400871277 41446
1669455162685 0.35008665919303894 41663
1669455239592 0.35426920652389526 41880
1669455316168 0.34443986415863037 42097
1669455393569 0.3457679748535156 42314
1669455470203 0.35263288021087646 42531
1669455547253 0.3518882691860199 42748
1669455623901 0.3448692262172699 42965
1669455700833 0.3503854274749756 43182
1669455777642 0.3526974618434906 43399
1669455854473 0.34813788533210754 43616
1669455931525 0.3430030345916748 43833
1669456008130 0.347049355506897 44050
1669456085083 0.3400908410549164 44267
1669456161624 0.34925955533981323 44484
1669456238580 0.34596341848373413 44701
1669456315958 0.3432576656341553 44918
1669456392726 0.3551816940307617 45135
1669456470213 0.3515373170375824 45352
1669456547047 0.34985414147377014 45569
1669456624136 0.3508106768131256 45786
1669456700866 0.3531530499458313 46003
1669456777529 0.34579962491989136 46220
1669456854596 0.34758880734443665 46437
1669456931458 0.34189096093177795 46654
1669457008219 0.3492540717124939 46871
1669457084823 0.3513942062854767 47088
1669457161825 0.35381919145584106 47305
1669457238908 0.35123732686042786 47522
1669457315635 0.35141757130622864 47739
1669457392827 0.3502367436885834 47956
1669457470466 0.34968897700309753 48173
1669457546739 0.34880128502845764 48390
1669457623577 0.34708505868911743 48607
1669457700424 0.3487420976161957 48824
1669457777086 0.34811174869537354 49041
1669457854038 0.3412579298019409 49258
1669457930943 0.3486444056034088 49475
1669458007972 0.34452933073043823 49692
1669458084806 0.3438907265663147 49909
1669458161940 0.354785293340683 50126
1669458238783 0.3467726409435272 50343
1669458315641 0.34600329399108887 50560
1669458392211 0.3407459557056427 50777
1669458469288 0.3418469727039337 50994
1669458546531 0.34470272064208984 51211
1669458623222 0.3449532091617584 51428
1669458700429 0.3486362099647522 51645
1669458776963 0.3540462851524353 51862
1669458853949 0.3512386977672577 52079
1669458930574 0.35015690326690674 52296
1669459007699 0.3417685925960541 52513
1669459084812 0.3457804024219513 52730
1669459161475 0.3511519432067871 52947
1669459238494 0.3463652729988098 53164
1669459314661 0.3541962802410126 53381
1669459392110 0.3459276258945465 53598
1669459468858 0.34972473978996277 53815
1669459545611 0.35097575187683105 54032
1669459622688 0.3512771427631378 54249
1669459699515 0.35005781054496765 54466
1669459776326 0.34846001863479614 54683
1669459853219 0.354007750749588 54900
1669459930225 0.34699150919914246 55117
1669460007230 0.35302093625068665 55334
1669460083871 0.35750895738601685 55551
1669460160643 0.35020923614501953 55768
1669460237373 0.3464946150779724 55985
1669460313944 0.35010185837745667 56202
1669460390854 0.34641754627227783 56419
1669460467645 0.3511863350868225 56636
1669460544968 0.3431323766708374 56853
1669460621907 0.35011428594589233 57070
1669460699140 0.3476906418800354 57287
1669460775797 0.35050374269485474 57504
1669460852829 0.35124555230140686 57721
1669460929408 0.34870079159736633 57938
1669461006432 0.34869667887687683 58155
1669461082831 0.3528585135936737 58372
1669461159936 0.35251590609550476 58589
1669461236562 0.3518593907356262 58806
1669461313859 0.35275524854660034 59023
1669461390599 0.35000544786453247 59240
1669461467667 0.3488631844520569 59457
1669461544566 0.3521387279033661 59674
1669461621649 0.356129914522171 59891
1669461698655 0.34739750623703003 60108
1669461775517 0.3484572470188141 60325
1669461852274 0.3489416539669037 60542
1669461929678 0.35080650448799133 60759
1669462006832 0.3563804030418396 60976
1669462083589 0.34867191314697266 61193
1669462160364 0.35551196336746216 61410
1669462237204 0.3544068932533264 61627
1669462313821 0.3545665442943573 61844
1669462390771 0.35467657446861267 62061
1669462467892 0.34925681352615356 62278
1669462544732 0.34929677844047546 62495
1669462621657 0.3527635931968689 62712
1669462698300 0.3476025462150574 62929
1669462775596 0.34979501366615295 63146
1669462852576 0.35558080673217773 63363
1669462929279 0.3531090319156647 63580
1669463006371 0.35270991921424866 63797
1669463083224 0.3549463748931885 64014
1669463160031 0.3529356122016907 64231
1669463237166 0.349526584148407 64448
1669463313843 0.35842418670654297 64665
1669463390770 0.35655105113983154 64882
1669463467414 0.35082167387008667 65099
