1669440496792 0.5983787775039673 216
1669440573174 0.5888576507568359 433
1669440649893 0.5870107412338257 650
1669440726164 0.581659734249115 867
1669440802535 0.5943160653114319 1084
1669440878499 0.5686842203140259 1301
1669440954932 0.5847371220588684 1518
1669441031522 0.5666033029556274 1735
1669441108258 0.571045994758606 1952
1669441184754 0.5766363739967346 2169
1669441261310 0.5868290066719055 2386
1669441338049 0.5768152475357056 2603
1669441414339 0.5796229243278503 2820
1669441490730 0.5731928944587708 3037
1669441566938 0.579677939414978 3254
1669441643454 0.5693255662918091 3471
1669441720108 0.5735727548599243 3688
1669441796362 0.5756455063819885 3905
1669441872821 0.5708311796188354 4122
1669441949177 0.5629094839096069 4339
1669442025930 0.5640655159950256 4556
1669442102039 0.5700549483299255 4773
1669442178192 0.5740461349487305 4990
1669442254768 0.5745815634727478 5207
1669442331164 0.586919903755188 5424
1669442407526 0.5842168927192688 5641
1669442484482 0.5670711994171143 5858
1669442560738 0.5726974606513977 6075
1669442637255 0.5778598785400391 6292
1669442713651 0.5639883875846863 6509
1669442790342 0.587186872959137 6726
1669442866929 0.5891714096069336 6943
1669442943827 0.5897824168205261 7160
1669443020555 0.5837406516075134 7377
1669443097142 0.5752270221710205 7594
1669443173510 0.5684640407562256 7811
1669443250029 0.5674593448638916 8028
1669443327025 0.5713294744491577 8245
1669443403474 0.5664051175117493 8462
1669443479944 0.5607651472091675 8679
1669443556540 0.5664312839508057 8896
1669443633051 0.5703027844429016 9113
1669443709661 0.5782011151313782 9330
1669443786560 0.5522350668907166 9547
1669443863016 0.5797536373138428 9764
1669443939675 0.5487062335014343 9981
1669444017120 0.559680700302124 10198
1669444094629 0.5723286271095276 10415
1669444172433 0.5596917271614075 10632
1669444250254 0.565414309501648 10849
1669444328346 0.5646518468856812 11066
1669444406063 0.5736415386199951 11283
1669444483791 0.5637572407722473 11500
1669444561777 0.5591906905174255 11717
1669444638763 0.5655463933944702 11934
1669444715333 0.5651113986968994 12151
1669444792036 0.5641301870346069 12368
1669444869023 0.5696669220924377 12585
1669444946919 0.5541631579399109 12802
1669445024762 0.568215012550354 13019
1669445101563 0.5758491158485413 13236
1669445178144 0.57282954454422 13453
1669445254417 0.5554555058479309 13670
1669445330725 0.5701926946640015 13887
1669445407335 0.5671496987342834 14104
1669445483860 0.5676410794258118 14321
1669445560237 0.5754843950271606 14538
1669445637242 0.5733526349067688 14755
1669445713356 0.5447784066200256 14972
1669445790060 0.5528777837753296 15189
1669445866337 0.5585934519767761 15406
1669445943098 0.5585548877716064 15623
1669446019597 0.550096333026886 15840
1669446096633 0.553709089756012 16057
1669446173331 0.5682562589645386 16274
1669446250047 0.5541619062423706 16491
1669446326607 0.551117479801178 16708
1669446403382 0.5695072412490845 16925
1669446479909 0.5557514429092407 17142
1669446556708 0.5612523555755615 17359
1669446633644 0.5590393543243408 17576
1669446710957 0.5675336718559265 17793
1669446787652 0.566724419593811 18010
1669446864304 0.5610843896865845 18227
1669446941186 0.5762619972229004 18444
1669447017802 0.5634722709655762 18661
1669447094652 0.5641411542892456 18878
1669447171375 0.5556674599647522 19095
1669447247857 0.5631600022315979 19312
1669447324814 0.5645085573196411 19529
1669447401249 0.5556151866912842 19746
1669447478224 0.5580511093139648 19963
1669447554821 0.571047306060791 20180
1669447631666 0.5586704015731812 20397
1669447708553 0.5691039562225342 20614
1669447785302 0.5688672661781311 20831
1669447861622 0.5645003914833069 21048
1669447938295 0.5686126947402954 21265
1669448014800 0.5658106207847595 21482
1669448091471 0.5446958541870117 21699
1669448168059 0.5724250078201294 21916
1669448244962 0.5564712285995483 22133
1669448321537 0.5481695532798767 22350
1669448398359 0.5608091950416565 22567
1669448475245 0.5583566427230835 22784
1669448551931 0.5478804707527161 23001
1669448628788 0.5656262636184692 23218
1669448705752 0.5574374198913574 23435
1669448782607 0.5573163032531738 23652
1669448859171 0.5688548684120178 23869
1669448935943 0.5651693344116211 24086
1669449012726 0.5567519068717957 24303
1669449089292 0.565129280090332 24520
1669449165774 0.5579769015312195 24737
1669449242557 0.5704100728034973 24954
1669449319095 0.5646242499351501 25171
1669449396067 0.5604045987129211 25388
1669449472621 0.5695210099220276 25605
1669449549670 0.5512469410896301 25822
1669449626685 0.5542870163917542 26039
1669449703548 0.5617918968200684 26256
1669449780257 0.5479713678359985 26473
1669449857170 0.5561271905899048 26690
1669449933778 0.5618221759796143 26907
1669450010684 0.5615991950035095 27124
1669450087699 0.5520905256271362 27341
1669450164512 0.555469274520874 27558
1669450241269 0.546838641166687 27775
1669450317926 0.5558285117149353 27992
1669450394795 0.5746463537216187 28209
1669450471672 0.5586897730827332 28426
1669450548237 0.5629451870918274 28643
1669450625277 0.5573685169219971 28860
1669450702211 0.5517119765281677 29077
1669450778949 0.5577319264411926 29294
1669450855563 0.5575199127197266 29511
1669450932370 0.5523988008499146 29728
1669451009494 0.5629672408103943 29945
1669451085955 0.5648637413978577 30162
1669451162778 0.5716652870178223 30379
1669451239307 0.5629920363426208 30596
1669451316360 0.5539883971214294 30813
1669451392865 0.5634901523590088 31030
1669451470003 0.5603523254394531 31247
1669451546608 0.5659812092781067 31464
1669451623552 0.5591301321983337 31681
1669451700509 0.5658381581306458 31898
1669451777584 0.5644370913505554 32115
1669451854281 0.5549269914627075 32332
1669451931296 0.558758556842804 32549
1669452007993 0.5643214583396912 32766
1669452085309 0.5625818371772766 32983
1669452162149 0.5633718371391296 33200
1669452239576 0.5610156655311584 33417
1669452316714 0.5651912689208984 33634
1669452393607 0.5475419163703918 33851
1669452470324 0.5573217868804932 34068
1669452547194 0.5596916675567627 34285
1669452623879 0.564905047416687 34502
1669452700647 0.5742045044898987 34719
1669452777485 0.5552214980125427 34936
1669452854112 0.550539493560791 35153
1669452931131 0.5671098232269287 35370
1669453007948 0.5673602819442749 35587
1669453085312 0.5532755255699158 35804
1669453162127 0.5491617918014526 36021
1669453239153 0.5595595240592957 36238
1669453316152 0.5635989308357239 36455
1669453393085 0.548612654209137 36672
1669453469936 0.5581598877906799 36889
1669453547094 0.5681116580963135 37106
1669453623787 0.5852159857749939 37323
1669453700807 0.5570575594902039 37540
1669453777781 0.5509028434753418 37757
1669453854759 0.5618964433670044 37974
1669453931733 0.5488604307174683 38191
1669454008790 0.5513046979904175 38408
1669454085547 0.5608450174331665 38625
1669454162398 0.5505174398422241 38842
1669454239160 0.5672391653060913 39059
1669454316141 0.559724748134613 39276
1669454392852 0.5539003014564514 39493
1669454469846 0.5774661302566528 39710
1669454546564 0.5589802265167236 39927
1669454623893 0.5625433325767517 40144
1669454701033 0.5570244193077087 40361
1669454777836 0.5550921559333801 40578
1669454854903 0.5684970617294312 40795
1669454931552 0.5604362487792969 41012
1669455008430 0.561271607875824 41229
1669455085395 0.5633442401885986 41446
1669455162685 0.5634393095970154 41663
1669455239592 0.5682024955749512 41880
1669455316168 0.5506936311721802 42097
1669455393569 0.5755724906921387 42314
1669455470203 0.5715056657791138 42531
1669455547253 0.5584103465080261 42748
1669455623901 0.5622130036354065 42965
1669455700833 0.5637902021408081 43182
1669455777642 0.5665510296821594 43399
1669455854473 0.5555779933929443 43616
1669455931525 0.5524070858955383 43833
1669456008130 0.5754005312919617 44050
1669456085083 0.5568593144416809 44267
1669456161624 0.5512799024581909 44484
1669456238580 0.5591769814491272 44701
1669456315958 0.5582548975944519 44918
1669456392726 0.5630497336387634 45135
1669456470213 0.5650095343589783 45352
1669456547047 0.570404589176178 45569
1669456624136 0.574254035949707 45786
1669456700866 0.5576300024986267 46003
1669456777529 0.5743007659912109 46220
1669456854596 0.5674951672554016 46437
1669456931458 0.5515772104263306 46654
1669457008219 0.5658050775527954 46871
1669457084823 0.5727552175521851 47088
1669457161825 0.5600715279579163 47305
1669457238908 0.5717437267303467 47522
1669457315635 0.5642526745796204 47739
1669457392827 0.5594851970672607 47956
1669457470466 0.5598458051681519 48173
1669457546739 0.5627745389938354 48390
1669457623577 0.5699256062507629 48607
1669457700424 0.5719487071037292 48824
1669457777086 0.5681502223014832 49041
1669457854038 0.5420093536376953 49258
1669457930943 0.5645279288291931 49475
1669458007972 0.5579466223716736 49692
1669458084806 0.5528984069824219 49909
1669458161940 0.5746737718582153 50126
1669458238783 0.5652449131011963 50343
1669458315641 0.5576878786087036 50560
1669458392211 0.5513074398040771 50777
1669458469288 0.5572680830955505 50994
1669458546531 0.5639774203300476 51211
1669458623222 0.5587915778160095 51428
1669458700429 0.5562427043914795 51645
1669458776963 0.5683181881904602 51862
1669458853949 0.5732755661010742 52079
1669458930574 0.5524166822433472 52296
1669459007699 0.5420299768447876 52513
1669459084812 0.5759372711181641 52730
1669459161475 0.5688549280166626 52947
1669459238494 0.5683483481407166 53164
1669459314661 0.5677415728569031 53381
1669459392110 0.5669887065887451 53598
1669459468858 0.5700563788414001 53815
1669459545611 0.5662234425544739 54032
1669459622688 0.555692195892334 54249
1669459699515 0.5587379336357117 54466
1669459776326 0.5639539957046509 54683
1669459853219 0.5694769620895386 54900
1669459930225 0.567500650882721 55117
1669460007230 0.5601059198379517 55334
1669460083871 0.5718138813972473 55551
1669460160643 0.5598265528678894 55768
1669460237373 0.5561574697494507 55985
1669460313944 0.5584172606468201 56202
1669460390854 0.5607129335403442 56419
1669460467645 0.5689540505409241 56636
1669460544968 0.55331951379776 56853
1669460621907 0.5621194839477539 57070
1669460699140 0.5685631632804871 57287
1669460775797 0.5533057451248169 57504
1669460852829 0.5624276995658875 57721
1669460929408 0.5744948983192444 57938
1669461006432 0.5661987066268921 58155
1669461082831 0.5607349276542664 58372
1669461159936 0.5555338859558105 58589
1669461236562 0.5673878192901611 58806
1669461313859 0.5650454163551331 59023
1669461390599 0.5677346587181091 59240
1669461467667 0.5641316175460815 59457
1669461544566 0.5679176449775696 59674
1669461621649 0.5799325704574585 59891
1669461698655 0.5649518370628357 60108
1669461775517 0.5644123554229736 60325
1669461852274 0.5733305215835571 60542
1669461929678 0.5584861636161804 60759
1669462006832 0.5649173259735107 60976
1669462083589 0.5490902662277222 61193
1669462160364 0.5743518471717834 61410
1669462237204 0.5581448674201965 61627
1669462313821 0.5742058753967285 61844
1669462390771 0.5620231032371521 62061
1669462467892 0.5759289860725403 62278
1669462544732 0.5629727244377136 62495
1669462621657 0.5648499727249146 62712
1669462698300 0.5617368221282959 62929
1669462775596 0.5595293045043945 63146
1669462852576 0.5728558301925659 63363
1669462929279 0.5790943503379822 63580
1669463006371 0.5654747486114502 63797
1669463083224 0.5670520067214966 64014
1669463160031 0.5661739110946655 64231
1669463237166 0.5526121854782104 64448
1669463313843 0.5769556760787964 64665
1669463390770 0.5461243987083435 64882
1669463467414 0.5757638216018677 65099
