1669440435468 0.5999999642372131 49
1669440450159 0.6000000238418579 99
1669440465072 0.7272727489471436 149
1669440479682 0.25 199
1669440507068 0.8333333730697632 249
1669440521633 0.444444477558136 299
1669440536579 0.25 349
1669440551123 0.5 399
1669440578594 0.2857142984867096 449
1669440593169 0.6000000238418579 499
1669440607969 0.444444477558136 549
1669440622802 0.5714285969734192 599
1669440637473 0.25 649
1669440664913 0.5 699
1669440679552 0.444444477558136 749
1669440694168 0.3333333432674408 799
1669440708772 0.0 849
1669440736142 0.8333333134651184 899
1669440750951 0.0 949
1669440765642 0.2857142984867096 999
1669440780310 0.25 1049
1669440807585 0.5714285373687744 1099
1669440822154 0.5714285373687744 1149
1669440836722 0.4000000059604645 1199
1669440851313 0.25 1249
1669440865880 0.3333333134651184 1299
1669440893332 0.75 1349
1669440908069 0.2857142984867096 1399
1669440922810 0.7272727489471436 1449
1669440937406 0.3333333134651184 1499
1669440964721 0.7272727489471436 1549
1669440979478 0.3333333432674408 1599
1669440994062 0.3333333432674408 1649
1669441008828 0.3333333432674408 1699
1669441036313 0.2857142686843872 1749
1669441051021 0.2857142984867096 1799
1669441065969 0.0 1849
1669441080665 0.3333333432674408 1899
1669441095299 0.3333333432674408 1949
1669441122845 0.0 1999
1669441137545 0.2857142686843872 2049
1669441152138 0.6666666865348816 2099
1669441166881 0.0 2149
1669441194352 0.3333333134651184 2199
1669441209065 0.5 2249
1669441223739 0.2857142984867096 2299
1669441238373 0.0 2349
1669441265790 0.0 2399
1669441280654 0.5714285969734192 2449
1669441295255 0.8000000715255737 2499
1669441309985 0.6000000238418579 2549
1669441324637 0.0 2599
1669441352237 0.0 2649
1669441366875 0.4000000059604645 2699
1669441381453 0.2857142984867096 2749
1669441396182 0.5714285969734192 2799
1669441423432 0.2857142984867096 2849
1669441438162 0.5714285373687744 2899
1669441452730 0.0 2949
1669441467336 0.5 2999
1669441494946 0.5 3049
1669441509531 0.25 3099
1669441524128 0.3333333432674408 3149
1669441538810 0.5 3199
1669441553399 0.6666666865348816 3249
1669441580723 0.0 3299
1669441595455 0.75 3349
1669441610453 0.0 3399
1669441624995 0.0 3449
1669441652347 0.25 3499
1669441667002 0.3333333432674408 3549
1669441681681 0.5714285373687744 3599
1669441696447 0.8000000715255737 3649
1669441724035 0.5714285969734192 3699
1669441738764 0.444444477558136 3749
1669441753492 0.444444477558136 3799
1669441768073 0.8571428656578064 3849
1669441782605 0.6666666865348816 3899
1669441809916 0.444444477558136 3949
1669441824518 0.0 3999
1669441839256 0.444444477558136 4049
1669441853852 0.6000000238418579 4099
1669441881498 0.8571428656578064 4149
1669441896200 0.2857142686843872 4199
1669441911033 0.5 4249
1669441925602 0.2857142984867096 4299
1669441952815 0.0 4349
1669441967485 0.4000000059604645 4399
1669441982238 0.800000011920929 4449
1669441996981 0.75 4499
1669442011596 0.5714285969734192 4549
1669442039102 0.9090909361839294 4599
1669442053673 0.4000000059604645 4649
1669442068238 0.0 4699
1669442082805 0.4000000059604645 4749
1669442110297 0.0 4799
1669442124910 0.5999999642372131 4849
1669442139464 0.5714285373687744 4899
1669442154043 0.3333333134651184 4949
1669442181681 0.6000000238418579 4999
1669442196373 0.2857142686843872 5049
1669442210987 0.0 5099
1669442225558 0.25 5149
1669442240270 0.5714285373687744 5199
1669442267746 0.4000000059604645 5249
1669442282350 0.800000011920929 5299
1669442297016 0.6666666865348816 5349
1669442311744 0.4000000059604645 5399
1669442339281 0.3333333432674408 5449
1669442353860 0.5 5499
1669442368472 0.8000000715255737 5549
1669442383261 0.800000011920929 5599
1669442410557 0.0 5649
1669442425327 0.4000000059604645 5699
1669442440065 0.9090909361839294 5749
1669442454729 0.6666666865348816 5799
1669442469486 0.0 5849
1669442497108 0.444444477558136 5899
1669442511685 0.5714285373687744 5949
1669442526474 0.0 5999
1669442541068 0.3333333134651184 6049
1669442568474 0.5 6099
1669442583079 0.2857142984867096 6149
1669442597816 0.5 6199
1669442612582 0.5 6249
1669442640055 0.2857142984867096 6299
1669442654749 0.0 6349
1669442669396 0.6666666865348816 6399
1669442684038 0.0 6449
1669442698600 0.5714285969734192 6499
1669442726144 0.5714285373687744 6549
1669442740734 0.0 6599
1669442755473 0.25 6649
1669442770074 0.5714285969734192 6699
1669442797943 0.3333333134651184 6749
1669442812613 0.25 6799
1669442827326 0.888888955116272 6849
1669442841960 0.5999999642372131 6899
1669442869350 0.6666666865348816 6949
1669442884147 0.4000000059604645 6999
1669442898950 0.2857142984867096 7049
1669442913747 0.5 7099
1669442928471 0.5714285969734192 7149
1669442956084 0.5714285373687744 7199
1669442970670 0.5 7249
1669442985358 0.4000000059604645 7299
1669443000033 0.75 7349
1669443027812 0.2857142984867096 7399
1669443042522 0.25 7449
1669443057126 0.0 7499
1669443071836 0.5 7549
1669443099299 0.5714285373687744 7599
1669443113906 0.0 7649
1669443128646 0.888888955116272 7699
1669443143311 0.25 7749
1669443157889 0.0 7799
1669443185317 0.0 7849
1669443200048 0.5 7899
1669443214663 0.75 7949
1669443229447 0.8000000715255737 7999
1669443256942 0.444444477558136 8049
1669443272038 0.4000000059604645 8099
1669443286819 0.5 8149
1669443301427 0.5 8199
1669443328905 0.0 8249
1669443343626 0.3333333432674408 8299
1669443358241 0.4000000059604645 8349
1669443372834 0.0 8399
1669443387545 0.0 8449
1669443415011 0.5 8499
1669443429649 0.0 8549
1669443444462 0.3333333134651184 8599
1669443459155 0.4000000059604645 8649
1669443486463 0.0 8699
1669443501172 0.3333333432674408 8749
1669443515930 0.4000000059604645 8799
1669443530640 0.5 8849
1669443558180 0.3333333432674408 8899
1669443572765 0.6000000238418579 8949
1669443587655 0.2857142686843872 8999
1669443602258 0.0 9049
1669443616841 0.3333333432674408 9099
1669443644474 0.444444477558136 9149
1669443659223 0.4000000059604645 9199
1669443673810 0.5 9249
1669443688551 0.6666666865348816 9299
1669443716083 0.5714285373687744 9349
1669443730933 0.0 9399
1669443745619 0.2857142984867096 9449
1669443760361 0.0 9499
1669443787848 0.5 9549
1669443802607 0.0 9599
1669443817230 0.3333333432674408 9649
1669443831846 0.6000000238418579 9699
1669443846495 0.5 9749
1669443873891 0.6666666865348816 9799
1669443888515 0.0 9849
1669443903180 0.5714285373687744 9899
1669443918188 0.7272727489471436 9949
1669443945783 0.5 9999
1669443960510 0.25 10049
1669443975329 0.6666666865348816 10099
1669443990270 0.4000000059604645 10149
1669444018181 0.0 10199
1669444032976 0.3333333134651184 10249
1669444047872 0.6666666865348816 10299
1669444062791 0.5 10349
1669444077551 0.2857142686843872 10399
1669444105458 0.3333333134651184 10449
1669444120252 0.5 10499
1669444135106 0.8571428656578064 10549
1669444150123 0.6666666865348816 10599
1669444178199 0.8000000715255737 10649
1669444193153 0.6666666865348816 10699
1669444207925 0.3333333432674408 10749
1669444222727 0.3333333432674408 10799
1669444237483 0.0 10849
1669444265983 0.0 10899
1669444280893 0.444444477558136 10949
1669444295890 0.75 10999
1669444310661 0.4000000059604645 11049
1669444339021 0.0 11099
1669444353797 0.5714285373687744 11149
1669444368673 0.0 11199
1669444383461 0.3333333432674408 11249
1669444411505 0.6000000238418579 11299
1669444426471 0.75 11349
1669444441258 0.6666666865348816 11399
1669444456125 0.3333333134651184 11449
1669444470987 0.3333333134651184 11499
1669444499041 0.2857142686843872 11549
1669444513879 0.6666666865348816 11599
1669444528716 0.2857142686843872 11649
1669444543736 0.2857142984867096 11699
1669444571976 0.6666666865348816 11749
1669444586852 0.6666666865348816 11799
1669444601497 0.0 11849
1669444616471 0.4000000059604645 11899
1669444643846 0.0 11949
1669444658669 0.3333333432674408 11999
1669444673335 0.3333333432674408 12049
1669444688080 0.25 12099
1669444702691 0.6666666865348816 12149
1669444730189 0.75 12199
1669444744938 0.3333333432674408 12249
1669444759729 0.5 12299
1669444774359 0.6666666865348816 12349
1669444801881 0.4000000059604645 12399
1669444816529 0.5 12449
1669444831163 0.5 12499
1669444845787 0.800000011920929 12549
1669444873992 0.0 12599
1669444888737 0.5 12649
1669444903752 0.5714285969734192 12699
1669444918736 0.0 12749
1669444933532 0.6666666865348816 12799
1669444962035 0.3333333432674408 12849
1669444976800 0.3333333432674408 12899
1669444991605 0.3333333432674408 12949
1669445006548 0.6666666865348816 12999
1669445034406 0.3333333134651184 13049
1669445049423 0.5 13099
1669445064141 0.0 13149
1669445078728 0.5714285373687744 13199
1669445106108 0.3333333432674408 13249
1669445120697 0.5714285373687744 13299
1669445135417 0.5999999642372131 13349
1669445150012 0.6666666865348816 13399
1669445164732 0.5714285373687744 13449
1669445192206 0.6666666865348816 13499
1669445206822 0.2857142984867096 13549
1669445221410 0.6666666865348816 13599
1669445236015 0.25 13649
1669445263599 0.6666666865348816 13699
1669445278243 0.4000000059604645 13749
1669445292859 0.3333333432674408 13799
1669445307501 0.0 13849
1669445334946 0.4000000059604645 13899
1669445349519 0.6666666865348816 13949
1669445364237 0.0 13999
1669445378798 0.6666666865348816 14049
1669445393569 0.5714285373687744 14099
1669445421156 0.5 14149
1669445435769 0.6000000238418579 14199
1669445450381 0.4000000059604645 14249
1669445465161 0.6666666865348816 14299
1669445492738 0.800000011920929 14349
1669445507330 0.6666666865348816 14399
1669445522002 0.5714285373687744 14449
1669445536765 0.75 14499
1669445564131 0.5 14549
1669445578879 0.2857142984867096 14599
1669445593550 0.4000000059604645 14649
1669445608352 0.444444477558136 14699
1669445623300 0.0 14749
1669445650743 0.0 14799
1669445665331 0.3333333432674408 14849
1669445680045 0.5714285373687744 14899
1669445694611 0.3333333432674408 14949
1669445721937 0.0 14999
1669445736597 0.4000000059604645 15049
1669445751361 0.3333333432674408 15099
1669445766099 0.3333333432674408 15149
1669445793668 0.0 15199
1669445808384 0.4000000059604645 15249
1669445822988 0.2857142984867096 15299
1669445837561 0.8571428656578064 15349
1669445852161 0.0 15399
1669445879578 0.6666666865348816 15449
1669445894326 0.2857142984867096 15499
1669445909124 0.444444477558136 15549
1669445923705 0.3333333134651184 15599
1669445951337 0.6666666865348816 15649
1669445966189 0.2857142686843872 15699
1669445980792 0.2857142686843872 15749
1669445995370 0.5 15799
1669446022904 0.0 15849
1669446037694 0.2857142686843872 15899
1669446052349 0.6666666865348816 15949
1669446067091 0.2857142686843872 15999
1669446081887 0.5714285373687744 16049
1669446109565 0.0 16099
1669446124175 0.6666666865348816 16149
1669446138911 0.0 16199
1669446153587 0.0 16249
1669446181355 0.0 16299
1669446195986 0.5 16349
1669446210785 0.2857142686843872 16399
1669446225554 0.6666666865348816 16449
1669446252998 0.0 16499
1669446267578 0.4000000059604645 16549
1669446282315 0.2857142686843872 16599
1669446296875 0.4000000059604645 16649
1669446311618 0.5 16699
1669446339268 0.4000000059604645 16749
1669446354095 0.5 16799
1669446368783 0.4000000059604645 16849
1669446383483 0.444444477558136 16899
1669446410998 0.5 16949
1669446425605 0.0 16999
1669446440383 0.4000000059604645 17049
1669446455140 0.5 17099
1669446482686 0.444444477558136 17149
1669446497392 0.5714285969734192 17199
1669446512013 0.800000011920929 17249
1669446526649 0.6666666865348816 17299
1669446541396 0.3333333432674408 17349
1669446569063 0.75 17399
1669446583659 0.444444477558136 17449
1669446598655 0.0 17499
1669446613255 0.3333333432674408 17549
1669446641072 0.4000000059604645 17599
1669446656078 0.0 17649
1669446671105 0.5 17699
1669446685709 0.6000000238418579 17749
1669446713398 0.6666666865348816 17799
1669446728118 0.0 17849
1669446742772 0.25 17899
1669446757451 0.5454545617103577 17949
1669446772066 0.5 17999
1669446799853 0.3333333432674408 18049
1669446814435 0.0 18099
1669446829022 0.0 18149
1669446843654 0.75 18199
1669446871438 0.75 18249
1669446886053 0.5 18299
1669446900805 0.6666666865348816 18349
1669446915537 0.3333333432674408 18399
1669446943348 0.5 18449
1669446957932 0.0 18499
1669446972544 0.4000000059604645 18549
1669446987244 0.444444477558136 18599
1669447001832 0.0 18649
1669447029570 0.0 18699
1669447044349 0.5714285969734192 18749
1669447059032 0.8571428656578064 18799
1669447073838 0.5 18849
1669447101477 0.0 18899
1669447116218 0.5 18949
1669447130774 0.0 18999
1669447145387 0.5 19049
1669447173298 0.3333333432674408 19099
1669447188125 0.3333333432674408 19149
1669447202747 0.3333333432674408 19199
1669447217364 0.5 19249
1669447231968 0.2857142686843872 19299
1669447259502 0.3333333432674408 19349
1669447274088 0.5714285969734192 19399
1669447288944 0.0 19449
1669447303554 0.800000011920929 19499
1669447331340 0.800000011920929 19549
1669447345955 0.0 19599
1669447360546 0.8571428656578064 19649
1669447375128 0.5 19699
1669447402848 0.0 19749
1669447417608 0.5714285969734192 19799
1669447432271 0.5714285373687744 19849
1669447447180 0.0 19899
1669447461811 0.5714285373687744 19949
1669447489483 0.75 19999
1669447504092 0.800000011920929 20049
1669447518704 0.6666666865348816 20099
1669447533599 0.5714285373687744 20149
1669447561032 0.5 20199
1669447575625 0.6666666865348816 20249
1669447590340 0.0 20299
1669447605327 0.5 20349
1669447632953 0.5714285969734192 20399
1669447647580 0.3333333432674408 20449
1669447662221 0.3333333432674408 20499
1669447676851 0.0 20549
1669447691669 0.5 20599
1669447719423 0.3333333432674408 20649
1669447734252 0.5714285373687744 20699
1669447748855 0.4000000059604645 20749
1669447763451 0.0 20799
1669447791258 0.6000000238418579 20849
1669447805854 0.0 20899
1669447820614 0.0 20949
1669447835206 0.75 20999
1669447862567 0.5 21049
1669447877173 0.0 21099
1669447891911 0.800000011920929 21149
1669447906627 0.5 21199
1669447921234 0.2857142686843872 21249
1669447948897 0.6666666865348816 21299
1669447963666 0.2857142686843872 21349
1669447978413 0.0 21399
1669447993050 0.0 21449
1669448020435 0.5 21499
1669448035173 0.800000011920929 21549
1669448049929 0.6666666865348816 21599
1669448064484 0.7272727489471436 21649
1669448078973 0.0 21699
1669448106723 0.4000000059604645 21749
1669448121414 0.444444477558136 21799
1669448136129 0.2857142984867096 21849
1669448150906 0.3333333432674408 21899
1669448178540 0.5714285969734192 21949
1669448193337 0.7272727489471436 21999
1669448207946 0.5714285373687744 22049
1669448222709 0.4000000059604645 22099
1669448250312 0.0 22149
1669448264873 0.0 22199
1669448279621 0.0 22249
1669448294205 0.0 22299
1669448308991 0.5454545617103577 22349
1669448336535 0.25 22399
1669448351347 0.5714285969734192 22449
1669448366126 0.5714285373687744 22499
1669448380708 0.6666666865348816 22549
1669448408495 0.5 22599
1669448423101 0.0 22649
1669448437934 0.0 22699
1669448452592 0.4000000059604645 22749
1669448480500 0.444444477558136 22799
1669448495068 0.0 22849
1669448509632 0.4000000059604645 22899
1669448524221 0.75 22949
1669448538934 0.5714285373687744 22999
1669448566771 0.0 23049
1669448581416 0.4000000059604645 23099
1669448596007 0.800000011920929 23149
1669448610775 0.0 23199
1669448638682 0.6666666865348816 23249
1669448653365 0.0 23299
1669448668007 0.6666666865348816 23349
1669448682651 0.3333333432674408 23399
1669448710613 0.4000000059604645 23449
1669448725253 0.2857142984867096 23499
1669448739943 0.0 23549
1669448754586 0.3333333432674408 23599
1669448769380 0.3333333134651184 23649
1669448797142 0.5 23699
1669448811711 0.5 23749
1669448826293 0.0 23799
1669448841000 0.4000000059604645 23849
1669448868695 0.0 23899
1669448883277 0.0 23949
1669448898054 0.3333333432674408 23999
1669448912638 0.0 24049
1669448940537 0.6666666865348816 24099
1669448955145 0.0 24149
1669448969739 0.0 24199
1669448984471 0.800000011920929 24249
1669448999182 0.0 24299
1669449026782 0.3333333432674408 24349
1669449041557 0.8571428656578064 24399
1669449056138 0.3333333432674408 24449
1669449070858 0.5 24499
1669449098595 0.5 24549
1669449113255 0.5714285373687744 24599
1669449127820 0.0 24649
1669449142514 0.5714285373687744 24699
1669449170000 0.0 24749
1669449184624 0.3333333134651184 24799
1669449199400 0.0 24849
1669449214003 0.4000000059604645 24899
1669449228914 0.0 24949
1669449256358 0.5714285373687744 24999
1669449270984 0.6666666865348816 25049
1669449285677 0.5 25099
1669449300276 0.0 25149
1669449328003 0.0 25199
1669449342629 0.3333333432674408 25249
1669449357444 0.4000000059604645 25299
1669449372331 0.8571428656578064 25349
1669449399973 0.0 25399
1669449414593 0.5 25449
1669449429203 0.5 25499
1669449443958 0.4000000059604645 25549
1669449458549 0.5714285373687744 25599
1669449486401 0.2857142984867096 25649
1669449501013 0.5 25699
1669449515850 0.5 25749
1669449530461 0.25 25799
1669449558396 0.5 25849
1669449573190 0.444444477558136 25899
1669449587818 0.3333333432674408 25949
1669449602633 0.0 25999
1669449630324 0.5454545617103577 26049
1669449644949 0.4000000059604645 26099
1669449659720 0.3333333432674408 26149
1669449674357 0.2857142686843872 26199
1669449689171 0.888888955116272 26249
1669449716911 0.5 26299
1669449731528 0.3333333432674408 26349
1669449746127 0.2857142686843872 26399
1669449760875 0.5 26449
1669449788604 0.5454545021057129 26499
1669449803146 0.6666666865348816 26549
1669449817929 0.4000000059604645 26599
1669449832756 0.5 26649
1669449860459 0.75 26699
1669449875034 0.6666666865348816 26749
1669449889770 0.4000000059604645 26799
1669449904430 0.5 26849
1669449919047 0.800000011920929 26899
1669449946694 0.4000000059604645 26949
1669449961423 0.2857142686843872 26999
1669449976199 0.0 27049
1669449990987 0.0 27099
1669450018730 0.0 27149
1669450033519 0.3333333134651184 27199
1669450048148 0.3333333134651184 27249
1669450062800 0.0 27299
1669450090758 0.5 27349
1669450105372 0.3333333432674408 27399
1669450120117 0.6666666865348816 27449
1669450134768 0.0 27499
1669450149552 0.6666666865348816 27549
1669450177182 0.0 27599
1669450192091 0.25 27649
1669450206886 0.444444477558136 27699
1669450221504 0.0 27749
1669450248973 0.5714285373687744 27799
1669450263651 0.0 27849
1669450278488 0.6666666865348816 27899
1669450293041 0.3333333432674408 27949
1669450320696 0.6666666865348816 27999
1669450335373 0.4000000059604645 28049
1669450350303 0.5714285373687744 28099
1669450364942 0.6666666865348816 28149
1669450379545 0.4000000059604645 28199
1669450407300 0.6666666865348816 28249
1669450422095 0.4000000059604645 28299
1669450436708 0.5714285373687744 28349
1669450451382 0.75 28399
1669450479079 0.5714285373687744 28449
1669450493673 0.75 28499
1669450508426 0.0 28549
1669450523057 0.4000000059604645 28599
1669450550671 0.0 28649
1669450565614 0.2857142984867096 28699
1669450580286 0.5 28749
1669450594915 0.3333333432674408 28799
1669450609525 0.444444477558136 28849
1669450637509 0.444444477558136 28899
1669450652190 0.5 28949
1669450666756 0.5 28999
1669450681535 0.5714285373687744 29049
1669450709343 0.0 29099
1669450724008 0.4000000059604645 29149
1669450738605 0.4000000059604645 29199
1669450753402 0.3333333134651184 29249
1669450781077 0.5 29299
1669450795675 0.5454545617103577 29349
1669450810321 0.0 29399
1669450824988 0.800000011920929 29449
1669450839881 0.444444477558136 29499
1669450867410 0.3333333134651184 29549
1669450882166 0.3333333432674408 29599
1669450896770 0.0 29649
1669450911498 0.6666666865348816 29699
1669450939216 0.5 29749
1669450953947 0.0 29799
1669450968628 0.75 29849
1669450983436 0.4000000059604645 29899
1669451011378 0.5 29949
1669451026090 0.5714285373687744 29999
1669451040679 0.6666666865348816 30049
1669451055445 0.5714285373687744 30099
1669451070051 0.5 30149
1669451097489 0.6666666865348816 30199
1669451112268 0.5714285373687744 30249
1669451126886 0.3333333432674408 30299
1669451141514 0.444444477558136 30349
1669451169331 0.0 30399
1669451183922 0.6000000238418579 30449
1669451198817 0.4000000059604645 30499
1669451213427 0.5 30549
1669451240893 0.5 30599
1669451255489 0.444444477558136 30649
1669451270110 0.75 30699
1669451284883 0.444444477558136 30749
1669451299790 0.2857142686843872 30799
1669451327608 0.5714285373687744 30849
1669451342299 0.75 30899
1669451356891 0.5714285373687744 30949
1669451371507 0.6666666865348816 30999
1669451399090 0.0 31049
1669451413833 0.3333333432674408 31099
1669451428476 0.3333333432674408 31149
1669451443076 0.5 31199
1669451471282 0.75 31249
1669451485897 0.5 31299
1669451500575 0.5714285373687744 31349
1669451515210 0.3333333134651184 31399
1669451529852 0.444444477558136 31449
1669451557494 0.6666666865348816 31499
1669451572103 0.5 31549
1669451586974 0.6666666865348816 31599
1669451601734 0.75 31649
1669451629520 0.4000000059604645 31699
1669451644340 0.5 31749
1669451658948 0.0 31799
1669451673644 0.2857142686843872 31849
1669451701508 0.4000000059604645 31899
1669451716136 0.0 31949
1669451731110 0.0 31999
1669451745732 0.2857142686843872 32049
1669451760349 0.5714285373687744 32099
1669451788212 0.5 32149
1669451802822 0.5714285373687744 32199
1669451817656 0.5 32249
1669451832255 0.3333333134651184 32299
1669451859962 0.0 32349
1669451874773 0.6666666865348816 32399
1669451889405 0.75 32449
1669451904274 0.0 32499
1669451918825 0.0 32549
1669451946650 0.5 32599
1669451961273 0.8333333730697632 32649
1669451976036 0.4000000059604645 32699
1669451990642 0.5714285373687744 32749
1669452018540 0.5 32799
1669452033283 0.0 32849
1669452048064 0.6666666865348816 32899
1669452063069 0.75 32949
1669452090637 0.6666666865348816 32999
1669452105243 0.0 33049
1669452119991 0.5714285969734192 33099
1669452134683 0.3333333432674408 33149
1669452149444 0.6666666865348816 33199
1669452177354 0.5714285969734192 33249
1669452192521 0.4000000059604645 33299
1669452207140 0.75 33349
1669452221774 0.0 33399
1669452249692 0.800000011920929 33449
1669452264403 0.5714285373687744 33499
1669452279049 0.5714285969734192 33549
1669452293815 0.3333333134651184 33599
1669452321760 0.0 33649
1669452336469 0.5714285373687744 33699
1669452351331 0.3333333134651184 33749
1669452365946 0.6666666865348816 33799
1669452380547 0.2857142686843872 33849
1669452408281 0.5714285969734192 33899
1669452422885 0.75 33949
1669452437629 0.3333333432674408 33999
1669452452326 0.0 34049
1669452480012 0.3333333432674408 34099
1669452494643 0.2857142984867096 34149
1669452509288 0.3333333134651184 34199
1669452524195 0.75 34249
1669452551945 0.5714285373687744 34299
1669452566571 0.2857142984867096 34349
1669452581322 0.5 34399
1669452595918 0.3333333134651184 34449
1669452610706 0.3333333134651184 34499
1669452638326 0.0 34549
1669452653172 0.6666666865348816 34599
1669452667757 0.444444477558136 34649
1669452682358 0.3333333432674408 34699
1669452710166 0.5 34749
1669452724760 0.0 34799
1669452739353 0.6666666865348816 34849
1669452754173 0.5 34899
1669452781930 0.6666666865348816 34949
1669452796531 0.0 34999
1669452811273 0.444444477558136 35049
1669452825839 0.4000000059604645 35099
1669452840571 0.0 35149
1669452868274 0.4000000059604645 35199
1669452883002 0.2857142984867096 35249
1669452897776 0.0 35299
1669452912425 0.5714285969734192 35349
1669452940473 0.5714285969734192 35399
1669452955135 0.0 35449
1669452969739 0.0 35499
1669452984520 0.444444477558136 35549
1669453012204 0.5 35599
1669453027090 0.444444477558136 35649
1669453041664 0.0 35699
1669453056284 0.2857142686843872 35749
1669453071137 0.0 35799
1669453099191 0.5714285373687744 35849
1669453113824 0.6666666865348816 35899
1669453128633 0.6000000238418579 35949
1669453143253 0.2857142984867096 35999
1669453171057 0.0 36049
1669453185669 0.888888955116272 36099
1669453200417 0.2857142686843872 36149
1669453215569 0.0 36199
1669453243130 0.0 36249
1669453257780 0.5 36299
1669453272797 0.5714285373687744 36349
1669453287562 0.0 36399
1669453302191 0.0 36449
1669453329721 0.4000000059604645 36499
1669453344671 0.3333333432674408 36549
1669453359354 0.5714285969734192 36599
1669453374010 0.2857142984867096 36649
1669453401803 0.3333333134651184 36699
1669453416392 0.6666666865348816 36749
1669453431125 0.3333333134651184 36799
1669453445779 0.5 36849
1669453473708 0.25 36899
1669453488494 0.6666666865348816 36949
1669453503118 0.5 36999
1669453517756 0.222222238779068 37049
1669453532486 0.6666666865348816 37099
1669453560306 0.6666666865348816 37149
1669453574877 0.5714285373687744 37199
1669453589737 0.5 37249
1669453604444 0.0 37299
1669453632062 0.2857142686843872 37349
1669453646834 0.2857142686843872 37399
1669453661596 0.6666666865348816 37449
1669453676298 0.5 37499
1669453704183 0.5 37549
1669453718891 0.3333333432674408 37599
1669453733654 0.0 37649
1669453748228 0.5 37699
1669453762894 0.0 37749
1669453790797 0.444444477558136 37799
1669453805556 0.0 37849
1669453820211 0.4000000059604645 37899
1669453834850 0.5 37949
1669453862909 0.6666666865348816 37999
1669453877553 0.0 38049
1669453892234 0.5 38099
1669453906991 0.3333333432674408 38149
1669453934781 0.4000000059604645 38199
1669453949564 0.3333333134651184 38249
1669453964171 0.0 38299
1669453978817 0.3333333432674408 38349
1669453993623 0.2857142984867096 38399
1669454021677 0.3333333432674408 38449
1669454036271 0.800000011920929 38499
1669454050866 0.2857142984867096 38549
1669454065472 0.5714285969734192 38599
1669454093312 0.5 38649
1669454108122 0.3333333432674408 38699
1669454122711 0.8571428656578064 38749
1669454137472 0.444444477558136 38799
1669454165186 0.0 38849
1669454179961 0.6666666865348816 38899
1669454194581 0.5714285373687744 38949
1669454209265 0.6000000238418579 38999
1669454223853 0.0 39049
1669454251501 0.5 39099
1669454266127 0.5 39149
1669454281014 0.5714285969734192 39199
1669454295613 0.5999999642372131 39249
1669454323544 0.0 39299
1669454338157 0.6666666865348816 39349
1669454352959 0.800000011920929 39399
1669454367553 0.5 39449
1669454395364 0.5 39499
1669454410159 0.444444477558136 39549
1669454424914 0.5 39599
1669454439549 0.444444477558136 39649
1669454454165 0.0 39699
1669454482101 0.4000000059604645 39749
1669454496681 0.5714285969734192 39799
1669454511282 0.0 39849
1669454525910 0.6666666865348816 39899
1669454553766 0.444444477558136 39949
1669454568629 0.5714285969734192 39999
1669454583400 0.6000000238418579 40049
1669454598185 0.4000000059604645 40099
1669454626160 0.3333333432674408 40149
1669454640787 0.6666666865348816 40199
1669454655490 0.2857142686843872 40249
1669454670323 0.5714285969734192 40299
1669454685070 0.4000000059604645 40349
1669454712933 0.5714285969734192 40399
1669454727549 0.5 40449
1669454742314 0.6666666865348816 40499
1669454756914 0.0 40549
1669454784643 0.0 40599
1669454799245 0.75 40649
1669454814067 0.40000003576278687 40699
1669454829079 0.5 40749
1669454856817 0.0 40799
1669454871667 0.5714285373687744 40849
1669454886283 0.0 40899
1669454900892 0.75 40949
1669454915488 0.5 40999
1669454943316 0.5714285373687744 41049
1669454957996 0.75 41099
1669454972620 0.0 41149
1669454987299 0.6000000238418579 41199
1669455015267 0.5714285969734192 41249
1669455029827 0.5714285373687744 41299
1669455044386 0.6666666865348816 41349
1669455058954 0.5 41399
1669455086962 0.6666666865348816 41449
1669455101972 0.5714285373687744 41499
1669455116755 0.5 41549
1669455131372 0.5999999642372131 41599
1669455146100 0.6000000238418579 41649
1669455173924 0.0 41699
1669455188539 0.5 41749
1669455203242 0.2857142984867096 41799
1669455217965 0.4000000059604645 41849
1669455245848 0.444444477558136 41899
1669455260406 0.0 41949
1669455275089 0.3333333432674408 41999
1669455289806 0.888888955116272 42049
1669455317484 0.3333333432674408 42099
1669455332121 0.25 42149
1669455346749 0.0 42199
1669455361970 0.3333333432674408 42249
1669455376714 0.2857142686843872 42299
1669455404452 0.5 42349
1669455419225 0.5 42399
1669455433994 0.3333333432674408 42449
1669455448602 0.4000000059604645 42499
1669455476127 0.4000000059604645 42549
1669455490998 0.800000011920929 42599
1669455505760 0.5 42649
1669455520423 0.5 42699
1669455548224 0.5714285373687744 42749
1669455562987 0.5714285373687744 42799
1669455577788 0.4000000059604645 42849
1669455592404 0.6666666865348816 42899
1669455607013 0.7272727489471436 42949
1669455634693 0.0 42999
1669455649519 0.5714285373687744 43049
1669455664183 0.25 43099
1669455678832 0.0 43149
1669455706778 0.75 43199
1669455721378 0.2857142686843872 43249
1669455736000 0.5 43299
1669455750634 0.4000000059604645 43349
1669455765186 0.0 43399
1669455793094 0.6666666865348816 43449
1669455807813 0.5714285969734192 43499
1669455822428 0.6666666865348816 43549
1669455837018 0.2857142984867096 43599
1669455864779 0.4000000059604645 43649
1669455879380 0.3333333432674408 43699
1669455894156 0.444444477558136 43749
1669455908782 0.5714285373687744 43799
1669455936966 0.7272727489471436 43849
1669455951539 0.0 43899
1669455966174 0.75 43949
1669455980997 0.3333333432674408 43999
1669455995566 0.2857142686843872 44049
1669456023278 0.8571428656578064 44099
1669456037931 0.5 44149
1669456052575 0.444444477558136 44199
1669456067418 0.0 44249
1669456095088 0.6666666865348816 44299
1669456109678 0.4000000059604645 44349
1669456124260 0.5454545617103577 44399
1669456138860 0.5 44449
1669456166704 0.3333333432674408 44499
1669456181394 0.6666666865348816 44549
1669456196294 1.0 44599
1669456210929 0.6666666865348816 44649
1669456225547 0.25 44699
1669456253358 0.3333333432674408 44749
1669456268211 0.3333333432674408 44799
1669456282978 0.6666666865348816 44849
1669456297770 0.0 44899
1669456325697 0.3333333134651184 44949
1669456340446 0.6666666865348816 44999
1669456355106 0.0 45049
1669456369765 0.5 45099
1669456397532 0.0 45149
1669456412305 0.444444477558136 45199
1669456427222 0.3333333432674408 45249
1669456441902 0.3333333432674408 45299
1669456456723 0.3333333134651184 45349
1669456484680 0.0 45399
1669456499363 0.0 45449
1669456514033 0.0 45499
1669456528684 0.444444477558136 45549
1669456556589 0.0 45599
1669456571180 0.0 45649
1669456585918 0.4000000059604645 45699
1669456600534 0.5 45749
1669456628649 0.25 45799
1669456643254 0.4000000059604645 45849
1669456657827 0.5 45899
1669456672416 0.5 45949
1669456687289 0.25 45999
1669456714950 0.8333333730697632 46049
1669456729693 0.6666666865348816 46099
1669456744324 0.5 46149
1669456758925 0.2857142686843872 46199
1669456786649 0.6666666865348816 46249
1669456801246 0.6666666865348816 46299
1669456816210 0.0 46349
1669456830856 0.0 46399
1669456858923 0.0 46449
1669456873540 0.444444477558136 46499
1669456888335 0.6000000238418579 46549
1669456902938 0.5714285969734192 46599
1669456917537 0.5 46649
1669456945301 0.0 46699
1669456960037 0.6666666865348816 46749
1669456974778 0.5714285373687744 46799
1669456989387 0.6666666865348816 46849
1669457017077 0.6666666865348816 46899
1669457031673 0.6666666865348816 46949
1669457046348 0.800000011920929 46999
1669457060918 0.0 47049
1669457088760 0.3333333432674408 47099
1669457103473 0.3333333432674408 47149
1669457118259 0.2857142984867096 47199
1669457132842 0.0 47249
1669457147426 0.3333333432674408 47299
1669457175489 0.444444477558136 47349
1669457190116 0.6666666865348816 47399
1669457204873 0.3333333432674408 47449
1669457219650 0.7272727489471436 47499
1669457247508 0.3333333432674408 47549
1669457262300 0.4000000059604645 47599
1669457276928 0.0 47649
1669457291571 0.2857142984867096 47699
1669457319281 0.5714285969734192 47749
1669457333913 0.2857142686843872 47799
1669457348846 0.8000000715255737 47849
1669457363595 0.5 47899
1669457378273 0.2857142984867096 47949
1669457406305 0.5 47999
1669457421209 0.6666666865348816 48049
1669457435925 0.6666666865348816 48099
1669457450735 0.5 48149
1669457478732 0.75 48199
1669457493332 0.0 48249
1669457507943 0.0 48299
1669457522550 0.6666666865348816 48349
1669457550183 0.6666666865348816 48399
1669457564786 0.0 48449
1669457579655 0.75 48499
1669457594274 0.5 48549
1669457609029 0.3333333432674408 48599
1669457636494 0.6666666865348816 48649
1669457651099 0.4000000059604645 48699
1669457665802 0.3333333432674408 48749
1669457680422 0.0 48799
1669457708450 0.3333333432674408 48849
1669457723038 0.0 48899
1669457737635 0.222222238779068 48949
1669457752221 0.2857142686843872 48999
1669457780158 0.6666666865348816 49049
1669457794870 0.8000000715255737 49099
1669457809494 0.444444477558136 49149
1669457824370 0.3333333134651184 49199
1669457838975 0.6666666865348816 49249
1669457866710 0.2857142686843872 49299
1669457881368 0.0 49349
1669457896190 0.5714285969734192 49399
1669457910825 0.7272727489471436 49449
1669457938631 0.0 49499
1669457953415 0.6666666865348816 49549
1669457968188 0.25 49599
1669457982840 0.6666666865348816 49649
1669458010792 0.5 49699
1669458025391 0.5 49749
1669458040176 0.75 49799
1669458054792 0.0 49849
1669458069463 0.25 49899
1669458097351 0.0 49949
1669458112151 0.5714285373687744 49999
1669458126799 0.6666666865348816 50049
1669458141614 0.0 50099
1669458169353 0.6666666865348816 50149
1669458184117 0.6666666865348816 50199
1669458198727 0.6666666865348816 50249
1669458213475 0.25 50299
1669458241245 0.5 50349
1669458256030 0.4000000059604645 50399
1669458270765 0.7272727489471436 50449
1669458285360 0.5 50499
1669458300089 0.4000000059604645 50549
1669458327811 0.4000000059604645 50599
1669458342420 0.0 50649
1669458357036 0.6666666865348816 50699
1669458371643 0.5714285969734192 50749
1669458399488 0.6666666865348816 50799
1669458414212 0.5714285373687744 50849
1669458429028 0.6666666865348816 50899
1669458443722 0.4000000059604645 50949
1669458471498 0.4000000059604645 50999
1669458486284 0.5714285373687744 51049
1669458500917 0.0 51099
1669458515530 0.2857142984867096 51149
1669458530496 0.0 51199
1669458558439 0.0 51249
1669458573050 0.3333333134651184 51299
1669458587701 0.0 51349
1669458602312 0.4000000059604645 51399
1669458630020 0.0 51449
1669458644772 0.0 51499
1669458659385 0.222222238779068 51549
1669458674345 0.75 51599
1669458702310 0.800000011920929 51649
1669458716902 0.3333333432674408 51699
1669458731510 0.5 51749
1669458746102 0.444444477558136 51799
1669458760785 0.25 51849
1669458788593 0.5 51899
1669458803338 0.5 51949
1669458818224 0.0 51999
1669458832782 0.75 52049
1669458860765 0.800000011920929 52099
1669458875363 0.6666666865348816 52149
1669458889954 0.0 52199
1669458904556 0.7272727489471436 52249
1669458932148 0.5 52299
1669458947184 0.0 52349
1669458961792 0.0 52399
1669458976567 0.7272727489471436 52449
1669458991160 0.3333333432674408 52499
1669459018938 0.6666666865348816 52549
1669459033601 0.3333333432674408 52599
1669459048372 0.0 52649
1669459063016 0.5714285373687744 52699
1669459091067 0.2857142984867096 52749
1669459105668 0.6666666865348816 52799
1669459120448 0.2857142686843872 52849
1669459135005 0.4000000059604645 52899
1669459162723 0.5 52949
1669459177361 0.0 52999
1669459191951 0.0 53049
1669459206576 0.2857142686843872 53099
1669459221655 0.6666666865348816 53149
1669459249356 0.5 53199
1669459263948 0.6666666865348816 53249
1669459278559 0.4000000059604645 53299
1669459293136 0.800000011920929 53349
1669459320600 0.75 53399
1669459335444 0.4000000059604645 53449
1669459350083 0.0 53499
1669459365025 0.0 53549
1669459393141 0.5714285969734192 53599
1669459407901 0.5 53649
1669459422582 0.5714285373687744 53699
1669459437181 0.4000000059604645 53749
1669459451807 0.5714285969734192 53799
1669459479731 0.5714285373687744 53849
1669459494300 0.0 53899
1669459509027 0.800000011920929 53949
1669459523600 0.0 53999
1669459551264 0.3333333432674408 54049
1669459566131 0.2857142984867096 54099
1669459580761 0.5714285969734192 54149
1669459595501 0.5714285969734192 54199
1669459609972 1.0 54249
1669459638033 0.444444477558136 54299
1669459652660 0.6666666865348816 54349
1669459667294 0.3333333432674408 54399
1669459682042 0.2857142984867096 54449
1669459709860 0.5714285969734192 54499
1669459724485 0.0 54549
1669459739290 0.5 54599
1669459753887 0.4000000059604645 54649
1669459781684 0.444444477558136 54699
1669459796474 0.7272727489471436 54749
1669459811169 0.7272727489471436 54799
1669459825941 0.25 54849
1669459840684 0.4000000059604645 54899
1669459868304 0.0 54949
1669459883046 0.0 54999
1669459897813 0.0 55049
1669459912446 0.6666666865348816 55099
1669459940336 0.0 55149
1669459955242 0.6666666865348816 55199
1669459969843 0.0 55249
1669459984625 0.25 55299
1669460012498 0.0 55349
1669460027086 0.4000000059604645 55399
1669460041723 0.888888955116272 55449
1669460056511 0.4000000059604645 55499
1669460071104 0.0 55549
1669460098569 0.0 55599
1669460113470 0.3333333432674408 55649
1669460128221 0.6666666865348816 55699
1669460142815 0.5714285969734192 55749
1669460170390 0.6666666865348816 55799
1669460184975 0.0 55849
1669460199580 0.4000000059604645 55899
1669460214337 0.2857142984867096 55949
1669460242101 0.6666666865348816 55999
1669460256820 0.0 56049
1669460271636 0.5714285373687744 56099
1669460286196 0.5714285373687744 56149
1669460300791 0.4000000059604645 56199
1669460328374 0.6666666865348816 56249
1669460343085 0.3333333432674408 56299
1669460357717 0.222222238779068 56349
1669460372313 0.8571428656578064 56399
1669460400295 0.0 56449
1669460415234 0.4000000059604645 56499
1669460429854 0.5714285373687744 56549
1669460444506 0.0 56599
1669460472197 0.6666666865348816 56649
1669460487023 0.5454545617103577 56699
1669460501670 0.4000000059604645 56749
1669460516288 0.6666666865348816 56799
1669460531193 0.0 56849
1669460559304 0.6000000238418579 56899
1669460573925 0.6666666865348816 56949
1669460588582 0.4000000059604645 56999
1669460603208 0.2857142984867096 57049
1669460631207 0.5 57099
1669460645846 0.6666666865348816 57149
1669460660656 0.6666666865348816 57199
1669460675451 0.4000000059604645 57249
1669460703282 0.3333333432674408 57299
1669460718035 0.6666666865348816 57349
1669460732645 0.0 57399
1669460747251 0.0 57449
1669460761879 0.3333333432674408 57499
1669460789594 0.800000011920929 57549
1669460804215 0.5714285373687744 57599
1669460819116 0.3333333432674408 57649
1669460833872 0.5714285373687744 57699
1669460861703 0.444444477558136 57749
1669460876327 0.5 57799
1669460890941 0.8571428656578064 57849
1669460905640 0.6666666865348816 57899
1669460933295 0.0 57949
1669460948007 0.5714285373687744 57999
1669460962582 0.0 58049
1669460977473 0.75 58099
1669460992026 0.2857142686843872 58149
1669461020022 0.6000000238418579 58199
1669461034642 0.3333333134651184 58249
1669461049226 0.6666666865348816 58299
1669461063803 0.7692307829856873 58349
1669461091748 0.2857142686843872 58399
1669461106538 0.2857142686843872 58449
1669461121170 0.4000000059604645 58499
1669461135779 0.6666666865348816 58549
1669461163574 0.4000000059604645 58599
1669461178183 0.4000000059604645 58649
1669461192822 0.6000000238418579 58699
1669461207446 0.0 58749
1669461222086 0.2857142984867096 58799
1669461249948 0.3333333432674408 58849
1669461264746 0.5 58899
1669461279544 0.3333333432674408 58949
1669461294312 0.5 58999
1669461322328 1.0 59049
1669461336932 0.75 59099
1669461351531 0.6666666865348816 59149
1669461366163 0.5 59199
1669461394085 0.5 59249
1669461408743 0.6666666865348816 59299
1669461423520 0.4000000059604645 59349
1669461438297 0.5454545021057129 59399
1669461452948 0.4000000059604645 59449
1669461480625 0.0 59499
1669461495348 0.0 59549
1669461510066 0.0 59599
1669461524922 0.75 59649
1669461552536 0.5 59699
1669461567465 0.5 59749
1669461582208 0.3333333432674408 59799
1669461596816 0.0 59849
1669461624755 0.0 59899
1669461639391 0.4000000059604645 59949
1669461654179 0.5714285373687744 59999
1669461668828 0.3333333432674408 60049
1669461683459 0.5 60099
1669461711284 0.5 60149
1669461726165 0.2857142984867096 60199
1669461740764 0.6666666865348816 60249
1669461755370 0.2857142686843872 60299
1669461783266 0.6666666865348816 60349
1669461797947 0.444444477558136 60399
1669461812508 0.6666666865348816 60449
1669461827229 0.3333333432674408 60499
1669461855021 0.5 60549
1669461869764 0.5 60599
1669461884619 0.5 60649
1669461899254 0.0 60699
1669461913932 0.4000000059604645 60749
1669461942219 0.0 60799
1669461956826 0.75 60849
1669461971634 0.5 60899
1669461986310 0.0 60949
1669462014281 0.4000000059604645 60999
1669462028912 0.6666666865348816 61049
1669462043532 0.5 61099
1669462058108 0.0 61149
1669462085992 0.0 61199
1669462100755 0.6000000238418579 61249
1669462115348 0.6666666865348816 61299
1669462130084 0.5 61349
1669462144691 0.0 61399
1669462172525 0.3333333432674408 61449
1669462187149 0.4000000059604645 61499
1669462201971 0.0 61549
1669462216571 0.5 61599
1669462244282 0.5714285969734192 61649
1669462259277 0.2857142686843872 61699
1669462273866 0.2857142984867096 61749
1669462288449 0.0 61799
1669462316018 0.6666666865348816 61849
1669462330669 0.3333333432674408 61899
1669462345408 0.5 61949
1669462360065 0.5714285373687744 61999
1669462374666 0.4000000059604645 62049
1669462402581 0.5 62099
1669462417351 0.0 62149
1669462432023 0.0 62199
1669462446858 0.6666666865348816 62249
1669462474717 0.6666666865348816 62299
1669462489353 0.5999999642372131 62349
1669462504162 0.2857142984867096 62399
1669462518788 0.2857142984867096 62449
1669462546614 0.2857142984867096 62499
1669462561386 0.6666666865348816 62549
1669462576151 0.5714285969734192 62599
1669462590775 0.6000000238418579 62649
1669462605435 0.5 62699
1669462633269 0.7692307233810425 62749
1669462647828 0.5714285969734192 62799
1669462662416 0.6666666865348816 62849
1669462677025 0.2857142686843872 62899
1669462705055 0.6000000238418579 62949
1669462719870 0.5714285969734192 62999
1669462734503 0.0 63049
1669462749126 0.3333333432674408 63099
1669462777153 0.5 63149
1669462791755 0.0 63199
1669462806377 0.5714285969734192 63249
1669462821037 0.5 63299
1669462835820 0.3333333432674408 63349
1669462863779 0.5 63399
1669462878471 0.6666666865348816 63449
1669462893341 0.3333333134651184 63499
1669462907936 0.2857142984867096 63549
1669462935545 0.5714285373687744 63599
1669462950187 0.3333333432674408 63649
1669462964989 0.6000000238418579 63699
1669462979656 0.3333333134651184 63749
1669463007694 0.3333333432674408 63799
1669463022306 0.0 63849
1669463036937 0.5714285969734192 63899
1669463051713 0.4000000059604645 63949
1669463066330 0.6666666865348816 63999
1669463094129 0.5 64049
1669463108965 0.5 64099
1669463123690 0.5714285373687744 64149
1669463138293 0.5 64199
1669463166160 0.0 64249
1669463180829 0.5 64299
1669463195464 0.0 64349
1669463210077 0.75 64399
1669463238246 0.5 64449
1669463252853 0.6666666865348816 64499
1669463267639 0.2857142984867096 64549
1669463282315 0.3333333432674408 64599
1669463296882 0.3333333432674408 64649
1669463324700 0.6666666865348816 64699
1669463339424 0.6000000238418579 64749
1669463353989 0.5 64799
1669463368715 0.2857142686843872 64849
1669463396388 0.5714285969734192 64899
1669463411200 0.3333333134651184 64949
1669463425831 0.4000000059604645 64999
1669463440414 0.6666666865348816 65049
1669463454832 0.0 65099
