1669440435468 1.0 49
1669440450159 0.75 99
1669440465072 0.800000011920929 149
1669440479682 1.0 199
1669440507068 1.0 249
1669440521633 1.0 299
1669440536579 0.3333333432674408 349
1669440551123 1.0 399
1669440578594 1.0 449
1669440593169 0.75 499
1669440607969 0.6666666865348816 549
1669440622802 1.0 599
1669440637473 0.1666666716337204 649
1669440664913 0.6666666865348816 699
1669440679552 0.6666666865348816 749
1669440694168 0.5 799
1669440708772 0.0 849
1669440736142 0.8333333134651184 899
1669440750951 0.0 949
1669440765642 0.5 999
1669440780310 0.5 1049
1669440807585 0.6666666865348816 1099
1669440822154 0.5 1149
1669440836722 0.5 1199
1669440851313 0.3333333432674408 1249
1669440865880 1.0 1299
1669440893332 1.0 1349
1669440908069 0.5 1399
1669440922810 0.800000011920929 1449
1669440937406 1.0 1499
1669440964721 1.0 1549
1669440979478 0.3333333432674408 1599
1669440994062 0.3333333432674408 1649
1669441008828 0.5 1699
1669441036313 0.3333333432674408 1749
1669441051021 0.5 1799
1669441065969 0.0 1849
1669441080665 0.5 1899
1669441095299 0.3333333432674408 1949
1669441122845 0.0 1999
1669441137545 0.3333333432674408 2049
1669441152138 0.5 2099
1669441166881 0.0 2149
1669441194352 1.0 2199
1669441209065 0.5 2249
1669441223739 0.5 2299
1669441238373 0.0 2349
1669441265790 0.0 2399
1669441280654 1.0 2449
1669441295255 0.800000011920929 2499
1669441309985 0.6000000238418579 2549
1669441324637 0.0 2599
1669441352237 0.0 2649
1669441366875 1.0 2699
1669441381453 1.0 2749
1669441396182 1.0 2799
1669441423432 1.0 2849
1669441438162 0.5 2899
1669441452730 0.0 2949
1669441467336 1.0 2999
1669441494946 0.6666666865348816 3049
1669441509531 0.3333333432674408 3099
1669441524128 0.5 3149
1669441538810 1.0 3199
1669441553399 0.6666666865348816 3249
1669441580723 0.0 3299
1669441595455 0.75 3349
1669441610453 0.0 3399
1669441624995 0.0 3449
1669441652347 0.5 3499
1669441667002 0.3333333432674408 3549
1669441681681 0.6666666865348816 3599
1669441696447 0.800000011920929 3649
1669441724035 1.0 3699
1669441738764 1.0 3749
1669441753492 0.6666666865348816 3799
1669441768073 1.0 3849
1669441782605 0.800000011920929 3899
1669441809916 0.6666666865348816 3949
1669441824518 0.0 3999
1669441839256 0.5 4049
1669441853852 0.6000000238418579 4099
1669441881498 1.0 4149
1669441896200 0.3333333432674408 4199
1669441911033 0.5 4249
1669441925602 0.5 4299
1669441952815 0.0 4349
1669441967485 0.5 4399
1669441982238 0.6666666865348816 4449
1669441996981 0.75 4499
1669442011596 1.0 4549
1669442039102 1.0 4599
1669442053673 0.5 4649
1669442068238 0.0 4699
1669442082805 1.0 4749
1669442110297 0.0 4799
1669442124910 1.0 4849
1669442139464 0.6666666865348816 4899
1669442154043 1.0 4949
1669442181681 0.75 4999
1669442196373 0.25 5049
1669442210987 0.0 5099
1669442225558 1.0 5149
1669442240270 0.6666666865348816 5199
1669442267746 1.0 5249
1669442282350 1.0 5299
1669442297016 0.6666666865348816 5349
1669442311744 0.5 5399
1669442339281 0.25 5449
1669442353860 0.6666666865348816 5499
1669442368472 0.800000011920929 5549
1669442383261 1.0 5599
1669442410557 0.0 5649
1669442425327 1.0 5699
1669442440065 1.0 5749
1669442454729 1.0 5799
1669442469486 0.0 5849
1669442497108 1.0 5899
1669442511685 0.6666666865348816 5949
1669442526474 0.0 5999
1669442541068 1.0 6049
1669442568474 0.6666666865348816 6099
1669442583079 1.0 6149
1669442597816 1.0 6199
1669442612582 1.0 6249
1669442640055 0.5 6299
1669442654749 0.0 6349
1669442669396 0.5 6399
1669442684038 0.0 6449
1669442698600 1.0 6499
1669442726144 0.6666666865348816 6549
1669442740734 0.0 6599
1669442755473 1.0 6649
1669442770074 1.0 6699
1669442797943 1.0 6749
1669442812613 0.5 6799
1669442827326 1.0 6849
1669442841960 1.0 6899
1669442869350 1.0 6949
1669442884147 0.5 6999
1669442898950 0.5 7049
1669442913747 0.6666666865348816 7099
1669442928471 1.0 7149
1669442956084 0.5 7199
1669442970670 1.0 7249
1669442985358 0.3333333432674408 7299
1669443000033 1.0 7349
1669443027812 0.5 7399
1669443042522 0.3333333432674408 7449
1669443057126 0.0 7499
1669443071836 1.0 7549
1669443099299 0.6666666865348816 7599
1669443113906 0.0 7649
1669443128646 0.800000011920929 7699
1669443143311 0.3333333432674408 7749
1669443157889 0.0 7799
1669443185317 0.0 7849
1669443200048 1.0 7899
1669443214663 0.75 7949
1669443229447 0.800000011920929 7999
1669443256942 1.0 8049
1669443272038 1.0 8099
1669443286819 0.6666666865348816 8149
1669443301427 0.6666666865348816 8199
1669443328905 0.0 8249
1669443343626 0.3333333432674408 8299
1669443358241 0.5 8349
1669443372834 0.0 8399
1669443387545 0.0 8449
1669443415011 0.6666666865348816 8499
1669443429649 0.0 8549
1669443444462 1.0 8599
1669443459155 0.5 8649
1669443486463 0.0 8699
1669443501172 0.5 8749
1669443515930 0.5 8799
1669443530640 0.6666666865348816 8849
1669443558180 0.3333333432674408 8899
1669443572765 0.75 8949
1669443587655 0.3333333432674408 8999
1669443602258 0.0 9049
1669443616841 0.5 9099
1669443644474 0.6666666865348816 9149
1669443659223 1.0 9199
1669443673810 1.0 9249
1669443688551 0.75 9299
1669443716083 0.6666666865348816 9349
1669443730933 0.0 9399
1669443745619 0.5 9449
1669443760361 0.0 9499
1669443787848 0.5 9549
1669443802607 0.0 9599
1669443817230 0.5 9649
1669443831846 0.75 9699
1669443846495 0.6666666865348816 9749
1669443873891 0.75 9799
1669443888515 0.0 9849
1669443903180 0.6666666865348816 9899
1669443918188 0.800000011920929 9949
1669443945783 0.6666666865348816 9999
1669443960510 0.3333333432674408 10049
1669443975329 0.6000000238418579 10099
1669443990270 1.0 10149
1669444018181 0.0 10199
1669444032976 1.0 10249
1669444047872 1.0 10299
1669444062791 0.5 10349
1669444077551 0.3333333432674408 10399
1669444105458 1.0 10449
1669444120252 0.5 10499
1669444135106 1.0 10549
1669444150123 0.5 10599
1669444178199 0.800000011920929 10649
1669444193153 0.75 10699
1669444207925 0.5 10749
1669444222727 0.5 10799
1669444237483 0.0 10849
1669444265983 0.0 10899
1669444280893 0.5 10949
1669444295890 0.75 10999
1669444310661 0.5 11049
1669444339021 0.0 11099
1669444353797 0.5 11149
1669444368673 0.0 11199
1669444383461 0.3333333432674408 11249
1669444411505 0.5 11299
1669444426471 1.0 11349
1669444441258 1.0 11399
1669444456125 1.0 11449
1669444470987 1.0 11499
1669444499041 0.25 11549
1669444513879 1.0 11599
1669444528716 0.25 11649
1669444543736 0.5 11699
1669444571976 1.0 11749
1669444586852 0.6666666865348816 11799
1669444601497 0.0 11849
1669444616471 1.0 11899
1669444643846 0.0 11949
1669444658669 0.5 11999
1669444673335 0.5 12049
1669444688080 1.0 12099
1669444702691 1.0 12149
1669444730189 0.75 12199
1669444744938 0.5 12249
1669444759729 0.5 12299
1669444774359 1.0 12349
1669444801881 1.0 12399
1669444816529 0.6666666865348816 12449
1669444831163 1.0 12499
1669444845787 1.0 12549
1669444873992 0.0 12599
1669444888737 1.0 12649
1669444903752 1.0 12699
1669444918736 0.0 12749
1669444933532 0.75 12799
1669444962035 0.5 12849
1669444976800 0.5 12899
1669444991605 0.3333333432674408 12949
1669445006548 0.75 12999
1669445034406 1.0 13049
1669445049423 1.0 13099
1669445064141 0.0 13149
1669445078728 0.5 13199
1669445106108 0.5 13249
1669445120697 0.5 13299
1669445135417 1.0 13349
1669445150012 1.0 13399
1669445164732 0.6666666865348816 13449
1669445192206 1.0 13499
1669445206822 0.5 13549
1669445221410 1.0 13599
1669445236015 0.3333333432674408 13649
1669445263599 0.75 13699
1669445278243 1.0 13749
1669445292859 0.5 13799
1669445307501 0.0 13849
1669445334946 1.0 13899
1669445349519 1.0 13949
1669445364237 0.0 13999
1669445378798 1.0 14049
1669445393569 0.6666666865348816 14099
1669445421156 1.0 14149
1669445435769 0.75 14199
1669445450381 0.3333333432674408 14249
1669445465161 1.0 14299
1669445492738 1.0 14349
1669445507330 0.6666666865348816 14399
1669445522002 0.6666666865348816 14449
1669445536765 0.75 14499
1669445564131 0.6666666865348816 14549
1669445578879 0.5 14599
1669445593550 0.5 14649
1669445608352 1.0 14699
1669445623300 0.0 14749
1669445650743 0.0 14799
1669445665331 0.5 14849
1669445680045 0.6666666865348816 14899
1669445694611 0.3333333432674408 14949
1669445721937 0.0 14999
1669445736597 1.0 15049
1669445751361 0.5 15099
1669445766099 0.3333333432674408 15149
1669445793668 0.0 15199
1669445808384 1.0 15249
1669445822988 0.5 15299
1669445837561 1.0 15349
1669445852161 0.0 15399
1669445879578 0.6666666865348816 15449
1669445894326 0.5 15499
1669445909124 0.4000000059604645 15549
1669445923705 1.0 15599
1669445951337 0.6666666865348816 15649
1669445966189 0.3333333432674408 15699
1669445980792 0.3333333432674408 15749
1669445995370 0.5 15799
1669446022904 0.0 15849
1669446037694 0.3333333432674408 15899
1669446052349 0.75 15949
1669446067091 0.3333333432674408 15999
1669446081887 0.6666666865348816 16049
1669446109565 0.0 16099
1669446124175 1.0 16149
1669446138911 0.0 16199
1669446153587 0.0 16249
1669446181355 0.0 16299
1669446195986 0.5 16349
1669446210785 0.3333333432674408 16399
1669446225554 1.0 16449
1669446252998 0.0 16499
1669446267578 1.0 16549
1669446282315 0.25 16599
1669446296875 0.5 16649
1669446311618 0.5 16699
1669446339268 0.6666666865348816 16749
1669446354095 1.0 16799
1669446368783 0.5 16849
1669446383483 0.5 16899
1669446410998 1.0 16949
1669446425605 0.0 16999
1669446440383 0.5 17049
1669446455140 0.5 17099
1669446482686 0.6666666865348816 17149
1669446497392 0.4000000059604645 17199
1669446512013 1.0 17249
1669446526649 1.0 17299
1669446541396 0.5 17349
1669446569063 0.75 17399
1669446583659 0.5 17449
1669446598655 0.0 17499
1669446613255 0.5 17549
1669446641072 1.0 17599
1669446656078 0.0 17649
1669446671105 0.5 17699
1669446685709 0.6000000238418579 17749
1669446713398 0.5 17799
1669446728118 0.0 17849
1669446742772 0.5 17899
1669446757451 0.5 17949
1669446772066 0.6666666865348816 17999
1669446799853 0.25 18049
1669446814435 0.0 18099
1669446829022 0.0 18149
1669446843654 1.0 18199
1669446871438 1.0 18249
1669446886053 1.0 18299
1669446900805 1.0 18349
1669446915537 0.3333333432674408 18399
1669446943348 0.5 18449
1669446957932 0.0 18499
1669446972544 1.0 18549
1669446987244 0.5 18599
1669447001832 0.0 18649
1669447029570 0.0 18699
1669447044349 0.4000000059604645 18749
1669447059032 0.75 18799
1669447073838 0.5 18849
1669447101477 0.0 18899
1669447116218 0.6666666865348816 18949
1669447130774 0.0 18999
1669447145387 1.0 19049
1669447173298 0.3333333432674408 19099
1669447188125 0.3333333432674408 19149
1669447202747 0.5 19199
1669447217364 0.5 19249
1669447231968 0.25 19299
1669447259502 0.5 19349
1669447274088 1.0 19399
1669447288944 0.0 19449
1669447303554 1.0 19499
1669447331340 1.0 19549
1669447345955 0.0 19599
1669447360546 1.0 19649
1669447375128 0.6666666865348816 19699
1669447402848 0.0 19749
1669447417608 1.0 19799
1669447432271 0.6666666865348816 19849
1669447447180 0.0 19899
1669447461811 0.6666666865348816 19949
1669447489483 1.0 19999
1669447504092 1.0 20049
1669447518704 0.6000000238418579 20099
1669447533599 0.6666666865348816 20149
1669447561032 0.6666666865348816 20199
1669447575625 0.5 20249
1669447590340 0.0 20299
1669447605327 0.5 20349
1669447632953 1.0 20399
1669447647580 0.5 20449
1669447662221 0.3333333432674408 20499
1669447676851 0.0 20549
1669447691669 0.6666666865348816 20599
1669447719423 0.5 20649
1669447734252 0.6666666865348816 20699
1669447748855 0.5 20749
1669447763451 0.0 20799
1669447791258 0.75 20849
1669447805854 0.0 20899
1669447820614 0.0 20949
1669447835206 1.0 20999
1669447862567 0.5 21049
1669447877173 0.0 21099
1669447891911 1.0 21149
1669447906627 0.6666666865348816 21199
1669447921234 0.3333333432674408 21249
1669447948897 0.6000000238418579 21299
1669447963666 0.3333333432674408 21349
1669447978413 0.0 21399
1669447993050 0.0 21449
1669448020435 0.6666666865348816 21499
1669448035173 1.0 21549
1669448049929 0.6000000238418579 21599
1669448064484 0.800000011920929 21649
1669448078973 0.0 21699
1669448106723 1.0 21749
1669448121414 0.6666666865348816 21799
1669448136129 0.5 21849
1669448150906 0.5 21899
1669448178540 0.4000000059604645 21949
1669448193337 0.6666666865348816 21999
1669448207946 0.6666666865348816 22049
1669448222709 0.5 22099
1669448250312 0.0 22149
1669448264873 0.0 22199
1669448279621 0.0 22249
1669448294205 0.0 22299
1669448308991 0.6000000238418579 22349
1669448336535 0.5 22399
1669448351347 1.0 22449
1669448366126 0.6666666865348816 22499
1669448380708 0.75 22549
1669448408495 0.5 22599
1669448423101 0.0 22649
1669448437934 0.0 22699
1669448452592 1.0 22749
1669448480500 1.0 22799
1669448495068 0.0 22849
1669448509632 0.5 22899
1669448524221 0.75 22949
1669448538934 0.6666666865348816 22999
1669448566771 0.0 23049
1669448581416 0.5 23099
1669448596007 1.0 23149
1669448610775 0.0 23199
1669448638682 1.0 23249
1669448653365 0.0 23299
1669448668007 0.75 23349
1669448682651 0.5 23399
1669448710613 0.5 23449
1669448725253 0.5 23499
1669448739943 0.0 23549
1669448754586 0.5 23599
1669448769380 1.0 23649
1669448797142 1.0 23699
1669448811711 0.5 23749
1669448826293 0.0 23799
1669448841000 1.0 23849
1669448868695 0.0 23899
1669448883277 0.0 23949
1669448898054 0.5 23999
1669448912638 0.0 24049
1669448940537 0.6666666865348816 24099
1669448955145 0.0 24149
1669448969739 0.0 24199
1669448984471 0.6666666865348816 24249
1669448999182 0.0 24299
1669449026782 0.3333333432674408 24349
1669449041557 1.0 24399
1669449056138 0.5 24449
1669449070858 0.6666666865348816 24499
1669449098595 0.5 24549
1669449113255 0.6666666865348816 24599
1669449127820 0.0 24649
1669449142514 0.6666666865348816 24699
1669449170000 0.0 24749
1669449184624 1.0 24799
1669449199400 0.0 24849
1669449214003 1.0 24899
1669449228914 0.0 24949
1669449256358 0.6666666865348816 24999
1669449270984 1.0 25049
1669449285677 0.6666666865348816 25099
1669449300276 0.0 25149
1669449328003 0.0 25199
1669449342629 0.5 25249
1669449357444 0.5 25299
1669449372331 1.0 25349
1669449399973 0.0 25399
1669449414593 0.5 25449
1669449429203 1.0 25499
1669449443958 0.3333333432674408 25549
1669449458549 0.6666666865348816 25599
1669449486401 1.0 25649
1669449501013 1.0 25699
1669449515850 0.5 25749
1669449530461 0.20000000298023224 25799
1669449558396 0.6666666865348816 25849
1669449573190 0.4000000059604645 25899
1669449587818 0.3333333432674408 25949
1669449602633 0.0 25999
1669449630324 0.5 26049
1669449644949 1.0 26099
1669449659720 0.5 26149
1669449674357 0.3333333432674408 26199
1669449689171 1.0 26249
1669449716911 1.0 26299
1669449731528 0.3333333432674408 26349
1669449746127 0.3333333432674408 26399
1669449760875 0.6666666865348816 26449
1669449788604 0.75 26499
1669449803146 0.75 26549
1669449817929 1.0 26599
1669449832756 1.0 26649
1669449860459 0.75 26699
1669449875034 1.0 26749
1669449889770 0.5 26799
1669449904430 0.6666666865348816 26849
1669449919047 1.0 26899
1669449946694 1.0 26949
1669449961423 0.3333333432674408 26999
1669449976199 0.0 27049
1669449990987 0.0 27099
1669450018730 0.0 27149
1669450033519 1.0 27199
1669450048148 1.0 27249
1669450062800 0.0 27299
1669450090758 1.0 27349
1669450105372 0.5 27399
1669450120117 1.0 27449
1669450134768 0.0 27499
1669450149552 0.75 27549
1669450177182 0.0 27599
1669450192091 0.25 27649
1669450206886 0.6666666865348816 27699
1669450221504 0.0 27749
1669450248973 0.6666666865348816 27799
1669450263651 0.0 27849
1669450278488 1.0 27899
1669450293041 0.5 27949
1669450320696 1.0 27999
1669450335373 0.3333333432674408 28049
1669450350303 0.6666666865348816 28099
1669450364942 0.75 28149
1669450379545 1.0 28199
1669450407300 0.6666666865348816 28249
1669450422095 1.0 28299
1669450436708 0.6666666865348816 28349
1669450451382 1.0 28399
1669450479079 0.6666666865348816 28449
1669450493673 1.0 28499
1669450508426 0.0 28549
1669450523057 1.0 28599
1669450550671 0.0 28649
1669450565614 0.5 28699
1669450580286 0.6666666865348816 28749
1669450594915 0.5 28799
1669450609525 0.4000000059604645 28849
1669450637509 0.6666666865348816 28899
1669450652190 0.6666666865348816 28949
1669450666756 1.0 28999
1669450681535 0.6666666865348816 29049
1669450709343 0.0 29099
1669450724008 0.5 29149
1669450738605 1.0 29199
1669450753402 1.0 29249
1669450781077 0.5 29299
1669450795675 0.5 29349
1669450810321 0.0 29399
1669450824988 1.0 29449
1669450839881 0.6666666865348816 29499
1669450867410 1.0 29549
1669450882166 0.3333333432674408 29599
1669450896770 0.0 29649
1669450911498 1.0 29699
1669450939216 0.5 29749
1669450953947 0.0 29799
1669450968628 0.75 29849
1669450983436 1.0 29899
1669451011378 1.0 29949
1669451026090 0.5 29999
1669451040679 1.0 30049
1669451055445 0.6666666865348816 30099
1669451070051 1.0 30149
1669451097489 0.6666666865348816 30199
1669451112268 0.6666666865348816 30249
1669451126886 0.5 30299
1669451141514 1.0 30349
1669451169331 0.0 30399
1669451183922 0.6000000238418579 30449
1669451198817 0.5 30499
1669451213427 0.5 30549
1669451240893 0.6666666865348816 30599
1669451255489 0.5 30649
1669451270110 1.0 30699
1669451284883 0.5 30749
1669451299790 0.3333333432674408 30799
1669451327608 0.6666666865348816 30849
1669451342299 1.0 30899
1669451356891 0.6666666865348816 30949
1669451371507 0.6666666865348816 30999
1669451399090 0.0 31049
1669451413833 0.5 31099
1669451428476 0.5 31149
1669451443076 1.0 31199
1669451471282 1.0 31249
1669451485897 1.0 31299
1669451500575 0.5 31349
1669451515210 1.0 31399
1669451529852 0.5 31449
1669451557494 1.0 31499
1669451572103 0.6666666865348816 31549
1669451586974 1.0 31599
1669451601734 1.0 31649
1669451629520 0.5 31699
1669451644340 1.0 31749
1669451658948 0.0 31799
1669451673644 0.25 31849
1669451701508 0.25 31899
1669451716136 0.0 31949
1669451731110 0.0 31999
1669451745732 0.25 32049
1669451760349 0.6666666865348816 32099
1669451788212 1.0 32149
1669451802822 0.6666666865348816 32199
1669451817656 0.5 32249
1669451832255 1.0 32299
1669451859962 0.0 32349
1669451874773 0.6666666865348816 32399
1669451889405 1.0 32449
1669451904274 0.0 32499
1669451918825 0.0 32549
1669451946650 1.0 32599
1669451961273 1.0 32649
1669451976036 0.5 32699
1669451990642 0.6666666865348816 32749
1669452018540 1.0 32799
1669452033283 0.0 32849
1669452048064 1.0 32899
1669452063069 0.75 32949
1669452090637 1.0 32999
1669452105243 0.0 33049
1669452119991 1.0 33099
1669452134683 0.5 33149
1669452149444 0.5 33199
1669452177354 1.0 33249
1669452192521 0.5 33299
1669452207140 0.75 33349
1669452221774 0.0 33399
1669452249692 1.0 33449
1669452264403 0.6666666865348816 33499
1669452279049 1.0 33549
1669452293815 1.0 33599
1669452321760 0.0 33649
1669452336469 0.6666666865348816 33699
1669452351331 1.0 33749
1669452365946 0.75 33799
1669452380547 0.25 33849
1669452408281 1.0 33899
1669452422885 0.75 33949
1669452437629 0.5 33999
1669452452326 0.0 34049
1669452480012 0.5 34099
1669452494643 0.20000000298023224 34149
1669452509288 1.0 34199
1669452524195 1.0 34249
1669452551945 0.6666666865348816 34299
1669452566571 0.5 34349
1669452581322 0.6666666865348816 34399
1669452595918 1.0 34449
1669452610706 1.0 34499
1669452638326 0.0 34549
1669452653172 1.0 34599
1669452667757 0.4000000059604645 34649
1669452682358 0.5 34699
1669452710166 0.5 34749
1669452724760 0.0 34799
1669452739353 1.0 34849
1669452754173 0.5 34899
1669452781930 0.75 34949
1669452796531 0.0 34999
1669452811273 0.5 35049
1669452825839 0.5 35099
1669452840571 0.0 35149
1669452868274 1.0 35199
1669452883002 0.5 35249
1669452897776 0.0 35299
1669452912425 1.0 35349
1669452940473 1.0 35399
1669452955135 0.0 35449
1669452969739 0.0 35499
1669452984520 0.5 35549
1669453012204 0.5 35599
1669453027090 0.4000000059604645 35649
1669453041664 0.0 35699
1669453056284 0.3333333432674408 35749
1669453071137 0.0 35799
1669453099191 0.6666666865348816 35849
1669453113824 1.0 35899
1669453128633 0.5 35949
1669453143253 0.5 35999
1669453171057 0.0 36049
1669453185669 1.0 36099
1669453200417 0.3333333432674408 36149
1669453215569 0.0 36199
1669453243130 0.0 36249
1669453257780 1.0 36299
1669453272797 0.6666666865348816 36349
1669453287562 0.0 36399
1669453302191 0.0 36449
1669453329721 0.3333333432674408 36499
1669453344671 0.3333333432674408 36549
1669453359354 1.0 36599
1669453374010 0.5 36649
1669453401803 1.0 36699
1669453416392 1.0 36749
1669453431125 1.0 36799
1669453445779 0.5 36849
1669453473708 0.3333333432674408 36899
1669453488494 1.0 36949
1669453503118 1.0 36999
1669453517756 0.25 37049
1669453532486 1.0 37099
1669453560306 0.6000000238418579 37149
1669453574877 0.5 37199
1669453589737 0.6666666865348816 37249
1669453604444 0.0 37299
1669453632062 0.25 37349
1669453646834 0.3333333432674408 37399
1669453661596 1.0 37449
1669453676298 1.0 37499
1669453704183 0.6666666865348816 37549
1669453718891 0.3333333432674408 37599
1669453733654 0.0 37649
1669453748228 0.6666666865348816 37699
1669453762894 0.0 37749
1669453790797 0.5 37799
1669453805556 0.0 37849
1669453820211 0.5 37899
1669453834850 1.0 37949
1669453862909 0.6000000238418579 37999
1669453877553 0.0 38049
1669453892234 0.6666666865348816 38099
1669453906991 0.5 38149
1669453934781 1.0 38199
1669453949564 1.0 38249
1669453964171 0.0 38299
1669453978817 0.5 38349
1669453993623 0.5 38399
1669454021677 0.5 38449
1669454036271 1.0 38499
1669454050866 0.5 38549
1669454065472 1.0 38599
1669454093312 1.0 38649
1669454108122 0.5 38699
1669454122711 1.0 38749
1669454137472 0.4000000059604645 38799
1669454165186 0.0 38849
1669454179961 1.0 38899
1669454194581 0.6666666865348816 38949
1669454209265 0.75 38999
1669454223853 0.0 39049
1669454251501 1.0 39099
1669454266127 0.5 39149
1669454281014 1.0 39199
1669454295613 1.0 39249
1669454323544 0.0 39299
1669454338157 1.0 39349
1669454352959 1.0 39399
1669454367553 0.6666666865348816 39449
1669454395364 1.0 39499
1669454410159 0.5 39549
1669454424914 0.6666666865348816 39599
1669454439549 0.5 39649
1669454454165 0.0 39699
1669454482101 1.0 39749
1669454496681 1.0 39799
1669454511282 0.0 39849
1669454525910 0.75 39899
1669454553766 0.4000000059604645 39949
1669454568629 1.0 39999
1669454583400 0.6000000238418579 40049
1669454598185 0.5 40099
1669454626160 0.5 40149
1669454640787 0.5 40199
1669454655490 0.3333333432674408 40249
1669454670323 1.0 40299
1669454685070 1.0 40349
1669454712933 1.0 40399
1669454727549 1.0 40449
1669454742314 1.0 40499
1669454756914 0.0 40549
1669454784643 0.0 40599
1669454799245 0.75 40649
1669454814067 0.4000000059604645 40699
1669454829079 1.0 40749
1669454856817 0.0 40799
1669454871667 0.6666666865348816 40849
1669454886283 0.0 40899
1669454900892 1.0 40949
1669454915488 0.4000000059604645 40999
1669454943316 0.6666666865348816 41049
1669454957996 1.0 41099
1669454972620 0.0 41149
1669454987299 0.75 41199
1669455015267 1.0 41249
1669455029827 0.6666666865348816 41299
1669455044386 0.75 41349
1669455058954 1.0 41399
1669455086962 1.0 41449
1669455101972 0.5 41499
1669455116755 1.0 41549
1669455131372 1.0 41599
1669455146100 0.75 41649
1669455173924 0.0 41699
1669455188539 0.5 41749
1669455203242 0.5 41799
1669455217965 0.5 41849
1669455245848 0.6666666865348816 41899
1669455260406 0.0 41949
1669455275089 0.5 41999
1669455289806 0.800000011920929 42049
1669455317484 0.5 42099
1669455332121 0.25 42149
1669455346749 0.0 42199
1669455361970 0.5 42249
1669455376714 0.3333333432674408 42299
1669455404452 0.5 42349
1669455419225 0.6666666865348816 42399
1669455433994 0.3333333432674408 42449
1669455448602 1.0 42499
1669455476127 0.5 42549
1669455490998 1.0 42599
1669455505760 0.5 42649
1669455520423 0.5 42699
1669455548224 0.6666666865348816 42749
1669455562987 0.6666666865348816 42799
1669455577788 1.0 42849
1669455592404 1.0 42899
1669455607013 1.0 42949
1669455634693 0.0 42999
1669455649519 0.6666666865348816 43049
1669455664183 1.0 43099
1669455678832 0.0 43149
1669455706778 0.75 43199
1669455721378 0.3333333432674408 43249
1669455736000 1.0 43299
1669455750634 1.0 43349
1669455765186 0.0 43399
1669455793094 1.0 43449
1669455807813 1.0 43499
1669455822428 0.75 43549
1669455837018 0.5 43599
1669455864779 0.5 43649
1669455879380 0.5 43699
1669455894156 0.5 43749
1669455908782 0.5 43799
1669455936966 0.6666666865348816 43849
1669455951539 0.0 43899
1669455966174 1.0 43949
1669455980997 0.3333333432674408 43999
1669455995566 0.3333333432674408 44049
1669456023278 1.0 44099
1669456037931 0.6666666865348816 44149
1669456052575 0.6666666865348816 44199
1669456067418 0.0 44249
1669456095088 1.0 44299
1669456109678 1.0 44349
1669456124260 1.0 44399
1669456138860 1.0 44449
1669456166704 0.5 44499
1669456181394 1.0 44549
1669456196294 1.0 44599
1669456210929 0.6000000238418579 44649
1669456225547 0.20000000298023224 44699
1669456253358 0.3333333432674408 44749
1669456268211 0.25 44799
1669456282978 1.0 44849
1669456297770 0.0 44899
1669456325697 1.0 44949
1669456340446 0.75 44999
1669456355106 0.0 45049
1669456369765 1.0 45099
1669456397532 0.0 45149
1669456412305 0.5 45199
1669456427222 0.3333333432674408 45249
1669456441902 0.3333333432674408 45299
1669456456723 1.0 45349
1669456484680 0.0 45399
1669456499363 0.0 45449
1669456514033 0.0 45499
1669456528684 0.6666666865348816 45549
1669456556589 0.0 45599
1669456571180 0.0 45649
1669456585918 1.0 45699
1669456600534 0.5 45749
1669456628649 0.20000000298023224 45799
1669456643254 1.0 45849
1669456657827 1.0 45899
1669456672416 0.6666666865348816 45949
1669456687289 0.3333333432674408 45999
1669456714950 1.0 46049
1669456729693 1.0 46099
1669456744324 1.0 46149
1669456758925 0.25 46199
1669456786649 0.75 46249
1669456801246 0.6000000238418579 46299
1669456816210 0.0 46349
1669456830856 0.0 46399
1669456858923 0.0 46449
1669456873540 0.5 46499
1669456888335 0.6000000238418579 46549
1669456902938 1.0 46599
1669456917537 1.0 46649
1669456945301 0.0 46699
1669456960037 0.5 46749
1669456974778 0.6666666865348816 46799
1669456989387 1.0 46849
1669457017077 1.0 46899
1669457031673 1.0 46949
1669457046348 1.0 46999
1669457060918 0.0 47049
1669457088760 0.3333333432674408 47099
1669457103473 0.3333333432674408 47149
1669457118259 0.5 47199
1669457132842 0.0 47249
1669457147426 0.3333333432674408 47299
1669457175489 0.5 47349
1669457190116 0.6000000238418579 47399
1669457204873 0.5 47449
1669457219650 1.0 47499
1669457247508 0.5 47549
1669457262300 0.3333333432674408 47599
1669457276928 0.0 47649
1669457291571 0.5 47699
1669457319281 1.0 47749
1669457333913 0.25 47799
1669457348846 0.800000011920929 47849
1669457363595 0.6666666865348816 47899
1669457378273 1.0 47949
1669457406305 1.0 47999
1669457421209 0.6666666865348816 48049
1669457435925 0.75 48099
1669457450735 0.5 48149
1669457478732 0.75 48199
1669457493332 0.0 48249
1669457507943 0.0 48299
1669457522550 0.6666666865348816 48349
1669457550183 0.75 48399
1669457564786 0.0 48449
1669457579655 1.0 48499
1669457594274 1.0 48549
1669457609029 0.5 48599
1669457636494 0.6666666865348816 48649
1669457651099 0.5 48699
1669457665802 0.5 48749
1669457680422 0.0 48799
1669457708450 0.3333333432674408 48849
1669457723038 0.0 48899
1669457737635 0.25 48949
1669457752221 0.3333333432674408 48999
1669457780158 0.75 49049
1669457794870 0.800000011920929 49099
1669457809494 0.6666666865348816 49149
1669457824370 1.0 49199
1669457838975 0.75 49249
1669457866710 0.25 49299
1669457881368 0.0 49349
1669457896190 1.0 49399
1669457910825 0.6666666865348816 49449
1669457938631 0.0 49499
1669457953415 1.0 49549
1669457968188 0.25 49599
1669457982840 1.0 49649
1669458010792 1.0 49699
1669458025391 1.0 49749
1669458040176 1.0 49799
1669458054792 0.0 49849
1669458069463 0.3333333432674408 49899
1669458097351 0.0 49949
1669458112151 0.6666666865348816 49999
1669458126799 0.75 50049
1669458141614 0.0 50099
1669458169353 0.6666666865348816 50149
1669458184117 0.6666666865348816 50199
1669458198727 0.75 50249
1669458213475 0.5 50299
1669458241245 0.5 50349
1669458256030 1.0 50399
1669458270765 0.6666666865348816 50449
1669458285360 0.6666666865348816 50499
1669458300089 0.5 50549
1669458327811 1.0 50599
1669458342420 0.0 50649
1669458357036 1.0 50699
1669458371643 1.0 50749
1669458399488 0.5 50799
1669458414212 0.6666666865348816 50849
1669458429028 0.75 50899
1669458443722 0.5 50949
1669458471498 0.5 50999
1669458486284 0.5 51049
1669458500917 0.0 51099
1669458515530 0.5 51149
1669458530496 0.0 51199
1669458558439 0.0 51249
1669458573050 1.0 51299
1669458587701 0.0 51349
1669458602312 1.0 51399
1669458630020 0.0 51449
1669458644772 0.0 51499
1669458659385 0.25 51549
1669458674345 0.75 51599
1669458702310 1.0 51649
1669458716902 0.5 51699
1669458731510 0.5 51749
1669458746102 0.5 51799
1669458760785 0.5 51849
1669458788593 0.6666666865348816 51899
1669458803338 0.6666666865348816 51949
1669458818224 0.0 51999
1669458832782 1.0 52049
1669458860765 1.0 52099
1669458875363 0.75 52149
1669458889954 0.0 52199
1669458904556 1.0 52249
1669458932148 0.6666666865348816 52299
1669458947184 0.0 52349
1669458961792 0.0 52399
1669458976567 0.6666666865348816 52449
1669458991160 0.5 52499
1669459018938 0.6666666865348816 52549
1669459033601 0.5 52599
1669459048372 0.0 52649
1669459063016 0.6666666865348816 52699
1669459091067 0.5 52749
1669459105668 1.0 52799
1669459120448 0.3333333432674408 52849
1669459135005 1.0 52899
1669459162723 1.0 52949
1669459177361 0.0 52999
1669459191951 0.0 53049
1669459206576 0.3333333432674408 53099
1669459221655 0.6666666865348816 53149
1669459249356 0.6666666865348816 53199
1669459263948 1.0 53249
1669459278559 1.0 53299
1669459293136 1.0 53349
1669459320600 0.6000000238418579 53399
1669459335444 0.5 53449
1669459350083 0.0 53499
1669459365025 0.0 53549
1669459393141 1.0 53599
1669459407901 0.6666666865348816 53649
1669459422582 0.6666666865348816 53699
1669459437181 1.0 53749
1669459451807 1.0 53799
1669459479731 0.6666666865348816 53849
1669459494300 0.0 53899
1669459509027 1.0 53949
1669459523600 0.0 53999
1669459551264 0.25 54049
1669459566131 1.0 54099
1669459580761 1.0 54149
1669459595501 1.0 54199
1669459609972 1.0 54249
1669459638033 1.0 54299
1669459652660 0.6000000238418579 54349
1669459667294 0.5 54399
1669459682042 0.5 54449
1669459709860 1.0 54499
1669459724485 0.0 54549
1669459739290 0.6666666865348816 54599
1669459753887 0.5 54649
1669459781684 0.5 54699
1669459796474 0.6666666865348816 54749
1669459811169 0.800000011920929 54799
1669459825941 0.5 54849
1669459840684 0.5 54899
1669459868304 0.0 54949
1669459883046 0.0 54999
1669459897813 0.0 55049
1669459912446 0.6666666865348816 55099
1669459940336 0.0 55149
1669459955242 0.75 55199
1669459969843 0.0 55249
1669459984625 0.5 55299
1669460012498 0.0 55349
1669460027086 1.0 55399
1669460041723 1.0 55449
1669460056511 1.0 55499
1669460071104 0.0 55549
1669460098569 0.0 55599
1669460113470 0.5 55649
1669460128221 1.0 55699
1669460142815 1.0 55749
1669460170390 0.75 55799
1669460184975 0.0 55849
1669460199580 1.0 55899
1669460214337 1.0 55949
1669460242101 0.75 55999
1669460256820 0.0 56049
1669460271636 0.6666666865348816 56099
1669460286196 0.6666666865348816 56149
1669460300791 0.3333333432674408 56199
1669460328374 1.0 56249
1669460343085 0.3333333432674408 56299
1669460357717 0.3333333432674408 56349
1669460372313 1.0 56399
1669460400295 0.0 56449
1669460415234 1.0 56499
1669460429854 0.6666666865348816 56549
1669460444506 0.0 56599
1669460472197 1.0 56649
1669460487023 0.6000000238418579 56699
1669460501670 1.0 56749
1669460516288 0.6666666865348816 56799
1669460531193 0.0 56849
1669460559304 0.6000000238418579 56899
1669460573925 1.0 56949
1669460588582 0.5 56999
1669460603208 1.0 57049
1669460631207 0.6666666865348816 57099
1669460645846 1.0 57149
1669460660656 0.800000011920929 57199
1669460675451 1.0 57249
1669460703282 0.5 57299
1669460718035 1.0 57349
1669460732645 0.0 57399
1669460747251 0.0 57449
1669460761879 0.25 57499
1669460789594 1.0 57549
1669460804215 0.5 57599
1669460819116 0.3333333432674408 57649
1669460833872 0.6666666865348816 57699
1669460861703 0.5 57749
1669460876327 0.6666666865348816 57799
1669460890941 1.0 57849
1669460905640 1.0 57899
1669460933295 0.0 57949
1669460948007 0.6666666865348816 57999
1669460962582 0.0 58049
1669460977473 1.0 58099
1669460992026 0.25 58149
1669461020022 0.75 58199
1669461034642 1.0 58249
1669461049226 1.0 58299
1669461063803 1.0 58349
1669461091748 0.3333333432674408 58399
1669461106538 0.3333333432674408 58449
1669461121170 0.5 58499
1669461135779 0.6000000238418579 58549
1669461163574 0.5 58599
1669461178183 0.5 58649
1669461192822 0.75 58699
1669461207446 0.0 58749
1669461222086 0.5 58799
1669461249948 0.5 58849
1669461264746 0.5 58899
1669461279544 0.5 58949
1669461294312 0.3333333432674408 58999
1669461322328 1.0 59049
1669461336932 1.0 59099
1669461351531 1.0 59149
1669461366163 1.0 59199
1669461394085 0.6666666865348816 59249
1669461408743 0.6666666865348816 59299
1669461423520 0.5 59349
1669461438297 0.75 59399
1669461452948 0.5 59449
1669461480625 0.0 59499
1669461495348 0.0 59549
1669461510066 0.0 59599
1669461524922 1.0 59649
1669461552536 0.6666666865348816 59699
1669461567465 0.5 59749
1669461582208 0.5 59799
1669461596816 0.0 59849
1669461624755 0.0 59899
1669461639391 0.3333333432674408 59949
1669461654179 0.6666666865348816 59999
1669461668828 0.5 60049
1669461683459 0.4000000059604645 60099
1669461711284 0.6666666865348816 60149
1669461726165 1.0 60199
1669461740764 1.0 60249
1669461755370 0.25 60299
1669461783266 1.0 60349
1669461797947 0.5 60399
1669461812508 0.75 60449
1669461827229 0.3333333432674408 60499
1669461855021 0.5 60549
1669461869764 0.6666666865348816 60599
1669461884619 0.6666666865348816 60649
1669461899254 0.0 60699
1669461913932 1.0 60749
1669461942219 0.0 60799
1669461956826 1.0 60849
1669461971634 0.5 60899
1669461986310 0.0 60949
1669462014281 1.0 60999
1669462028912 0.6666666865348816 61049
1669462043532 0.5 61099
1669462058108 0.0 61149
1669462085992 0.0 61199
1669462100755 0.75 61249
1669462115348 1.0 61299
1669462130084 0.6666666865348816 61349
1669462144691 0.0 61399
1669462172525 0.5 61449
1669462187149 0.5 61499
1669462201971 0.0 61549
1669462216571 0.6666666865348816 61599
1669462244282 1.0 61649
1669462259277 0.3333333432674408 61699
1669462273866 0.5 61749
1669462288449 0.0 61799
1669462316018 0.6666666865348816 61849
1669462330669 0.3333333432674408 61899
1669462345408 0.5 61949
1669462360065 0.6666666865348816 61999
1669462374666 1.0 62049
1669462402581 1.0 62099
1669462417351 0.0 62149
1669462432023 0.0 62199
1669462446858 1.0 62249
1669462474717 0.5 62299
1669462489353 1.0 62349
1669462504162 0.5 62399
1669462518788 0.5 62449
1669462546614 1.0 62499
1669462561386 1.0 62549
1669462576151 1.0 62599
1669462590775 0.5 62649
1669462605435 0.6666666865348816 62699
1669462633269 0.8333333134651184 62749
1669462647828 1.0 62799
1669462662416 1.0 62849
1669462677025 0.25 62899
1669462705055 0.6000000238418579 62949
1669462719870 1.0 62999
1669462734503 0.0 63049
1669462749126 0.3333333432674408 63099
1669462777153 0.5 63149
1669462791755 0.0 63199
1669462806377 1.0 63249
1669462821037 1.0 63299
1669462835820 0.3333333432674408 63349
1669462863779 1.0 63399
1669462878471 1.0 63449
1669462893341 1.0 63499
1669462907936 1.0 63549
1669462935545 0.6666666865348816 63599
1669462950187 0.3333333432674408 63649
1669462964989 0.6000000238418579 63699
1669462979656 1.0 63749
1669463007694 0.5 63799
1669463022306 0.0 63849
1669463036937 1.0 63899
1669463051713 1.0 63949
1669463066330 1.0 63999
1669463094129 0.6666666865348816 64049
1669463108965 0.6666666865348816 64099
1669463123690 0.6666666865348816 64149
1669463138293 0.5 64199
1669463166160 0.0 64249
1669463180829 1.0 64299
1669463195464 0.0 64349
1669463210077 1.0 64399
1669463238246 0.5 64449
1669463252853 1.0 64499
1669463267639 0.5 64549
1669463282315 0.25 64599
1669463296882 0.3333333432674408 64649
1669463324700 1.0 64699
1669463339424 0.75 64749
1669463353989 1.0 64799
1669463368715 0.3333333432674408 64849
1669463396388 1.0 64899
1669463411200 1.0 64949
1669463425831 1.0 64999
1669463440414 0.75 65049
1669463454832 0.0 65099
