1669440496792 0.36778709292411804 216
1669440573174 0.36185747385025024 433
1669440649893 0.3640359044075012 650
1669440726164 0.3586185872554779 867
1669440802535 0.3657975196838379 1084
1669440878499 0.3567952513694763 1301
1669440954932 0.368928998708725 1518
1669441031522 0.3643997013568878 1735
1669441108258 0.36644992232322693 1952
1669441184754 0.37594011425971985 2169
1669441261310 0.37828320264816284 2386
1669441338049 0.3808838129043579 2603
1669441414339 0.38147488236427307 2820
1669441490730 0.3818333148956299 3037
1669441566938 0.3847986161708832 3254
1669441643454 0.3851569890975952 3471
1669441720108 0.3806200921535492 3688
1669441796362 0.3907496929168701 3905
1669441872821 0.393010675907135 4122
1669441949177 0.3867538273334503 4339
1669442025930 0.3915654718875885 4556
1669442102039 0.3906957805156708 4773
1669442178192 0.39525362849235535 4990
1669442254768 0.3916320204734802 5207
1669442331164 0.3999480605125427 5424
1669442407526 0.4028899669647217 5641
1669442484482 0.38987699151039124 5858
1669442560738 0.3918793499469757 6075
1669442637255 0.395852655172348 6292
1669442713651 0.39064112305641174 6509
1669442790342 0.4006921350955963 6726
1669442866929 0.40372234582901 6943
1669442943827 0.40722641348838806 7160
1669443020555 0.3989487886428833 7377
1669443097142 0.3966204822063446 7594
1669443173510 0.3964211642742157 7811
1669443250029 0.4004996418952942 8028
1669443327025 0.39845019578933716 8245
1669443403474 0.39566218852996826 8462
1669443479944 0.39490020275115967 8679
1669443556540 0.39242881536483765 8896
1669443633051 0.394925057888031 9113
1669443709661 0.3987341523170471 9330
1669443786560 0.3906923532485962 9547
1669443863016 0.39995548129081726 9764
1669443939675 0.3892064392566681 9981
1669444017120 0.393474817276001 10198
1669444094629 0.39764392375946045 10415
1669444172433 0.392352432012558 10632
1669444250254 0.39822009205818176 10849
1669444328346 0.39799395203590393 11066
1669444406063 0.4049612879753113 11283
1669444483791 0.3955860733985901 11500
1669444561777 0.39652857184410095 11717
1669444638763 0.39531949162483215 11934
1669444715333 0.3983955383300781 12151
1669444792036 0.395345002412796 12368
1669444869023 0.4004685580730438 12585
1669444946919 0.3925371766090393 12802
1669445024762 0.3995206654071808 13019
1669445101563 0.3997188210487366 13236
1669445178144 0.40406960248947144 13453
1669445254417 0.39214515686035156 13670
1669445330725 0.401643306016922 13887
1669445407335 0.3973276913166046 14104
1669445483860 0.39580878615379333 14321
1669445560237 0.4055623412132263 14538
1669445637242 0.4039784073829651 14755
1669445713356 0.3923432230949402 14972
1669445790060 0.3980472981929779 15189
1669445866337 0.39727890491485596 15406
1669445943098 0.3968104422092438 15623
1669446019597 0.3920567035675049 15840
1669446096633 0.39330658316612244 16057
1669446173331 0.401798814535141 16274
1669446250047 0.39489680528640747 16491
1669446326607 0.3957192599773407 16708
1669446403382 0.40336889028549194 16925
1669446479909 0.39564716815948486 17142
1669446556708 0.3993770182132721 17359
1669446633644 0.4014244079589844 17576
1669446710957 0.4061442017555237 17793
1669446787652 0.40479883551597595 18010
1669446864304 0.40024295449256897 18227
1669446941186 0.4053862392902374 18444
1669447017802 0.40132156014442444 18661
1669447094652 0.40058445930480957 18878
1669447171375 0.39611923694610596 19095
1669447247857 0.398711621761322 19312
1669447324814 0.401151567697525 19529
1669447401249 0.395283043384552 19746
1669447478224 0.3969634771347046 19963
1669447554821 0.40680623054504395 20180
1669447631666 0.40053942799568176 20397
1669447708553 0.40415728092193604 20614
1669447785302 0.4029718041419983 20831
1669447861622 0.40071767568588257 21048
1669447938295 0.4048261046409607 21265
1669448014800 0.4019043743610382 21482
1669448091471 0.3957640826702118 21699
1669448168059 0.407710462808609 21916
1669448244962 0.3998579680919647 22133
1669448321537 0.3948014974594116 22350
1669448398359 0.39921438694000244 22567
1669448475245 0.4013204872608185 22784
1669448551931 0.39626291394233704 23001
1669448628788 0.4029799699783325 23218
1669448705752 0.39957407116889954 23435
1669448782607 0.3962939381599426 23652
1669448859171 0.4024094045162201 23869
1669448935943 0.40162989497184753 24086
1669449012726 0.40166690945625305 24303
1669449089292 0.4038449227809906 24520
1669449165774 0.4020380675792694 24737
1669449242557 0.4075731635093689 24954
1669449319095 0.4065835475921631 25171
1669449396067 0.4031178951263428 25388
1669449472621 0.40676066279411316 25605
1669449549670 0.3978711664676666 25822
1669449626685 0.39706799387931824 26039
1669449703548 0.4037013649940491 26256
1669449780257 0.4017026722431183 26473
1669449857170 0.4057280123233795 26690
1669449933778 0.4048071503639221 26907
1669450010684 0.4103027582168579 27124
1669450087699 0.39684540033340454 27341
1669450164512 0.39860862493515015 27558
1669450241269 0.3961453437805176 27775
1669450317926 0.4007920026779175 27992
1669450394795 0.40606147050857544 28209
1669450471672 0.40441861748695374 28426
1669450548237 0.4047190845012665 28643
1669450625277 0.39980554580688477 28860
1669450702211 0.4009859263896942 29077
1669450778949 0.3993516266345978 29294
1669450855563 0.40295353531837463 29511
1669450932370 0.3997052311897278 29728
1669451009494 0.4049382507801056 29945
1669451085955 0.3995925784111023 30162
1669451162778 0.40467745065689087 30379
1669451239307 0.4042467772960663 30596
1669451316360 0.40390172600746155 30813
1669451392865 0.40038731694221497 31030
1669451470003 0.40027400851249695 31247
1669451546608 0.40618643164634705 31464
1669451623552 0.4055275321006775 31681
1669451700509 0.4066116511821747 31898
1669451777584 0.40685611963272095 32115
1669451854281 0.403569757938385 32332
1669451931296 0.3992205262184143 32549
1669452007993 0.4012542963027954 32766
1669452085309 0.40855953097343445 32983
1669452162149 0.4062708020210266 33200
1669452239576 0.40265560150146484 33417
1669452316714 0.40074750781059265 33634
1669452393607 0.39670974016189575 33851
1669452470324 0.4026980698108673 34068
1669452547194 0.40759649872779846 34285
1669452623879 0.4046832025051117 34502
1669452700647 0.40978410840034485 34719
1669452777485 0.40238744020462036 34936
1669452854112 0.39943093061447144 35153
1669452931131 0.40674692392349243 35370
1669453007948 0.40430012345314026 35587
1669453085312 0.4024384319782257 35804
1669453162127 0.4015999436378479 36021
1669453239153 0.4072803258895874 36238
1669453316152 0.4071010947227478 36455
1669453393085 0.3988119065761566 36672
1669453469936 0.4018118381500244 36889
1669453547094 0.40255528688430786 37106
1669453623787 0.41486597061157227 37323
1669453700807 0.4007982313632965 37540
1669453777781 0.3997015655040741 37757
1669453854759 0.40566685795783997 37974
1669453931733 0.3974646329879761 38191
1669454008790 0.39714115858078003 38408
1669454085547 0.4012801945209503 38625
1669454162398 0.39530980587005615 38842
1669454239160 0.40285277366638184 39059
1669454316141 0.40664371848106384 39276
1669454392852 0.39629027247428894 39493
1669454469846 0.41096681356430054 39710
1669454546564 0.4031056761741638 39927
1669454623893 0.40475890040397644 40144
1669454701033 0.39985719323158264 40361
1669454777836 0.4004569947719574 40578
1669454854903 0.41088956594467163 40795
1669454931552 0.40198421478271484 41012
1669455008430 0.40404483675956726 41229
1669455085395 0.4012913703918457 41446
1669455162685 0.4043216407299042 41663
1669455239592 0.40861403942108154 41880
1669455316168 0.3976551294326782 42097
1669455393569 0.40608346462249756 42314
1669455470203 0.40759995579719543 42531
1669455547253 0.40223777294158936 42748
1669455623901 0.4015900790691376 42965
1669455700833 0.4048554599285126 43182
1669455777642 0.4059295356273651 43399
1669455854473 0.40244975686073303 43616
1669455931525 0.39973998069763184 43833
1669456008130 0.4059182107448578 44050
1669456085083 0.3971947133541107 44267
1669456161624 0.40114596486091614 44484
1669456238580 0.40003883838653564 44701
1669456315958 0.40157508850097656 44918
1669456392726 0.4090549945831299 45135
1669456470213 0.40665945410728455 45352
1669456547047 0.40974974632263184 45569
1669456624136 0.40830400586128235 45786
1669456700866 0.4037807881832123 46003
1669456777529 0.4055047631263733 46220
1669456854596 0.40649908781051636 46437
1669456931458 0.3989575207233429 46654
1669457008219 0.40597769618034363 46871
1669457084823 0.409911185503006 47088
1669457161825 0.40421062707901 47305
1669457238908 0.4062795341014862 47522
1669457315635 0.4067458212375641 47739
1669457392827 0.405314177274704 47956
1669457470466 0.4027556777000427 48173
1669457546739 0.40337979793548584 48390
1669457623577 0.40577712655067444 48607
1669457700424 0.4044610559940338 48824
1669457777086 0.40708452463150024 49041
1669457854038 0.3954258859157562 49258
1669457930943 0.40504980087280273 49475
1669458007972 0.4000946283340454 49692
1669458084806 0.39831796288490295 49909
1669458161940 0.4116104245185852 50126
1669458238783 0.40322062373161316 50343
1669458315641 0.4012840986251831 50560
1669458392211 0.3987862169742584 50777
1669458469288 0.39788487553596497 50994
1669458546531 0.4031537175178528 51211
1669458623222 0.401298850774765 51428
1669458700429 0.4014947712421417 51645
1669458776963 0.4101683497428894 51862
1669458853949 0.4081643521785736 52079
1669458930574 0.4006953537464142 52296
1669459007699 0.39750349521636963 52513
1669459084812 0.4046934247016907 52730
1669459161475 0.407948762178421 52947
1669459238494 0.40366414189338684 53164
1669459314661 0.4099520146846771 53381
1669459392110 0.40329715609550476 53598
1669459468858 0.4063762128353119 53815
1669459545611 0.40850740671157837 54032
1669459622688 0.4049341380596161 54249
1669459699515 0.40517351031303406 54466
1669459776326 0.40658581256866455 54683
1669459853219 0.41113585233688354 54900
1669459930225 0.404094398021698 55117
1669460007230 0.40641552209854126 55334
1669460083871 0.4097873568534851 55551
1669460160643 0.40690258145332336 55768
1669460237373 0.40002813935279846 55985
1669460313944 0.40386539697647095 56202
1669460390854 0.40417352318763733 56419
1669460467645 0.4079160690307617 56636
1669460544968 0.3994983732700348 56853
1669460621907 0.40470415353775024 57070
1669460699140 0.40417054295539856 57287
1669460775797 0.4023071527481079 57504
1669460852829 0.4062124490737915 57721
1669460929408 0.40849971771240234 57938
1669461006432 0.4058004915714264 58155
1669461082831 0.40594056248664856 58372
1669461159936 0.40545654296875 58589
1669461236562 0.4075750708580017 58806
1669461313859 0.40777990221977234 59023
1669461390599 0.4065666198730469 59240
1669461467667 0.4037798047065735 59457
1669461544566 0.40642401576042175 59674
1669461621649 0.41519325971603394 59891
1669461698655 0.40464159846305847 60108
1669461775517 0.4051404893398285 60325
1669461852274 0.40872204303741455 60542
1669461929678 0.4033176004886627 60759
1669462006832 0.4090128242969513 60976
1669462083589 0.39941343665122986 61193
1669462160364 0.4126844108104706 61410
1669462237204 0.40613123774528503 61627
1669462313821 0.4128446877002716 61844
1669462390771 0.40873706340789795 62061
1669462467892 0.4092659056186676 62278
1669462544732 0.4048854112625122 62495
1669462621657 0.4073405861854553 62712
1669462698300 0.40230464935302734 62929
1669462775596 0.4036773443222046 63146
1669462852576 0.4119911789894104 63363
1669462929279 0.40851864218711853 63580
1669463006371 0.40580740571022034 63797
1669463083224 0.41164982318878174 64014
1669463160031 0.4076295495033264 64231
1669463237166 0.40192103385925293 64448
1669463313843 0.41471391916275024 64665
1669463390770 0.4056699872016907 64882
1669463467414 0.407551109790802 65099
