1668580903636 0.43543192744255066 216
1668580973946 0.447371244430542 433
1668581044323 0.41296112537384033 650
1668581114785 0.3918987512588501 867
1668581185026 0.36156806349754333 1084
1668581255417 0.3689329922199249 1301
1668581325791 0.39460691809654236 1518
1668581396620 0.40421509742736816 1735
1668581467601 0.4001871943473816 1952
1668581538293 0.4216395616531372 2169
1668581608688 0.429827481508255 2386
1668581679979 0.4345536530017853 2603
1668581750290 0.4639231860637665 2820
1668581820628 0.4600450098514557 3037
1668581891383 0.4954206645488739 3254
1668581961928 0.48931044340133667 3471
1668582032154 0.4904215633869171 3688
1668582102981 0.5115554332733154 3905
1668582173720 0.5343798398971558 4122
1668582244826 0.5484604239463806 4339
1668582315626 0.5518083572387695 4556
1668582386235 0.5595525503158569 4773
1668582456766 0.5607096552848816 4990
1668582527198 0.586965799331665 5207
1668582598061 0.5841420888900757 5424
1668582668474 0.5846717953681946 5641
1668582739049 0.594805896282196 5858
1668582809179 0.5972884297370911 6075
1668582879820 0.6213233470916748 6292
1668582950311 0.607178270816803 6509
1668583021306 0.6206676363945007 6726
1668583091990 0.6361793279647827 6943
1668583162680 0.6285519599914551 7160
1668583233289 0.6243485808372498 7377
1668583303179 0.6369778513908386 7594
1668583373649 0.6362879276275635 7811
1668583444369 0.6311915516853333 8028
1668583514812 0.6495645046234131 8245
1668583585646 0.6419732570648193 8462
1668583656330 0.6444371938705444 8679
