1668580903636 0.7745664715766907 216
1668580973946 0.7813583612442017 433
1668581044323 0.776589572429657 650
1668581114785 0.7693641781806946 867
1668581185026 0.7690751552581787 1084
1668581255417 0.7700867056846619 1301
1668581325791 0.7721098065376282 1518
1668581396620 0.7736994028091431 1735
1668581467601 0.7721098065376282 1952
1668581538293 0.7764450907707214 2169
1668581608688 0.7739884257316589 2386
1668581679979 0.7770231366157532 2603
1668581750290 0.7803468108177185 2820
1668581820628 0.7799133062362671 3037
1668581891383 0.7855491042137146 3254
1668581961928 0.7822254300117493 3471
1668582032154 0.7838150262832642 3688
1668582102981 0.7900289297103882 3905
1668582173720 0.7959537506103516 4122
1668582244826 0.7953757047653198 4339
1668582315626 0.7986994385719299 4556
1668582386235 0.8002890348434448 4773
1668582456766 0.7956647276878357 4990
1668582527198 0.8076589703559875 5207
1668582598061 0.8028901815414429 5424
1668582668474 0.8036127090454102 5641
1668582739049 0.8062138557434082 5858
1668582809179 0.8072254061698914 6075
1668582879820 0.8104045987129211 6292
1668582950311 0.8082370162010193 6509
1668583021306 0.8109826445579529 6726
1668583091990 0.8132947683334351 6943
1668583162680 0.8145954012870789 7160
1668583233289 0.8096820712089539 7377
1668583303179 0.8209537863731384 7594
1668583373649 0.8144508600234985 7811
1668583444369 0.8199421763420105 8028
1668583514812 0.8184971213340759 8245
1668583585646 0.8176300525665283 8462
1668583656330 0.8232659101486206 8679
