1668580847561 0.0 49
1668580861152 1.0 99
1668580874702 1.0 149
1668580888296 1.0 199
1668580913131 1.0 249
1668580926694 1.0 299
1668580940259 0.5 349
1668580953839 0.6666666865348816 399
1668580978832 0.0 449
1668580992410 1.0 499
1668581005979 0.0 549
1668581019526 0.0 599
1668581033080 1.0 649
1668581058235 1.0 699
1668581071823 1.0 749
1668581085421 1.0 799
1668581099059 0.0 849
1668581124028 1.0 899
1668581137602 0.0 949
1668581151160 0.0 999
1668581164731 1.0 1049
1668581189644 1.0 1099
1668581203226 1.0 1149
1668581216774 0.0 1199
1668581230349 0.6666666865348816 1249
1668581243926 1.0 1299
1668581269018 1.0 1349
1668581282709 1.0 1399
1668581296304 1.0 1449
1668581309854 0.0 1499
1668581334756 1.0 1549
1668581348323 1.0 1599
1668581361875 1.0 1649
1668581375547 1.0 1699
1668581400923 1.0 1749
1668581414517 0.0 1799
1668581428262 0.0 1849
1668581441978 0.0 1899
1668581455552 1.0 1949
1668581480920 0.0 1999
1668581494529 1.0 2049
1668581508270 1.0 2099
1668581521994 0.0 2149
1668581546959 0.0 2199
1668581560600 0.0 2249
1668581574167 1.0 2299
1668581587786 0.25 2349
1668581612809 1.0 2399
1668581626531 1.0 2449
1668581640269 1.0 2499
1668581654005 1.0 2549
1668581667738 0.0 2599
1668581692982 0.5 2649
1668581706566 1.0 2699
1668581720143 0.5 2749
1668581733733 0.5 2799
1668581758697 1.0 2849
1668581772307 1.0 2899
1668581785897 1.0 2949
1668581799454 1.0 2999
1668581824428 0.0 3049
1668581838116 0.0 3099
1668581851914 1.0 3149
1668581865549 1.0 3199
1668581879112 1.0 3249
1668581904119 0.0 3299
1668581917683 1.0 3349
1668581931351 0.0 3399
1668581945111 0.5 3449
1668581970136 0.0 3499
1668581983729 0.75 3549
1668581997339 1.0 3599
1668582010924 1.0 3649
1668582035744 1.0 3699
1668582049462 0.5 3749
1668582063207 1.0 3799
1668582076840 1.0 3849
1668582090416 1.0 3899
1668582115594 1.0 3949
1668582129318 0.0 3999
1668582143043 0.5 4049
1668582156642 0.800000011920929 4099
1668582181667 1.0 4149
1668582195368 1.0 4199
1668582209110 0.6666666865348816 4249
1668582222726 0.5 4299
1668582248270 0.0 4349
1668582261836 0.5 4399
1668582275462 1.0 4449
1668582289065 1.0 4499
1668582302649 0.0 4549
1668582327911 1.0 4599
1668582341494 1.0 4649
1668582355070 1.0 4699
1668582368643 0.5 4749
1668582393852 0.0 4799
1668582407527 0.5 4849
1668582421214 1.0 4899
1668582434790 0.5 4949
1668582459754 0.75 4999
1668582473378 0.0 5049
1668582486983 1.0 5099
1668582500563 0.3333333432674408 5149
1668582514169 0.5 5199
1668582539164 0.3333333432674408 5249
1668582552922 1.0 5299
1668582566574 0.6666666865348816 5349
1668582580205 0.0 5399
1668582605406 1.0 5449
1668582618988 0.5 5499
1668582632589 1.0 5549
1668582646184 0.75 5599
1668582671184 1.0 5649
1668582684746 1.0 5699
1668582698376 1.0 5749
1668582712071 0.0 5799
1668582725659 0.0 5849
1668582750714 0.5 5899
1668582764317 1.0 5949
1668582778025 0.0 5999
1668582791753 1.0 6049
1668582816260 0.6666666865348816 6099
1668582829878 0.3333333432674408 6149
1668582843664 0.6666666865348816 6199
1668582857281 0.6666666865348816 6249
1668582882311 0.6666666865348816 6299
1668582895903 0.0 6349
1668582909500 1.0 6399
1668582923080 0.5 6449
1668582936726 0.5 6499
1668582961773 0.6666666865348816 6549
1668582975562 0.3333333432674408 6599
1668582989262 0.5 6649
1668583002874 0.5 6699
1668583028110 1.0 6749
1668583041792 0.20000000298023224 6799
1668583055403 1.0 6849
1668583069025 0.0 6899
1668583094239 0.75 6949
1668583107800 1.0 6999
1668583121372 0.5 7049
1668583135042 1.0 7099
1668583148764 0.6666666865348816 7149
1668583173776 0.75 7199
1668583187341 0.3333333432674408 7249
1668583200958 1.0 7299
1668583214622 1.0 7349
1668583239777 0.6666666865348816 7399
1668583253336 0.5 7449
1668583266907 0.0 7499
1668583280562 0.5 7549
1668583305105 0.6666666865348816 7599
1668583318716 1.0 7649
1668583332296 1.0 7699
1668583345888 1.0 7749
1668583359456 0.5 7799
1668583384537 0.0 7849
1668583398119 1.0 7899
1668583411842 1.0 7949
1668583425556 1.0 7999
1668583450615 0.6666666865348816 8049
1668583464231 0.5 8099
1668583477830 0.5 8149
1668583491624 0.3333333432674408 8199
1668583516446 0.0 8249
1668583530111 1.0 8299
1668583543908 0.6666666865348816 8349
1668583557490 0.0 8399
1668583571100 1.0 8449
1668583596238 1.0 8499
1668583609844 1.0 8549
1668583623597 0.3333333432674408 8599
1668583637192 0.6666666865348816 8649
1668583662308 0.0 8699
1668583675905 0.5 8749
1668583689498 0.6666666865348816 8799
1668583703065 1.0 8849
1668583728278 1.0 8899
1668583741855 0.800000011920929 8949
1668583755438 0.5 8999
1668583769118 0.0 9049
1668583782704 0.5 9099
1668583807983 1.0 9149
1668583821609 1.0 9199
1668583835184 0.5 9249
1668583848757 0.800000011920929 9299
1668583873940 1.0 9349
1668583887575 0.0 9399
1668583901304 0.20000000298023224 9449
1668583915006 1.0 9499
1668583940102 1.0 9549
1668583953665 0.0 9599
1668583967288 0.0 9649
1668583980867 0.6000000238418579 9699
1668583994461 0.75 9749
1668584019767 1.0 9799
1668584033498 0.0 9849
1668584047087 1.0 9899
1668584060684 0.75 9949
1668584085846 0.5 9999
1668584099454 0.6666666865348816 10049
1668584113182 1.0 10099
1668584126769 0.5 10149
1668584151883 0.0 10199
1668584165464 0.5 10249
1668584179048 0.5 10299
1668584192618 1.0 10349
1668584206354 0.5 10399
1668584231470 0.3333333432674408 10449
1668584245059 0.800000011920929 10499
1668584258780 1.0 10549
1668584272356 0.0 10599
1668584297590 0.800000011920929 10649
1668584311188 1.0 10699
1668584324785 0.6666666865348816 10749
1668584338377 1.0 10799
1668584351778 0.0 10849
1668584377005 1.0 10899
1668584390600 0.75 10949
1668584404190 1.0 10999
1668584417802 1.0 11049
1668584443603 0.3333333432674408 11099
1668584457283 1.0 11149
1668584470867 0.0 11199
1668584484447 1.0 11249
1668584509753 1.0 11299
1668584523368 1.0 11349
1668584537028 0.6000000238418579 11399
1668584550763 0.5 11449
1668584564334 0.5 11499
1668584589793 0.75 11549
1668584603575 0.6666666865348816 11599
1668584617224 1.0 11649
1668584630837 0.3333333432674408 11699
1668584656083 0.6666666865348816 11749
1668584669677 0.6666666865348816 11799
1668584683245 0.6666666865348816 11849
1668584696822 0.0 11899
1668584722351 0.0 11949
1668584735929 1.0 11999
1668584749604 0.5 12049
1668584763352 0.25 12099
1668584776926 0.6666666865348816 12149
1668584802506 1.0 12199
1668584816110 1.0 12249
1668584829722 1.0 12299
1668584843362 0.75 12349
1668584868930 1.0 12399
1668584882650 0.6666666865348816 12449
1668584896390 1.0 12499
1668584910159 1.0 12549
1668584935648 0.5 12599
1668584949256 1.0 12649
1668584962830 0.6666666865348816 12699
1668584976440 0.25 12749
1668584990167 1.0 12799
1668585015849 1.0 12849
1668585029473 0.6666666865348816 12899
1668585043083 0.75 12949
1668585056685 0.800000011920929 12999
1668585082281 0.5 13049
1668585095913 1.0 13099
1668585109532 0.6666666865348816 13149
1668585123125 1.0 13199
1668585148612 1.0 13249
1668585162198 1.0 13299
1668585175778 1.0 13349
1668585189380 0.75 13399
1668585202987 0.6666666865348816 13449
1668585228366 1.0 13499
1668585242022 0.5 13549
1668585255625 0.6666666865348816 13599
1668585269216 0.4000000059604645 13649
1668585294715 1.0 13699
1668585308306 0.5 13749
1668585321875 0.5 13799
1668585335510 0.0 13849
1668585360936 0.3333333432674408 13899
1668585374521 0.6666666865348816 13949
1668585388129 0.0 13999
1668585401728 1.0 14049
1668585415316 1.0 14099
1668585440626 0.5 14149
1668585454285 0.75 14199
1668585468006 1.0 14249
1668585481722 0.6666666865348816 14299
1668585507224 0.75 14349
1668585520806 1.0 14399
1668585534414 0.0 14449
1668585547998 1.0 14499
1668585573332 0.6666666865348816 14549
1668585586890 0.3333333432674408 14599
1668585600458 1.0 14649
1668585614160 0.4000000059604645 14699
1668585627761 0.0 14749
1668585653286 0.0 14799
1668585666862 1.0 14849
1668585680452 1.0 14899
1668585694052 0.6000000238418579 14949
1668585719510 0.0 14999
1668585733091 0.5 15049
1668585746669 0.3333333432674408 15099
1668585760238 1.0 15149
1668585785617 0.3333333432674408 15199
1668585799204 0.0 15249
1668585812778 1.0 15299
1668585826362 1.0 15349
1668585839959 0.0 15399
1668585865487 1.0 15449
1668585879054 0.5 15499
1668585892627 1.0 15549
1668585906282 0.3333333432674408 15599
1668585931784 1.0 15649
1668585945368 1.0 15699
1668585958947 0.5 15749
1668585972537 0.75 15799
1668585998141 0.5 15849
1668586011678 0.3333333432674408 15899
1668586025260 1.0 15949
1668586038826 1.0 15999
1668586052396 0.6666666865348816 16049
1668586077883 0.0 16099
1668586091465 0.5 16149
1668586105112 1.0 16199
1668586118866 0.0 16249
1668586144338 0.5 16299
1668586157913 1.0 16349
1668586171487 1.0 16399
1668586185057 0.5 16449
1668586210826 0.3333333432674408 16499
1668586224526 0.5 16549
1668586238277 1.0 16599
1668586251956 0.6666666865348816 16649
1668586265552 1.0 16699
1668586291162 0.4000000059604645 16749
1668586304729 1.0 16799
1668586318308 0.6666666865348816 16849
1668586331950 0.6000000238418579 16899
1668586357432 0.5 16949
1668586370987 1.0 16999
1668586384598 1.0 17049
1668586398192 1.0 17099
1668586423860 0.25 17149
1668586437469 1.0 17199
1668586451063 0.6666666865348816 17249
1668586464618 0.75 17299
1668586478230 0.5 17349
1668586503541 1.0 17399
1668586517116 0.800000011920929 17449
1668586530686 0.0 17499
1668586544270 0.6666666865348816 17549
1668586569634 0.5 17599
1668586583203 0.5 17649
1668586596805 1.0 17699
1668586610411 0.8333333134651184 17749
1668586635856 1.0 17799
1668586649435 0.0 17849
1668586663021 0.3333333432674408 17899
1668586676623 1.0 17949
1668586690223 0.5 17999
1668586715612 1.0 18049
1668586729203 0.3333333432674408 18099
1668586742817 0.0 18149
1668586756433 1.0 18199
1668586781875 1.0 18249
1668586795605 1.0 18299
1668586809327 0.3333333432674408 18349
1668586822954 1.0 18399
1668586848158 1.0 18449
1668586861831 0.0 18499
1668586875545 0.5 18549
1668586889121 0.5 18599
1668586902701 0.4000000059604645 18649
1668586928269 0.5 18699
1668586941847 1.0 18749
1668586955398 1.0 18799
1668586969018 0.75 18849
1668586994322 0.0 18899
1668587007880 0.6666666865348816 18949
1668587021457 0.0 18999
1668587035025 0.5 19049
1668587060370 1.0 19099
1668587073926 1.0 19149
1668587087528 0.0 19199
1668587101116 1.0 19249
1668587114753 0.75 19299
1668587140076 1.0 19349
1668587153662 0.6666666865348816 19399
1668587167233 0.5 19449
1668587180798 1.0 19499
1668587206227 1.0 19549
1668587219839 0.0 19599
1668587233420 0.75 19649
1668587247002 0.75 19699
1668587272404 1.0 19749
1668587286011 0.6666666865348816 19799
1668587299612 0.5 19849
1668587313185 0.0 19899
1668587326861 1.0 19949
1668587352487 1.0 19999
1668587366083 1.0 20049
1668587379673 1.0 20099
1668587393252 1.0 20149
1668587418388 1.0 20199
1668587432110 1.0 20249
1668587445829 0.0 20299
1668587459403 1.0 20349
1668587484918 0.5 20399
1668587498541 1.0 20449
1668587512252 1.0 20499
1668587525980 0.0 20549
1668587539692 0.6666666865348816 20599
1668587565172 0.6666666865348816 20649
1668587578895 0.6666666865348816 20699
1668587592617 0.0 20749
1668587606188 0.6666666865348816 20799
1668587631507 0.800000011920929 20849
1668587645116 1.0 20899
1668587658747 0.0 20949
1668587672532 1.0 20999
1668587698062 0.75 21049
1668587711674 1.0 21099
1668587725256 1.0 21149
1668587738815 0.75 21199
1668587752403 0.3333333432674408 21249
1668587777778 1.0 21299
1668587791395 0.5 21349
1668587804970 0.0 21399
1668587818574 0.5 21449
1668587843823 1.0 21499
1668587857406 1.0 21549
1668587870984 1.0 21599
1668587884568 1.0 21649
1668587897980 0.0 21699
1668587923795 1.0 21749
1668587937364 1.0 21799
1668587950943 0.6666666865348816 21849
1668587964522 0.6666666865348816 21899
1668587989853 1.0 21949
1668588003437 0.8571428656578064 21999
1668588017012 0.5 22049
1668588030589 0.5 22099
1668588056068 1.0 22149
1668588069662 0.0 22199
1668588083274 1.0 22249
1668588096944 0.0 22299
1668588110537 0.8333333134651184 22349
1668588136129 0.6666666865348816 22399
1668588149711 0.25 22449
1668588163360 0.75 22499
1668588176976 0.6666666865348816 22549
1668588202573 1.0 22599
1668588216128 0.0 22649
1668588229716 0.0 22699
1668588243413 0.5 22749
1668588268792 0.5 22799
1668588282381 0.0 22849
1668588295965 0.5 22899
1668588309591 0.800000011920929 22949
1668588323257 0.75 22999
1668588348300 0.5 23049
1668588361886 1.0 23099
1668588375467 1.0 23149
1668588389075 0.0 23199
1668588414251 0.6666666865348816 23249
1668588427848 0.0 23299
1668588441439 0.75 23349
1668588455097 1.0 23399
1668588480591 1.0 23449
1668588494188 0.6666666865348816 23499
1668588507791 0.0 23549
1668588521366 0.5 23599
1668588534965 1.0 23649
1668588560440 0.0 23699
1668588574034 1.0 23749
1668588587626 1.0 23799
1668588601317 1.0 23849
1668588626815 0.0 23899
1668588640414 0.6666666865348816 23949
1668588654076 1.0 23999
1668588667820 0.0 24049
1668588693403 1.0 24099
1668588707069 0.0 24149
1668588720804 1.0 24199
1668588734501 0.6666666865348816 24249
1668588748089 0.0 24299
1668588773605 0.75 24349
1668588787240 1.0 24399
1668588800859 0.5 24449
1668588814577 0.5 24499
1668588839996 0.5 24549
1668588853612 1.0 24599
1668588867206 0.0 24649
1668588880802 0.5 24699
1668588906379 1.0 24749
1668588919941 0.5 24799
1668588933523 1.0 24849
1668588947130 0.3333333432674408 24899
1668588960705 0.0 24949
1668588986060 1.0 24999
1668588999694 0.5 25049
1668589013326 0.6000000238418579 25099
1668589026938 0.6666666865348816 25149
1668589052473 0.0 25199
1668589066082 0.6666666865348816 25249
1668589079671 0.6666666865348816 25299
1668589093269 1.0 25349
1668589118735 0.0 25399
1668589132348 1.0 25449
1668589146014 0.25 25499
1668589159630 1.0 25549
1668589173232 0.75 25599
1668589199242 0.25 25649
1668589212841 0.3333333432674408 25699
1668589226411 0.6666666865348816 25749
1668589240004 1.0 25799
1668589265452 0.6666666865348816 25849
1668589279023 1.0 25899
1668589292591 1.0 25949
1668589306224 0.0 25999
1668589331699 1.0 26049
1668589345321 0.5 26099
1668589358906 0.5 26149
1668589372500 0.5 26199
1668589386127 1.0 26249
1668589411831 0.0 26299
1668589425445 1.0 26349
1668589439015 0.75 26399
1668589452602 1.0 26449
1668589478335 0.6000000238418579 26499
1668589491919 1.0 26549
1668589505514 0.5 26599
1668589519158 0.5 26649
1668589544483 0.75 26699
1668589558165 0.6666666865348816 26749
1668589571773 1.0 26799
1668589585382 1.0 26849
1668589599022 1.0 26899
1668589624317 1.0 26949
1668589637924 0.5 26999
1668589651514 0.3333333432674408 27049
1668589665101 0.0 27099
1668589690611 0.5 27149
1668589704206 0.0 27199
1668589717811 0.3333333432674408 27249
1668589731458 0.5 27299
1668589757018 1.0 27349
1668589770713 0.3333333432674408 27399
1668589784312 1.0 27449
1668589797989 0.0 27499
1668589811655 1.0 27549
1668589837105 0.0 27599
1668589850826 0.6666666865348816 27649
1668589864549 0.5 27699
1668589878205 1.0 27749
1668589903698 0.75 27799
1668589917288 0.0 27849
1668589930889 1.0 27899
1668589944480 0.5 27949
1668589969976 1.0 27999
1668589983586 1.0 28049
1668589997182 1.0 28099
1668590010770 0.75 28149
1668590024431 0.3333333432674408 28199
1668590049886 1.0 28249
1668590063476 0.3333333432674408 28299
1668590077055 1.0 28349
1668590090642 1.0 28399
1668590116177 1.0 28449
1668590129814 1.0 28499
1668590143425 0.0 28549
1668590157026 0.5 28599
1668590182548 0.0 28649
1668590196136 0.3333333432674408 28699
1668590209816 0.75 28749
1668590223417 0.6666666865348816 28799
1668590237018 0.6000000238418579 28849
1668590262450 0.5 28899
1668590276047 0.75 28949
1668590289637 0.5 28999
1668590303228 1.0 29049
1668590328653 1.0 29099
1668590342251 1.0 29149
1668590355860 1.0 29199
1668590369462 0.5 29249
1668590395041 1.0 29299
1668590408663 0.8333333134651184 29349
1668590422304 0.0 29399
1668590435922 1.0 29449
1668590449612 1.0 29499
1668590475079 1.0 29549
1668590488673 0.5 29599
1668590502268 0.0 29649
1668590515913 1.0 29699
1668590541190 1.0 29749
1668590554782 0.5 29799
1668590568496 0.75 29849
1668590582182 1.0 29899
1668590607599 1.0 29949
1668590621177 1.0 29999
1668590634777 1.0 30049
1668590648399 0.6666666865348816 30099
1668590661999 0.5 30149
1668590687343 0.6666666865348816 30199
1668590701056 0.75 30249
1668590714669 0.6666666865348816 30299
1668590728265 1.0 30349
1668590753619 0.0 30399
1668590767214 0.75 30449
1668590780944 1.0 30499
1668590794574 0.6666666865348816 30549
1668590819996 0.6000000238418579 30599
1668590833635 0.800000011920929 30649
1668590847312 0.6666666865348816 30699
1668590860991 1.0 30749
1668590874636 0.6000000238418579 30799
1668590899970 0.75 30849
1668590913571 1.0 30899
1668590927173 1.0 30949
1668590940770 1.0 30999
1668590966252 0.0 31049
1668590979851 0.5 31099
1668590993445 0.5 31149
1668591007046 0.4000000059604645 31199
1668591032589 1.0 31249
1668591046178 1.0 31299
1668591059784 0.6666666865348816 31349
1668591073389 1.0 31399
1668591087005 0.75 31449
1668591112278 1.0 31499
1668591125907 0.75 31549
1668591139523 0.75 31599
1668591153138 1.0 31649
1668591178343 1.0 31699
1668591191961 1.0 31749
1668591205570 0.0 31799
1668591219220 0.75 31849
1668591244878 0.75 31899
1668591258574 0.3333333432674408 31949
1668591272159 0.75 31999
1668591285742 0.75 32049
1668591299333 0.5 32099
1668591324658 0.6666666865348816 32149
1668591338299 1.0 32199
1668591351894 1.0 32249
1668591365533 0.3333333432674408 32299
1668591391096 0.0 32349
1668591404700 0.75 32399
1668591418301 0.5 32449
1668591431950 0.5 32499
1668591445381 0.0 32549
1668591471017 0.5 32599
1668591484671 1.0 32649
1668591498345 1.0 32699
1668591512056 0.75 32749
1668591537440 0.5 32799
1668591551094 0.3333333432674408 32849
1668591564674 0.6000000238418579 32899
1668591578320 1.0 32949
1668591603736 0.6000000238418579 32999
1668591617505 0.5 33049
1668591631096 0.0 33099
1668591644672 0.3333333432674408 33149
1668591658276 1.0 33199
1668591683858 0.6666666865348816 33249
1668591697478 0.6666666865348816 33299
1668591711096 1.0 33349
1668591724706 0.5 33399
1668591750168 0.5 33449
1668591763732 1.0 33499
1668591777304 0.5 33549
1668591790890 0.3333333432674408 33599
1668591816347 0.0 33649
1668591829976 0.6666666865348816 33699
1668591843710 1.0 33749
1668591857300 0.800000011920929 33799
1668591870880 1.0 33849
1668591896178 1.0 33899
1668591909936 1.0 33949
1668591923645 1.0 33999
1668591937354 1.0 34049
1668591962831 1.0 34099
1668591976506 0.6666666865348816 34149
1668591990156 0.5 34199
1668592003748 1.0 34249
1668592029234 1.0 34299
1668592043020 0.3333333432674408 34349
1668592056601 0.6000000238418579 34399
1668592070192 0.25 34449
1668592083809 0.3333333432674408 34499
1668592109173 1.0 34549
1668592122763 1.0 34599
1668592136359 1.0 34649
1668592150001 0.5 34699
1668592175447 1.0 34749
1668592189076 0.5 34799
1668592202694 1.0 34849
1668592216310 0.6666666865348816 34899
1668592241825 1.0 34949
1668592255572 0.0 34999
1668592269314 0.75 35049
1668592282922 0.0 35099
1668592296528 1.0 35149
1668592322128 0.5 35199
1668592335761 0.3333333432674408 35249
1668592349360 0.5 35299
1668592363026 0.5 35349
1668592388552 1.0 35399
1668592402164 0.0 35449
1668592415755 0.75 35499
1668592429362 0.5 35549
1668592454994 0.800000011920929 35599
1668592468657 0.75 35649
1668592482254 1.0 35699
1668592495841 0.6666666865348816 35749
1668592509459 0.0 35799
1668592535101 0.75 35849
1668592548843 0.5 35899
1668592562473 1.0 35949
1668592576079 0.6666666865348816 35999
1668592601350 0.6666666865348816 36049
1668592614945 1.0 36099
1668592628594 0.0 36149
1668592642187 1.0 36199
1668592667490 0.0 36249
1668592681082 0.4000000059604645 36299
1668592694694 1.0 36349
1668592708297 0.0 36399
1668592721926 0.5 36449
1668592747216 1.0 36499
1668592760897 0.75 36549
1668592774592 0.6666666865348816 36599
1668592788333 0.5 36649
1668592813613 0.5 36699
1668592827203 1.0 36749
1668592840818 0.25 36799
1668592854407 0.800000011920929 36849
1668592880028 0.3333333432674408 36899
1668592893642 1.0 36949
1668592907378 0.5 36999
1668592921013 1.0 37049
1668592934610 1.0 37099
1668592959998 1.0 37149
1668592973596 1.0 37199
1668592987198 1.0 37249
1668593000812 0.0 37299
1668593026060 1.0 37349
1668593039700 1.0 37399
1668593053325 1.0 37449
1668593067015 1.0 37499
1668593092542 0.5 37549
1668593106328 1.0 37599
1668593119981 0.0 37649
1668593133606 0.75 37699
1668593147208 0.0 37749
1668593172851 0.800000011920929 37799
1668593186490 0.5 37849
1668593200138 0.6666666865348816 37899
1668593213766 0.0 37949
1668593239146 1.0 37999
1668593252742 1.0 38049
1668593266418 0.75 38099
1668593280012 0.6666666865348816 38149
1668593305371 1.0 38199
1668593319102 0.3333333432674408 38249
1668593332721 0.6666666865348816 38299
1668593346336 1.0 38349
1668593359954 0.3333333432674408 38399
1668593385602 1.0 38449
1668593399306 0.6666666865348816 38499
1668593413008 0.4000000059604645 38549
1668593426662 0.5 38599
1668593452482 1.0 38649
1668593466091 0.5 38699
1668593479691 1.0 38749
1668593493291 1.0 38799
1668593518738 0.0 38849
1668593532338 0.75 38899
1668593546046 1.0 38949
1668593559745 1.0 38999
1668593573447 0.0 39049
1668593599043 0.4000000059604645 39099
1668593612671 1.0 39149
1668593626275 0.6666666865348816 39199
1668593639880 0.6000000238418579 39249
1668593665123 0.0 39299
1668593678704 0.6000000238418579 39349
1668593692294 1.0 39399
1668593705875 1.0 39449
1668593731310 1.0 39499
1668593745011 0.6000000238418579 39549
1668593758635 0.5 39599
1668593772257 0.75 39649
1668593785857 0.0 39699
1668593811486 0.5 39749
1668593825081 0.5 39799
1668593838739 1.0 39849
1668593852435 0.75 39899
1668593877858 1.0 39949
1668593891570 1.0 39999
1668593905241 0.75 40049
1668593918941 1.0 40099
1668593944786 0.3333333432674408 40149
1668593958560 1.0 40199
1668593972177 0.6666666865348816 40249
1668593985768 0.5 40299
1668593999352 0.3333333432674408 40349
1668594024778 1.0 40399
1668594038381 0.5 40449
1668594051991 1.0 40499
1668594065617 0.3333333432674408 40549
1668594091099 0.25 40599
1668594104692 0.75 40649
1668594118311 0.6000000238418579 40699
1668594132041 0.6666666865348816 40749
1668594157518 0.5 40799
1668594171122 0.6666666865348816 40849
1668594184733 0.0 40899
1668594198340 1.0 40949
1668594211926 1.0 40999
1668594237238 0.6666666865348816 41049
1668594250829 1.0 41099
1668594264431 0.0 41149
1668594278014 0.800000011920929 41199
1668594303811 0.5 41249
1668594317416 1.0 41299
1668594331006 0.800000011920929 41349
1668594344588 1.0 41399
1668594370038 0.5 41449
1668594383633 1.0 41499
1668594397231 0.6666666865348816 41549
1668594410832 0.6666666865348816 41599
1668594424454 0.6666666865348816 41649
1668594449950 0.0 41699
1668594463568 0.75 41749
1668594477186 0.4000000059604645 41799
1668594490798 1.0 41849
1668594516455 0.75 41899
1668594530068 0.0 41949
1668594543680 0.6666666865348816 41999
1668594557276 1.0 42049
1668594582438 1.0 42099
1668594596034 0.75 42149
1668594609643 0.0 42199
1668594623338 1.0 42249
1668594636970 0.75 42299
1668594662468 1.0 42349
1668594676175 0.75 42399
1668594689786 1.0 42449
1668594703399 0.3333333432674408 42499
1668594728962 1.0 42549
1668594742596 1.0 42599
1668594756239 1.0 42649
1668594769874 1.0 42699
1668594795304 0.75 42749
1668594808887 1.0 42799
1668594822472 0.5 42849
1668594836148 0.3333333432674408 42899
1668594849888 0.6000000238418579 42949
1668594875276 0.0 42999
1668594888862 1.0 43049
1668594902450 0.25 43099
1668594916030 0.0 43149
1668594941443 1.0 43199
1668594955149 1.0 43249
1668594968790 0.5 43299
1668594982380 1.0 43349
1668594995802 0.0 43399
1668595021280 0.6666666865348816 43449
1668595034962 0.5 43499
1668595048563 1.0 43549
1668595062255 0.5 43599
1668595087772 0.6666666865348816 43649
1668595101432 0.5 43699
1668595115125 0.75 43749
1668595128877 1.0 43799
1668595154570 1.0 43849
1668595168158 0.0 43899
1668595181740 1.0 43949
1668595195338 0.6666666865348816 43999
1668595209026 1.0 44049
1668595234500 1.0 44099
1668595248222 0.5 44149
1668595261989 0.5 44199
1668595275675 0.5 44249
1668595301127 1.0 44299
1668595314818 0.0 44349
1668595328576 0.5 44399
1668595342195 0.3333333432674408 44449
1668595367550 0.5 44499
1668595381235 1.0 44549
1668595394928 1.0 44599
1668595408575 1.0 44649
1668595422188 0.75 44699
1668595447312 1.0 44749
1668595460917 1.0 44799
1668595474574 0.75 44849
1668595488167 0.0 44899
1668595513549 0.25 44949
1668595527176 0.6666666865348816 44999
1668595540761 0.0 45049
1668595554365 1.0 45099
1668595579686 0.6666666865348816 45149
1668595593311 1.0 45199
1668595606892 0.6666666865348816 45249
1668595620474 1.0 45299
1668595634076 1.0 45349
1668595659562 1.0 45399
1668595673144 0.0 45449
1668595686751 1.0 45499
1668595700340 0.4285714328289032 45549
1668595725757 0.3333333432674408 45599
1668595739469 0.3333333432674408 45649
1668595753052 0.5 45699
1668595766668 1.0 45749
1668595792212 1.0 45799
1668595805795 0.0 45849
1668595819372 0.6666666865348816 45899
1668595832953 1.0 45949
1668595846537 0.4000000059604645 45999
1668595871994 0.800000011920929 46049
1668595885890 1.0 46099
1668595899525 1.0 46149
1668595913172 0.5 46199
1668595938557 0.800000011920929 46249
1668595952136 1.0 46299
1668595965732 0.0 46349
1668595979387 1.0 46399
1668596004791 0.0 46449
1668596018364 1.0 46499
1668596031943 0.6000000238418579 46549
1668596045532 1.0 46599
1668596059113 0.3333333432674408 46649
1668596084734 1.0 46699
1668596098316 1.0 46749
1668596111924 0.6666666865348816 46799
1668596125579 0.6666666865348816 46849
1668596151091 0.6000000238418579 46899
1668596164691 0.75 46949
1668596178276 1.0 46999
1668596191913 0.3333333432674408 47049
1668596217317 0.75 47099
1668596231029 1.0 47149
1668596244717 0.5 47199
1668596258362 0.0 47249
1668596271934 1.0 47299
1668596297388 0.5 47349
1668596310966 0.75 47399
1668596324562 1.0 47449
1668596338142 1.0 47499
1668596363486 0.6666666865348816 47549
1668596377208 1.0 47599
1668596390856 0.3333333432674408 47649
1668596404508 0.6666666865348816 47699
1668596429886 1.0 47749
1668596443451 0.75 47799
1668596457030 1.0 47849
1668596470688 0.6666666865348816 47899
1668596484266 0.5 47949
1668596509849 0.5 47999
1668596523555 1.0 48049
1668596537226 1.0 48099
1668596550912 0.75 48149
1668596576481 1.0 48199
1668596590069 0.6666666865348816 48249
1668596603673 0.5 48299
1668596617326 1.0 48349
1668596642877 1.0 48399
1668596656461 0.0 48449
1668596670082 1.0 48499
1668596683673 0.6666666865348816 48549
1668596697257 0.3333333432674408 48599
1668596722531 1.0 48649
1668596736115 0.6000000238418579 48699
1668596749710 0.6666666865348816 48749
1668596763309 0.0 48799
1668596788719 0.5 48849
1668596802303 0.0 48899
1668596815888 1.0 48949
1668596829493 1.0 48999
1668596854703 0.75 49049
1668596868367 1.0 49099
1668596882129 1.0 49149
1668596895843 0.5 49199
1668596909484 0.800000011920929 49249
1668596934813 0.75 49299
1668596948496 0.5 49349
1668596962096 1.0 49399
1668596975686 1.0 49449
1668597000840 0.0 49499
1668597014435 1.0 49549
1668597028016 1.0 49599
1668597041609 1.0 49649
1668597067022 0.0 49699
1668597080706 0.5 49749
1668597094387 0.75 49799
1668597107970 0.0 49849
1668597121568 0.3333333432674408 49899
1668597146972 1.0 49949
1668597160561 1.0 49999
1668597174142 1.0 50049
1668597187735 0.0 50099
1668597213192 1.0 50149
1668597226863 0.75 50199
1668597240559 1.0 50249
1668597254224 0.6666666865348816 50299
1668597279753 0.75 50349
1668597293390 0.5 50399
1668597307039 1.0 50449
1668597320724 0.6666666865348816 50499
1668597334410 1.0 50549
1668597359736 0.3333333432674408 50599
1668597373374 0.0 50649
1668597386962 0.5 50699
1668597400562 0.6666666865348816 50749
1668597425993 1.0 50799
1668597439643 1.0 50849
1668597453330 0.6000000238418579 50899
1668597466949 1.0 50949
1668597492384 1.0 50999
1668597505947 1.0 51049
1668597519697 0.0 51099
1668597533422 0.25 51149
1668597547051 0.0 51199
1668597572619 0.6666666865348816 51249
1668597586233 0.0 51299
1668597599830 1.0 51349
1668597613551 0.3333333432674408 51399
1668597639222 0.3333333432674408 51449
1668597652809 0.0 51499
1668597666406 0.5714285969734192 51549
1668597680112 1.0 51599
1668597705625 1.0 51649
1668597719232 1.0 51699
1668597732813 0.6666666865348816 51749
1668597746538 0.800000011920929 51799
1668597760161 0.4000000059604645 51849
1668597785672 1.0 51899
1668597799325 0.5 51949
1668597813024 0.0 51999
1668597826623 0.75 52049
1668597851960 1.0 52099
1668597865582 0.800000011920929 52149
1668597879267 0.0 52199
1668597892859 0.5 52249
1668597918227 0.25 52299
1668597931781 0.25 52349
1668597945465 0.5 52399
1668597959053 1.0 52449
1668597972634 1.0 52499
1668597998189 1.0 52549
1668598011983 0.5 52599
1668598025621 0.6666666865348816 52649
1668598039235 1.0 52699
1668598064895 0.3333333432674408 52749
1668598078484 1.0 52799
1668598092066 0.6666666865348816 52849
1668598105731 0.5 52899
1668598131410 0.5 52949
1668598145019 0.0 52999
1668598158609 1.0 53049
1668598172210 0.5 53099
1668598185847 1.0 53149
1668598211196 1.0 53199
1668598224851 0.5 53249
1668598238481 0.5 53299
1668598252126 1.0 53349
1668598277604 1.0 53399
1668598291398 1.0 53449
1668598305149 0.0 53499
1668598318797 0.5 53549
1668598344141 0.6666666865348816 53599
1668598357758 1.0 53649
1668598371448 1.0 53699
1668598385217 0.3333333432674408 53749
1668598398802 0.5 53799
1668598424193 1.0 53849
1668598437851 0.0 53899
1668598451635 0.6666666865348816 53949
1668598465263 0.5 53999
1668598490727 1.0 54049
1668598504327 0.5 54099
1668598518070 0.6666666865348816 54149
1668598531670 0.6666666865348816 54199
1668598545102 0.0 54249
1668598570642 0.4000000059604645 54299
1668598584258 1.0 54349
1668598597979 1.0 54399
1668598611645 0.6666666865348816 54449
1668598637183 0.5 54499
1668598650826 0.0 54549
1668598664404 0.75 54599
1668598677985 1.0 54649
1668598703399 0.6000000238418579 54699
1668598717042 1.0 54749
1668598730638 1.0 54799
1668598744216 0.6666666865348816 54849
1668598757789 1.0 54899
1668598783414 1.0 54949
1668598797080 1.0 54999
1668598810694 1.0 55049
1668598824298 0.6666666865348816 55099
1668598849585 0.0 55149
1668598863156 1.0 55199
1668598876782 0.0 55249
1668598890370 0.25 55299
1668598916087 0.0 55349
1668598929677 0.5 55399
1668598943264 1.0 55449
1668598956907 0.3333333432674408 55499
1668598970489 0.0 55549
1668598995949 0.0 55599
1668599009605 0.6666666865348816 55649
1668599023202 1.0 55699
1668599036797 1.0 55749
1668599062169 1.0 55799
1668599075758 1.0 55849
1668599089344 1.0 55899
1668599103042 0.5 55949
1668599128296 0.75 55999
1668599141861 0.0 56049
1668599155435 0.75 56099
1668599169045 1.0 56149
1668599182628 0.0 56199
1668599208026 1.0 56249
1668599221632 1.0 56299
1668599235235 0.4000000059604645 56349
1668599248831 1.0 56399
1668599274330 0.0 56449
1668599287922 1.0 56499
1668599301624 0.5 56549
1668599315340 0.0 56599
1668599340777 1.0 56649
1668599354363 0.8333333134651184 56699
1668599367969 0.5 56749
1668599381544 0.75 56799
1668599395118 1.0 56849
1668599420599 1.0 56899
1668599434180 0.75 56949
1668599447771 1.0 56999
1668599461367 0.20000000298023224 57049
1668599486749 0.75 57099
1668599500423 0.75 57149
1668599514030 0.8333333134651184 57199
1668599527644 0.5 57249
1668599553066 1.0 57299
1668599566658 0.6000000238418579 57349
1668599580253 1.0 57399
1668599593851 1.0 57449
1668599607442 0.6000000238418579 57499
1668599632870 1.0 57549
1668599646461 1.0 57599
1668599660034 1.0 57649
1668599673629 1.0 57699
1668599699175 1.0 57749
1668599712774 0.6666666865348816 57799
1668599726402 1.0 57849
1668599740043 1.0 57899
1668599765334 0.6666666865348816 57949
1668599778907 0.5 57999
1668599792496 0.0 58049
1668599806081 1.0 58099
1668599819678 0.75 58149
1668599845090 1.0 58199
1668599858789 1.0 58249
1668599872473 0.0 58299
1668599886127 1.0 58349
1668599911735 0.5 58399
1668599925293 0.6666666865348816 58449
1668599938865 0.5 58499
1668599952531 1.0 58549
1668599978091 0.5 58599
1668599991683 0.3333333432674408 58649
1668600005357 0.6000000238418579 58699
1668600018965 0.6666666865348816 58749
1668600032569 0.5 58799
1668600058124 0.6666666865348816 58849
1668600071845 0.75 58899
1668600085455 0.5 58949
1668600099052 1.0 58999
1668600124397 1.0 59049
1668600137994 1.0 59099
1668600151592 0.6000000238418579 59149
1668600165222 0.5 59199
1668600190708 1.0 59249
1668600204373 1.0 59299
1668600218092 0.6666666865348816 59349
1668600231742 0.5 59399
1668600245329 0.6666666865348816 59449
1668600270769 0.5 59499
1668600284342 0.0 59549
1668600297968 0.0 59599
1668600311567 1.0 59649
1668600336861 0.5 59699
1668600350566 1.0 59749
1668600364171 0.6666666865348816 59799
1668600377850 0.0 59849
1668600403636 0.0 59899
1668600417387 1.0 59949
1668600431121 0.75 59999
1668600444804 0.5 60049
1668600458416 1.0 60099
1668600483938 1.0 60149
1668600497543 0.5 60199
1668600511146 0.5 60249
1668600524748 0.5 60299
1668600550276 1.0 60349
1668600563900 1.0 60399
1668600577558 1.0 60449
1668600591235 1.0 60499
1668600616572 1.0 60549
1668600630170 0.5 60599
1668600643758 0.75 60649
1668600657362 1.0 60699
1668600670949 1.0 60749
1668600696571 0.0 60799
1668600710206 0.75 60849
1668600723842 0.6666666865348816 60899
1668600737428 0.6666666865348816 60949
1668600762874 0.5 60999
1668600776470 1.0 61049
1668600790060 0.6666666865348816 61099
1668600803650 0.6666666865348816 61149
1668600829079 0.0 61199
1668600842635 0.6666666865348816 61249
1668600856242 0.5 61299
1668600869866 0.6666666865348816 61349
1668600883542 0.0 61399
1668600909069 0.6666666865348816 61449
1668600922803 1.0 61499
1668600936404 0.0 61549
1668600950037 1.0 61599
1668600975487 1.0 61649
1668600989251 0.6666666865348816 61699
1668601002914 0.3333333432674408 61749
1668601016483 0.3333333432674408 61799
1668601041944 1.0 61849
1668601055528 1.0 61899
1668601069103 0.800000011920929 61949
1668601082701 1.0 61999
1668601096293 0.5 62049
1668601121618 1.0 62099
1668601135191 1.0 62149
1668601148772 1.0 62199
1668601162364 0.6666666865348816 62249
1668601187973 1.0 62299
1668601201552 0.4285714328289032 62349
1668601215162 0.6666666865348816 62399
1668601228867 0.5 62449
1668601254406 0.3333333432674408 62499
1668601268042 1.0 62549
1668601281604 1.0 62599
1668601295171 1.0 62649
1668601308739 0.5 62699
1668601334247 1.0 62749
1668601347855 1.0 62799
1668601361582 1.0 62849
1668601375148 0.0 62899
1668601400406 1.0 62949
1668601413975 0.6666666865348816 62999
1668601427555 0.5 63049
1668601441137 0.75 63099
1668601466632 1.0 63149
1668601480218 0.5 63199
1668601493811 0.6666666865348816 63249
1668601507419 0.5 63299
1668601521026 0.5 63349
1668601546394 0.6666666865348816 63399
1668601560065 1.0 63449
1668601573653 0.3333333432674408 63499
1668601587237 0.3333333432674408 63549
1668601612997 1.0 63599
1668601626580 1.0 63649
1668601640212 1.0 63699
1668601653982 0.5 63749
1668601680059 1.0 63799
1668601693712 0.5 63849
1668601707432 1.0 63899
1668601721047 0.5 63949
1668601734669 1.0 63999
1668601760591 0.75 64049
1668601774203 0.5 64099
1668601787824 0.6666666865348816 64149
1668601801443 1.0 64199
1668601826825 0.0 64249
1668601840432 1.0 64299
1668601854151 0.0 64349
1668601867751 1.0 64399
1668601893290 0.5 64449
1668601906857 0.75 64499
1668601920500 0.4000000059604645 64549
1668601934183 1.0 64599
1668601947807 1.0 64649
1668601973220 0.0 64699
1668601986809 1.0 64749
1668602000401 1.0 64799
1668602014018 1.0 64849
1668602039262 1.0 64899
1668602052868 0.3333333432674408 64949
1668602066570 1.0 64999
1668602080249 0.75 65049
1668602093680 0.0 65099
