1668580847561 1.6333747820407898 49
1668580861152 1.997212733799711 99
1668580874702 1.3885738421832103 149
1668580888296 1.4980418870797756 199
1668580913131 1.8643943287495108 249
1668580926694 1.3383792261442662 299
1668580940259 1.3963883521224805 349
1668580953839 1.5862465189603667 399
1668580978832 1.4517613419122974 449
1668580992410 1.1445336074255157 499
1668581005979 1.3916047411555104 549
1668581019526 1.5899179413248714 599
1668581033080 1.1150429570051343 649
1668581058235 1.6575177528781362 699
1668581071823 1.6431927020997903 749
1668581085421 1.2736894402943308 799
1668581099059 1.248932981909101 849
1668581124028 1.670989084632307 899
1668581137602 1.2126262584205696 949
1668581151160 1.4233552172598793 999
1668581164731 1.392195624325518 1049
1668581189644 1.4618570573020246 1099
1668581203226 1.3727085522989064 1149
1668581216774 1.3129211856212177 1199
1668581230349 1.2326787056138973 1249
1668581243926 1.469268510174873 1299
1668581269018 1.4563542663094047 1349
1668581282709 1.5001761067203436 1399
1668581296304 1.377930067955194 1449
1668581309854 1.4291752551389485 1499
1668581334756 1.5080949454006305 1549
1668581348323 1.3963753710594193 1599
1668581361875 1.5479602994112356 1649
1668581375547 1.3671458480769094 1699
1668581400923 1.400605314399577 1749
1668581414517 1.3991650997894571 1799
1668581428262 1.2218770926385099 1849
1668581441978 1.0718979345746367 1899
1668581455552 1.2423513295763033 1949
1668581480920 1.2240033184936672 1999
1668581494529 1.3671165751553749 2049
1668581508270 1.446787346759382 2099
1668581521994 1.3314417821366828 2149
1668581546959 1.378958865938754 2199
1668581560600 1.4147393880862793 2249
1668581574167 1.3828146260611167 2299
1668581587786 1.141677619348854 2349
1668581612809 1.4150412750987846 2399
1668581626531 1.3150372101029766 2449
1668581640269 1.4841520353894342 2499
1668581654005 1.5568379460186397 2549
1668581667738 1.0050569239951708 2599
1668581692982 1.2611790880655502 2649
1668581706566 1.205404466698258 2699
1668581720143 1.377539635603747 2749
1668581733733 1.289388232877967 2799
1668581758697 1.2600674406909187 2849
1668581772307 1.2864522469442614 2899
1668581785897 1.237712153249647 2949
1668581799454 1.2969990139916603 2999
1668581824428 1.445658845823222 3049
1668581838116 1.182677585189042 3099
1668581851914 1.1540988789933198 3149
1668581865549 1.2119063488459385 3199
1668581879112 1.2540277799546056 3249
1668581904119 1.2470880793275498 3299
1668581917683 1.3002045931612685 3349
1668581931351 1.315523078000019 3399
1668581945111 1.3484813906645727 3449
1668581970136 1.3379465179957264 3499
1668581983729 1.3868492125713523 3549
1668581997339 1.327631276309552 3599
1668582010924 1.4824640423896351 3649
1668582035744 1.221624225332548 3699
1668582049462 1.1402982663115977 3749
1668582063207 1.2740179231098723 3799
1668582076840 1.3311460035929872 3849
1668582090416 1.4546328666578283 3899
1668582115594 1.221121276605499 3949
1668582129318 1.3622904189098033 3999
1668582143043 1.2525218899547315 4049
1668582156642 1.359864458618389 4099
1668582181667 1.3995794424561547 4149
1668582195368 1.126589363195019 4199
1668582209110 1.3620141362445206 4249
1668582222726 1.2790538977358576 4299
1668582248270 1.1426511460186264 4349
1668582261836 1.1601135213019176 4399
1668582275462 1.375496170368963 4449
1668582289065 1.4444984732154573 4499
1668582302649 1.3819803506949047 4549
1668582327911 1.4170165536470436 4599
1668582341494 1.3723218687228025 4649
1668582355070 1.372176186182201 4699
1668582368643 1.1817031933979822 4749
1668582393852 1.1880401147324053 4799
1668582407527 1.1779900600971331 4849
1668582421214 1.3859880298659273 4899
1668582434790 1.1818240887764873 4949
1668582459754 1.3176172780303903 4999
1668582473378 1.37882059676551 5049
1668582486983 1.3239285178742253 5099
1668582500563 1.269980689594356 5149
1668582514169 1.232247232608768 5199
1668582539164 1.111768666244083 5249
1668582552922 1.3675153185390254 5299
1668582566574 1.329910427011899 5349
1668582580205 1.199018198233667 5399
1668582605406 1.2701250977048315 5449
1668582618988 1.2864066418327094 5499
1668582632589 1.3039022885468867 5549
1668582646184 1.2586444363443863 5599
1668582671184 1.1530680557596238 5649
1668582684746 1.299200537911318 5699
1668582698376 1.4707321535233095 5749
1668582712071 1.1570411224394288 5799
1668582725659 1.2774660969322467 5849
1668582750714 1.1480986747883697 5899
1668582764317 1.2681545015344535 5949
1668582778025 1.2426274435295304 5999
1668582791753 1.2948830455639742 6049
1668582816260 1.319067270016409 6099
1668582829878 1.1741856410677187 6149
1668582843664 1.1065983517142328 6199
1668582857281 1.2271143003594487 6249
1668582882311 1.1910514465592537 6299
1668582895903 1.2554037790740225 6349
1668582909500 1.4192606730556605 6399
1668582923080 1.2842889234757804 6449
1668582936726 1.292362318745959 6499
1668582961773 1.4067560061729336 6549
1668582975562 1.1713494454723037 6599
1668582989262 1.2416768370187008 6649
1668583002874 1.2864251743782606 6699
1668583028110 1.0815939589124675 6749
1668583041792 1.2152305605398421 6799
1668583055403 1.3023960587511825 6849
1668583069025 1.3093615135956629 6899
1668583094239 1.2673852931415892 6949
1668583107800 1.2766667672959036 6999
1668583121372 1.2138309505986409 7049
1668583135042 1.3430285099108712 7099
1668583148764 1.238631302767731 7149
1668583173776 1.3072121799976406 7199
1668583187341 1.2792173473357522 7249
1668583200958 1.1683777930388057 7299
1668583214622 1.07183587215543 7349
1668583239777 1.252966314765937 7399
1668583253336 1.3108572136330783 7449
1668583266907 1.2751118595690332 7499
1668583280562 1.2432539606302404 7549
1668583305105 1.3068716682410586 7599
1668583318716 1.2558066516175217 7649
1668583332296 1.409447438242581 7699
1668583345888 1.3567391321737896 7749
1668583359456 1.1451450147017643 7799
1668583384537 1.074079293115966 7849
1668583398119 1.1611012417973514 7899
1668583411842 1.3092446325660942 7949
1668583425556 1.3264510727959178 7999
1668583450615 1.2898498427208254 8049
1668583464231 1.2855292985410292 8099
1668583477830 1.3023859742735184 8149
1668583491624 1.2688878394043168 8199
1668583516446 1.4038468937446604 8249
1668583530111 1.352815519021648 8299
1668583543908 1.1664155568223231 8349
1668583557490 1.1685780994086397 8399
1668583571100 1.2950730377780646 8449
1668583596238 1.1124991356575695 8499
1668583609844 1.2601091157352087 8549
1668583623597 1.2753226355719063 8599
1668583637192 1.4346155873287794 8649
1668583662308 1.0993354213559716 8699
1668583675905 1.2341833709595764 8749
1668583689498 1.3742248889529347 8799
1668583703065 1.3056111950578393 8849
1668583728278 1.284653720279982 8899
1668583741855 1.255906594358371 8949
1668583755438 1.3414640765109134 8999
1668583769118 1.3631046602925512 9049
1668583782704 1.1749374416652296 9099
1668583807983 1.274761834373949 9149
1668583821609 1.2617928545063943 9199
1668583835184 1.2321483875121328 9249
1668583848757 1.3317579462934503 9299
1668583873940 1.3240186348531653 9349
1668583887575 1.3046352822340195 9399
1668583901304 1.288867292745226 9449
1668583915006 1.2578867243377907 9499
1668583940102 1.310216460647164 9549
1668583953665 1.2022317305922852 9599
1668583967288 1.1459009415394164 9649
1668583980867 1.2580825448970514 9699
1668583994461 1.240425260070907 9749
1668584019767 1.3248688196876928 9799
1668584033498 1.2612841916979076 9849
1668584047087 1.2079560167471532 9899
1668584060684 1.3461555687957372 9949
1668584085846 1.3213492183358864 9999
1668584099454 1.336323142719381 10049
1668584113182 1.335513817639294 10099
1668584126769 1.099876285540311 10149
1668584151883 1.1322287434159584 10199
1668584165464 1.2425888911734575 10249
1668584179048 1.193069253079201 10299
1668584192618 1.2816833739471005 10349
1668584206354 1.2562174235182706 10399
1668584231470 1.284594124232361 10449
1668584245059 1.3124252933404574 10499
1668584258780 1.2714066043203904 10549
1668584272356 1.2640313312763092 10599
1668584297590 1.2716833639045064 10649
1668584311188 1.3388043807400452 10699
1668584324785 1.2082991061697967 10749
1668584338377 1.2839572625584448 10799
1668584351778 1.2644591281966562 10849
1668584377005 1.292077382130711 10899
1668584390600 1.2733308521639077 10949
1668584404190 1.2509877314960651 10999
1668584417802 1.372349569734728 11049
1668584443603 1.3021874763191268 11099
1668584457283 1.1891010032160203 11149
1668584470867 1.1899513709591993 11199
1668584484447 1.2528013635997166 11249
1668584509753 1.324702561248223 11299
1668584523368 1.2196276191543431 11349
1668584537028 1.312851155252523 11399
1668584550763 1.314360643199928 11449
1668584564334 1.3561317926659893 11499
1668584589793 1.3144769389474136 11549
1668584603575 1.2949485609424787 11599
1668584617224 1.2635149648396173 11649
1668584630837 1.2508533894822944 11699
1668584656083 1.269659914487944 11749
1668584669677 1.2050067741506563 11799
1668584683245 1.378547131907525 11849
1668584696822 1.2412802200317925 11899
1668584722351 1.1606722373141376 11949
1668584735929 1.1156043297137561 11999
1668584749604 1.1890193982943273 12049
1668584763352 1.232105672903034 12099
1668584776926 1.0853575578870274 12149
1668584802506 1.4036047809224121 12199
1668584816110 1.0701001527294602 12249
1668584829722 1.265533551133922 12299
1668584843362 1.3143433536584035 12349
1668584868930 1.178015599018818 12399
1668584882650 1.318425824503518 12449
1668584896390 1.2801651852927471 12499
1668584910159 1.2431275885790214 12549
1668584935648 1.1831574371857227 12599
1668584949256 1.105526961932489 12649
1668584962830 1.129314606665768 12699
1668584976440 1.1276063332082562 12749
1668584990167 1.3224377223644872 12799
1668585015849 1.1636257024540984 12849
1668585029473 1.350353980893023 12899
1668585043083 1.2685737762284692 12949
1668585056685 1.2752980077611222 12999
1668585082281 1.200655250486305 13049
1668585095913 1.200520751594484 13099
1668585109532 1.1326920110183005 13149
1668585123125 1.3507089904787448 13199
1668585148612 1.170811123587505 13249
1668585162198 1.3507550823038663 13299
1668585175778 1.2161041643871249 13349
1668585189380 1.3137494142907569 13399
1668585202987 1.2872805821166105 13449
1668585228366 1.0950715171156167 13499
1668585242022 1.2783149317414704 13549
1668585255625 1.2554362065403755 13599
1668585269216 1.3497427903676358 13649
1668585294715 1.249820240948908 13699
1668585308306 1.1596084785372716 13749
1668585321875 1.4262931341266976 13799
1668585335510 1.2660663405045733 13849
1668585360936 1.1906347891788855 13899
1668585374521 1.3226805269906012 13949
1668585388129 1.475007588120625 13999
1668585401728 1.2200852846998889 14049
1668585415316 1.1911735210939207 14099
1668585440626 1.2570261095956592 14149
1668585454285 1.2547626580839282 14199
1668585468006 1.269103836211622 14249
1668585481722 1.2564465596320313 14299
1668585507224 1.4312813981257015 14349
1668585520806 1.2556060529745974 14399
1668585534414 1.3898155496321456 14449
1668585547998 1.3109512078158436 14499
1668585573332 1.355196107852179 14549
1668585586890 1.2589707652208424 14599
1668585600458 1.2583073806143164 14649
1668585614160 1.2241023259017312 14699
1668585627761 1.2810385401191091 14749
1668585653286 1.2200678040630266 14799
1668585666862 1.219033186288692 14849
1668585680452 1.2974066526573127 14899
1668585694052 1.2625224423088839 14949
1668585719510 1.2859323744281133 14999
1668585733091 1.2455811426866688 15049
1668585746669 1.3157298414610037 15099
1668585760238 1.3044299521051168 15149
1668585785617 1.3028082069863953 15199
1668585799204 1.322128984343999 15249
1668585812778 1.2005924130785814 15299
1668585826362 1.1876532841959695 15349
1668585839959 1.4057533503172333 15399
1668585865487 1.3056070618961622 15449
1668585879054 1.3025410661867762 15499
1668585892627 1.4130030929899453 15549
1668585906282 1.1993048036346847 15599
1668585931784 1.3890358383676584 15649
1668585945368 1.1537237016147692 15699
1668585958947 1.304929193036759 15749
1668585972537 1.337306638966715 15799
1668585998141 1.280148337755679 15849
1668586011678 1.3039315224262156 15899
1668586025260 1.2545418616933035 15949
1668586038826 1.252204140389047 15999
1668586052396 1.2025547885333934 16049
1668586077883 1.2927433194874158 16099
1668586091465 1.3209318703765143 16149
1668586105112 1.1830238237667139 16199
1668586118866 1.1387052387365175 16249
1668586144338 1.2178147701814739 16299
1668586157913 1.2866522234098001 16349
1668586171487 1.315798950735208 16399
1668586185057 1.2644509190688256 16449
1668586210826 1.2123216053822825 16499
1668586224526 1.1351482182011234 16549
1668586238277 1.3713621610721707 16599
1668586251956 1.3403503796351384 16649
1668586265552 1.2670655785156153 16699
1668586291162 1.240551621031453 16749
1668586304729 1.2630062102559299 16799
1668586318308 1.050305899124687 16849
1668586331950 1.2754847955693016 16899
1668586357432 1.3468268981071088 16949
1668586370987 1.2276276284106276 16999
1668586384598 1.2937942751222704 17049
1668586398192 1.3864772501934133 17099
1668586423860 1.4584837298910722 17149
1668586437469 1.198583581865686 17199
1668586451063 1.2465475313583183 17249
1668586464618 1.4138297726740148 17299
1668586478230 1.173250702242758 17349
1668586503541 1.2860891420203346 17399
1668586517116 1.2618004087826384 17449
1668586530686 1.1567602023898655 17499
1668586544270 1.2365353704527962 17549
1668586569634 1.2568147673604628 17599
1668586583203 1.2550761823835628 17649
1668586596805 1.2062164345761857 17699
1668586610411 1.3391669973376765 17749
1668586635856 1.3684806309792825 17799
1668586649435 1.191969636222049 17849
1668586663021 1.2333427999461666 17899
1668586676623 1.4131741055873954 17949
1668586690223 1.2372774491339598 17999
1668586715612 1.282297700422166 18049
1668586729203 1.4862820568135728 18099
1668586742817 1.2538739597823931 18149
1668586756433 1.1988725675445693 18199
1668586781875 1.1681992986943943 18249
1668586795605 1.31894641886679 18299
1668586809327 1.317147000064351 18349
1668586822954 1.215825958868465 18399
1668586848158 1.3178858597971277 18449
1668586861831 1.3218412315278518 18499
1668586875545 1.2572798922093598 18549
1668586889121 1.3948072042390263 18599
1668586902701 1.250608180944429 18649
1668586928269 1.4161311570166262 18699
1668586941847 1.356941192502696 18749
1668586955398 1.3228130976902466 18799
1668586969018 1.2456013839698021 18849
1668586994322 1.3256034538890646 18899
1668587007880 1.2554222052786446 18949
1668587021457 1.305512202613183 18999
1668587035025 1.2757422854337719 19049
1668587060370 1.3468734845985015 19099
1668587073926 1.2877320015003262 19149
1668587087528 1.3311121371877745 19199
1668587101116 1.1698494992112085 19249
1668587114753 1.2880856487757408 19299
1668587140076 1.2184655118121497 19349
1668587153662 1.0848281190597744 19399
1668587167233 1.2587701861106317 19449
1668587180798 1.3167646700425497 19499
1668587206227 1.1861643144237668 19549
1668587219839 1.2365210915672264 19599
1668587233420 1.2384769647460292 19649
1668587247002 1.2381588764427 19699
1668587272404 1.10305498040965 19749
1668587286011 1.2114270678211396 19799
1668587299612 1.2654322061826795 19849
1668587313185 1.1043002582780073 19899
1668587326861 1.293116055902012 19949
1668587352487 1.309744301349122 19999
1668587366083 1.3273908988537002 20049
1668587379673 1.263171915283564 20099
1668587393252 1.2377885471460235 20149
1668587418388 1.2310546287975095 20199
1668587432110 1.290035259589318 20249
1668587445829 1.0936091439381062 20299
1668587459403 1.3119450391509455 20349
1668587484918 1.1384492992204462 20399
1668587498541 1.2342776734129113 20449
1668587512252 1.2962727874799471 20499
1668587525980 1.3098947704373112 20549
1668587539692 1.3488773646303747 20599
1668587565172 1.2199088086711882 20649
1668587578895 1.3308110470438175 20699
1668587592617 1.2990901213099493 20749
1668587606188 1.2087195200878775 20799
1668587631507 1.1914350030712 20849
1668587645116 1.190011219623667 20899
1668587658747 1.2709677540140147 20949
1668587672532 1.2912826608323575 20999
1668587698062 1.3040849255996059 21049
1668587711674 1.277096731227974 21099
1668587725256 1.278741627710478 21149
1668587738815 1.222130762944797 21199
1668587752403 1.3154999262265177 21249
1668587777778 1.3409844774763684 21299
1668587791395 1.3693017526908062 21349
1668587804970 1.2334956331401368 21399
1668587818574 1.3300722111121321 21449
1668587843823 1.3501710635943796 21499
1668587857406 1.15293862832669 21549
1668587870984 1.2604010740731049 21599
1668587884568 1.388649546492272 21649
1668587897980 1.2888707009721423 21699
1668587923795 1.2150180516459128 21749
1668587937364 1.2902485580386065 21799
1668587950943 1.2796172343693435 21849
1668587964522 1.3763095292173486 21899
1668587989853 1.2975684021189564 21949
1668588003437 1.3294921647989995 21999
1668588017012 1.2509662373244246 22049
1668588030589 1.3164705387927662 22099
1668588056068 1.1591298612419274 22149
1668588069662 1.1837291576133606 22199
1668588083274 1.265085234727715 22249
1668588096944 1.2665496120876178 22299
1668588110537 1.2543475844087277 22349
1668588136129 1.3086854252860323 22399
1668588149711 1.2613689033848359 22449
1668588163360 1.2898654129900367 22499
1668588176976 1.3498875394972614 22549
1668588202573 1.3090308450460997 22599
1668588216128 1.2352384473534954 22649
1668588229716 1.2002800008455452 22699
1668588243413 1.1866243541786654 22749
1668588268792 1.093169859905851 22799
1668588282381 1.2224379199532076 22849
1668588295965 1.2683876681565003 22899
1668588309591 1.1936714153362187 22949
1668588323257 1.1481617171794738 22999
1668588348300 1.2938055751425446 23049
1668588361886 1.1300431306190175 23099
1668588375467 1.2284475645118809 23149
1668588389075 1.3363551199539727 23199
1668588414251 1.227566758190216 23249
1668588427848 1.25851245656132 23299
1668588441439 1.2514146735606004 23349
1668588455097 1.1103254514765188 23399
1668588480591 1.1964896785973724 23449
1668588494188 1.1650108333557512 23499
1668588507791 1.1206602068655553 23549
1668588521366 1.2641151639164474 23599
1668588534965 1.2052763271958273 23649
1668588560440 1.3014137060875457 23699
1668588574034 1.4028645826866784 23749
1668588587626 1.1666116848315216 23799
1668588601317 1.2974257606529724 23849
1668588626815 1.338443596059767 23899
1668588640414 1.2342140806326236 23949
1668588654076 1.2339784271539087 23999
1668588667820 1.2187445403643653 24049
1668588693403 1.288324257437679 24099
1668588707069 1.0721105823521029 24149
1668588720804 1.202342499169561 24199
1668588734501 1.263377270622854 24249
1668588748089 1.307916051754235 24299
1668588773605 1.230641745987342 24349
1668588787240 1.2513326302596384 24399
1668588800859 1.1273322170836177 24449
1668588814577 1.2704361785489562 24499
1668588839996 1.3428022825305417 24549
1668588853612 1.3052408478559108 24599
1668588867206 1.2708405354596573 24649
1668588880802 1.2922800092344184 24699
1668588906379 1.1866601620070185 24749
1668588919941 1.1069227580207317 24799
1668588933523 1.3084474991194366 24849
1668588947130 1.2771603402210236 24899
1668588960705 1.3709597978281742 24949
1668588986060 1.1315266296353401 24999
1668588999694 1.2789789118280996 25049
1668589013326 1.3129121644181132 25099
1668589026938 1.3682403190374732 25149
1668589052473 1.069796395379928 25199
1668589066082 1.3250342837866511 25249
1668589079671 1.372368676296583 25299
1668589093269 1.1621056431205146 25349
1668589118735 1.1936762052263163 25399
1668589132348 1.2748627642717845 25449
1668589146014 1.2079819494526736 25499
1668589159630 1.2899947572436132 25549
1668589173232 1.23985630949171 25599
1668589199242 1.2223787983785268 25649
1668589212841 1.261513529302441 25699
1668589226411 1.3045120267204853 25749
1668589240004 1.2170327019020428 25799
1668589265452 1.2814064845413633 25849
1668589279023 1.212016932379788 25899
1668589292591 1.2016374199159658 25949
1668589306224 1.2720906534803471 25999
1668589331699 1.3087284417154832 26049
1668589345321 1.259885696807432 26099
1668589358906 1.2958435390606367 26149
1668589372500 1.1647153908256724 26199
1668589386127 1.296518829576748 26249
1668589411831 1.2351027301780775 26299
1668589425445 1.26141541511881 26349
1668589439015 1.29626183611582 26399
1668589452602 1.2015318733042424 26449
1668589478335 1.3698993198678284 26499
1668589491919 1.3341824753027929 26549
1668589505514 1.255119187439469 26599
1668589519158 1.1345943308379132 26649
1668589544483 1.34448160715968 26699
1668589558165 1.2452250852464308 26749
1668589571773 1.260415517512833 26799
1668589585382 1.346956137456885 26849
1668589599022 1.29384742245974 26899
1668589624317 1.1764962550700058 26949
1668589637924 1.3225104040872906 26999
1668589651514 1.2073170703425546 27049
1668589665101 1.1789688321233203 27099
1668589690611 1.1821137029243998 27149
1668589704206 1.3834781645622827 27199
1668589717811 1.2900954965127034 27249
1668589731458 1.256268120341043 27299
1668589757018 1.190960433565513 27349
1668589770713 1.3334511256440529 27399
1668589784312 1.182700531600162 27449
1668589797989 1.1809616185207221 27499
1668589811655 1.2658144717688338 27549
1668589837105 0.9999182474729994 27599
1668589850826 1.3719229484898987 27649
1668589864549 1.3439915945392253 27699
1668589878205 1.2652956138320175 27749
1668589903698 1.2741219015149594 27799
1668589917288 1.2963936600504589 27849
1668589930889 1.2854786904291353 27899
1668589944480 1.2799887465127768 27949
1668589969976 1.1813811398668648 27999
1668589983586 1.2682257935533694 28049
1668589997182 1.2728485428470253 28099
1668590010770 1.3297037101258335 28149
1668590024431 1.106270438393555 28199
1668590049886 1.2743309412557595 28249
1668590063476 1.309748422988244 28299
1668590077055 1.3321451576949987 28349
1668590090642 1.235069312546344 28399
1668590116177 1.2692285431272428 28449
1668590129814 1.340368495879169 28499
1668590143425 1.220045850953571 28549
1668590157026 1.2291524140746943 28599
1668590182548 1.3116438185015742 28649
1668590196136 1.2224348166238925 28699
1668590209816 1.2468034464043325 28749
1668590223417 1.164616821156544 28799
1668590237018 1.2706513001727355 28849
1668590262450 1.3898392862742337 28899
1668590276047 1.1476744067883144 28949
1668590289637 1.2498064143243968 28999
1668590303228 1.2843432247353326 29049
1668590328653 1.3169522305786754 29099
1668590342251 1.2693025738204047 29149
1668590355860 1.3173680276417783 29199
1668590369462 1.053810282608608 29249
1668590395041 1.2907789023132132 29299
1668590408663 1.3358508238377844 29349
1668590422304 1.2003906465053018 29399
1668590435922 1.2831967518382013 29449
1668590449612 1.2887499915697913 29499
1668590475079 1.249386958654324 29549
1668590488673 1.3533197451025563 29599
1668590502268 1.263586918826208 29649
1668590515913 1.0911664513600356 29699
1668590541190 1.3133250041260998 29749
1668590554782 1.245275791534107 29799
1668590568496 1.3368402767432765 29849
1668590582182 1.2935379727183698 29899
1668590607599 1.204339363821503 29949
1668590621177 1.2095081615877543 29999
1668590634777 1.183198297837569 30049
1668590648399 1.378372356401948 30099
1668590661999 1.2094911583530097 30149
1668590687343 1.334264540695857 30199
1668590701056 1.312635592935122 30249
1668590714669 1.1930545753286284 30299
1668590728265 1.1474618157621517 30349
1668590753619 1.2993178524224178 30399
1668590767214 1.3098598522537737 30449
1668590780944 1.1189774848501077 30499
1668590794574 1.2018025750547416 30549
1668590819996 1.25267137330463 30599
1668590833635 1.2828488288105937 30649
1668590847312 1.2273864208254999 30699
1668590860991 1.3211893126035767 30749
1668590874636 1.23136320773972 30799
1668590899970 1.330518083002541 30849
1668590913571 1.2277211185932355 30899
1668590927173 1.2939452087301655 30949
1668590940770 1.3089118795223191 30999
1668590966252 1.1486722022466656 31049
1668590979851 1.2766062703299665 31099
1668590993445 1.2307664372533202 31149
1668591007046 1.2741196364424183 31199
1668591032589 1.1779340205980506 31249
1668591046178 1.2566812609620304 31299
1668591059784 1.3386269756966 31349
1668591073389 1.2209169473788237 31399
1668591087005 1.2983820620188118 31449
1668591112278 1.2707362684153938 31499
1668591125907 1.2612705509298368 31549
1668591139523 1.2293297841386261 31599
1668591153138 1.1528356257551435 31649
1668591178343 1.2926195625522774 31699
1668591191961 1.2649484530558284 31749
1668591205570 1.0244930695950918 31799
1668591219220 1.3014644190288456 31849
1668591244878 1.2848030794833516 31899
1668591258574 1.2567955624239646 31949
1668591272159 1.281370691087035 31999
1668591285742 1.2702931995217601 32049
1668591299333 1.2268968188135632 32099
1668591324658 1.250708738625153 32149
1668591338299 1.2049935629419797 32199
1668591351894 1.2942953257451038 32249
1668591365533 1.249832681666898 32299
1668591391096 1.183262502312611 32349
1668591404700 1.271145945524702 32399
1668591418301 1.1882184759081738 32449
1668591431950 1.166561342132919 32499
1668591445381 1.2357108519338813 32549
1668591471017 1.2789823189408043 32599
1668591484671 1.30343237718934 32649
1668591498345 1.2032522621130561 32699
1668591512056 1.2947560167107217 32749
1668591537440 1.1627721264207551 32799
1668591551094 1.1610958173212345 32849
1668591564674 1.2917796167952127 32899
1668591578320 1.2422378086859691 32949
1668591603736 1.3378768033827284 32999
1668591617505 1.2376218023909886 33049
1668591631096 1.3208773298743777 33099
1668591644672 1.300466196549021 33149
1668591658276 1.3429225980485624 33199
1668591683858 1.3161142299805586 33249
1668591697478 1.2356324073587353 33299
1668591711096 1.325867508115674 33349
1668591724706 1.2435736812302598 33399
1668591750168 1.2872080897517981 33449
1668591763732 1.307029280189489 33499
1668591777304 1.2773755828559052 33549
1668591790890 1.1995157317162948 33599
1668591816347 1.2843023518040568 33649
1668591829976 1.2449108103268536 33699
1668591843710 1.2624025992394303 33749
1668591857300 1.2463865252243234 33799
1668591870880 1.2952753143099094 33849
1668591896178 1.3249917426170643 33899
1668591909936 1.184507604674502 33949
1668591923645 1.273294973483904 33999
1668591937354 1.3413791634440235 34049
1668591962831 1.3009237070869384 34099
1668591976506 1.3551867896190304 34149
1668591990156 1.1347497024556399 34199
1668592003748 1.3034807294137074 34249
1668592029234 1.1906163340268816 34299
1668592043020 1.2485144415138358 34349
1668592056601 1.1366277665855409 34399
1668592070192 1.2910702333256414 34449
1668592083809 1.308766460028912 34499
1668592109173 1.2358571624786898 34549
1668592122763 1.286599567762636 34599
1668592136359 1.2984029911083403 34649
1668592150001 1.1766539503065747 34699
1668592175447 1.2928769135883147 34749
1668592189076 1.361327461267557 34799
1668592202694 1.2281659236734734 34849
1668592216310 1.2019894658478918 34899
1668592241825 1.3694458397368823 34949
1668592255572 1.3842729811446661 34999
1668592269314 1.2133505547002086 35049
1668592282922 1.2796706499071737 35099
1668592296528 1.2821936312130489 35149
1668592322128 1.1911996167901386 35199
1668592335761 1.2950174180034593 35249
1668592349360 1.254480170309007 35299
1668592363026 1.3401150198303768 35349
1668592388552 1.1297844990654557 35399
1668592402164 1.2194403560965876 35449
1668592415755 1.250015093727177 35499
1668592429362 1.3645434580207874 35549
1668592454994 1.29626935497307 35599
1668592468657 1.3950118875604471 35649
1668592482254 1.1427073045920417 35699
1668592495841 1.1469460728569463 35749
1668592509459 1.221350425299779 35799
1668592535101 1.302628764948711 35849
1668592548843 1.2533894459836734 35899
1668592562473 1.4052031160187102 35949
1668592576079 1.1127253679688942 35999
1668592601350 1.2665966792392853 36049
1668592614945 1.3052561400433134 36099
1668592628594 1.388724490414445 36149
1668592642187 1.3161837200215711 36199
1668592667490 1.4332927559258566 36249
1668592681082 1.2164281990292019 36299
1668592694694 1.267921174680868 36349
1668592708297 1.252821639229576 36399
1668592721926 1.284921818547692 36449
1668592747216 1.2985419078853784 36499
1668592760897 1.291953958836754 36549
1668592774592 1.1661506102662802 36599
1668592788333 1.2850089926157162 36649
1668592813613 1.2891092008595093 36699
1668592827203 1.1772146553160139 36749
1668592840818 1.1784719325408999 36799
1668592854407 1.2815458741132844 36849
1668592880028 1.3033843081090526 36899
1668592893642 1.1502647990836534 36949
1668592907378 1.2807356511581887 36999
1668592921013 1.1726415473048015 37049
1668592934610 1.1863684914588832 37099
1668592959998 1.4461955334367569 37149
1668592973596 1.3234060734746318 37199
1668592987198 1.1158095961708765 37249
1668593000812 1.1538268480278613 37299
1668593026060 1.330486431759196 37349
1668593039700 1.1940435834118737 37399
1668593053325 1.2906072408138949 37449
1668593067015 1.0998556763128433 37499
1668593092542 1.336108110567305 37549
1668593106328 1.2762110331753391 37599
1668593119981 1.205058639665388 37649
1668593133606 1.2301928475040982 37699
1668593147208 1.0683296168199832 37749
1668593172851 1.3355395803755103 37799
1668593186490 1.3331237410233818 37849
1668593200138 1.178554303965628 37899
1668593213766 1.2767053804397976 37949
1668593239146 1.33777529044337 37999
1668593252742 1.211333702545063 38049
1668593266418 1.2139704183289153 38099
1668593280012 1.2702182164892268 38149
1668593305371 1.2798916930573663 38199
1668593319102 1.2229776161215284 38249
1668593332721 1.3302890515906731 38299
1668593346336 1.2925619608576444 38349
1668593359954 1.3995369369293107 38399
1668593385602 1.2474926582653003 38449
1668593399306 1.152865708048199 38499
1668593413008 1.211092067993115 38549
1668593426662 1.236328895731776 38599
1668593452482 1.1870223811961316 38649
1668593466091 1.2257171818385477 38699
1668593479691 1.2221673878305577 38749
1668593493291 1.1373375287241934 38799
1668593518738 1.2973704643308244 38849
1668593532338 1.2702189314000583 38899
1668593546046 1.3296034355785138 38949
1668593559745 1.3054540521553188 38999
1668593573447 1.2495657454482592 39049
1668593599043 1.1930106847258068 39099
1668593612671 1.2804183305449814 39149
1668593626275 1.1868701184111732 39199
1668593639880 1.203685144986961 39249
1668593665123 1.1258593313233956 39299
1668593678704 1.1889550392136647 39349
1668593692294 1.2822203365516742 39399
1668593705875 1.232838204278199 39449
1668593731310 1.1838440461285722 39499
1668593745011 1.4031682905356875 39549
1668593758635 1.2741246990688067 39599
1668593772257 1.3638631507366523 39649
1668593785857 1.2763447530520289 39699
1668593811486 1.2667949096181448 39749
1668593825081 1.2995955675434319 39799
1668593838739 1.2757144793719668 39849
1668593852435 1.334598829572516 39899
1668593877858 1.4146096664589218 39949
1668593891570 1.2429135856189264 39999
1668593905241 1.2930482918846522 40049
1668593918941 1.3206771861682034 40099
1668593944786 1.2695420886759656 40149
1668593958560 1.276021745014543 40199
1668593972177 1.2863173679771713 40249
1668593985768 1.2428221969551405 40299
1668593999352 1.2846856267205564 40349
1668594024778 1.2252591919672784 40399
1668594038381 1.2432471816840354 40449
1668594051991 1.095775491401767 40499
1668594065617 1.29968747557261 40549
1668594091099 1.2849735220961753 40599
1668594104692 1.3694545388459718 40649
1668594118311 1.3441570416145963 40699
1668594132041 1.2320788778138045 40749
1668594157518 1.2062188285806386 40799
1668594171122 1.299007482669015 40849
1668594184733 1.1543325547362464 40899
1668594198340 1.3284669331999448 40949
1668594211926 1.4278299743582337 40999
1668594237238 1.2030743799700558 41049
1668594250829 1.2574678891793163 41099
1668594264431 1.206436841426711 41149
1668594278014 1.2263796657829145 41199
1668594303811 1.3280801012067132 41249
1668594317416 1.317162955254997 41299
1668594331006 1.1691200556545853 41349
1668594344588 1.1637497026198216 41399
1668594370038 1.1624156298422617 41449
1668594383633 1.213073094534518 41499
1668594397231 1.1705631303680573 41549
1668594410832 1.2773177497417163 41599
1668594424454 1.302878988545599 41649
1668594449950 1.2467122723776665 41699
1668594463568 1.1897653009363558 41749
1668594477186 1.2134094448868105 41799
1668594490798 1.181449921986712 41849
1668594516455 1.2212899667681543 41899
1668594530068 1.2065811409596372 41949
1668594543680 1.1950941940099349 41999
1668594557276 1.3109249772459135 42049
1668594582438 1.2932143427231435 42099
1668594596034 1.2585638808849433 42149
1668594609643 1.1353895277549504 42199
1668594623338 1.1174143409065969 42249
1668594636970 1.1283174616930578 42299
1668594662468 1.3204644579365379 42349
1668594676175 1.1082424886427744 42399
1668594689786 1.3425682373829715 42449
1668594703399 1.268460888538859 42499
1668594728962 1.189089864797162 42549
1668594742596 1.3082586429796437 42599
1668594756239 1.3131902177841046 42649
1668594769874 1.2944991811093929 42699
1668594795304 1.31672085049911 42749
1668594808887 1.2307186416433515 42799
1668594822472 1.3013027919365276 42849
1668594836148 1.2692970663925456 42899
1668594849888 1.3613873125527804 42949
1668594875276 1.2854312960212657 42999
1668594888862 1.1971792316801209 43049
1668594902450 1.2069939092866075 43099
1668594916030 1.2042069270969056 43149
1668594941443 1.3238430822498857 43199
1668594955149 1.1960489450020528 43249
1668594968790 1.2851421568818648 43299
1668594982380 1.2057575967453278 43349
1668594995802 1.2422474002569133 43399
1668595021280 1.2003506355418827 43449
1668595034962 1.0749956713317859 43499
1668595048563 1.3477609127620047 43549
1668595062255 1.2086463853830196 43599
1668595087772 1.320534573038626 43649
1668595101432 1.3448704489188263 43699
1668595115125 1.2887204405322472 43749
1668595128877 1.1903983221864103 43799
1668595154570 1.3403591584577819 43849
1668595168158 1.2354752734727499 43899
1668595181740 1.3054997746787862 43949
1668595195338 1.270070226051858 43999
1668595209026 1.260992496121542 44049
1668595234500 1.2080469437091508 44099
1668595248222 1.2977397503965165 44149
1668595261989 1.281682983992047 44199
1668595275675 1.2348963839575409 44249
1668595301127 1.2702509952862329 44299
1668595314818 1.1690661531604787 44349
1668595328576 1.2717930749961348 44399
1668595342195 1.2684189215816457 44449
1668595367550 1.1248607097189163 44499
1668595381235 1.1800595502013458 44549
1668595394928 1.268718701880231 44599
1668595408575 1.341393700541705 44649
1668595422188 1.2252574468336683 44699
1668595447312 1.3232599837439931 44749
1668595460917 1.3058394886258569 44799
1668595474574 1.2609009252014935 44849
1668595488167 1.237905698335041 44899
1668595513549 1.197743568152027 44949
1668595527176 1.2369364501725548 44999
1668595540761 1.1582270763034082 45049
1668595554365 1.204172235244912 45099
1668595579686 1.2552345619422476 45149
1668595593311 1.2863758042956097 45199
1668595606892 1.316559726584039 45249
1668595620474 1.1886755806070919 45299
1668595634076 1.1963888406796377 45349
1668595659562 1.3117217625140372 45399
1668595673144 1.249758591204194 45449
1668595686751 1.1363280146845054 45499
1668595700340 1.1781314171148867 45549
1668595725757 1.142590883971187 45599
1668595739469 1.2130944184791899 45649
1668595753052 1.2980319898052848 45699
1668595766668 1.2902666573106405 45749
1668595792212 1.2978284755971519 45799
1668595805795 1.2626396493470748 45849
1668595819372 1.2484289586208481 45899
1668595832953 1.3483197202029333 45949
1668595846537 1.2564901452174486 45999
1668595871994 1.2705794662202772 46049
1668595885890 1.264216134022454 46099
1668595899525 1.2971315272397619 46149
1668595913172 1.2701753372308018 46199
1668595938557 1.3254339232840269 46249
1668595952136 1.2538859306725296 46299
1668595965732 1.2361104224249195 46349
1668595979387 1.31541859795734 46399
1668596004791 1.353449761673374 46449
1668596018364 1.1220038560144028 46499
1668596031943 1.3058946674471952 46549
1668596045532 1.3297864398027657 46599
1668596059113 1.2771131909274935 46649
1668596084734 1.3037888934957325 46699
1668596098316 1.2828468857136177 46749
1668596111924 1.303650917710573 46799
1668596125579 1.3441405722951538 46849
1668596151091 1.3420426938478087 46899
1668596164691 1.174696417982942 46949
1668596178276 1.1464512169554664 46999
1668596191913 1.1491509990511302 47049
1668596217317 1.2303808253308497 47099
1668596231029 1.3015907451298714 47149
1668596244717 1.2269652511033575 47199
1668596258362 1.2401118170224312 47249
1668596271934 1.3761199962294128 47299
1668596297388 1.3154531142129593 47349
1668596310966 1.3657325135047678 47399
1668596324562 1.098794786360814 47449
1668596338142 1.1834293181460154 47499
1668596363486 1.170122776404831 47549
1668596377208 1.241256530832989 47599
1668596390856 1.22006130606125 47649
1668596404508 1.3597137777806334 47699
1668596429886 1.2094859025887672 47749
1668596443451 1.215967735799081 47799
1668596457030 1.2334031859327745 47849
1668596470688 1.276751791003588 47899
1668596484266 1.2061229289907782 47949
1668596509849 1.277540208015227 47999
1668596523555 1.1988602423714814 48049
1668596537226 1.2503217425794348 48099
1668596550912 1.3369178388558765 48149
1668596576481 1.324412987291742 48199
1668596590069 1.2183620930291703 48249
1668596603673 1.1593213954309687 48299
1668596617326 1.306203710452543 48349
1668596642877 1.334840999678978 48399
1668596656461 1.4351162183367272 48449
1668596670082 1.212856423155662 48499
1668596683673 1.2521330462695008 48549
1668596697257 1.2008797208914102 48599
1668596722531 1.279281743741426 48649
1668596736115 1.244468809635239 48699
1668596749710 1.2009060088624008 48749
1668596763309 1.1797810088123593 48799
1668596788719 1.242074221443306 48849
1668596802303 1.1466688445338082 48899
1668596815888 1.2759208191950795 48949
1668596829493 1.2662932956348856 48999
1668596854703 1.345210042361521 49049
1668596868367 1.3535937671605158 49099
1668596882129 1.2990727098385146 49149
1668596895843 1.1369540902316237 49199
1668596909484 1.343833047019474 49249
1668596934813 1.2320581130893866 49299
1668596948496 1.3131846624675951 49349
1668596962096 1.0234145939347545 49399
1668596975686 1.281275773535655 49449
1668597000840 1.2443909393546388 49499
1668597014435 1.2983448038158594 49549
1668597028016 1.1543329840403904 49599
1668597041609 1.2235953622847682 49649
1668597067022 1.24351249235192 49699
1668597080706 1.3236683606145665 49749
1668597094387 1.258300002140571 49799
1668597107970 1.276198817433901 49849
1668597121568 1.2441759787142832 49899
1668597146972 1.175923009687394 49949
1668597160561 1.248981229090599 49999
1668597174142 1.2914983251482832 50049
1668597187735 1.2547334429446506 50099
1668597213192 1.2933480145460365 50149
1668597226863 1.3082665305012826 50199
1668597240559 1.2375387857381444 50249
1668597254224 1.178411139764488 50299
1668597279753 1.1102598109756836 50349
1668597293390 1.2957817369920486 50399
1668597307039 1.1954954930613817 50449
1668597320724 1.251807127895674 50499
1668597334410 1.1427414070656452 50549
1668597359736 1.3288654120547516 50599
1668597373374 1.2213736126015364 50649
1668597386962 1.2932002000408442 50699
1668597400562 1.246020601450502 50749
1668597425993 1.2417228541715875 50799
1668597439643 1.193194238231485 50849
1668597453330 1.2668137921075435 50899
1668597466949 1.26408544320926 50949
1668597492384 1.1729376398112346 50999
1668597505947 1.3316678929361738 51049
1668597519697 1.2151964765657837 51099
1668597533422 1.3572710286208542 51149
1668597547051 1.3221762159373793 51199
1668597572619 1.2294168449355487 51249
1668597586233 1.2005155907226017 51299
1668597599830 1.0513125449688523 51349
1668597613551 1.2760010001177917 51399
1668597639222 1.217547533812359 51449
1668597652809 1.2177314972520203 51499
1668597666406 1.3758963372535424 51549
1668597680112 1.2552521529499763 51599
1668597705625 1.3117485906207995 51649
1668597719232 1.1697800126023457 51699
1668597732813 1.3648636473675562 51749
1668597746538 1.2389195258203598 51799
1668597760161 1.2211180731635305 51849
1668597785672 1.2180639479172117 51899
1668597799325 1.228423830809691 51949
1668597813024 1.2450322572297297 51999
1668597826623 1.3249039433039962 52049
1668597851960 1.3483531666441908 52099
1668597865582 1.0764948174393232 52149
1668597879267 1.2664423931935092 52199
1668597892859 1.2971058985140855 52249
1668597918227 1.298482919357062 52299
1668597931781 1.1282709253281435 52349
1668597945465 1.2602273963275066 52399
1668597959053 1.249380947925454 52449
1668597972634 1.3180363553641627 52499
1668597998189 1.2917091031167611 52549
1668598011983 1.281447890361858 52599
1668598025621 1.3242790698423446 52649
1668598039235 1.0921132878236284 52699
1668598064895 1.248085827048865 52749
1668598078484 1.2682008213167708 52799
1668598092066 1.2782888515198383 52849
1668598105731 1.1044800438274853 52899
1668598131410 1.259438215218149 52949
1668598145019 1.242988915310783 52999
1668598158609 1.3123157984851062 53049
1668598172210 1.2111064920363923 53099
1668598185847 1.2902056934240276 53149
1668598211196 1.327461921523702 53199
1668598224851 1.2159143902120633 53249
1668598238481 1.113199856170709 53299
1668598252126 1.1407044434304383 53349
1668598277604 1.2499984377387978 53399
1668598291398 1.2441161084860728 53449
1668598305149 1.2354825571501893 53499
1668598318797 1.2389903429836746 53549
1668598344141 1.2450655671642556 53599
1668598357758 1.3085099812684002 53649
1668598371448 1.312027937516448 53699
1668598385217 1.1692102408827991 53749
1668598398802 1.347809954328313 53799
1668598424193 1.3087308584122672 53849
1668598437851 1.2046252719150625 53899
1668598451635 1.284275188343313 53949
1668598465263 1.2366403644659767 53999
1668598490727 1.2587761631626735 54049
1668598504327 1.2740793987455523 54099
1668598518070 1.1135811643916598 54149
1668598531670 1.2552434658423315 54199
1668598545102 1.3436513194024875 54249
1668598570642 1.2106617291881363 54299
1668598584258 1.1926207557033441 54349
1668598597979 1.1063294047529637 54399
1668598611645 1.315022167094273 54449
1668598637183 1.2209386536889126 54499
1668598650826 1.1261710466290702 54549
1668598664404 1.2243504175825026 54599
1668598677985 1.1698148066483947 54649
1668598703399 1.2702180584009661 54699
1668598717042 1.3366070087421207 54749
1668598730638 1.2454381759782518 54799
1668598744216 1.2613808297951485 54849
1668598757789 1.2828042921113012 54899
1668598783414 1.2518440588454918 54949
1668598797080 1.2276702852538346 54999
1668598810694 1.2940099949979036 55049
1668598824298 1.2460715356619407 55099
1668598849585 1.476566744605242 55149
1668598863156 1.3197407986104248 55199
1668598876782 1.2450179825585823 55249
1668598890370 1.3119918348942132 55299
1668598916087 1.1905512300682637 55349
1668598929677 1.2221884945032908 55399
1668598943264 1.2735966897033282 55449
1668598956907 1.13764807792883 55499
1668598970489 1.2568158218572543 55549
1668598995949 1.2000393508689333 55599
1668599009605 1.1618878154358259 55649
1668599023202 1.2610658847552665 55699
1668599036797 1.2809479738684835 55749
1668599062169 1.3306969049952273 55799
1668599075758 1.2279044960186756 55849
1668599089344 1.0661169144953753 55899
1668599103042 1.053315503052247 55949
1668599128296 1.2731074472257968 55999
1668599141861 1.2371206057557713 56049
1668599155435 1.3196614261480244 56099
1668599169045 1.349303664412732 56149
1668599182628 1.3569490154833037 56199
1668599208026 1.10297760208136 56249
1668599221632 1.2221260130173 56299
1668599235235 1.2663795396502335 56349
1668599248831 1.2929085887261753 56399
1668599274330 1.3374835020655103 56449
1668599287922 1.2750928959582324 56499
1668599301624 1.291580442654271 56549
1668599315340 1.277763672291039 56599
1668599340777 1.2884215102828915 56649
1668599354363 1.2745057379763045 56699
1668599367969 1.1948926010288594 56749
1668599381544 1.287852571842782 56799
1668599395118 1.2772207208517234 56849
1668599420599 1.1676837434766292 56899
1668599434180 1.2263888808437913 56949
1668599447771 1.2781858409661178 56999
1668599461367 1.3192319430665473 57049
1668599486749 1.2335717053853332 57099
1668599500423 1.2379800680031128 57149
1668599514030 1.268419350233095 57199
1668599527644 1.1000911332111012 57249
1668599553066 1.1855052518591593 57299
1668599566658 1.0441324268590662 57349
1668599580253 1.227711131068956 57399
1668599593851 1.2583227346457528 57449
1668599607442 1.3606601329985333 57499
1668599632870 1.3549213081488292 57549
1668599646461 1.218295668900085 57599
1668599660034 1.3003810214269285 57649
1668599673629 1.2417514560390277 57699
1668599699175 1.3323537480775007 57749
1668599712774 1.278604295038742 57799
1668599726402 1.2953420974547467 57849
1668599740043 1.2841522958571925 57899
1668599765334 1.2766778681262219 57949
1668599778907 1.2139238842982594 57999
1668599792496 1.1086010145132779 58049
1668599806081 1.3017944069496479 58099
1668599819678 1.1582392309560363 58149
1668599845090 1.2528654104250125 58199
1668599858789 1.2724247746343753 58249
1668599872473 1.270860601857592 58299
1668599886127 1.3436868495340482 58349
1668599911735 1.3211020637860833 58399
1668599925293 1.328153678153141 58449
1668599938865 1.2359868695275105 58499
1668599952531 1.2295688754827858 58549
1668599978091 1.3200687175422772 58599
1668599991683 1.2538084275963728 58649
1668600005357 1.2541125101932393 58699
1668600018965 1.1840491810784084 58749
1668600032569 1.3120978563580006 58799
1668600058124 1.250719243440916 58849
1668600071845 1.2223114136152309 58899
1668600085455 1.3424984774809872 58949
1668600099052 1.393768303255724 58999
1668600124397 1.297875338574908 59049
1668600137994 1.1831313206963214 59099
1668600151592 1.2596002083015478 59149
1668600165222 1.3394030901708134 59199
1668600190708 1.2498907581571461 59249
1668600204373 1.2991955114957245 59299
1668600218092 1.2934757230557565 59349
1668600231742 1.2061160446077057 59399
1668600245329 1.2521690935188245 59449
1668600270769 1.295064640297006 59499
1668600284342 1.272014796773214 59549
1668600297968 1.1378320318628061 59599
1668600311567 1.3053463006992028 59649
1668600336861 1.1619792348537044 59699
1668600350566 1.1300764159594192 59749
1668600364171 1.1494419579514652 59799
1668600377850 1.175933443013753 59849
1668600403636 1.2725700847332169 59899
1668600417387 1.3305687061618967 59949
1668600431121 1.3612085281859838 59999
1668600444804 1.1715579876403597 60049
1668600458416 1.2375347873186175 60099
1668600483938 1.1130862006806643 60149
1668600497543 1.0888532050029593 60199
1668600511146 1.3019391551979496 60249
1668600524748 1.214506913328535 60299
1668600550276 1.295282914029416 60349
1668600563900 1.1468163160681304 60399
1668600577558 1.2601241145488666 60449
1668600591235 1.3055794984765021 60499
1668600616572 1.3114672250004742 60549
1668600630170 1.2424129758764009 60599
1668600643758 1.3001255263083922 60649
1668600657362 1.2581270078344051 60699
1668600670949 1.2373262245254546 60749
1668600696571 1.3426402398216868 60799
1668600710206 1.3426878806622595 60849
1668600723842 1.2744255760048548 60899
1668600737428 1.141289647379831 60949
1668600762874 1.2485101219661725 60999
1668600776470 1.2949574644710984 61049
1668600790060 1.3327795587933786 61099
1668600803650 1.2053804726529036 61149
1668600829079 1.152036153447821 61199
1668600842635 1.1781013676415832 61249
1668600856242 1.2752525601861004 61299
1668600869866 1.3171202662835768 61349
1668600883542 1.2027083253419941 61399
1668600909069 1.1460580234243258 61449
1668600922803 1.201410720499832 61499
1668600936404 1.1803736256658666 61549
1668600950037 1.157553862532371 61599
1668600975487 1.314796486847863 61649
1668600989251 1.3271040769560085 61699
1668601002914 1.1789162299843325 61749
1668601016483 1.2985150872279407 61799
1668601041944 1.3459175002331716 61849
1668601055528 1.2196730249660828 61899
1668601069103 1.220037656203171 61949
1668601082701 1.1530357709413865 61999
1668601096293 1.2107902499519971 62049
1668601121618 1.1271793664195813 62099
1668601135191 1.1735586871082555 62149
1668601148772 1.1244932240605463 62199
1668601162364 1.3150231050264565 62249
1668601187973 1.290158425961358 62299
1668601201552 1.2709783737047868 62349
1668601215162 1.1747684145872639 62399
1668601228867 1.2409189582491615 62449
1668601254406 1.2874760730187191 62499
1668601268042 1.2737630200470664 62549
1668601281604 1.0539830746912564 62599
1668601295171 1.3499595491983 62649
1668601308739 1.233651406274256 62699
1668601334247 1.189203639542046 62749
1668601347855 1.2962158899013172 62799
1668601361582 1.2665266754267719 62849
1668601375148 1.3029976866451878 62899
1668601400406 1.3181474472214263 62949
1668601413975 1.3299651531273413 62999
1668601427555 1.0875482706718 63049
1668601441137 1.1954614528374832 63099
1668601466632 1.1061460335857811 63149
1668601480218 1.2260347462037338 63199
1668601493811 1.1657471801199244 63249
1668601507419 1.229916981063306 63299
1668601521026 1.340025904589475 63349
1668601546394 1.193381388205295 63399
1668601560065 1.194017358869067 63449
1668601573653 1.1997420825477443 63499
1668601587237 1.1796014828807329 63549
1668601612997 1.2136475394445707 63599
1668601626580 1.2233873381283085 63649
1668601640212 1.2401035485890686 63699
1668601653982 1.3331249281384712 63749
1668601680059 1.2141616457018178 63799
1668601693712 1.2535346380981585 63849
1668601707432 1.1549580256021383 63899
1668601721047 1.241941015476081 63949
1668601734669 1.283239199562142 63999
1668601760591 1.2223044349870835 64049
1668601774203 1.3247568816863473 64099
1668601787824 1.309283729835929 64149
1668601801443 1.3049740747595875 64199
1668601826825 1.180437454240899 64249
1668601840432 1.2558927737534054 64299
1668601854151 1.2857494009004684 64349
1668601867751 1.1893190700564436 64399
1668601893290 1.3223894264029787 64449
1668601906857 1.2546305608050297 64499
1668601920500 1.1374358940116798 64549
1668601934183 1.3364095844844894 64599
1668601947807 1.2082288738230356 64649
1668601973220 1.1698074183842073 64699
1668601986809 1.2816851900304789 64749
1668602000401 1.1727940210077774 64799
1668602014018 1.2795518078073218 64849
1668602039262 1.1834170662246113 64899
1668602052868 1.2860121385762624 64949
1668602066570 1.0839833550831495 64999
1668602080249 1.2787216636818377 65049
1668602093680 1.2630038135770727 65099
