1668501018032 1.0 49
1668501034750 1.0 99
1668501051731 1.0 149
1668501085554 0.75 199
1668501102033 1.0 249
1668501118612 1.0 299
1668501151416 1.0 349
1668501168290 1.0 399
1668501184876 1.0 449
1668501201488 1.0 499
1668501234698 0.0 549
1668501251248 1.0 599
1668501267853 0.6666666865348816 649
1668501300799 0.5 699
1668501317540 0.5 749
1668501334119 1.0 799
1668501350697 1.0 849
1668501383790 0.0 899
1668501400246 1.0 949
1668501416838 1.0 999
1668501449950 1.0 1049
1668501466740 0.75 1099
1668501483326 1.0 1149
1668501499944 1.0 1199
1668501533121 1.0 1249
1668501549649 1.0 1299
1668501566310 0.5 1349
1668501599313 0.0 1399
1668501615985 0.5 1449
1668501632604 0.5 1499
1668501649187 0.75 1549
1668501682587 0.0 1599
1668501699120 1.0 1649
1668501715703 0.0 1699
1668501748809 0.0 1749
1668501765497 1.0 1799
1668501782077 0.0 1849
1668501798625 1.0 1899
1668501832074 0.3333333432674408 1949
1668501848605 1.0 1999
1668501865216 1.0 2049
1668501898894 1.0 2099
1668501915530 1.0 2149
1668501932132 1.0 2199
1668501965228 0.6666666865348816 2249
1668501982152 1.0 2299
1668501998709 1.0 2349
1668502015306 1.0 2399
1668502048459 1.0 2449
1668502064963 0.0 2499
1668502081568 0.3333333432674408 2549
1668502114252 1.0 2599
1668502130986 0.0 2649
1668502147565 1.0 2699
1668502164137 0.6666666865348816 2749
1668502197326 0.0 2799
1668502213961 1.0 2849
1668502230553 1.0 2899
1668502263825 0.5 2949
1668502280609 1.0 2999
1668502297162 0.3333333432674408 3049
1668502313746 0.3333333432674408 3099
1668502347114 1.0 3149
1668502363580 0.0 3199
1668502380189 1.0 3249
1668502413625 0.0 3299
1668502430432 0.5 3349
1668502447043 1.0 3399
1668502463616 1.0 3449
1668502496683 0.75 3499
1668502513232 0.0 3549
1668502529810 0.0 3599
1668502562683 0.5 3649
1668502579309 0.5 3699
1668502595924 0.0 3749
1668502612509 0.75 3799
1668502645652 1.0 3849
1668502662171 0.0 3899
1668502678786 1.0 3949
1668502712564 1.0 3999
1668502729271 0.6666666865348816 4049
1668502745889 1.0 4099
1668502762480 1.0 4149
1668502796060 1.0 4199
1668502812633 0.5 4249
1668502829253 0.75 4299
1668502862560 0.6666666865348816 4349
1668502879138 0.5 4399
1668502895742 1.0 4449
1668502928477 0.0 4499
1668502945284 0.6666666865348816 4549
1668502961842 1.0 4599
1668502978422 0.0 4649
1668503012310 1.0 4699
1668503028814 0.0 4749
1668503045410 0.75 4799
1668503078545 0.6666666865348816 4849
1668503095323 1.0 4899
1668503111913 0.6666666865348816 4949
1668503128494 0.6666666865348816 4999
1668503162072 0.800000011920929 5049
1668503178566 1.0 5099
1668503195160 0.5 5149
1668503228198 1.0 5199
1668503244962 0.6000000238418579 5249
1668503261550 0.6666666865348816 5299
1668503278146 1.0 5349
1668503311791 0.6666666865348816 5399
1668503328263 0.6666666865348816 5449
1668503344881 0.5 5499
1668503377722 0.75 5549
1668503394398 0.5 5599
1668503411000 0.6666666865348816 5649
1668503427592 1.0 5699
1668503461214 0.5 5749
1668503477739 0.6666666865348816 5799
1668503494326 0.6666666865348816 5849
1668503527738 0.3333333432674408 5899
1668503544352 0.5 5949
1668503560949 0.6666666865348816 5999
1668503577523 0.0 6049
1668503610891 0.5 6099
1668503627418 0.6000000238418579 6149
1668503644001 1.0 6199
1668503677063 0.75 6249
1668503693739 0.0 6299
1668503710352 0.5 6349
1668503726958 0.3333333432674408 6399
1668503760431 0.6666666865348816 6449
1668503776989 0.800000011920929 6499
1668503793599 0.8333333134651184 6549
1668503826684 0.6666666865348816 6599
1668503843226 1.0 6649
1668503859801 1.0 6699
1668503893120 0.3333333432674408 6749
1668503909935 0.75 6799
1668503926518 0.6666666865348816 6849
1668503943171 0.6000000238418579 6899
1668503976517 0.6666666865348816 6949
1668503992998 1.0 6999
1668504009611 0.5 7049
1668504042763 1.0 7099
1668504059527 0.0 7149
1668504076117 1.0 7199
1668504092705 1.0 7249
1668504126650 1.0 7299
1668504143126 0.5 7349
1668504159741 0.5 7399
1668504193030 0.8571428656578064 7449
1668504209730 1.0 7499
1668504226331 0.5 7549
1668504242923 1.0 7599
1668504275870 0.6666666865348816 7649
1668504292367 1.0 7699
1668504308966 0.75 7749
1668504342311 0.6000000238418579 7799
1668504358973 1.0 7849
1668504375541 1.0 7899
1668504392154 1.0 7949
1668504425648 1.0 7999
1668504442158 0.75 8049
1668504458748 0.800000011920929 8099
1668504491487 1.0 8149
1668504508189 0.5 8199
1668504524770 1.0 8249
1668504541339 1.0 8299
1668504574707 1.0 8349
1668504591225 0.4000000059604645 8399
1668504607858 0.6666666865348816 8449
1668504641271 0.6666666865348816 8499
1668504657779 0.5 8549
1668504674373 0.6666666865348816 8599
1668504690962 0.75 8649
1668504724336 1.0 8699
1668504740905 0.0 8749
1668504757499 0.75 8799
1668504790889 0.6000000238418579 8849
1668504807379 1.0 8899
1668504823981 0.75 8949
1668504856928 0.6666666865348816 8999
1668504873716 0.800000011920929 9049
1668504890295 1.0 9099
1668504906895 0.75 9149
1668504939997 1.0 9199
1668504956468 0.75 9249
1668504973061 1.0 9299
1668505006295 0.6666666865348816 9349
1668505023114 0.6666666865348816 9399
1668505039696 0.6666666865348816 9449
1668505056298 0.75 9499
1668505089815 0.6666666865348816 9549
1668505106265 1.0 9599
1668505122861 0.8333333134651184 9649
1668505156251 0.4000000059604645 9699
1668505173139 0.6000000238418579 9749
1668505189741 1.0 9799
1668505206343 0.25 9849
1668505239604 1.0 9899
1668505256086 0.6000000238418579 9949
1668505272657 1.0 9999
1668505305918 0.6000000238418579 10049
1668505322642 1.0 10099
1668505339251 0.0 10149
1668505355861 1.0 10199
1668505389296 1.0 10249
1668505405813 0.6666666865348816 10299
1668505422412 0.5 10349
1668505455835 1.0 10399
1668505472445 0.75 10449
1668505489038 1.0 10499
1668505505642 0.6666666865348816 10549
1668505539160 0.25 10599
1668505555694 1.0 10649
1668505572314 0.25 10699
1668505605781 0.6000000238418579 10749
1668505622309 0.5 10799
1668505638877 0.75 10849
1668505672021 0.8333333134651184 10899
1668505688729 0.6000000238418579 10949
1668505705294 0.6000000238418579 10999
1668505721876 0.6666666865348816 11049
1668505755295 0.0 11099
1668505771815 1.0 11149
1668505788413 0.6666666865348816 11199
1668505821847 0.8571428656578064 11249
1668505838584 0.6666666865348816 11299
1668505855169 1.0 11349
1668505871769 0.6666666865348816 11399
1668505905206 0.6666666865348816 11449
1668505921680 0.5 11499
1668505938290 0.5714285969734192 11549
1668505971468 0.75 11599
1668505988213 0.8333333134651184 11649
1668506004794 0.8333333134651184 11699
1668506021372 0.800000011920929 11749
1668506055280 1.0 11799
1668506071771 0.6000000238418579 11849
1668506088349 0.6666666865348816 11899
1668506121660 1.0 11949
1668506138434 0.75 11999
1668506155023 0.0 12049
1668506171596 0.0 12099
1668506204742 1.0 12149
1668506221240 0.6666666865348816 12199
1668506237861 1.0 12249
1668506271187 0.6666666865348816 12299
1668506287904 0.4285714328289032 12349
1668506304530 0.6666666865348816 12399
1668506321149 0.6666666865348816 12449
1668506355089 0.75 12499
1668506371624 0.6666666865348816 12549
1668506388249 0.800000011920929 12599
1668506421522 0.800000011920929 12649
1668506438168 0.25 12699
1668506454763 1.0 12749
1668506471358 1.0 12799
1668506504783 0.3333333432674408 12849
1668506521325 0.5 12899
1668506537890 0.5 12949
1668506571286 1.0 12999
1668506587823 0.5 13049
1668506604408 1.0 13099
1668506637588 0.75 13149
1668506654427 0.6666666865348816 13199
1668506670954 0.6666666865348816 13249
1668506687554 0.8571428656578064 13299
1668506720767 1.0 13349
1668506737281 0.5 13399
1668506753897 0.6000000238418579 13449
1668506787009 0.75 13499
1668506803801 0.5 13549
1668506820368 1.0 13599
1668506836972 0.3333333432674408 13649
1668506870279 0.6666666865348816 13699
1668506886736 0.5 13749
1668506903336 0.6666666865348816 13799
1668506936546 1.0 13849
1668506953334 0.6666666865348816 13899
1668506969901 1.0 13949
1668506986485 1.0 13999
1668507020020 1.0 14049
1668507036483 0.5 14099
1668507053068 0.5 14149
1668507086388 0.6666666865348816 14199
1668507103145 0.6000000238418579 14249
1668507119724 1.0 14299
1668507136314 1.0 14349
1668507169659 0.6666666865348816 14399
1668507186169 1.0 14449
1668507202779 0.5 14499
1668507236242 1.0 14549
1668507252848 0.3333333432674408 14599
1668507269463 0.5 14649
1668507286067 0.800000011920929 14699
1668507319648 1.0 14749
1668507336289 0.6000000238418579 14799
1668507352859 0.75 14849
1668507386094 0.800000011920929 14899
1668507402646 0.5 14949
1668507419234 0.5 14999
1668507435845 0.5 15049
1668507468941 0.800000011920929 15099
1668507485462 0.5 15149
1668507502061 0.6000000238418579 15199
1668507535315 0.6000000238418579 15249
1668507551818 0.800000011920929 15299
1668507568410 0.800000011920929 15349
1668507601986 1.0 15399
1668507618757 0.3333333432674408 15449
1668507635301 0.5 15499
1668507651892 0.5 15549
1668507685457 0.5 15599
1668507701940 1.0 15649
1668507718557 0.6666666865348816 15699
1668507751329 0.6666666865348816 15749
1668507768075 0.6666666865348816 15799
1668507784609 0.0 15849
1668507801193 1.0 15899
1668507834531 0.5 15949
1668507850986 0.8333333134651184 15999
1668507867573 0.4285714328289032 16049
1668507900775 0.3333333432674408 16099
1668507917527 0.5 16149
1668507934088 0.3333333432674408 16199
1668507950695 0.800000011920929 16249
1668507984034 0.6666666865348816 16299
1668508000490 0.5 16349
1668508017074 0.75 16399
1668508050384 0.6666666865348816 16449
1668508067098 1.0 16499
1668508083713 0.75 16549
1668508100290 0.75 16599
1668508133204 0.75 16649
1668508149731 1.0 16699
1668508166304 0.6666666865348816 16749
1668508199531 0.800000011920929 16799
1668508216211 0.5 16849
1668508232777 0.75 16899
1668508249343 0.5 16949
1668508282867 0.75 16999
1668508299374 0.0 17049
1668508315976 0.8571428656578064 17099
1668508349610 0.5 17149
1668508366198 1.0 17199
1668508382782 0.5 17249
1668508399338 0.5 17299
1668508432560 0.5 17349
1668508449115 1.0 17399
1668508465673 1.0 17449
1668508498944 0.6000000238418579 17499
1668508515476 0.800000011920929 17549
1668508532033 0.6000000238418579 17599
1668508565209 0.5 17649
1668508581979 0.6666666865348816 17699
1668508598494 0.0 17749
1668508615093 0.3333333432674408 17799
1668508648554 0.3333333432674408 17849
1668508665004 1.0 17899
1668508681607 1.0 17949
1668508714718 0.4285714328289032 17999
1668508731502 1.0 18049
1668508748076 0.5 18099
1668508764661 0.8333333134651184 18149
1668508797947 0.6666666865348816 18199
1668508814445 0.3333333432674408 18249
1668508831021 0.4000000059604645 18299
1668508864092 0.5714285969734192 18349
1668508880791 1.0 18399
1668508897393 1.0 18449
1668508913995 0.7142857313156128 18499
1668508947512 0.25 18549
1668508964004 0.5 18599
1668508980573 0.6666666865348816 18649
1668509014175 0.8333333134651184 18699
1668509030916 0.6000000238418579 18749
1668509047506 1.0 18799
1668509064112 1.0 18849
1668509097660 1.0 18899
1668509114152 0.6000000238418579 18949
1668509130701 0.800000011920929 18999
1668509164098 0.0 19049
1668509180746 0.8333333134651184 19099
1668509197310 0.5 19149
1668509213912 0.5 19199
1668509247189 0.800000011920929 19249
1668509263711 0.75 19299
1668509280270 1.0 19349
1668509313690 0.5 19399
1668509330284 0.6666666865348816 19449
1668509346848 1.0 19499
1668509379692 1.0 19549
1668509396486 1.0 19599
1668509413028 1.0 19649
1668509429598 1.0 19699
1668509463162 0.25 19749
1668509479662 1.0 19799
1668509496206 0.6666666865348816 19849
1668509529401 0.5 19899
1668509546348 1.0 19949
1668509562890 0.5 19999
1668509579496 0.8571428656578064 20049
1668509613120 0.6666666865348816 20099
1668509629570 0.75 20149
1668509646164 0.3333333432674408 20199
1668509679137 0.0 20249
1668509695894 0.0 20299
1668509712477 0.75 20349
1668509729062 0.75 20399
1668509762463 0.1666666716337204 20449
1668509778939 0.6000000238418579 20499
1668509795528 0.6000000238418579 20549
1668509828756 0.8333333134651184 20599
1668509845548 1.0 20649
1668509862270 0.7142857313156128 20699
1668509878856 1.0 20749
1668509912110 0.5 20799
1668509928616 0.75 20849
1668509945202 0.8333333134651184 20899
1668509978186 0.5 20949
1668509994884 0.6666666865348816 20999
1668510011463 0.4285714328289032 21049
1668510028040 0.6666666865348816 21099
1668510061386 1.0 21149
1668510077898 1.0 21199
1668510094480 1.0 21249
1668510127766 0.0 21299
1668510144425 0.75 21349
1668510161009 0.5 21399
1668510177594 0.6000000238418579 21449
1668510210993 0.8333333134651184 21499
1668510227519 1.0 21549
1668510244128 0.6000000238418579 21599
1668510277862 0.75 21649
1668510294356 1.0 21699
1668510310945 0.6666666865348816 21749
1668510343918 0.3333333432674408 21799
1668510360717 0.6666666865348816 21849
1668510377263 0.5 21899
1668510393855 1.0 21949
1668510427437 0.75 21999
1668510443932 0.6000000238418579 22049
1668510460516 0.4000000059604645 22099
1668510493513 0.6666666865348816 22149
1668510510272 0.6666666865348816 22199
1668510526811 0.4000000059604645 22249
1668510543382 0.0 22299
1668510576828 0.3333333432674408 22349
1668510593286 0.75 22399
1668510609876 0.6000000238418579 22449
1668510643106 0.4000000059604645 22499
1668510659899 0.75 22549
1668510676465 0.75 22599
1668510693026 0.5 22649
1668510726561 0.6000000238418579 22699
1668510743079 0.6666666865348816 22749
1668510759660 1.0 22799
1668510792947 0.6000000238418579 22849
1668510809708 0.0 22899
1668510826283 0.5 22949
1668510842874 0.800000011920929 22999
1668510876200 0.3333333432674408 23049
1668510892695 0.8333333134651184 23099
1668510909266 0.6666666865348816 23149
1668510942457 1.0 23199
1668510959183 0.75 23249
1668510975761 1.0 23299
1668510992337 0.5 23349
1668511025804 0.6000000238418579 23399
1668511042339 0.5 23449
1668511058901 1.0 23499
1668511092083 0.6666666865348816 23549
1668511108683 0.3333333432674408 23599
1668511125274 1.0 23649
1668511141869 0.6666666865348816 23699
1668511174892 0.5 23749
1668511191437 0.6000000238418579 23799
1668511208057 0.800000011920929 23849
1668511241475 0.75 23899
1668511258059 0.4000000059604645 23949
1668511274664 1.0 23999
1668511307801 0.0 24049
1668511324628 0.6000000238418579 24099
1668511341204 0.6666666865348816 24149
1668511357795 0.6000000238418579 24199
1668511391204 1.0 24249
1668511407687 0.6666666865348816 24299
1668511424272 0.20000000298023224 24349
1668511457538 1.0 24399
1668511474313 0.5 24449
1668511490888 1.0 24499
1668511507465 1.0 24549
1668511541217 0.0 24599
1668511557688 0.800000011920929 24649
1668511574257 0.8333333134651184 24699
1668511607524 0.800000011920929 24749
1668511624386 0.75 24799
1668511640933 0.6666666865348816 24849
1668511657479 0.6666666865348816 24899
1668511690771 1.0 24949
1668511707259 1.0 24999
1668511723843 1.0 25049
1668511757035 0.5 25099
1668511773730 0.75 25149
1668511790327 0.20000000298023224 25199
1668511806933 0.0 25249
1668511840062 0.6000000238418579 25299
1668511856572 0.6666666865348816 25349
1668511873163 0.25 25399
1668511906471 0.800000011920929 25449
1668511923140 1.0 25499
1668511939735 1.0 25549
1668511956300 1.0 25599
1668511989579 1.0 25649
1668512006112 1.0 25699
1668512022683 1.0 25749
1668512055819 0.5 25799
1668512072399 1.0 25849
1668512089003 0.6000000238418579 25899
1668512105594 0.6000000238418579 25949
1668512138975 0.75 25999
1668512155523 0.6000000238418579 26049
1668512172107 0.5 26099
1668512205364 0.5 26149
1668512221943 0.75 26199
1668512238507 0.800000011920929 26249
1668512271421 0.6000000238418579 26299
1668512288297 0.75 26349
1668512304866 1.0 26399
1668512321455 0.6666666865348816 26449
1668512355206 0.4000000059604645 26499
1668512371685 0.800000011920929 26549
1668512388275 0.5 26599
1668512421457 0.4000000059604645 26649
1668512438347 0.75 26699
1668512454925 0.6666666865348816 26749
1668512471525 0.6000000238418579 26799
1668512505186 1.0 26849
1668512521766 0.6666666865348816 26899
1668512538364 1.0 26949
1668512571639 1.0 26999
1668512588483 0.25 27049
1668512605080 0.800000011920929 27099
1668512621693 1.0 27149
1668512655386 1.0 27199
1668512671974 0.6666666865348816 27249
1668512688541 1.0 27299
1668512721664 1.0 27349
1668512738479 0.6666666865348816 27399
1668512755122 1.0 27449
1668512771694 1.0 27499
1668512805133 0.6000000238418579 27549
1668512822252 0.5 27599
1668512838828 0.6000000238418579 27649
1668512871786 0.3333333432674408 27699
1668512888577 1.0 27749
1668512905182 0.0 27799
1668512921779 0.3333333432674408 27849
1668512954991 0.75 27899
1668512971605 1.0 27949
1668512988180 0.25 27999
1668513021487 0.5 28049
1668513038105 0.75 28099
1668513054729 0.75 28149
1668513087593 0.6666666865348816 28199
1668513104395 0.0 28249
1668513120952 0.75 28299
1668513137535 0.8333333134651184 28349
1668513171013 0.3333333432674408 28399
1668513187559 0.75 28449
1668513204165 0.3333333432674408 28499
1668513237413 0.4000000059604645 28549
1668513254216 1.0 28599
1668513270809 0.0 28649
1668513287403 0.5 28699
1668513320763 0.5 28749
1668513337242 0.5 28799
1668513353853 0.6666666865348816 28849
1668513386893 0.0 28899
1668513403705 1.0 28949
1668513420329 0.75 28999
1668513436962 1.0 29049
1668513470061 1.0 29099
1668513486569 1.0 29149
1668513503181 1.0 29199
1668513536264 0.5 29249
1668513553031 1.0 29299
1668513569634 1.0 29349
1668513586217 0.3333333432674408 29399
1668513619472 0.0 29449
1668513636007 1.0 29499
1668513652618 1.0 29549
1668513686150 1.0 29599
1668513702900 0.6666666865348816 29649
1668513719521 0.6666666865348816 29699
1668513736143 0.6666666865348816 29749
1668513769536 0.75 29799
1668513786084 1.0 29849
1668513802675 0.75 29899
1668513835947 0.5 29949
1668513852621 1.0 29999
1668513869208 0.75 30049
1668513885777 1.0 30099
1668513918762 0.6666666865348816 30149
1668513935354 0.5 30199
1668513951944 0.6666666865348816 30249
1668513985343 1.0 30299
1668514001949 1.0 30349
1668514018543 0.5 30399
1668514051926 1.0 30449
1668514068752 1.0 30499
1668514085352 0.5 30549
1668514101896 1.0 30599
1668514135176 0.6666666865348816 30649
1668514151697 1.0 30699
1668514168319 0.0 30749
1668514201486 1.0 30799
1668514218299 0.6666666865348816 30849
1668514234869 0.4000000059604645 30899
1668514251451 0.800000011920929 30949
1668514285015 1.0 30999
1668514301496 0.5 31049
1668514318103 1.0 31099
1668514351378 0.0 31149
1668514368132 0.20000000298023224 31199
1668514384742 0.6666666865348816 31249
1668514401318 1.0 31299
1668514434770 0.8333333134651184 31349
1668514451272 0.6666666865348816 31399
1668514467850 1.0 31449
1668514500864 0.3333333432674408 31499
1668514517500 0.5 31549
1668514534099 1.0 31599
1668514550673 1.0 31649
1668514584069 0.3333333432674408 31699
1668514600623 0.6666666865348816 31749
1668514617211 0.6666666865348816 31799
1668514650275 1.0 31849
1668514666997 0.0 31899
1668514683610 0.6666666865348816 31949
1668514700210 0.75 31999
1668514733230 0.800000011920929 32049
1668514749783 0.75 32099
1668514766396 0.6666666865348816 32149
1668514799649 0.6666666865348816 32199
1668514816205 0.5 32249
1668514832819 0.6666666865348816 32299
1668514849412 0.800000011920929 32349
1668514882392 1.0 32399
1668514898921 1.0 32449
1668514915495 1.0 32499
1668514948868 0.75 32549
1668514965367 0.25 32599
1668514981957 0.5 32649
1668515015224 0.6666666865348816 32699
1668515032059 1.0 32749
1668515048630 0.4000000059604645 32799
1668515065214 0.5 32849
1668515098513 0.6666666865348816 32899
1668515114993 0.6666666865348816 32949
1668515131607 0.6000000238418579 32999
1668515164726 1.0 33049
1668515181518 0.0 33099
1668515198119 0.5 33149
1668515214718 0.8571428656578064 33199
1668515248079 1.0 33249
1668515264590 1.0 33299
1668515281176 0.6000000238418579 33349
1668515314596 0.5 33399
1668515331387 0.5 33449
1668515347993 0.6666666865348816 33499
1668515364542 0.6666666865348816 33549
1668515397717 0.5 33599
1668515414231 0.6666666865348816 33649
1668515430829 0.6666666865348816 33699
1668515464112 0.3333333432674408 33749
1668515480931 0.5 33799
1668515497539 1.0 33849
1668515514136 0.6666666865348816 33899
1668515547521 1.0 33949
1668515564019 1.0 33999
1668515580609 0.5 34049
1668515613793 1.0 34099
1668515630441 0.6666666865348816 34149
1668515647036 1.0 34199
1668515663643 0.6666666865348816 34249
1668515697192 0.800000011920929 34299
1668515713854 0.0 34349
1668515730477 0.5 34399
1668515763967 0.800000011920929 34449
1668515780548 0.6666666865348816 34499
1668515797174 0.5 34549
1668515813754 0.5 34599
1668515847315 0.6666666865348816 34649
1668515863914 1.0 34699
1668515880529 0.3333333432674408 34749
1668515913887 0.75 34799
1668515930429 1.0 34849
1668515947062 1.0 34899
1668515980161 1.0 34949
1668515996982 1.0 34999
1668516013613 1.0 35049
1668516030248 1.0 35099
1668516064011 1.0 35149
1668516080467 0.75 35199
1668516097059 0.5 35249
1668516130260 0.6000000238418579 35299
1668516147078 1.0 35349
1668516163672 1.0 35399
1668516180247 0.6666666865348816 35449
1668516213792 0.75 35499
1668516230273 1.0 35549
1668516246887 0.800000011920929 35599
1668516279929 0.4000000059604645 35649
1668516296713 1.0 35699
1668516313415 1.0 35749
1668516330013 0.5 35799
1668516363567 0.25 35849
1668516380062 1.0 35899
1668516396674 1.0 35949
1668516429981 0.8333333134651184 35999
1668516446641 0.0 36049
1668516463230 0.75 36099
1668516479817 0.8333333134651184 36149
1668516513250 1.0 36199
1668516529755 0.25 36249
1668516546336 1.0 36299
1668516579713 0.6666666865348816 36349
1668516596489 0.6666666865348816 36399
1668516613101 0.75 36449
1668516629696 0.3333333432674408 36499
1668516663033 1.0 36549
1668516679539 1.0 36599
1668516696116 0.6666666865348816 36649
1668516729350 1.0 36699
1668516745928 1.0 36749
1668516762534 0.5 36799
1668516795654 0.75 36849
1668516812451 1.0 36899
1668516829001 1.0 36949
1668516845593 0.25 36999
1668516878420 1.0 37049
1668516895005 0.4285714328289032 37099
1668516911634 0.5 37149
1668516944829 0.7142857313156128 37199
1668516961621 0.5 37249
1668516978200 1.0 37299
1668516994790 1.0 37349
1668517028202 0.0 37399
1668517044652 0.75 37449
1668517061249 1.0 37499
1668517094425 0.5 37549
1668517111125 0.6666666865348816 37599
1668517127707 0.25 37649
1668517144269 1.0 37699
1668517177875 0.75 37749
1668517194406 0.6666666865348816 37799
1668517210994 0.6666666865348816 37849
1668517244388 0.0 37899
1668517261020 0.6666666865348816 37949
1668517277640 0.800000011920929 37999
1668517294234 1.0 38049
1668517327477 1.0 38099
1668517343982 0.75 38149
1668517360597 1.0 38199
1668517393434 0.5 38249
1668517410115 1.0 38299
1668517426716 0.5 38349
1668517443319 0.6000000238418579 38399
1668517477042 0.75 38449
1668517493587 1.0 38499
1668517510218 1.0 38549
1668517543802 0.5 38599
1668517560431 0.75 38649
1668517577049 0.75 38699
1668517593656 0.5 38749
1668517627057 0.5 38799
1668517643604 0.6666666865348816 38849
1668517660185 1.0 38899
1668517693186 1.0 38949
1668517709873 0.6666666865348816 38999
1668517726463 1.0 39049
1668517759861 0.3333333432674408 39099
1668517776617 0.5 39149
1668517793168 0.8333333134651184 39199
1668517809770 0.8333333134651184 39249
1668517842973 1.0 39299
1668517859443 1.0 39349
1668517876058 1.0 39399
1668517909459 0.25 39449
1668517926220 0.75 39499
1668517942775 1.0 39549
1668517959364 0.5 39599
1668517992423 1.0 39649
1668518008888 0.7142857313156128 39699
1668518025468 0.5 39749
1668518058503 0.75 39799
1668518075230 0.75 39849
1668518091790 0.6666666865348816 39899
1668518108388 0.75 39949
1668518142039 0.75 39999
1668518158501 0.75 40049
1668518175093 0.75 40099
1668518208162 0.25 40149
1668518224863 0.6666666865348816 40199
1668518241461 0.75 40249
1668518258040 1.0 40299
1668518291352 1.0 40349
1668518307866 0.3333333432674408 40399
1668518324457 0.5 40449
1668518358003 0.5 40499
1668518374611 0.6000000238418579 40549
1668518391200 1.0 40599
1668518407805 0.5 40649
1668518441351 1.0 40699
1668518457864 0.75 40749
1668518474472 0.5 40799
1668518507496 0.8571428656578064 40849
1668518524185 1.0 40899
1668518540789 1.0 40949
1668518557376 0.75 40999
1668518590676 0.6666666865348816 41049
1668518607223 1.0 41099
1668518623829 0.800000011920929 41149
1668518657370 1.0 41199
1668518673841 0.800000011920929 41249
1668518690431 0.4000000059604645 41299
1668518723704 0.5 41349
1668518740497 1.0 41399
1668518757048 0.75 41449
1668518773617 0.75 41499
1668518806593 0.5 41549
1668518823036 1.0 41599
1668518839624 1.0 41649
1668518872364 0.5 41699
1668518889123 0.6000000238418579 41749
1668518905821 1.0 41799
1668518922435 1.0 41849
1668518955672 1.0 41899
1668518972155 0.5 41949
1668518988770 0.5 41999
1668519021770 0.4000000059604645 42049
1668519038540 0.5 42099
1668519055121 1.0 42149
1668519071711 0.75 42199
1668519104749 0.6666666865348816 42249
1668519121262 0.5 42299
1668519137856 1.0 42349
1668519171072 1.0 42399
1668519187772 0.75 42449
1668519204365 0.75 42499
1668519220947 0.0 42549
1668519254224 0.3333333432674408 42599
1668519270732 0.6666666865348816 42649
1668519287312 1.0 42699
1668519320311 0.6666666865348816 42749
1668519337011 0.0 42799
1668519353585 0.25 42849
1668519370181 0.5 42899
1668519403712 0.25 42949
1668519420222 0.0 42999
1668519436842 1.0 43049
1668519470070 0.6666666865348816 43099
1668519486612 0.75 43149
1668519503199 1.0 43199
1668519519802 0.75 43249
1668519553231 1.0 43299
1668519569775 0.75 43349
1668519586367 0.6666666865348816 43399
1668519619865 0.6666666865348816 43449
1668519636452 0.5 43499
1668519653064 0.3333333432674408 43549
1668519686021 0.75 43599
1668519702795 0.8333333134651184 43649
1668519719302 0.6666666865348816 43699
1668519735887 0.20000000298023224 43749
1668519769160 0.5 43799
1668519785639 0.6666666865348816 43849
1668519802222 0.3333333432674408 43899
1668519835553 1.0 43949
1668519852333 0.3333333432674408 43999
1668519868895 1.0 44049
1668519885493 1.0 44099
1668519918879 0.5 44149
1668519935357 0.5 44199
1668519951917 0.5 44249
1668519984987 1.0 44299
1668520001791 0.6000000238418579 44349
1668520018378 0.3333333432674408 44399
1668520034958 1.0 44449
1668520068503 0.75 44499
1668520084993 0.800000011920929 44549
1668520101576 1.0 44599
1668520134757 0.800000011920929 44649
1668520151516 0.0 44699
1668520168104 1.0 44749
1668520184712 0.5 44799
1668520218295 0.7142857313156128 44849
1668520234805 0.75 44899
1668520251397 0.6666666865348816 44949
1668520284685 1.0 44999
1668520301294 0.7142857313156128 45049
1668520317876 0.75 45099
1668520334472 0.6666666865348816 45149
1668520368107 0.6666666865348816 45199
1668520384681 0.5 45249
1668520401318 0.75 45299
1668520434712 1.0 45349
1668520451285 0.5 45399
1668520467845 0.75 45449
1668520501074 0.5 45499
1668520517875 0.5 45549
1668520534435 1.0 45599
1668520551019 1.0 45649
1668520584601 0.0 45699
1668520601047 1.0 45749
1668520617626 0.5 45799
1668520650614 0.6666666865348816 45849
1668520667406 0.0 45899
1668520683991 0.75 45949
1668520700601 1.0 45999
1668520734256 0.3333333432674408 46049
1668520750729 0.75 46099
1668520767322 0.5 46149
1668520800793 0.6666666865348816 46199
1668520817567 1.0 46249
1668520834157 0.800000011920929 46299
1668520850736 0.6666666865348816 46349
1668520884310 1.0 46399
1668520900795 1.0 46449
1668520917372 0.6000000238418579 46499
1668520949935 1.0 46549
1668520966721 1.0 46599
1668520983295 0.5 46649
1668520999877 1.0 46699
1668521033472 0.6666666865348816 46749
1668521049984 0.0 46799
1668521066582 0.0 46849
1668521099938 1.0 46899
1668521116662 0.800000011920929 46949
1668521133259 1.0 46999
1668521149858 0.5 47049
1668521183293 0.75 47099
1668521199815 0.5 47149
1668521216389 0.5 47199
1668521249744 1.0 47249
1668521266306 1.0 47299
1668521282890 1.0 47349
1668521299477 0.6000000238418579 47399
1668521332946 0.800000011920929 47449
1668521349471 0.6666666865348816 47499
1668521366059 0.5 47549
1668521399330 0.6666666865348816 47599
1668521415915 1.0 47649
1668521432504 1.0 47699
1668521465553 1.0 47749
1668521482331 0.5 47799
1668521498875 0.75 47849
1668521515441 0.6666666865348816 47899
1668521548566 1.0 47949
1668521565028 0.6666666865348816 47999
1668521581601 0.6666666865348816 48049
1668521614518 0.6666666865348816 48099
1668521631307 0.0 48149
1668521648000 0.5 48199
1668521664587 0.3333333432674408 48249
1668521698037 1.0 48299
1668521714508 1.0 48349
1668521731081 0.4285714328289032 48399
1668521764074 1.0 48449
1668521780831 0.4000000059604645 48499
1668521797366 0.5 48549
1668521813948 1.0 48599
1668521847268 1.0 48649
1668521863737 1.0 48699
1668521880295 0.6000000238418579 48749
1668521913101 0.5 48799
1668521929864 0.75 48849
1668521946448 0.25 48899
1668521963024 0.3333333432674408 48949
1668521996352 1.0 48999
1668522012870 1.0 49049
1668522029457 0.0 49099
1668522062754 1.0 49149
1668522079485 0.5 49199
1668522096095 1.0 49249
1668522112681 1.0 49299
1668522146334 0.75 49349
1668522162856 1.0 49399
1668522179438 0.0 49449
1668522212586 0.5 49499
1668522229297 0.0 49549
1668522245911 0.5 49599
1668522262471 0.75 49649
1668522296062 0.6666666865348816 49699
1668522312588 0.75 49749
1668522329176 1.0 49799
1668522362746 1.0 49849
1668522379262 1.0 49899
1668522395870 1.0 49949
1668522429368 0.800000011920929 49999
1668522446210 1.0 50049
1668522462760 1.0 50099
1668522479367 0.6000000238418579 50149
1668522513066 1.0 50199
1668522529571 0.75 50249
1668522546173 0.0 50299
1668522580018 0.75 50349
1668522596750 0.5 50399
1668522613336 0.5 50449
1668522629904 0.5 50499
1668522663337 0.6666666865348816 50549
1668522679881 0.75 50599
1668522696515 0.0 50649
1668522729818 0.3333333432674408 50699
1668522746678 1.0 50749
1668522763260 1.0 50799
1668522779856 0.800000011920929 50849
1668522813302 0.75 50899
1668522829804 0.5 50949
1668522846407 0.3333333432674408 50999
1668522879692 0.800000011920929 51049
1668522896369 0.5 51099
1668522912939 0.5 51149
1668522929528 0.6666666865348816 51199
1668522962772 0.75 51249
1668522979265 0.5 51299
1668522995867 0.800000011920929 51349
1668523028952 0.6666666865348816 51399
1668523045640 0.5 51449
1668523062255 0.6666666865348816 51499
1668523078845 0.5 51549
1668523112314 1.0 51599
1668523128859 0.25 51649
1668523145468 0.0 51699
1668523179034 1.0 51749
1668523195726 0.5 51799
1668523212350 0.0 51849
1668523228945 1.0 51899
