1668993890645 0.6666666865348816 49
1668993904513 0.5 99
1668993918521 0.6000000238418579 149
1668993932283 1.0 199
1668993958104 0.800000011920929 249
1668993971851 0.5 299
1668993985606 0.0 349
1668993999405 1.0 399
1668994025511 1.0 449
1668994039288 0.25 499
1668994053074 0.3333333432674408 549
1668994066904 1.0 599
1668994080721 0.5 649
1668994106788 1.0 699
1668994120575 0.0 749
1668994134405 0.5 799
1668994148247 0.0 849
1668994174432 0.8333333134651184 899
1668994188229 0.0 949
1668994202047 0.0 999
1668994215901 0.0 1049
1668994242169 0.6666666865348816 1099
1668994255962 0.0 1149
1668994269792 0.0 1199
1668994283649 0.3333333432674408 1249
1668994297491 1.0 1299
1668994323676 0.3333333432674408 1349
1668994337496 0.0 1399
1668994351376 1.0 1449
1668994365265 1.0 1499
1668994391492 0.75 1549
1668994405287 0.6666666865348816 1599
1668994419122 1.0 1649
1668994432981 0.5 1699
1668994459170 0.6666666865348816 1749
1668994472971 0.5 1799
1668994486811 0.0 1849
1668994500664 0.0 1899
1668994514527 0.6666666865348816 1949
1668994540785 0.0 1999
1668994554688 0.3333333432674408 2049
1668994568601 0.25 2099
1668994582499 0.0 2149
1668994608839 1.0 2199
1668994622621 0.0 2249
1668994636453 0.5 2299
1668994650289 0.0 2349
1668994676502 0.5 2399
1668994690273 0.5 2449
1668994704112 0.6000000238418579 2499
1668994718028 0.6000000238418579 2549
1668994731925 0.0 2599
1668994758199 0.5 2649
1668994772009 1.0 2699
1668994785846 0.0 2749
1668994799701 0.0 2799
1668994825982 1.0 2849
1668994839839 0.25 2899
1668994853726 0.3333333432674408 2949
1668994867592 1.0 2999
1668994893829 1.0 3049
1668994907618 0.3333333432674408 3099
1668994921439 0.5 3149
1668994935287 1.0 3199
1668994949132 0.6666666865348816 3249
1668994975466 1.0 3299
1668994989300 0.25 3349
1668995003153 0.0 3399
1668995016997 0.5 3449
1668995043216 0.5 3499
1668995057025 0.0 3549
1668995070862 0.3333333432674408 3599
1668995084722 0.4000000059604645 3649
1668995110831 0.5 3699
1668995124616 0.0 3749
1668995138453 0.3333333432674408 3799
1668995152302 0.3333333432674408 3849
1668995166157 1.0 3899
1668995192185 0.6666666865348816 3949
1668995206038 1.0 3999
1668995219893 0.5 4049
1668995233769 0.6000000238418579 4099
1668995260053 0.3333333432674408 4149
1668995273880 0.0 4199
1668995287724 0.25 4249
1668995301557 0.0 4299
1668995327783 0.0 4349
1668995341586 1.0 4399
1668995355413 0.6666666865348816 4449
1668995369259 0.75 4499
1668995383109 0.5 4549
1668995409023 0.6000000238418579 4599
1668995422856 1.0 4649
1668995436697 0.6666666865348816 4699
1668995450563 1.0 4749
1668995476765 1.0 4799
1668995490592 0.3333333432674408 4849
1668995504424 0.3333333432674408 4899
1668995518291 1.0 4949
1668995544612 0.75 4999
1668995558404 0.5 5049
1668995572228 0.6666666865348816 5099
1668995586083 0.0 5149
1668995599924 0.3333333432674408 5199
1668995626321 1.0 5249
1668995640142 0.5 5299
1668995653962 0.6666666865348816 5349
1668995667790 0.5 5399
1668995694121 0.5 5449
1668995708014 0.0 5499
1668995721915 0.6000000238418579 5549
1668995735845 0.5 5599
1668995762356 1.0 5649
1668995776136 0.0 5699
1668995789962 0.20000000298023224 5749
1668995803824 0.0 5799
1668995817699 0.0 5849
1668995844038 0.5 5899
1668995857850 0.3333333432674408 5949
1668995871678 0.0 5999
1668995885516 1.0 6049
1668995911806 0.6666666865348816 6099
1668995925598 1.0 6149
1668995939430 0.5 6199
1668995953285 1.0 6249
1668995979686 1.0 6299
1668995993466 0.0 6349
1668996007304 0.3333333432674408 6399
1668996021154 0.0 6449
1668996034997 0.5 6499
1668996061379 0.0 6549
1668996075225 1.0 6599
1668996089055 0.0 6649
1668996102904 1.0 6699
1668996129151 1.0 6749
1668996143004 0.0 6799
1668996156832 0.5 6849
1668996170676 0.3333333432674408 6899
1668996197221 0.3333333432674408 6949
1668996211015 0.5 6999
1668996224862 1.0 7049
1668996238716 1.0 7099
1668996252578 0.5 7149
1668996278759 0.25 7199
1668996292620 0.0 7249
1668996306508 0.3333333432674408 7299
1668996320357 1.0 7349
1668996346773 1.0 7399
1668996360589 0.3333333432674408 7449
1668996374430 0.0 7499
1668996388288 0.5 7549
1668996414494 0.6666666865348816 7599
1668996428294 1.0 7649
1668996442127 0.20000000298023224 7699
1668996455991 0.6666666865348816 7749
1668996469847 1.0 7799
1668996496135 0.0 7849
1668996509986 0.0 7899
1668996523893 0.75 7949
1668996537808 0.20000000298023224 7999
1668996564062 1.0 8049
1668996577888 0.0 8099
1668996591717 0.6666666865348816 8149
1668996605585 0.6666666865348816 8199
1668996631794 0.0 8249
1668996645601 0.3333333432674408 8299
1668996659461 0.0 8349
1668996673337 0.0 8399
1668996687223 1.0 8449
1668996713656 0.3333333432674408 8499
1668996727480 0.5 8549
1668996741333 1.0 8599
1668996755209 0.5 8649
1668996781549 0.0 8699
1668996795377 0.5 8749
1668996809225 1.0 8799
1668996823096 0.3333333432674408 8849
1668996849316 0.6666666865348816 8899
1668996863125 0.75 8949
1668996876967 0.3333333432674408 8999
1668996890826 0.0 9049
1668996904694 0.5 9099
1668996931041 0.6666666865348816 9149
1668996944879 1.0 9199
1668996958731 0.5 9249
1668996972615 0.75 9299
1668996998898 0.3333333432674408 9349
1668997012716 0.0 9399
1668997026552 0.5 9449
1668997040429 0.5 9499
1668997066697 0.5 9549
1668997080539 0.0 9599
1668997094385 0.0 9649
1668997108269 0.5 9699
1668997122166 0.6666666865348816 9749
1668997148489 0.75 9799
1668997162336 0.0 9849
1668997176214 0.3333333432674408 9899
1668997190127 0.4000000059604645 9949
1668997216499 0.6666666865348816 9999
1668997230347 0.3333333432674408 10049
1668997244228 0.20000000298023224 10099
1668997258101 0.0 10149
1668997284470 0.0 10199
1668997298300 1.0 10249
1668997312170 1.0 10299
1668997326081 0.5 10349
1668997340001 0.3333333432674408 10399
1668997366202 0.0 10449
1668997380045 0.25 10499
1668997393922 0.6666666865348816 10549
1668997407801 0.5 10599
1668997434062 0.6000000238418579 10649
1668997447926 0.25 10699
1668997461826 0.5 10749
1668997475740 0.0 10799
1668997489467 0.0 10849
1668997515580 0.0 10899
1668997529432 0.75 10949
1668997543300 0.5 10999
1668997557181 0.5 11049
1668997583653 0.0 11099
1668997597503 0.5 11149
1668997611346 0.0 11199
1668997625210 0.3333333432674408 11249
1668997651250 0.5 11299
1668997665096 0.6666666865348816 11349
1668997678964 0.5 11399
1668997692870 0.0 11449
1668997706749 0.0 11499
1668997733387 0.5 11549
1668997747247 1.0 11599
1668997761130 0.5 11649
1668997775012 0.0 11699
1668997801414 0.0 11749
1668997815279 0.6666666865348816 11799
1668997829132 1.0 11849
1668997843009 1.0 11899
1668997869445 0.0 11949
1668997883279 0.5 11999
1668997897134 0.5 12049
1668997911004 1.0 12099
1668997924873 0.5 12149
1668997951466 0.5 12199
1668997965318 0.5 12249
1668997979186 1.0 12299
1668997993057 0.3333333432674408 12349
1668998019302 0.0 12399
1668998033142 0.3333333432674408 12449
1668998047007 1.0 12499
1668998060902 1.0 12549
1668998087483 0.5 12599
1668998101333 1.0 12649
1668998115230 0.5 12699
1668998129098 1.0 12749
1668998142956 0.75 12799
1668998169321 1.0 12849
1668998183151 0.0 12899
1668998197002 0.3333333432674408 12949
1668998210861 1.0 12999
1668998237294 0.0 13049
1668998251122 1.0 13099
1668998264986 0.3333333432674408 13149
1668998278838 0.25 13199
1668998305429 1.0 13249
1668998319238 0.75 13299
1668998333108 1.0 13349
1668998346969 0.3333333432674408 13399
1668998360849 0.6666666865348816 13449
1668998387258 0.0 13499
1668998401182 1.0 13549
1668998415143 0.5 13599
1668998429085 0.0 13649
1668998455525 0.75 13699
1668998469349 0.0 13749
1668998483186 0.0 13799
1668998497048 0.0 13849
1668998523574 0.0 13899
1668998537367 0.3333333432674408 13949
1668998551209 0.3333333432674408 13999
1668998565093 1.0 14049
1668998578954 0.6666666865348816 14099
1668998605119 1.0 14149
1668998618944 0.25 14199
1668998632805 0.6666666865348816 14249
1668998646674 0.5 14299
1668998673247 0.5 14349
1668998687080 0.3333333432674408 14399
1668998700937 0.3333333432674408 14449
1668998714790 0.75 14499
1668998741182 0.3333333432674408 14549
1668998754988 0.5 14599
1668998768838 1.0 14649
1668998782688 0.5 14699
1668998796555 0.0 14749
1668998822771 0.0 14799
1668998836613 0.5 14849
1668998850453 0.6666666865348816 14899
1668998864294 0.6666666865348816 14949
1668998890722 1.0 14999
1668998904550 0.0 15049
1668998918404 0.0 15099
1668998932262 1.0 15149
1668998958532 0.0 15199
1668998972355 1.0 15249
1668998986208 0.5 15299
1668999000080 0.6666666865348816 15349
1668999013982 0.5 15399
1668999040434 0.6666666865348816 15449
1668999054318 0.5 15499
1668999068220 0.6000000238418579 15549
1668999082130 1.0 15599
1668999108600 0.6666666865348816 15649
1668999122455 0.6666666865348816 15699
1668999136338 0.3333333432674408 15749
1668999150228 0.5 15799
1668999176620 1.0 15849
1668999190427 0.3333333432674408 15899
1668999204287 0.25 15949
1668999218164 1.0 15999
1668999232042 0.6666666865348816 16049
1668999258483 0.5 16099
1668999272333 0.5 16149
1668999286198 0.0 16199
1668999300071 1.0 16249
1668999326378 0.5 16299
1668999340216 0.0 16349
1668999354064 0.6666666865348816 16399
1668999367945 0.5 16449
1668999394561 1.0 16499
1668999408373 0.0 16549
1668999422218 0.5 16599
1668999436104 0.5 16649
1668999449984 0.5 16699
1668999476351 0.6666666865348816 16749
1668999490196 1.0 16799
1668999504066 0.5 16849
1668999517939 0.5 16899
1668999544563 0.5 16949
1668999558398 1.0 16999
1668999572273 0.5 17049
1668999586149 0.25 17099
1668999612730 0.3333333432674408 17149
1668999626554 0.800000011920929 17199
1668999640414 0.5 17249
1668999654286 0.6666666865348816 17299
1668999668163 0.5 17349
1668999694723 0.5 17399
1668999708588 0.75 17449
1668999722446 0.0 17499
1668999736339 0.5 17549
1668999762962 1.0 17599
1668999776797 1.0 17649
1668999790663 0.25 17699
1668999804542 0.800000011920929 17749
1668999831268 0.0 17799
1668999845092 0.0 17849
1668999858945 0.0 17899
1668999872817 0.5 17949
1668999886704 0.0 17999
1668999913125 0.0 18049
1668999926953 1.0 18099
1668999940796 0.0 18149
1668999954661 0.6666666865348816 18199
1668999981114 0.0 18249
1668999994946 0.0 18299
1669000008787 1.0 18349
1669000022659 0.3333333432674408 18399
1669000049254 0.25 18449
1669000063059 0.0 18499
1669000076913 1.0 18549
1669000090790 0.5 18599
1669000104673 0.6666666865348816 18649
1669000131450 0.3333333432674408 18699
1669000145277 0.6000000238418579 18749
1669000159119 0.5 18799
1669000172998 0.25 18849
1669000199716 0.0 18899
1669000213609 0.3333333432674408 18949
1669000227542 0.0 18999
1669000241474 0.5 19049
1669000268476 0.3333333432674408 19099
1669000282331 0.6666666865348816 19149
1669000296222 0.0 19199
1669000310142 0.0 19249
1669000324061 0.5 19299
1669000350661 0.5 19349
1669000364490 1.0 19399
1669000378349 1.0 19449
1669000392216 0.5 19499
1669000418598 0.75 19549
1669000432433 0.0 19599
1669000446336 0.3333333432674408 19649
1669000460232 0.6666666865348816 19699
1669000486750 1.0 19749
1669000500571 0.5 19799
1669000514447 0.3333333432674408 19849
1669000528319 0.0 19899
1669000542203 0.6666666865348816 19949
1669000568624 1.0 19999
1669000582458 0.5 20049
1669000596336 0.800000011920929 20099
1669000610253 0.3333333432674408 20149
1669000636725 0.6666666865348816 20199
1669000650552 0.75 20249
1669000664420 0.0 20299
1669000678277 0.5 20349
1669000704689 0.0 20399
1669000718495 1.0 20449
1669000732360 0.6666666865348816 20499
1669000746260 0.5 20549
1669000760161 0.3333333432674408 20599
1669000787025 0.5 20649
1669000801021 0.0 20699
1669000815071 0.5 20749
1669000829116 0.5 20799
1669000855670 0.75 20849
1669000869526 0.0 20899
1669000883403 0.0 20949
1669000897307 1.0 20999
1669000923919 0.75 21049
1669000937753 0.3333333432674408 21099
1669000951620 0.5 21149
1669000965506 0.0 21199
1669000979418 0.6666666865348816 21249
1669001006170 0.20000000298023224 21299
1669001020030 0.3333333432674408 21349
1669001033926 0.0 21399
1669001047832 0.3333333432674408 21449
1669001074148 0.6666666865348816 21499
1669001087966 0.0 21549
1669001101817 0.6000000238418579 21599
1669001115704 0.4000000059604645 21649
1669001129426 0.0 21699
1669001155914 1.0 21749
1669001169760 1.0 21799
1669001183614 1.0 21849
1669001197471 0.5 21899
1669001223856 0.20000000298023224 21949
1669001237747 0.8333333134651184 21999
1669001251662 0.0 22049
1669001265584 0.5 22099
1669001291894 1.0 22149
1669001305745 0.0 22199
1669001319623 1.0 22249
1669001333499 0.0 22299
1669001347393 0.4000000059604645 22349
1669001373896 0.5 22399
1669001387764 0.5 22449
1669001401616 0.6666666865348816 22499
1669001415523 0.25 22549
1669001441838 0.5 22599
1669001455698 0.0 22649
1669001469568 0.0 22699
1669001483445 1.0 22749
1669001509828 1.0 22799
1669001523675 0.0 22849
1669001537519 0.0 22899
1669001551390 0.25 22949
1669001565272 0.0 22999
1669001591827 0.5 23049
1669001605704 1.0 23099
1669001619577 0.75 23149
1669001633459 0.5 23199
1669001660031 1.0 23249
1669001673872 0.0 23299
1669001687722 0.5 23349
1669001701611 1.0 23399
1669001728251 0.5 23449
1669001742058 1.0 23499
1669001755908 0.0 23549
1669001769776 0.5 23599
1669001783652 0.0 23649
1669001810082 0.0 23699
1669001823915 0.25 23749
1669001837784 1.0 23799
1669001851649 0.0 23849
1669001878069 0.0 23899
1669001891921 0.5 23949
1669001905807 0.5 23999
1669001919705 0.0 24049
1669001946273 0.3333333432674408 24099
1669001960118 0.0 24149
1669001973989 0.5 24199
1669001987862 0.6666666865348816 24249
1669002001747 0.0 24299
1669002028292 0.6666666865348816 24349
1669002042152 0.6666666865348816 24399
1669002056042 0.0 24449
1669002069928 1.0 24499
1669002096323 0.25 24549
1669002110157 0.3333333432674408 24599
1669002124071 0.0 24649
1669002138012 0.6666666865348816 24699
1669002164520 1.0 24749
1669002178369 0.0 24799
1669002192272 1.0 24849
1669002206178 0.0 24899
1669002220083 0.0 24949
1669002246475 0.6666666865348816 24999
1669002260333 0.0 25049
1669002274181 1.0 25099
1669002288051 0.3333333432674408 25149
1669002314487 0.0 25199
1669002328325 0.5 25249
1669002342175 0.0 25299
1669002356052 0.6666666865348816 25349
1669002382553 0.0 25399
1669002396344 0.5 25449
1669002410187 0.5 25499
1669002424043 0.3333333432674408 25549
1669002437922 1.0 25599
1669002464336 1.0 25649
1669002478215 0.5 25699
1669002492089 1.0 25749
1669002506001 0.20000000298023224 25799
1669002532380 0.6666666865348816 25849
1669002546199 0.800000011920929 25899
1669002560058 0.3333333432674408 25949
1669002573928 0.0 25999
1669002600347 0.3333333432674408 26049
1669002614179 0.0 26099
1669002628056 0.5 26149
1669002641951 0.0 26199
1669002655853 0.75 26249
1669002682280 0.0 26299
1669002696126 0.3333333432674408 26349
1669002709992 0.6666666865348816 26399
1669002723869 0.6666666865348816 26449
1669002750257 0.75 26499
1669002764075 0.0 26549
1669002777935 0.0 26599
1669002791808 1.0 26649
1669002818194 0.75 26699
1669002832030 1.0 26749
1669002845882 0.5 26799
1669002859754 0.3333333432674408 26849
1669002873632 1.0 26899
1669002899938 1.0 26949
1669002913789 0.3333333432674408 26999
1669002927669 0.0 27049
1669002941549 0.0 27099
1669002967834 0.0 27149
1669002981653 0.0 27199
1669002995529 1.0 27249
1669003009413 1.0 27299
1669003035990 1.0 27349
1669003049786 0.5 27399
1669003063644 0.0 27449
1669003077535 0.0 27499
1669003091437 0.75 27549
1669003117822 0.0 27599
1669003131716 0.25 27649
1669003145643 0.0 27699
1669003159578 0.3333333432674408 27749
1669003186139 1.0 27799
1669003199992 0.0 27849
1669003213870 0.6666666865348816 27899
1669003227763 0.5 27949
1669003254239 0.5 27999
1669003268052 0.3333333432674408 28049
1669003281903 0.6666666865348816 28099
1669003295831 0.5 28149
1669003309706 1.0 28199
1669003336233 0.6666666865348816 28249
1669003350076 1.0 28299
1669003363943 0.6666666865348816 28349
1669003377812 0.3333333432674408 28399
1669003404191 0.6666666865348816 28449
1669003418024 0.6666666865348816 28499
1669003431891 0.0 28549
1669003445767 0.0 28599
1669003472267 0.0 28649
1669003486108 0.5 28699
1669003499964 0.6666666865348816 28749
1669003513841 1.0 28799
1669003527734 0.20000000298023224 28849
1669003554163 1.0 28899
1669003567986 0.3333333432674408 28949
1669003581847 1.0 28999
1669003595720 0.3333333432674408 29049
1669003622220 0.6666666865348816 29099
1669003636047 1.0 29149
1669003649931 1.0 29199
1669003663841 1.0 29249
1669003690268 1.0 29299
1669003704067 0.3333333432674408 29349
1669003717922 0.0 29399
1669003731809 0.0 29449
1669003745702 0.6666666865348816 29499
1669003771910 1.0 29549
1669003785770 0.3333333432674408 29599
1669003799638 0.0 29649
1669003813532 0.5 29699
1669003839866 0.0 29749
1669003853699 0.0 29799
1669003867572 0.75 29849
1669003881461 1.0 29899
1669003907960 0.5 29949
1669003921837 0.5 29999
1669003935742 1.0 30049
1669003949651 1.0 30099
1669003963536 1.0 30149
1669003989909 0.0 30199
1669004003735 1.0 30249
1669004017586 1.0 30299
1669004031461 0.5 30349
1669004057986 0.0 30399
1669004071816 0.6000000238418579 30449
1669004085666 0.0 30499
1669004099542 0.5 30549
1669004126164 0.6666666865348816 30599
1669004139970 0.25 30649
1669004153803 0.3333333432674408 30699
1669004167657 0.5 30749
1669004181512 1.0 30799
1669004207899 0.6666666865348816 30849
1669004221729 0.0 30899
1669004235595 1.0 30949
1669004249455 0.6666666865348816 30999
1669004275809 0.0 31049
1669004289636 0.5 31099
1669004303498 0.5 31149
1669004317369 0.5 31199
1669004343789 0.6666666865348816 31249
1669004357659 1.0 31299
1669004371554 0.25 31349
1669004385478 1.0 31399
1669004399419 0.75 31449
1669004425834 1.0 31499
1669004439685 0.3333333432674408 31549
1669004453565 0.3333333432674408 31599
1669004467437 0.3333333432674408 31649
1669004493870 0.0 31699
1669004507741 1.0 31749
1669004521606 0.0 31799
1669004535494 0.75 31849
1669004562099 0.75 31899
1669004575916 0.3333333432674408 31949
1669004589773 0.6666666865348816 31999
1669004603641 0.75 32049
1669004617518 0.3333333432674408 32099
1669004643861 1.0 32149
1669004657680 0.3333333432674408 32199
1669004671545 1.0 32249
1669004685404 1.0 32299
1669004711998 0.0 32349
1669004725809 1.0 32399
1669004739652 0.3333333432674408 32449
1669004753514 1.0 32499
1669004767197 0.0 32549
1669004793855 0.5 32599
1669004807711 0.4000000059604645 32649
1669004821586 0.0 32699
1669004835459 0.3333333432674408 32749
1669004861572 1.0 32799
1669004875402 0.5 32849
1669004889257 0.6666666865348816 32899
1669004903109 0.75 32949
1669004929616 1.0 32999
1669004943437 0.0 33049
1669004957294 0.0 33099
1669004971141 0.5 33149
1669004985000 0.5 33199
1669005011290 0.5 33249
1669005025178 0.5 33299
1669005039079 0.25 33349
1669005052989 0.0 33399
1669005079701 0.0 33449
1669005093552 0.6666666865348816 33499
1669005107424 0.0 33549
1669005121285 1.0 33599
1669005147813 0.0 33649
1669005161621 0.3333333432674408 33699
1669005175482 0.0 33749
1669005189334 0.75 33799
1669005203212 0.5 33849
1669005229563 0.5 33899
1669005243423 0.75 33949
1669005257269 1.0 33999
1669005271170 1.0 34049
1669005297465 0.5 34099
1669005311276 0.4000000059604645 34149
1669005325129 0.0 34199
1669005339012 0.3333333432674408 34249
1669005365416 0.6666666865348816 34299
1669005379247 0.0 34349
1669005393109 0.3333333432674408 34399
1669005407271 0.0 34449
1669005421175 0.0 34499
1669005447170 0.0 34549
1669005461011 0.5 34599
1669005474884 0.6000000238418579 34649
1669005488740 1.0 34699
1669005515106 1.0 34749
1669005528935 0.0 34799
1669005542816 1.0 34849
1669005556709 0.0 34899
1669005583210 0.5 34949
1669005597030 0.5 34999
1669005610892 0.75 35049
1669005624781 1.0 35099
1669005638637 0.0 35149
1669005664911 1.0 35199
1669005678749 0.5 35249
1669005692587 0.0 35299
1669005706433 1.0 35349
1669005733078 0.5 35399
1669005746916 0.0 35449
1669005760773 0.25 35499
1669005774631 0.25 35549
1669005800900 0.5 35599
1669005814715 0.4000000059604645 35649
1669005828576 0.0 35699
1669005842441 0.6666666865348816 35749
1669005856323 0.0 35799
1669005883001 1.0 35849
1669005896880 1.0 35899
1669005910768 0.5 35949
1669005924686 0.5 35999
1669005950995 0.3333333432674408 36049
1669005964847 0.5 36099
1669005978731 0.0 36149
1669005992589 0.0 36199
1669006018833 0.0 36249
1669006032643 1.0 36299
1669006046508 0.3333333432674408 36349
1669006060380 0.0 36399
1669006074252 0.5 36449
1669006100804 0.3333333432674408 36499
1669006114671 0.6666666865348816 36549
1669006128543 0.5 36599
1669006142436 0.0 36649
1669006169032 0.0 36699
1669006182856 1.0 36749
1669006196687 1.0 36799
1669006210558 0.75 36849
1669006237273 0.3333333432674408 36899
1669006251119 0.5 36949
1669006265026 1.0 36999
1669006278957 0.5 37049
1669006292891 0.6666666865348816 37099
1669006319266 0.4000000059604645 37149
1669006333130 0.0 37199
1669006347012 0.3333333432674408 37249
1669006360899 0.0 37299
1669006387378 0.0 37349
1669006401242 0.3333333432674408 37399
1669006415120 0.3333333432674408 37449
1669006428989 1.0 37499
1669006455371 0.0 37549
1669006469182 0.0 37599
1669006483051 0.0 37649
1669006496931 0.3333333432674408 37699
1669006510812 0.0 37749
1669006537140 1.0 37799
1669006550985 0.0 37849
1669006564861 0.5 37899
1669006578742 1.0 37949
1669006605203 0.800000011920929 37999
1669006619064 0.0 38049
1669006632964 0.6666666865348816 38099
1669006646852 1.0 38149
1669006673484 1.0 38199
1669006687307 1.0 38249
1669006701170 0.5 38299
1669006715051 0.0 38349
1669006728934 0.5 38399
1669006755222 0.5 38449
1669006769063 1.0 38499
1669006782928 0.5 38549
1669006796812 0.0 38599
1669006822921 0.0 38649
1669006836748 0.0 38699
1669006850597 0.6666666865348816 38749
1669006864488 0.800000011920929 38799
1669006890722 0.5 38849
1669006904513 0.3333333432674408 38899
1669006918357 1.0 38949
1669006932230 0.75 38999
1669006946104 0.0 39049
1669006972543 0.5 39099
1669006986391 0.0 39149
1669007000253 0.0 39199
1669007014127 0.6666666865348816 39249
1669007040525 0.0 39299
1669007054381 0.6666666865348816 39349
1669007068260 1.0 39399
1669007082155 0.3333333432674408 39449
1669007108515 0.5 39499
1669007122362 0.25 39549
1669007136228 1.0 39599
1669007150111 0.5 39649
1669007163972 0.0 39699
1669007190432 1.0 39749
1669007204279 1.0 39799
1669007218147 0.0 39849
1669007232006 0.5 39899
1669007258203 0.20000000298023224 39949
1669007272056 0.5 39999
1669007285936 0.6000000238418579 40049
1669007299803 0.5 40099
1669007326338 0.0 40149
1669007340133 0.0 40199
1669007353995 0.3333333432674408 40249
1669007367849 0.5 40299
1669007381707 1.0 40349
1669007408272 1.0 40399
1669007422100 0.0 40449
1669007435953 0.3333333432674408 40499
1669007449811 1.0 40549
1669007476544 0.5 40599
1669007490391 0.5 40649
1669007504236 0.4000000059604645 40699
1669007518112 0.5 40749
1669007544607 0.0 40799
1669007558418 0.3333333432674408 40849
1669007572263 0.0 40899
1669007586115 0.6666666865348816 40949
1669007599986 0.4000000059604645 40999
1669007626299 1.0 41049
1669007640142 0.6666666865348816 41099
1669007653984 0.0 41149
1669007667837 0.5 41199
1669007694266 0.0 41249
1669007708113 0.3333333432674408 41299
1669007721976 0.5 41349
1669007735855 1.0 41399
1669007762437 1.0 41449
1669007776274 0.75 41499
1669007790128 1.0 41549
1669007804031 0.0 41599
1669007817932 0.75 41649
1669007844423 0.0 41699
1669007858275 0.5 41749
1669007872149 0.5 41799
1669007886109 1.0 41849
1669007912385 0.6666666865348816 41899
1669007926207 0.0 41949
1669007940058 0.5 41999
1669007953918 0.4000000059604645 42049
1669007980333 0.5 42099
1669007994134 0.5 42149
1669008007970 0.0 42199
1669008021844 0.5 42249
1669008035701 0.3333333432674408 42299
1669008062249 0.25 42349
1669008076094 0.6666666865348816 42399
1669008089970 0.6666666865348816 42449
1669008103842 1.0 42499
1669008130191 0.5 42549
1669008144025 1.0 42599
1669008157899 0.25 42649
1669008171770 0.5 42699
1669008198014 0.6666666865348816 42749
1669008211855 0.3333333432674408 42799
1669008225718 1.0 42849
1669008239587 1.0 42899
1669008253457 0.5 42949
1669008279772 0.0 42999
1669008293600 0.6666666865348816 43049
1669008307451 1.0 43099
1669008321323 0.0 43149
1669008347861 0.75 43199
1669008361738 0.0 43249
1669008375642 0.5 43299
1669008389527 0.0 43349
1669008403235 0.0 43399
1669008429713 1.0 43449
1669008443576 1.0 43499
1669008457463 0.5 43549
1669008471354 0.0 43599
1669008498325 0.5 43649
1669008512180 0.5 43699
1669008526067 0.5 43749
1669008539959 0.5 43799
1669008566448 0.6666666865348816 43849
1669008580255 0.0 43899
1669008594119 0.6666666865348816 43949
1669008608000 0.3333333432674408 43999
1669008621875 0.3333333432674408 44049
1669008648233 0.0 44099
1669008662078 1.0 44149
1669008675948 0.0 44199
1669008689827 0.0 44249
1669008716371 1.0 44299
1669008730201 0.0 44349
1669008744041 0.6666666865348816 44399
1669008757905 1.0 44449
1669008784343 0.0 44499
1669008798169 0.3333333432674408 44549
1669008812000 0.25 44599
1669008825855 0.6000000238418579 44649
1669008839781 0.6000000238418579 44699
1669008866285 0.3333333432674408 44749
1669008880112 0.25 44799
1669008893968 1.0 44849
1669008907825 0.0 44899
1669008934131 0.0 44949
1669008947967 0.75 44999
1669008961819 0.0 45049
1669008975671 1.0 45099
1669009002482 0.5 45149
1669009016335 0.5 45199
1669009030234 0.6666666865348816 45249
1669009044134 1.0 45299
1669009058038 1.0 45349
1669009084500 0.6666666865348816 45399
1669009098361 0.0 45449
1669009112222 1.0 45499
1669009126092 0.6666666865348816 45549
1669009152866 1.0 45599
1669009166697 0.0 45649
1669009180549 1.0 45699
1669009194422 0.5 45749
1669009221363 0.6000000238418579 45799
1669009235180 0.0 45849
1669009249016 0.5 45899
1669009262881 0.6666666865348816 45949
1669009276762 0.0 45999
1669009303795 0.6000000238418579 46049
1669009317648 0.5 46099
1669009331941 1.0 46149
1669009345820 0.25 46199
1669009371728 0.5 46249
1669009385587 0.6000000238418579 46299
1669009399464 0.0 46349
1669009413362 0.6666666865348816 46399
1669009439807 0.0 46449
1669009453628 1.0 46499
1669009467481 0.6000000238418579 46549
1669009481357 0.5 46599
1669009495227 0.5 46649
1669009521886 0.6666666865348816 46699
1669009535714 1.0 46749
1669009549548 0.3333333432674408 46799
1669009563440 0.0 46849
1669009590089 0.3333333432674408 46899
1669009603929 0.3333333432674408 46949
1669009617794 1.0 46999
1669009631661 0.0 47049
1669009658277 0.6666666865348816 47099
1669009672066 0.6666666865348816 47149
1669009685907 0.5 47199
1669009699748 0.0 47249
1669009713614 0.0 47299
1669009739833 0.5 47349
1669009753695 1.0 47399
1669009767562 0.5 47449
1669009781426 0.5 47499
1669009807854 0.5 47549
1669009821716 0.6666666865348816 47599
1669009835606 0.0 47649
1669009849457 0.5 47699
1669009875931 0.5 47749
1669009889722 0.25 47799
1669009903577 0.4000000059604645 47849
1669009917433 0.3333333432674408 47899
1669009931313 1.0 47949
1669009957839 1.0 47999
1669009971674 0.6666666865348816 48049
1669009985520 0.75 48099
1669009999385 0.5 48149
1669010025793 0.75 48199
1669010039649 0.6666666865348816 48249
1669010053521 1.0 48299
1669010067402 1.0 48349
1669010094083 0.75 48399
1669010107893 0.0 48449
1669010121733 1.0 48499
1669010135598 1.0 48549
1669010149453 0.5 48599
1669010175998 0.6666666865348816 48649
1669010189838 0.5 48699
1669010203695 1.0 48749
1669010217558 0.0 48799
1669010244004 0.3333333432674408 48849
1669010257842 0.0 48899
1669010271683 0.5 48949
1669010285557 0.3333333432674408 48999
1669010312135 0.5 49049
1669010325939 0.4000000059604645 49099
1669010339783 0.3333333432674408 49149
1669010353662 1.0 49199
1669010367543 0.75 49249
1669010394421 0.5 49299
1669010408264 0.5 49349
1669010422115 1.0 49399
1669010435984 0.6666666865348816 49449
1669010462316 0.0 49499
1669010476142 1.0 49549
1669010489999 0.25 49599
1669010503877 0.0 49649
1669010530114 1.0 49699
1669010543915 1.0 49749
1669010557761 0.3333333432674408 49799
1669010571641 0.0 49849
1669010585533 0.0 49899
1669010612175 0.0 49949
1669010626020 0.3333333432674408 49999
1669010639916 0.0 50049
1669010653834 0.0 50099
1669010680360 0.6666666865348816 50149
1669010694179 0.3333333432674408 50199
1669010708051 0.75 50249
1669010721932 1.0 50299
1669010748526 0.25 50349
1669010762317 1.0 50399
1669010776202 0.3333333432674408 50449
1669010790069 0.6666666865348816 50499
1669010803959 0.0 50549
1669010830354 1.0 50599
1669010844201 0.0 50649
1669010858055 1.0 50699
1669010871917 1.0 50749
1669010898367 1.0 50799
1669010912200 1.0 50849
1669010926055 0.5 50899
1669010939922 1.0 50949
1669010966347 0.0 50999
1669010980228 0.75 51049
1669010994160 0.0 51099
1669011008047 0.0 51149
1669011021943 0.0 51199
1669011048479 0.3333333432674408 51249
1669011062344 1.0 51299
1669011076222 1.0 51349
1669011090102 0.0 51399
1669011116505 0.5 51449
1669011130333 0.0 51499
1669011144248 0.25 51549
1669011158127 0.5 51599
1669011184997 1.0 51649
1669011198832 1.0 51699
1669011212751 0.75 51749
1669011226639 0.25 51799
1669011240546 0.0 51849
1669011266704 0.6666666865348816 51899
1669011280560 0.6666666865348816 51949
1669011294457 0.0 51999
1669011308352 0.3333333432674408 52049
1669011334739 0.25 52099
1669011348576 0.5 52149
1669011362437 0.0 52199
1669011376329 0.5 52249
1669011402755 0.3333333432674408 52299
1669011416573 1.0 52349
1669011430423 1.0 52399
1669011444288 0.5 52449
1669011458174 0.5 52499
1669011484498 0.3333333432674408 52549
1669011498313 0.0 52599
1669011512162 1.0 52649
1669011526044 0.0 52699
1669011552329 0.5 52749
1669011566142 0.5 52799
1669011579986 0.6666666865348816 52849
1669011593862 1.0 52899
1669011620286 0.5 52949
1669011634143 0.0 52999
1669011648041 0.5 53049
1669011661955 0.3333333432674408 53099
1669011675869 0.3333333432674408 53149
1669011702087 0.6666666865348816 53199
1669011715943 1.0 53249
1669011729806 0.0 53299
1669011743675 0.5 53349
1669011770013 0.4000000059604645 53399
1669011783846 0.5 53449
1669011797699 0.0 53499
1669011811576 1.0 53549
1669011837985 0.0 53599
1669011851806 0.3333333432674408 53649
1669011865645 0.6666666865348816 53699
1669011879520 0.0 53749
1669011893406 0.5 53799
1669011920380 0.6666666865348816 53849
1669011934214 0.0 53899
1669011948076 0.5 53949
1669011961952 0.0 53999
1669011988323 0.75 54049
1669012002143 1.0 54099
1669012015998 0.5 54149
1669012029876 1.0 54199
1669012043591 0.0 54249
1669012070010 1.0 54299
1669012083846 0.800000011920929 54349
1669012097703 0.5 54399
1669012111596 0.5 54449
1669012138238 0.5 54499
1669012152046 0.0 54549
1669012165908 0.0 54599
1669012179770 1.0 54649
1669012206364 0.75 54699
1669012220188 0.5 54749
1669012234098 0.6000000238418579 54799
1669012248032 0.5 54849
1669012261962 0.0 54899
1669012288458 0.5 54949
1669012302287 0.5 54999
1669012316150 1.0 55049
1669012330022 0.3333333432674408 55099
1669012356582 1.0 55149
1669012370449 0.25 55199
1669012384340 0.0 55249
1669012398265 0.5 55299
1669012424616 0.0 55349
1669012438416 1.0 55399
1669012452258 0.5 55449
1669012466130 1.0 55499
1669012480012 0.0 55549
1669012506181 0.0 55599
1669012520021 1.0 55649
1669012533884 1.0 55699
1669012547765 0.5 55749
1669012574322 0.75 55799
1669012588163 0.5 55849
1669012601995 0.0 55899
1669012615875 0.0 55949
1669012642365 0.5 55999
1669012656231 0.0 56049
1669012670123 0.6666666865348816 56099
1669012683995 1.0 56149
1669012697859 0.0 56199
1669012724243 0.5 56249
1669012738073 1.0 56299
1669012751927 0.6666666865348816 56349
1669012765780 0.6666666865348816 56399
1669012792309 0.0 56449
1669012806157 1.0 56499
1669012820029 0.3333333432674408 56549
1669012833933 0.0 56599
1669012860348 0.3333333432674408 56649
1669012874156 0.6000000238418579 56699
1669012888024 1.0 56749
1669012901915 0.3333333432674408 56799
1669012915799 0.3333333432674408 56849
1669012942260 0.800000011920929 56899
1669012956088 0.6666666865348816 56949
1669012969940 0.0 56999
1669012983827 0.0 57049
1669013010199 0.3333333432674408 57099
1669013024021 0.3333333432674408 57149
1669013037889 0.800000011920929 57199
1669013051771 0.0 57249
1669013078154 0.0 57299
1669013091951 0.0 57349
1669013105803 0.6666666865348816 57399
1669013119691 0.0 57449
1669013133579 0.75 57499
1669013160199 1.0 57549
1669013174041 0.75 57599
1669013187905 0.3333333432674408 57649
1669013201786 0.6666666865348816 57699
1669013228303 0.5 57749
1669013242156 1.0 57799
1669013256279 1.0 57849
1669013270202 0.5 57899
1669013296373 0.3333333432674408 57949
1669013310200 0.6666666865348816 57999
1669013324148 0.0 58049
1669013338189 0.6666666865348816 58099
1669013352163 0.75 58149
1669013378774 0.5 58199
1669013392676 0.0 58249
1669013406613 0.0 58299
1669013420539 0.6000000238418579 58349
1669013446866 0.3333333432674408 58399
1669013460739 0.0 58449
1669013474639 0.5 58499
1669013488521 0.4000000059604645 58549
1669013514847 0.0 58599
1669013528654 0.0 58649
1669013542489 0.5 58699
1669013556354 0.5 58749
1669013570189 0.5 58799
1669013596364 0.5 58849
1669013610228 0.0 58899
1669013624127 0.5 58949
1669013638010 0.3333333432674408 58999
1669013664140 0.0 59049
1669013677952 0.3333333432674408 59099
1669013691847 0.3333333432674408 59149
1669013705756 0.5 59199
1669013732428 1.0 59249
1669013746211 0.3333333432674408 59299
1669013760057 0.5 59349
1669013773905 0.75 59399
1669013787765 0.5 59449
1669013813955 0.0 59499
1669013827787 0.0 59549
1669013841632 0.0 59599
1669013855493 1.0 59649
1669013881853 0.6666666865348816 59699
1669013895684 0.0 59749
1669013909542 1.0 59799
1669013923411 0.0 59849
1669013949881 0.0 59899
1669013963664 0.6666666865348816 59949
1669013977505 0.3333333432674408 59999
1669013991376 0.5 60049
1669014005245 0.800000011920929 60099
1669014031451 0.6666666865348816 60149
1669014045283 0.0 60199
1669014059142 0.3333333432674408 60249
1669014073017 0.25 60299
1669014099496 0.5 60349
1669014113323 0.5 60399
1669014127168 0.5 60449
1669014141032 0.0 60499
1669014167485 0.5 60549
1669014181311 0.0 60599
1669014195183 0.6666666865348816 60649
1669014209120 0.0 60699
1669014223007 1.0 60749
1669014249425 0.0 60799
1669014263273 1.0 60849
1669014277149 0.5 60899
1669014291019 0.0 60949
1669014317594 1.0 60999
1669014331401 0.3333333432674408 61049
1669014345244 0.0 61099
1669014359100 0.5 61149
1669014385710 0.0 61199
1669014399566 0.5 61249
1669014413438 0.5 61299
1669014427369 0.3333333432674408 61349
1669014441298 0.0 61399
1669014467615 0.5 61449
1669014481440 0.5 61499
1669014495324 0.0 61549
1669014509189 1.0 61599
1669014535783 1.0 61649
1669014549585 0.3333333432674408 61699
1669014563446 0.5 61749
1669014577311 0.5 61799
1669014604176 1.0 61849
1669014617967 0.6666666865348816 61899
1669014631824 1.0 61949
1669014645683 0.3333333432674408 61999
1669014659564 1.0 62049
1669014686338 1.0 62099
1669014700178 0.5 62149
1669014714039 0.5 62199
1669014727928 0.0 62249
1669014754356 0.0 62299
1669014768184 0.3333333432674408 62349
1669014782061 0.0 62399
1669014795944 1.0 62449
1669014822320 0.0 62499
1669014836176 1.0 62549
1669014850084 0.5 62599
1669014863989 0.0 62649
1669014877894 0.6666666865348816 62699
1669014904591 0.5 62749
1669014918454 1.0 62799
1669014932340 1.0 62849
1669014946215 0.0 62899
1669014972562 0.4000000059604645 62949
1669014986510 1.0 62999
1669015000363 1.0 63049
1669015014224 0.6666666865348816 63099
1669015040385 0.75 63149
1669015054201 0.0 63199
1669015068062 1.0 63249
1669015081946 1.0 63299
1669015095864 0.6666666865348816 63349
1669015122269 0.0 63399
1669015136118 0.5 63449
1669015149986 0.0 63499
1669015163866 1.0 63549
1669015190585 0.0 63599
1669015204408 0.3333333432674408 63649
1669015218254 0.4000000059604645 63699
1669015232109 1.0 63749
1669015258413 0.5 63799
1669015272228 0.0 63849
1669015286077 0.5 63899
1669015299923 1.0 63949
1669015313794 1.0 63999
1669015340365 0.3333333432674408 64049
1669015354193 0.6666666865348816 64099
1669015368055 0.3333333432674408 64149
1669015381953 0.0 64199
1669015408426 0.0 64249
1669015422264 1.0 64299
1669015436137 0.0 64349
1669015450033 1.0 64399
1669015476470 0.25 64449
1669015490264 1.0 64499
1669015504145 0.5 64549
1669015518029 0.5 64599
1669015531920 0.0 64649
1669015558349 1.0 64699
1669015572202 0.5 64749
1669015586083 1.0 64799
1669015599974 1.0 64849
1669015626389 0.5 64899
1669015640208 1.0 64949
1669015654070 0.0 64999
1669015667966 0.5 65049
1669015681654 0.0 65099
