1668993948517 1.7142290416640928 216
1668994020595 1.6910546555352537 433
1668994092804 1.6767887292523522 650
1668994165115 1.6561743756987233 867
1668994237507 1.6470368186639446 1084
1668994309901 1.6446443835661801 1301
1668994382443 1.6423639647182524 1518
1668994454766 1.6384096024082462 1735
1668994527225 1.6345801608471056 1952
1668994600031 1.6355175460113967 2169
1668994672374 1.6303742242244716 2386
1668994745014 1.6299434073805934 2603
1668994817464 1.6293343376515486 2820
1668994889973 1.6272156201718404 3037
1668994962527 1.6251725157514392 3254
1668995034996 1.6258624712101457 3471
1668995107245 1.6287026988068425 3688
1668995179505 1.626146196295447 3905
1668995252085 1.623690565712095 4122
1668995324501 1.625820386852136 4339
1668995396646 1.624783533310664 4556
1668995469030 1.623989769809369 4773
1668995541571 1.6239086605050033 4990
1668995614232 1.6233628802159625 5207
1668995686675 1.6230730284580546 5424
1668995759588 1.6234604087273292 5641
1668995832216 1.6222186950188529 5858
1668995904682 1.6205129110218202 6075
1668995977196 1.6217286273437013 6292
1668996049805 1.6231433073897652 6509
1668996122294 1.6207036316812484 6726
1668996195012 1.619517617352404 6943
1668996267484 1.619068167058048 7160
1668996340202 1.6209474138353777 7377
1668996412577 1.6202158189621718 7594
1668996485125 1.618124429919022 7811
1668996557737 1.6184728773452577 8028
1668996630154 1.6194674051775917 8245
1668996702937 1.6193286016132546 8462
1668996775460 1.6174083654680476 8679
1668996847934 1.6189591827880225 8896
1668996920585 1.6181307866496573 9113
1668996993115 1.6198911845362094 9330
1668997065608 1.6186090692477049 9547
1668997138293 1.6174947535191095 9764
1668997211010 1.6172749890795626 9981
1668997283646 1.6170927376829316 10198
1668997356292 1.617282320986152 10415
1668997428837 1.6170176303427317 10632
1668997501246 1.6154536554759202 10849
1668997573966 1.6151983628093194 11066
1668997646309 1.6163726095366038 11283
1668997719299 1.6159523929307646 11500
1668997792052 1.615724054042379 11717
1668997864777 1.615689242567261 11934
1668997937708 1.6150820703550777 12151
1668998010240 1.6161579136522997 12368
1668998083066 1.6157577445711717 12585
1668998155823 1.616555419627121 12802
1668998228497 1.6155300120326945 13019
1668998301309 1.615772118882631 13236
1668998373983 1.613838139402238 13453
1668998447012 1.6143671408746365 13670
1668998519740 1.6142412534306783 13887
1668998592190 1.6156004885950745 14104
1668998664977 1.6143317871414686 14321
1668998737603 1.6129933655357591 14538
1668998810115 1.6139848035238484 14755
1668998882731 1.613415661428605 14972
1668998955220 1.613314778525042 15189
1668999028018 1.6131641216286592 15406
1668999100865 1.6131840287894135 15623
1668999173569 1.612882491288293 15840
1668999246316 1.614796874213753 16057
1668999318968 1.6133417541642345 16274
1668999391775 1.6115902172738976 16491
1668999464478 1.6114287266416853 16708
1668999537385 1.6135201195941526 16925
1668999610213 1.6110662522388617 17142
1668999683120 1.6128042758065833 17359
1668999756037 1.612845983920848 17576
1668999829058 1.6121352199654884 17793
1668999901869 1.613313491989717 18010
1668999974514 1.6120157297094104 18227
1669000047275 1.612183855178053 18444
1669000120468 1.6124867459035883 18661
1669000193367 1.6120759349660794 18878
1669000266815 1.6120234516258607 19095
1669000339910 1.6121231243846053 19312
1669000412525 1.6130962860248008 19529
1669000485365 1.611524435051163 19746
1669000558142 1.6123222757674271 19963
1669000630907 1.6127224050731561 20180
1669000703574 1.6114940375996525 20397
1669000776745 1.6102078977581442 20614
1669000850177 1.611643471376129 20831
1669000923103 1.6113390939346643 21048
1669000996114 1.610892999949324 21265
1669001068906 1.610878431417424 21482
1669001141614 1.611827682518007 21699
1669001214184 1.6100360839068355 21916
1669001286963 1.6100425440419812 22133
1669001359812 1.6120288625775843 22350
1669001432483 1.610934287465576 22567
1669001505129 1.6106754918849466 22784
1669001578045 1.611250432417958 23001
1669001650925 1.610489087269422 23218
1669001723850 1.6103002831505437 23435
1669001796593 1.6108785653937436 23652
1669001869267 1.6095896139558488 23869
1669001942140 1.6101013332803227 24086
1669002015056 1.6117485241144074 24303
1669002087813 1.6114045651806141 24520
1669002160665 1.6119806959905905 24737
1669002233550 1.610302898296249 24954
1669002306234 1.6108909297405112 25171
1669002378891 1.6102254988391915 25388
1669002451666 1.6111441979686778 25605
1669002524428 1.6109107703840917 25822
1669002597019 1.609068815548673 26039
1669002669876 1.6112957596257143 26256
1669002742571 1.6112911278107134 26473
1669002815138 1.6100529487198374 26690
1669002887842 1.6099044385065124 26907
1669002960381 1.610559810275599 27124
1669003033232 1.609515765738363 27341
1669003105929 1.609097245871952 27558
1669003178973 1.6114606174643502 27775
1669003251767 1.6091311509303714 27992
1669003324667 1.6095111437779661 28209
1669003397317 1.6100789885509517 28426
1669003470053 1.6097521796312644 28643
1669003542906 1.6094118851281127 28860
1669003615613 1.6096277258440717 29077
1669003688349 1.6106749079612004 29294
1669003760903 1.6103064534656668 29511
1669003833552 1.6095649679341606 29728
1669003906320 1.6101045271231822 29945
1669003979169 1.6103524591468368 30162
1669004051962 1.6093356169946709 30379
1669004124770 1.6095087848893628 30596
1669004197424 1.6090127884929857 30813
1669004270046 1.6095027836709153 31030
1669004342690 1.608859686390199 31247
1669004415638 1.6081251944224186 31464
1669004488338 1.6104289386129327 31681
1669004561301 1.6095950981541107 31898
1669004633942 1.6089889848805836 32115
1669004706773 1.6101008553258183 32332
1669004779529 1.6099394236218396 32549
1669004851964 1.6112070147629358 32766
1669004924696 1.6088631255758743 32983
1669004997205 1.6085038848052757 33200
1669005070321 1.6090262523389383 33417
1669005143137 1.6096846386848978 33634
1669005215791 1.6102408326111013 33851
1669005288392 1.6090790051104673 34068
1669005361003 1.6097447872706585 34285
1669005433657 1.6100245981064158 34502
1669005506272 1.6073861188429133 34719
1669005579079 1.6091014796381966 34936
1669005651719 1.6098992501723617 35153
1669005724581 1.6096743253613686 35370
1669005797015 1.6086297181120128 35587
1669005870044 1.6088490036379044 35804
1669005942702 1.6091923321989523 36021
1669006015249 1.6080685499238077 36238
1669006088130 1.6082604285543578 36455
1669006161039 1.6096469750231204 36672
1669006233955 1.608532983449726 36889
1669006306876 1.6096016850881818 37106
1669006379663 1.6076327943834223 37323
1669006452333 1.6103008236265688 37540
1669006525032 1.6092920240777442 37757
1669006597771 1.609401804519583 37974
1669006670732 1.60898585788959 38191
1669006743370 1.6099891791684358 38408
1669006815763 1.6069322366060197 38625
1669006888231 1.607773067889255 38842
1669006960994 1.6095067441464215 39059
1669007033632 1.6094718850397711 39276
1669007106302 1.6097626494072799 39493
1669007179157 1.6073710067039382 39710
1669007251615 1.6082011806129688 39927
1669007324402 1.609228525551897 40144
1669007397246 1.6093253728472618 40361
1669007470205 1.6095047299422383 40578
1669007542933 1.6082351533972583 40795
1669007615568 1.6090767874482532 41012
1669007688220 1.6089459104266313 41229
1669007761067 1.6071367147059727 41446
1669007833937 1.6081706381494385 41663
1669007906619 1.6086017624053708 41880
1669007979222 1.6083021495739953 42097
1669008052023 1.6077368290190182 42314
1669008124688 1.608163870983039 42531
1669008197212 1.60855782829219 42748
1669008269862 1.6076328449126307 42965
1669008342624 1.607898982599491 43182
1669008415380 1.6088993826723585 43399
1669008488646 1.6081377985425684 43616
1669008561509 1.6074592384141002 43833
1669008634192 1.6079292117246764 44050
1669008706990 1.6072642766495446 44267
1669008779673 1.6090507848734035 44484
1669008852482 1.6077481127216426 44701
1669008925066 1.608465930944326 44918
1669008998057 1.6068835215898336 45135
1669009071003 1.607904418851852 45352
1669009144088 1.6071111491530257 45569
1669009217217 1.6071389553248467 45786
1669009290592 1.6084710676781058 46003
1669009363174 1.608181995159503 46220
1669009435928 1.6073305407086544 46437
1669009508940 1.608054156045531 46654
1669009581821 1.6088361351642118 46871
1669009654693 1.6071235271753732 47088
1669009727180 1.607539425673689 47305
1669009799845 1.607185451602801 47522
1669009872618 1.6075093956241475 47739
1669009945470 1.606985167508277 47956
1669010018101 1.608334352791726 48173
1669010091041 1.607026616766849 48390
1669010163897 1.607595909761707 48607
1669010236551 1.607705664483415 48824
1669010309367 1.6062020242277426 49041
1669010382544 1.6068905039238155 49258
1669010455162 1.6079945611081123 49475
1669010527643 1.6071447665572858 49692
1669010600601 1.607883675376581 49909
1669010673470 1.6069539497045657 50126
1669010746299 1.6083721764527596 50343
1669010819033 1.6082437576638042 50560
1669010891761 1.606980782876266 50777
1669010964438 1.6073136014115208 50994
1669011037438 1.607792330270064 51211
1669011110164 1.6073236787050713 51428
1669011183368 1.6065401922407383 51645
1669011255950 1.6067870256528303 51862
1669011328664 1.6064007749085178 52079
1669011401410 1.6067376917952718 52296
1669011474021 1.6081932413751188 52513
1669011546557 1.606888293591458 52730
1669011619179 1.607466841136051 52947
1669011691909 1.606575816409789 53164
1669011764520 1.6066435854626808 53381
1669011837166 1.6067174686730064 53598
1669011910444 1.6072466608270157 53815
1669011983105 1.6063997719537806 54032
1669012055684 1.606434768623728 54249
1669012128569 1.606120837508401 54466
1669012201422 1.6060353796948044 54683
1669012274426 1.606833773811759 54900
1669012347211 1.6070111546110646 55117
1669012419940 1.6074892550208753 55334
1669012492429 1.6070721490959234 55551
1669012565103 1.6070568110664394 55768
1669012637984 1.6078985065242757 55985
1669012710730 1.6068538998662565 56202
1669012783487 1.6064004456415617 56419
1669012856240 1.6062027035314788 56636
1669012929060 1.6072847650528574 56853
1669013001648 1.6060310226390435 57070
1669013074271 1.6071820045324077 57287
1669013147261 1.6069643092260513 57504
1669013220014 1.606099032461914 57721
1669013292753 1.6062395310904114 57938
1669013366056 1.6071793123226916 58155
1669013438844 1.6072006994195944 58372
1669013511530 1.606874900117434 58589
1669013583970 1.6056950773327743 58806
1669013656462 1.6060907604151817 59023
1669013729385 1.6058760883701462 59240
1669013801878 1.6065642826626771 59457
1669013874441 1.6074672207331653 59674
1669013947106 1.6062032063494813 59891
1669014019621 1.6065766783316986 60108
1669014092362 1.6063109159391866 60325
1669014164987 1.605015426145285 60542
1669014237832 1.6063814832454602 60759
1669014310709 1.6066961325667155 60976
1669014383497 1.6065598484329764 61193
1669014456345 1.6065374081449328 61410
1669014529184 1.606529566448957 61627
1669014602264 1.6056116999878172 61844
1669014675317 1.6059363479625377 62061
1669014748047 1.6070996508861257 62278
1669014820645 1.6073071193740165 62495
1669014893887 1.6060321636923736 62712
1669014966507 1.6055930178329096 62929
1669015039020 1.606570153122396 63146
1669015111805 1.6063934639442643 63363
1669015184824 1.606265351933327 63580
1669015257322 1.6067494577396557 63797
1669015330189 1.6058063046223867 64014
1669015402898 1.6055549357054937 64231
1669015475649 1.6067747301424309 64448
1669015548407 1.6063555615631242 64665
1669015621177 1.6064698144716527 64882
1669015693861 1.606479672016756 65099
