1669168619568 0.3259676992893219 216
1669168691790 0.33898040652275085 433
1669168763979 0.33357807993888855 650
1669168836184 0.33659979701042175 867
1669168908504 0.34401461482048035 1084
1669168980771 0.3392065465450287 1301
1669169053316 0.35114866495132446 1518
1669169125423 0.3529241979122162 1735
1669169197613 0.3603384792804718 1952
1669169269747 0.35891515016555786 2169
1669169341981 0.370583176612854 2386
1669169414371 0.38542479276657104 2603
1669169486836 0.3916705846786499 2820
1669169559326 0.40208572149276733 3037
1669169631765 0.40729501843452454 3254
1669169704219 0.4133690297603607 3471
1669169776659 0.41826924681663513 3688
1669169849073 0.4352409243583679 3905
1669169921822 0.44491636753082275 4122
1669169994362 0.4411284923553467 4339
1669170066774 0.458797812461853 4556
1669170139236 0.4697835445404053 4773
1669170211878 0.4830774664878845 4990
1669170284651 0.48965051770210266 5207
1669170357206 0.49913814663887024 5424
1669170429807 0.5157731175422668 5641
1669170502437 0.5290970206260681 5858
1669170575007 0.529109537601471 6075
1669170647711 0.5412651896476746 6292
1669170720280 0.5490061640739441 6509
1669170792811 0.5639758110046387 6726
1669170865345 0.5660046339035034 6943
1669170937723 0.5710419416427612 7160
1669171009994 0.5771869421005249 7377
1669171082563 0.5794169902801514 7594
1669171155191 0.5925319790840149 7811
1669171227689 0.5776270627975464 8028
1669171300231 0.5993624925613403 8245
1669171372697 0.6015221476554871 8462
1669171445009 0.5927351117134094 8679
1669171517553 0.6028175950050354 8896
1669171590061 0.6104312539100647 9113
1669171662560 0.6178785562515259 9330
1669171735019 0.6147711277008057 9547
1669171807493 0.6116909384727478 9764
1669171879986 0.6108065843582153 9981
1669171952381 0.6242964267730713 10198
1669172024736 0.6177423000335693 10415
1669172097421 0.6272569894790649 10632
1669172169957 0.6257950663566589 10849
1669172242136 0.6307955384254456 11066
1669172314377 0.6272822022438049 11283
1669172387012 0.622122049331665 11500
1669172459450 0.6162257790565491 11717
1669172532019 0.640882670879364 11934
1669172604366 0.6270057559013367 12151
1669172677110 0.6255509853363037 12368
1669172749600 0.6337795853614807 12585
1669172822020 0.6228844523429871 12802
1669172894466 0.6231375932693481 13019
1669172967040 0.642693817615509 13236
1669173039417 0.6352500915527344 13453
1669173111718 0.6244480609893799 13670
1669173184170 0.626522421836853 13887
1669173256998 0.6324684023857117 14104
1669173329430 0.624332845211029 14321
1669173401908 0.6349368095397949 14538
1669173474373 0.632207453250885 14755
1669173546825 0.6276211142539978 14972
1669173619211 0.6323065757751465 15189
1669173691632 0.6289941072463989 15406
1669173764305 0.6374754309654236 15623
1669173836752 0.6306383013725281 15840
1669173909202 0.6301470398902893 16057
1669173981720 0.6327279806137085 16274
1669174054169 0.6253097653388977 16491
1669174127360 0.6276319026947021 16708
1669174199735 0.6315452456474304 16925
1669174272337 0.6361905932426453 17142
1669174344841 0.6337020397186279 17359
1669174417303 0.6290406584739685 17576
1669174489670 0.626713216304779 17793
1669174561996 0.6346864700317383 18010
1669174634235 0.633272111415863 18227
1669174706696 0.6329834461212158 18444
1669174779094 0.62934809923172 18661
1669174851719 0.6288513541221619 18878
1669174923874 0.6230814456939697 19095
1669174996442 0.638498842716217 19312
1669175068718 0.6342319250106812 19529
1669175141117 0.6254733204841614 19746
1669175213701 0.6356014013290405 19963
1669175286389 0.6380928754806519 20180
1669175358668 0.6411765217781067 20397
1669175431293 0.6395154595375061 20614
1669175503697 0.6369267702102661 20831
1669175576457 0.6401041150093079 21048
1669175648926 0.6305404305458069 21265
1669175721543 0.6271359920501709 21482
1669175794001 0.6329559087753296 21699
1669175866140 0.6331394910812378 21916
1669175938768 0.6295932531356812 22133
1669176011329 0.6272884011268616 22350
1669176083844 0.6330628991127014 22567
1669176156215 0.6244444847106934 22784
1669176228715 0.6276851296424866 23001
1669176301226 0.6371114253997803 23218
1669176374287 0.6312050819396973 23435
1669176446720 0.6322201490402222 23652
1669176519482 0.6348050236701965 23869
1669176591997 0.6382643580436707 24086
1669176664564 0.6357925534248352 24303
1669176737236 0.6392355561256409 24520
1669176809752 0.6346318125724792 24737
1669176882300 0.6358861923217773 24954
1669176954718 0.634981095790863 25171
1669177027172 0.6378973722457886 25388
1669177099905 0.6375108957290649 25605
1669177172347 0.6357234716415405 25822
1669177244870 0.631677508354187 26039
1669177317337 0.6288274526596069 26256
1669177389819 0.6390650868415833 26473
1669177462163 0.6326386332511902 26690
1669177535009 0.6285752058029175 26907
1669177607173 0.6340446472167969 27124
1669177679695 0.6269699931144714 27341
1669177751795 0.6274763941764832 27558
1669177824174 0.6256189346313477 27775
1669177896970 0.6313316226005554 27992
1669177969512 0.6393895745277405 28209
1669178042178 0.6274764537811279 28426
1669178114704 0.6274881362915039 28643
1669178187167 0.6299231648445129 28860
1669178259459 0.6314016580581665 29077
1669178332161 0.6320288777351379 29294
1669178404386 0.6352664828300476 29511
1669178476833 0.6231700778007507 29728
1669178549477 0.6362818479537964 29945
1669178621714 0.6338058114051819 30162
1669178694131 0.6348643898963928 30379
1669178766877 0.6306247115135193 30596
1669178839376 0.6403848528862 30813
1669178911938 0.6390462517738342 31030
1669178984305 0.6335780620574951 31247
1669179057013 0.637895941734314 31464
1669179129728 0.6324159502983093 31681
1669179202857 0.6336305737495422 31898
1669179275858 0.6348776817321777 32115
1669179348299 0.6387063264846802 32332
1669179421273 0.6408234238624573 32549
1669179494202 0.6381009221076965 32766
1669179567013 0.6346087455749512 32983
1669179639632 0.6436772346496582 33200
1669179712355 0.6315498352050781 33417
1669179784865 0.6303179860115051 33634
1669179857571 0.6336670517921448 33851
1669179930149 0.6300936937332153 34068
1669180002943 0.6367188692092896 34285
1669180075828 0.6433740258216858 34502
1669180148424 0.6400761008262634 34719
1669180221438 0.6339173316955566 34936
1669180293690 0.6256146430969238 35153
1669180366498 0.6384639143943787 35370
1669180439006 0.6315904855728149 35587
1669180511708 0.6311575770378113 35804
1669180584479 0.6426385045051575 36021
1669180657144 0.637270987033844 36238
1669180729827 0.6306416392326355 36455
1669180802458 0.6333622932434082 36672
1669180875025 0.6367813348770142 36889
1669180947720 0.6330999135971069 37106
1669181019935 0.6402813196182251 37323
1669181092768 0.6366934180259705 37540
1669181165619 0.6272675395011902 37757
1669181238118 0.6357724666595459 37974
1669181310488 0.6298441290855408 38191
1669181382760 0.6338387131690979 38408
1669181455114 0.6318777203559875 38625
1669181527440 0.6231669783592224 38842
1669181600125 0.6328073740005493 39059
1669181672702 0.6415124535560608 39276
1669181745551 0.6369314789772034 39493
1669181818451 0.6392318606376648 39710
1669181891302 0.6250609755516052 39927
1669181964039 0.6437277793884277 40144
1669182036756 0.6253312826156616 40361
1669182109324 0.6347729563713074 40578
1669182182440 0.6333509087562561 40795
1669182255156 0.6417052745819092 41012
1669182327504 0.6330627202987671 41229
1669182400199 0.637749969959259 41446
1669182472798 0.6441386938095093 41663
1669182545367 0.6307621598243713 41880
1669182617931 0.6287645697593689 42097
1669182690402 0.641499936580658 42314
1669182762886 0.632723331451416 42531
1669182835142 0.6392385959625244 42748
1669182908419 0.6345738172531128 42965
1669182981090 0.629853367805481 43182
1669183053653 0.6334091424942017 43399
1669183126217 0.6364089846611023 43616
1669183198813 0.6295713782310486 43833
1669183271574 0.6379439830780029 44050
1669183344144 0.6243704557418823 44267
1669183416390 0.6334575414657593 44484
1669183488692 0.6262353658676147 44701
1669183561538 0.6342125535011292 44918
1669183634199 0.6340186595916748 45135
1669183706605 0.6363175511360168 45352
1669183779035 0.6379535794258118 45569
1669183851493 0.6348268985748291 45786
1669183924255 0.6307665109634399 46003
1669183996712 0.6439964771270752 46220
1669184069214 0.6393558979034424 46437
1669184141722 0.6271237134933472 46654
1669184214356 0.6314029097557068 46871
1669184286986 0.6410329937934875 47088
1669184359350 0.626291036605835 47305
1669184432105 0.645124077796936 47522
1669184504656 0.6333310604095459 47739
1669184577180 0.6255020499229431 47956
1669184649736 0.6297944784164429 48173
1669184722349 0.6377537250518799 48390
1669184794967 0.6334224939346313 48607
1669184867383 0.6374660730361938 48824
1669184939709 0.6325156092643738 49041
1669185012500 0.6260011792182922 49258
1669185084986 0.6327080726623535 49475
1669185157535 0.6296713948249817 49692
1669185230198 0.6252599358558655 49909
1669185302895 0.6416568756103516 50126
1669185375227 0.6312122941017151 50343
1669185447995 0.631249725818634 50560
1669185520498 0.6344746947288513 50777
1669185592990 0.6362998485565186 50994
1669185665663 0.63685542345047 51211
1669185738166 0.6380174160003662 51428
1669185810778 0.6316436529159546 51645
1669185883485 0.6400552988052368 51862
1669185956025 0.6456695199012756 52079
1669186028466 0.6326535940170288 52296
1669186101165 0.6287981271743774 52513
1669186173676 0.6334472894668579 52730
1669186246086 0.6311643123626709 52947
1669186318857 0.639248788356781 53164
1669186391431 0.6447380781173706 53381
1669186463793 0.6408039331436157 53598
1669186536383 0.6420091390609741 53815
1669186608680 0.6345726251602173 54032
1669186681224 0.6324942708015442 54249
1669186753603 0.631373405456543 54466
1669186825871 0.6334787607192993 54683
1669186898347 0.6343541145324707 54900
1669186971104 0.6293785572052002 55117
1669187043380 0.6345856785774231 55334
1669187115886 0.6337265372276306 55551
1669187188517 0.6329283714294434 55768
1669187260965 0.6343079805374146 55985
1669187333437 0.6330657601356506 56202
1669187406026 0.6289302110671997 56419
1669187478334 0.6318991780281067 56636
1669187550833 0.6292724013328552 56853
1669187622991 0.6393459439277649 57070
1669187695641 0.6382314562797546 57287
1669187768219 0.6325399875640869 57504
1669187840675 0.6308556795120239 57721
1669187912950 0.6328212022781372 57938
1669187985611 0.6355732083320618 58155
1669188058090 0.6250565648078918 58372
1669188129943 0.6278046369552612 58589
1669188202705 0.6376413106918335 58806
1669188275343 0.6345860958099365 59023
1669188347590 0.6328479051589966 59240
1669188420084 0.6332206726074219 59457
1669188492702 0.6321523785591125 59674
1669188565250 0.6412830352783203 59891
1669188638216 0.6444026827812195 60108
1669188710798 0.6382126212120056 60325
1669188783462 0.6323320269584656 60542
1669188856357 0.630667507648468 60759
1669188929539 0.6363368630409241 60976
1669189002269 0.6259826421737671 61193
1669189074768 0.6332378387451172 61410
1669189147273 0.6279657483100891 61627
1669189219934 0.6385660171508789 61844
1669189292760 0.6324354410171509 62061
1669189365364 0.6363207697868347 62278
1669189437722 0.6349977254867554 62495
1669189510154 0.6350985765457153 62712
1669189583029 0.6372058391571045 62929
1669189656083 0.6353707313537598 63146
1669189728948 0.6387748122215271 63363
1669189801637 0.6371335983276367 63580
1669189874370 0.6450369358062744 63797
1669189946951 0.6379624605178833 64014
1669190019491 0.6313380002975464 64231
1669190092420 0.635871410369873 64448
1669190164885 0.6292088627815247 64665
1669190237443 0.6248883605003357 64882
1669190309911 0.646240770816803 65099
