1668583923644 0.4188377857208252 172
1668583997489 0.44446393847465515 345
1668584071608 0.4206406772136688 518
1668584146185 0.3850656747817993 691
1668584220405 0.3580700755119324 864
1668584294608 0.367206871509552 1037
1668584368975 0.367643803358078 1210
1668584443755 0.38626137375831604 1383
1668584517944 0.38004061579704285 1556
1668584592450 0.39390137791633606 1729
1668584666910 0.41568607091903687 1902
1668584741465 0.4289361238479614 2075
1668584815716 0.4448888599872589 2248
1668584890161 0.4718380272388458 2421
1668584964535 0.4749758541584015 2594
1668585039258 0.47979629039764404 2767
1668585113557 0.4912314713001251 2940
1668585188068 0.5107590556144714 3113
1668585262536 0.5171810984611511 3286
1668585336986 0.5397760272026062 3459
1668585411782 0.5453843474388123 3632
1668585485873 0.5746972560882568 3805
1668585560330 0.59279865026474 3978
1668585634939 0.6180773973464966 4151
1668585709051 0.6286625862121582 4324
1668585783685 0.6259738206863403 4497
1668585858058 0.6449748873710632 4670
1668585932303 0.6648086905479431 4843
1668586006911 0.6813101768493652 5016
1668586081270 0.6820551753044128 5189
1668586155689 0.702614963054657 5362
1668586230129 0.7110136151313782 5535
1668586304951 0.7229529023170471 5708
1668586379321 0.7389726638793945 5881
1668586453511 0.7385975122451782 6054
1668586527950 0.7606810927391052 6227
1668586602546 0.7561794519424438 6400
1668586676810 0.7727257013320923 6573
1668586751006 0.7768562436103821 6746
1668586825337 0.7791873216629028 6919
1668586899664 0.7722715735435486 7092
1668586974057 0.7865727543830872 7265
1668587048461 0.800916850566864 7438
1668587123204 0.7928640246391296 7611
1668587197461 0.7880384922027588 7784
1668587271798 0.7922274470329285 7957
1668587346074 0.7997092604637146 8130
1668587420363 0.8073354959487915 8303
1668587494706 0.8018304109573364 8476
1668587569329 0.8014105558395386 8649
1668587643990 0.8053054809570312 8822
1668587718159 0.8019181489944458 8995
1668587792937 0.8183972835540771 9168
1668587867511 0.7963718175888062 9341
1668587941840 0.8120457530021667 9514
1668588016571 0.8255694508552551 9687
1668588091113 0.8087082505226135 9860
1668588165230 0.8222141265869141 10033
1668588239647 0.810722827911377 10206
1668588313978 0.8086206316947937 10379
1668588388689 0.8200889825820923 10552
1668588462874 0.8229424357414246 10725
1668588537205 0.8150994181632996 10898
1668588611826 0.813776433467865 11071
1668588686305 0.8173444271087646 11244
1668588760831 0.8146034479141235 11417
1668588835514 0.8205544948577881 11590
1668588910057 0.805639386177063 11763
1668588984363 0.8117119669914246 11936
1668589059054 0.8189340829849243 12109
1668589133544 0.8174821138381958 12282
1668589208292 0.8157445192337036 12455
1668589282894 0.8190579414367676 12628
1668589357489 0.8150081634521484 12801
1668589431872 0.8269352316856384 12974
1668589506422 0.8042526841163635 13147
1668589580847 0.8045210242271423 13320
1668589654822 0.8175956010818481 13493
1668589729495 0.82685786485672 13666
1668589803892 0.8193193674087524 13839
1668589878452 0.8204307556152344 14012
1668589952859 0.8064064979553223 14185
1668590027485 0.8211584687232971 14358
1668590102098 0.8191990256309509 14531
1668590176337 0.826475977897644 14704
1668590250996 0.8208469152450562 14877
1668590325767 0.8164703845977783 15050
1668590400372 0.7991845011711121 15223
1668590474577 0.819894015789032 15396
1668590549396 0.8201726675033569 15569
1668590624240 0.8104561567306519 15742
1668590698743 0.8219584226608276 15915
1668590772867 0.8143906593322754 16088
1668590847494 0.8177866339683533 16261
1668590922082 0.817987859249115 16434
1668590996589 0.8134599328041077 16607
1668591071052 0.8233587741851807 16780
1668591145689 0.8123674392700195 16953
1668591219924 0.8209348320960999 17126
1668591294403 0.812372624874115 17299
1668591368954 0.8179775476455688 17472
1668591443845 0.8043867945671082 17645
1668591518469 0.812945544719696 17818
1668591592773 0.8121352791786194 17991
1668591667814 0.8217536807060242 18164
1668591741768 0.8112251162528992 18337
1668591816503 0.8142580986022949 18510
1668591891172 0.820112407207489 18683
1668591966027 0.8228495121002197 18856
1668592040300 0.8143228888511658 19029
1668592114707 0.8171398043632507 19202
1668592189171 0.8175439834594727 19375
1668592263522 0.825609028339386 19548
1668592337944 0.8205546736717224 19721
1668592412481 0.8197838068008423 19894
1668592486922 0.8163706660270691 20067
1668592561571 0.8065338730812073 20240
1668592636134 0.8169780969619751 20413
1668592710623 0.8227359652519226 20586
1668592785287 0.8192729353904724 20759
1668592859667 0.8063377141952515 20932
1668592934005 0.8210191130638123 21105
1668593008269 0.8114884495735168 21278
1668593082677 0.8206750154495239 21451
1668593157242 0.8230387568473816 21624
1668593231604 0.8129937648773193 21797
1668593306128 0.8123176693916321 21970
1668593380834 0.8156447410583496 22143
1668593455422 0.8072049021720886 22316
1668593530203 0.8266273736953735 22489
1668593604961 0.8119253516197205 22662
1668593679378 0.818035900592804 22835
1668593753929 0.8217554092407227 23008
1668593828330 0.8186346888542175 23181
1668593902806 0.8159629702568054 23354
1668593977137 0.8216177821159363 23527
1668594051711 0.812899112701416 23700
1668594126179 0.8169969320297241 23873
1668594200590 0.8155637979507446 24046
1668594274984 0.8177470564842224 24219
1668594349264 0.8213321566581726 24392
1668594423755 0.8134116530418396 24565
1668594498371 0.8084176182746887 24738
1668594572986 0.8101395964622498 24911
1668594647513 0.8215197324752808 25084
1668594721958 0.8159589767456055 25257
1668594796503 0.8139835000038147 25430
1668594871047 0.81923508644104 25603
1668594945458 0.8212049007415771 25776
1668595020157 0.8223230838775635 25949
1668595094617 0.8127149939537048 26122
1668595169419 0.8162639737129211 26295
1668595244217 0.8251342177391052 26468
1668595318702 0.8131709098815918 26641
1668595393335 0.8114712238311768 26814
1668595467571 0.817916750907898 26987
1668595541671 0.8111821413040161 27160
1668595615779 0.8106316924095154 27333
1668595690396 0.8262041211128235 27506
1668595765212 0.8296964168548584 27679
1668595839646 0.800767183303833 27852
1668595914638 0.8026682734489441 28025
1668595988749 0.8098036050796509 28198
1668596062968 0.8192437887191772 28371
1668596137985 0.8149291276931763 28544
1668596212547 0.8174666166305542 28717
1668596287429 0.819666862487793 28890
1668596362199 0.8181186318397522 29063
1668596436929 0.8197087645530701 29236
1668596511588 0.8182149529457092 29409
1668596586343 0.815280020236969 29582
1668596661238 0.8213150501251221 29755
1668596735746 0.8206835985183716 29928
1668596810135 0.8095237612724304 30101
1668596884777 0.8094963431358337 30274
1668596958782 0.8188961744308472 30447
1668597033067 0.8183416724205017 30620
1668597107426 0.8106763958930969 30793
1668597181875 0.8134856820106506 30966
1668597256197 0.8187723755836487 31139
1668597330750 0.822121798992157 31312
1668597405255 0.8236993551254272 31485
1668597479625 0.8143613934516907 31658
1668597554213 0.810063898563385 31831
1668597628637 0.8158305287361145 32004
1668597702922 0.8155088424682617 32177
1668597777549 0.816730260848999 32350
1668597852386 0.8132466077804565 32523
1668597926660 0.8220409750938416 32696
1668598001109 0.7992223501205444 32869
1668598075565 0.8155896067619324 33042
1668598149936 0.8227910995483398 33215
1668598224353 0.8197185397148132 33388
1668598298717 0.8120819330215454 33561
1668598373709 0.8357245326042175 33734
1668598448000 0.8268097639083862 33907
1668598522614 0.8175302147865295 34080
1668598597050 0.8249139189720154 34253
1668598671390 0.8284704685211182 34426
1668598745843 0.8184299468994141 34599
1668598820487 0.8173547983169556 34772
1668598894629 0.8078224062919617 34945
1668598969085 0.8201177716255188 35118
1668599043570 0.8086991906166077 35291
1668599117927 0.8086257576942444 35464
1668599192253 0.8029727935791016 35637
1668599266432 0.8227874636650085 35810
1668599341001 0.815205991268158 35983
1668599415548 0.8106058835983276 36156
1668599489716 0.8161745071411133 36329
1668599563658 0.8146504163742065 36502
1668599638065 0.8182389736175537 36675
1668599712343 0.8183920979499817 36848
1668599786835 0.8166529536247253 37021
1668599861216 0.8091418147087097 37194
1668599935701 0.8182063698768616 37367
1668600010001 0.8210121989250183 37540
1668600084438 0.8050645589828491 37713
1668600158972 0.8152215480804443 37886
1668600233196 0.8181186318397522 38059
1668600307558 0.8042818903923035 38232
1668600382126 0.8198647499084473 38405
1668600456505 0.817958652973175 38578
1668600530949 0.8202053904533386 38751
1668600605286 0.8217571377754211 38924
1668600679754 0.8305016160011292 39097
1668600754130 0.8182751536369324 39270
1668600828433 0.8170261383056641 39443
1668600902744 0.8112252354621887 39616
1668600977064 0.8087254762649536 39789
1668601051625 0.8262970447540283 39962
1668601126263 0.8257293701171875 40135
1668601200333 0.8084864020347595 40308
1668601274601 0.8075923323631287 40481
1668601349760 0.8154504299163818 40654
1668601423935 0.8222507834434509 40827
1668601498297 0.8220391273498535 41000
1668601572507 0.8175749778747559 41173
1668601646899 0.809413731098175 41346
1668601721202 0.8220564723014832 41519
1668601795642 0.8261319994926453 41692
1668601870055 0.810771107673645 41865
1668601944332 0.8284406065940857 42038
1668602018920 0.8199731111526489 42211
1668602093218 0.8184614777565002 42384
1668602167648 0.8257914185523987 42557
1668602241992 0.8210052847862244 42730
1668602316287 0.8209020495414734 42903
1668602390792 0.8098627328872681 43076
1668602465292 0.8149474859237671 43249
1668602540138 0.8190234303474426 43422
1668602614364 0.8164223432540894 43595
1668602688945 0.8164017200469971 43768
1668602763397 0.8230628371238708 43941
1668602837608 0.8116243481636047 44114
1668602911954 0.8135183453559875 44287
1668602986438 0.8190441727638245 44460
1668603060919 0.8148052096366882 44633
1668603135579 0.8090351819992065 44806
1668603209767 0.8218724727630615 44979
1668603283838 0.8170192837715149 45152
1668603358089 0.8134220838546753 45325
1668603432697 0.8207799792289734 45498
1668603506940 0.817112147808075 45671
1668603581301 0.8057270050048828 45844
1668603655763 0.8250378966331482 46017
1668603731154 0.8250325918197632 46190
1668603805690 0.8109483122825623 46363
1668603880148 0.8210672736167908 46536
1668603954444 0.8176162838935852 46709
1668604028904 0.8145419359207153 46882
1668604103089 0.808964192867279 47055
1668604177752 0.8125118613243103 47228
1668604252039 0.8150461316108704 47401
1668604326316 0.8188307285308838 47574
1668604400957 0.814075767993927 47747
1668604475368 0.8202087879180908 47920
1668604549572 0.8209365606307983 48093
1668604623972 0.8256685733795166 48266
1668604698314 0.816510021686554 48439
1668604772930 0.8124672770500183 48612
1668604847350 0.8029331564903259 48785
1668604921678 0.8194295167922974 48958
1668604995797 0.8214951157569885 49131
1668605070597 0.8307561874389648 49304
1668605145088 0.8284835815429688 49477
1668605219498 0.8198630213737488 49650
1668605294212 0.8157238364219666 49823
1668605368587 0.8180806636810303 49996
1668605443013 0.8092811703681946 50169
1668605517306 0.8200265169143677 50342
1668605591965 0.8145713210105896 50515
1668605666397 0.8229218125343323 50688
1668605741067 0.8315040469169617 50861
1668605815835 0.8187952041625977 51034
1668605890121 0.8220117688179016 51207
1668605964631 0.8080477714538574 51380
1668606039217 0.8202295303344727 51553
1668606113390 0.8037072420120239 51726
1668606187367 0.8250894546508789 51899
