1668583923644 0.7820809483528137 172
1668583997489 0.7872832417488098 345
1668584071608 0.7859826683998108 518
1668584146185 0.7781791687011719 691
1668584220405 0.7755780220031738 864
1668584294608 0.7764450907707214 1037
1668584368975 0.7755780220031738 1210
1668584443755 0.777890145778656 1383
1668584517944 0.7747109532356262 1556
1668584592450 0.7791907787322998 1729
1668584666910 0.7817919254302979 1902
1668584741465 0.7797687649726868 2075
1668584815716 0.7839595079421997 2248
1668584890161 0.7906069159507751 2421
1668584964535 0.7852601408958435 2594
1668585039258 0.7920520305633545 2767
1668585113557 0.789595365524292 2940
1668585188068 0.7939306497573853 3113
1668585262536 0.7968208193778992 3286
1668585336986 0.8004335165023804 3459
1668585411782 0.8010115623474121 3632
1668585485873 0.7984104156494141 3805
1668585560330 0.8056358098983765 3978
1668585634939 0.8085260391235352 4151
1668585709051 0.8167629837989807 4324
1668585783685 0.8075144290924072 4497
1668585858058 0.8190751671791077 4670
1668585932303 0.8151733875274658 4843
1668586006911 0.8174855709075928 5016
1668586081270 0.8158959746360779 5189
1668586155689 0.8184971213340759 5362
1668586230129 0.8213872909545898 5535
1668586304951 0.8273121118545532 5708
1668586379321 0.8287572264671326 5881
1668586453511 0.8261560797691345 6054
1668586527950 0.8303468227386475 6227
1668586602546 0.8310693502426147 6400
1668586676810 0.8320809006690979 6573
1668586751006 0.834104061126709 6746
1668586825337 0.8352600932121277 6919
1668586899664 0.8333814740180969 7092
1668586974057 0.8339595198631287 7265
1668587048461 0.8361271619796753 7438
1668587123204 0.8349710702896118 7611
1668587197461 0.835404634475708 7784
1668587271798 0.836705207824707 7957
1668587346074 0.8329479694366455 8130
1668587420363 0.8372832536697388 8303
1668587494706 0.8326589465141296 8476
1668587569329 0.834104061126709 8649
1668587643990 0.8342485427856445 8822
1668587718159 0.8339595198631287 8995
1668587792937 0.8375722765922546 9168
1668587867511 0.834104061126709 9341
1668587941840 0.8346821069717407 9514
1668588016571 0.8378612995147705 9687
1668588091113 0.8332369923591614 9860
1668588165230 0.834104061126709 10033
1668588239647 0.834104061126709 10206
1668588313978 0.8326589465141296 10379
1668588388689 0.8322254419326782 10552
1668588462874 0.8359826803207397 10725
1668588537205 0.8323699235916138 10898
1668588611826 0.8320809006690979 11071
1668588686305 0.8326589465141296 11244
1668588760831 0.8310693502426147 11417
1668588835514 0.8342485427856445 11590
1668588910057 0.8326589465141296 11763
1668588984363 0.8325144648551941 11936
1668589059054 0.8310693502426147 12109
1668589133544 0.831791877746582 12282
1668589208292 0.834104061126709 12455
1668589282894 0.83280348777771 12628
1668589357489 0.8313583731651306 12801
1668589431872 0.8332369923591614 12974
1668589506422 0.8307803273200989 13147
1668589580847 0.8332369923591614 13320
1668589654822 0.8310693502426147 13493
1668589729495 0.8312138915061951 13666
1668589803892 0.8290462493896484 13839
1668589878452 0.8322254419326782 14012
1668589952859 0.831791877746582 14185
1668590027485 0.8315029144287109 14358
1668590102098 0.8310693502426147 14531
1668590176337 0.831791877746582 14704
1668590250996 0.8315029144287109 14877
1668590325767 0.8348265886306763 15050
1668590400372 0.8303468227386475 15223
1668590474577 0.8326589465141296 15396
1668590549396 0.8319364190101624 15569
1668590624240 0.8315029144287109 15742
1668590698743 0.8325144648551941 15915
1668590772867 0.8310693502426147 16088
1668590847494 0.8322254419326782 16261
1668590922082 0.8325144648551941 16434
1668590996589 0.8322254419326782 16607
1668591071052 0.8338150382041931 16780
1668591145689 0.8330925107002258 16953
1668591219924 0.8332369923591614 17126
1668591294403 0.8322254419326782 17299
1668591368954 0.8325144648551941 17472
1668591443845 0.8346821069717407 17645
1668591518469 0.8316473960876465 17818
1668591592773 0.831791877746582 17991
1668591667814 0.8306358456611633 18164
1668591741768 0.8336704969406128 18337
1668591816503 0.8323699235916138 18510
1668591891172 0.8338150382041931 18683
1668591966027 0.8329479694366455 18856
1668592040300 0.834104061126709 19029
1668592114707 0.8332369923591614 19202
1668592189171 0.8345375657081604 19375
1668592263522 0.8322254419326782 19548
1668592337944 0.8312138915061951 19721
1668592412481 0.8307803273200989 19894
1668592486922 0.834104061126709 20067
1668592561571 0.8312138915061951 20240
1668592636134 0.8330925107002258 20413
1668592710623 0.8326589465141296 20586
1668592785287 0.8325144648551941 20759
1668592859667 0.83280348777771 20932
1668592934005 0.8319364190101624 21105
1668593008269 0.8336704969406128 21278
1668593082677 0.8345375657081604 21451
1668593157242 0.8345375657081604 21624
1668593231604 0.8349710702896118 21797
1668593306128 0.8313583731651306 21970
1668593380834 0.8303468227386475 22143
1668593455422 0.8349710702896118 22316
1668593530203 0.8343930840492249 22489
1668593604961 0.8336704969406128 22662
1668593679378 0.8330925107002258 22835
1668593753929 0.8332369923591614 23008
1668593828330 0.8351156115531921 23181
1668593902806 0.8362717032432556 23354
1668593977137 0.8332369923591614 23527
1668594051711 0.8348265886306763 23700
1668594126179 0.8320809006690979 23873
1668594200590 0.8316473960876465 24046
1668594274984 0.834104061126709 24219
1668594349264 0.8333814740180969 24392
1668594423755 0.8349710702896118 24565
1668594498371 0.8335260152816772 24738
1668594572986 0.8316473960876465 24911
1668594647513 0.8345375657081604 25084
1668594721958 0.834104061126709 25257
1668594796503 0.836705207824707 25430
1668594871047 0.8338150382041931 25603
1668594945458 0.8343930840492249 25776
1668595020157 0.8325144648551941 25949
1668595094617 0.8326589465141296 26122
1668595169419 0.8343930840492249 26295
1668595244217 0.8349710702896118 26468
1668595318702 0.83280348777771 26641
1668595393335 0.83280348777771 26814
1668595467571 0.8359826803207397 26987
1668595541671 0.829913318157196 27160
1668595615779 0.8351156115531921 27333
1668595690396 0.8333814740180969 27506
1668595765212 0.836705207824707 27679
1668595839646 0.8336704969406128 27852
1668595914638 0.8356936573982239 28025
1668595988749 0.83280348777771 28198
1668596062968 0.8338150382041931 28371
1668596137985 0.8339595198631287 28544
1668596212547 0.834104061126709 28717
1668596287429 0.8368496894836426 28890
1668596362199 0.8349710702896118 29063
1668596436929 0.8339595198631287 29236
1668596511588 0.8365606665611267 29409
1668596586343 0.834104061126709 29582
1668596661238 0.8343930840492249 29755
1668596735746 0.8335260152816772 29928
1668596810135 0.8339595198631287 30101
1668596884777 0.8361271619796753 30274
1668596958782 0.8355491161346436 30447
1668597033067 0.8352600932121277 30620
1668597107426 0.8329479694366455 30793
1668597181875 0.8359826803207397 30966
1668597256197 0.8352600932121277 31139
1668597330750 0.8364161849021912 31312
1668597405255 0.8351156115531921 31485
1668597479625 0.8362717032432556 31658
1668597554213 0.8342485427856445 31831
1668597628637 0.8342485427856445 32004
1668597702922 0.834104061126709 32177
1668597777549 0.8345375657081604 32350
1668597852386 0.8351156115531921 32523
1668597926660 0.8378612995147705 32696
1668598001109 0.8356936573982239 32869
1668598075565 0.8346821069717407 33042
1668598149936 0.8364161849021912 33215
1668598224353 0.8346821069717407 33388
1668598298717 0.8343930840492249 33561
1668598373709 0.8346821069717407 33734
1668598448000 0.8338150382041931 33907
1668598522614 0.8345375657081604 34080
1668598597050 0.8374277353286743 34253
1668598671390 0.8346821069717407 34426
1668598745843 0.8342485427856445 34599
1668598820487 0.836705207824707 34772
1668598894629 0.8326589465141296 34945
1668598969085 0.8346821069717407 35118
1668599043570 0.8358381390571594 35291
1668599117927 0.8359826803207397 35464
1668599192253 0.8325144648551941 35637
1668599266432 0.834104061126709 35810
1668599341001 0.8359826803207397 35983
1668599415548 0.8339595198631287 36156
1668599489716 0.8369942307472229 36329
1668599563658 0.8359826803207397 36502
1668599638065 0.8359826803207397 36675
1668599712343 0.8345375657081604 36848
1668599786835 0.8359826803207397 37021
1668599861216 0.8365606665611267 37194
1668599935701 0.8322254419326782 37367
1668600010001 0.8384392857551575 37540
1668600084438 0.8372832536697388 37713
1668600158972 0.8382948040962219 37886
1668600233196 0.8333814740180969 38059
1668600307558 0.8393063545227051 38232
1668600382126 0.8377167582511902 38405
1668600456505 0.8358381390571594 38578
1668600530949 0.8358381390571594 38751
1668600605286 0.8368496894836426 38924
1668600679754 0.835404634475708 39097
1668600754130 0.8371387124061584 39270
1668600828433 0.8329479694366455 39443
1668600902744 0.8333814740180969 39616
1668600977064 0.8368496894836426 39789
1668601051625 0.8359826803207397 39962
1668601126263 0.8346821069717407 40135
1668601200333 0.8356936573982239 40308
1668601274601 0.8355491161346436 40481
1668601349760 0.8369942307472229 40654
1668601423935 0.8349710702896118 40827
1668601498297 0.8365606665611267 41000
1668601572507 0.8346821069717407 41173
1668601646899 0.8377167582511902 41346
1668601721202 0.8381502628326416 41519
1668601795642 0.8356936573982239 41692
1668601870055 0.8333814740180969 41865
1668601944332 0.8352600932121277 42038
1668602018920 0.8385838270187378 42211
1668602093218 0.8364161849021912 42384
1668602167648 0.8358381390571594 42557
1668602241992 0.835404634475708 42730
1668602316287 0.8349710702896118 42903
1668602390792 0.8364161849021912 43076
1668602465292 0.8359826803207397 43249
1668602540138 0.8375722765922546 43422
1668602614364 0.8368496894836426 43595
1668602688945 0.8381502628326416 43768
1668602763397 0.8375722765922546 43941
1668602837608 0.8398844003677368 44114
1668602911954 0.8362717032432556 44287
1668602986438 0.8378612995147705 44460
1668603060919 0.8371387124061584 44633
1668603135579 0.8362717032432556 44806
1668603209767 0.8362717032432556 44979
1668603283838 0.8358381390571594 45152
1668603358089 0.8368496894836426 45325
1668603432697 0.836705207824707 45498
1668603506940 0.8377167582511902 45671
1668603581301 0.8364161849021912 45844
1668603655763 0.8369942307472229 46017
1668603731154 0.836705207824707 46190
1668603805690 0.8346821069717407 46363
1668603880148 0.8397398591041565 46536
1668603954444 0.8390173316001892 46709
1668604028904 0.8385838270187378 46882
1668604103089 0.8361271619796753 47055
1668604177752 0.8372832536697388 47228
1668604252039 0.8365606665611267 47401
1668604326316 0.838005781173706 47574
1668604400957 0.8372832536697388 47747
1668604475368 0.8349710702896118 47920
1668604549572 0.839595377445221 48093
1668604623972 0.8359826803207397 48266
1668604698314 0.8382948040962219 48439
1668604772930 0.838005781173706 48612
1668604847350 0.8365606665611267 48785
1668604921678 0.8346821069717407 48958
1668604995797 0.8377167582511902 49131
1668605070597 0.8407514691352844 49304
1668605145088 0.8372832536697388 49477
1668605219498 0.8377167582511902 49650
1668605294212 0.8349710702896118 49823
1668605368587 0.834104061126709 49996
1668605443013 0.8404624462127686 50169
1668605517306 0.8377167582511902 50342
1668605591965 0.8387283086776733 50515
1668605666397 0.8388728499412537 50688
1668605741067 0.8372832536697388 50861
1668605815835 0.838005781173706 51034
1668605890121 0.8365606665611267 51207
1668605964631 0.8369942307472229 51380
1668606039217 0.8393063545227051 51553
1668606113390 0.8388728499412537 51726
1668606187367 0.8371387124061584 51899
