1668583913141 82.0 172
1668583986247 85.5 345
1668584060107 145.75 518
1668584133800 126.0 691
1668584207455 121.5 864
1668584281272 129.75 1037
1668584355204 129.0 1210
1668584429045 120.75 1383
1668584503103 145.0 1556
1668584577023 118.5 1729
1668584651031 103.0 1902
1668584724906 119.25 2075
1668584798774 101.5 2248
1668584872763 118.75 2421
1668584946846 83.25 2594
1668585020532 78.0 2767
1668585094410 74.25 2940
1668585169072 70.25 3113
1668585243063 88.0 3286
1668585316940 84.5 3459
1668585390982 81.5 3632
1668585464859 70.25 3805
1668585538797 63.25 3978
1668585612903 65.0 4151
1668585687015 63.75 4324
1668585761046 65.25 4497
1668585835132 42.0 4670
1668585909317 34.25 4843
1668585983608 39.75 5016
1668586057689 38.25 5189
1668586131753 32.0 5362
1668586205712 36.5 5535
1668586279876 36.75 5708
1668586353981 32.25 5881
1668586428503 30.0 6054
1668586502583 34.0 6227
1668586576803 35.25 6400
1668586650895 31.5 6573
1668586725231 25.25 6746
1668586799153 28.75 6919
1668586873193 24.25 7092
1668586947247 22.25 7265
1668587021675 23.5 7438
1668587095895 23.25 7611
1668587170087 23.75 7784
1668587244199 21.5 7957
1668587318311 14.25 8130
1668587392337 23.25 8303
1668587466336 21.5 8476
1668587540481 21.5 8649
1668587614367 21.25 8822
1668587688366 21.25 8995
1668587762484 20.75 9168
1668587836749 21.25 9341
1668587910852 19.75 9514
1668587984866 21.75 9687
1668588059190 20.0 9860
1668588133425 21.5 10033
1668588207367 20.75 10206
1668588281338 18.5 10379
1668588355440 19.5 10552
1668588429606 20.0 10725
1668588503460 21.25 10898
1668588577630 20.75 11071
1668588651604 19.5 11244
1668588725717 21.25 11417
1668588799681 21.25 11590
1668588874016 20.0 11763
1668588948035 19.25 11936
1668589022040 20.0 12109
1668589096119 17.75 12282
1668589170358 11.0 12455
1668589244356 18.25 12628
1668589318359 21.5 12801
1668589392576 19.25 12974
1668589466271 19.25 13147
1668589540288 19.5 13320
1668589614331 20.75 13493
1668589688267 20.5 13666
1668589762251 14.0 13839
1668589836173 20.75 14012
1668589910183 16.0 14185
1668589984330 21.5 14358
1668590058595 20.5 14531
1668590132837 21.5 14704
1668590207166 21.25 14877
1668590281353 19.75 15050
1668590355210 21.25 15223
1668590429389 20.25 15396
1668590503294 22.0 15569
1668590577353 20.75 15742
1668590651274 18.25 15915
1668590725491 20.75 16088
1668590799571 20.0 16261
1668590873848 21.25 16434
1668590947793 19.75 16607
1668591021872 20.75 16780
1668591096634 21.25 16953
1668591170565 20.25 17126
1668591244455 21.0 17299
1668591318214 20.75 17472
1668591392262 21.25 17645
1668591465911 20.25 17818
1668591540068 20.75 17991
1668591614319 21.25 18164
1668591688787 21.5 18337
1668591762746 20.75 18510
1668591836655 20.75 18683
1668591911146 22.5 18856
1668591985304 21.5 19029
1668592059297 21.25 19202
1668592133287 21.25 19375
1668592207330 21.25 19548
1668592281514 21.25 19721
1668592355892 20.75 19894
1668592429849 19.0 20067
1668592503708 20.0 20240
1668592577925 22.0 20413
1668592651681 22.0 20586
1668592725372 21.25 20759
1668592799121 21.25 20932
1668592873398 15.75 21105
1668592947091 21.25 21278
1668593021161 17.5 21451
1668593095378 20.75 21624
1668593169649 21.25 21797
1668593243517 17.75 21970
1668593317410 22.25 22143
1668593391463 19.75 22316
1668593465549 19.75 22489
1668593539820 21.25 22662
1668593613839 18.5 22835
1668593687845 21.25 23008
1668593762313 20.75 23181
1668593836267 20.5 23354
1668593910385 19.75 23527
1668593984592 20.0 23700
1668594058520 20.5 23873
1668594132518 21.0 24046
1668594206270 21.5 24219
1668594280274 18.25 24392
1668594354447 19.25 24565
1668594428425 18.25 24738
1668594502348 21.5 24911
1668594576731 21.25 25084
1668594650903 19.75 25257
1668594724681 21.25 25430
1668594798639 21.5 25603
1668594872604 22.0 25776
1668594946812 19.5 25949
1668595021001 21.75 26122
1668595094841 21.25 26295
1668595169349 22.25 26468
1668595243352 20.5 26641
1668595317501 21.5 26814
1668595391428 13.75 26987
1668595465606 13.5 27160
1668595540118 20.5 27333
1668595614843 21.5 27506
1668595688569 22.0 27679
1668595762523 21.25 27852
1668595836397 18.5 28025
1668595910517 20.0 28198
1668595984781 22.25 28371
1668596058753 21.5 28544
1668596133003 21.5 28717
1668596207119 21.5 28890
1668596281578 17.75 29063
1668596356188 11.25 29236
1668596430569 20.5 29409
1668596504803 21.5 29582
1668596579051 21.5 29755
1668596653535 20.5 29928
1668596727226 22.75 30101
1668596801020 21.5 30274
1668596875113 21.25 30447
1668596949122 20.75 30620
1668597023538 14.75 30793
1668597097467 21.75 30966
1668597171816 21.5 31139
1668597245975 12.0 31312
1668597319642 22.0 31485
1668597394048 22.25 31658
1668597468131 11.0 31831
1668597542359 21.5 32004
1668597616618 21.25 32177
1668597690843 19.25 32350
1668597765087 22.25 32523
1668597839521 21.25 32696
1668597913797 20.5 32869
1668597987872 22.0 33042
1668598062256 20.5 33215
1668598136079 15.25 33388
1668598210480 18.25 33561
1668598284576 20.25 33734
1668598359069 20.75 33907
1668598433132 16.0 34080
1668598507826 21.25 34253
1668598582124 21.75 34426
1668598655947 20.5 34599
1668598729981 21.25 34772
1668598804507 21.0 34945
1668598878801 19.75 35118
1668598953571 20.75 35291
1668599027599 21.25 35464
1668599101811 21.0 35637
1668599175717 21.0 35810
1668599249790 22.0 35983
1668599324408 22.25 36156
1668599398658 20.75 36329
1668599472775 21.0 36502
1668599546492 21.0 36675
1668599620590 22.0 36848
1668599695026 22.5 37021
1668599769385 21.75 37194
1668599843611 21.5 37367
1668599917562 22.0 37540
1668599991757 21.25 37713
1668600065826 21.25 37886
1668600139719 21.0 38059
1668600214255 16.25 38232
1668600288429 22.25 38405
1668600362792 21.25 38578
1668600436932 22.0 38751
1668600511206 17.75 38924
1668600585196 21.0 39097
1668600659575 20.75 39270
1668600733388 21.0 39443
1668600807139 21.25 39616
1668600881219 21.25 39789
1668600955365 19.25 39962
1668601029049 21.0 40135
1668601103099 21.5 40308
1668601177129 21.0 40481
1668601251256 21.25 40654
1668601326036 22.75 40827
1668601400087 20.75 41000
1668601474320 19.5 41173
1668601548434 21.5 41346
1668601622298 19.75 41519
1668601696245 20.75 41692
1668601770359 20.75 41865
1668601844308 21.25 42038
1668601918573 13.75 42211
1668601992545 22.0 42384
1668602066390 21.0 42557
1668602140511 18.25 42730
1668602214774 15.5 42903
1668602288371 15.5 43076
1668602362751 20.25 43249
1668602436914 21.25 43422
1668602510973 21.25 43595
1668602585305 17.25 43768
1668602659588 21.0 43941
1668602733682 20.75 44114
1668602807689 22.0 44287
1668602881922 12.25 44460
1668602956389 21.0 44633
1668603030536 21.5 44806
1668603104781 20.75 44979
1668603178729 13.75 45152
1668603252839 16.75 45325
1668603326618 22.0 45498
1668603400524 21.75 45671
1668603475320 19.5 45844
1668603549124 20.75 46017
1668603623085 11.25 46190
1668603697237 16.75 46363
1668603771132 21.0 46536
1668603845668 19.5 46709
1668603919635 21.25 46882
1668603993386 15.75 47055
1668604067820 21.75 47228
1668604142157 14.0 47401
1668604216330 19.5 47574
1668604290455 16.25 47747
1668604364454 21.0 47920
1668604438559 20.5 48093
1668604512605 21.25 48266
1668604586556 19.75 48439
1668604660541 18.25 48612
1668604734448 18.5 48785
1668604809055 22.0 48958
1668604882931 21.25 49131
1668604957113 22.0 49304
1668605031239 18.5 49477
1668605105347 17.0 49650
1668605179242 20.75 49823
1668605253504 21.25 49996
1668605327793 16.0 50169
1668605402006 20.75 50342
1668605476271 19.25 50515
1668605550386 11.0 50688
1668605624466 21.0 50861
1668605698566 21.5 51034
1668605772762 22.0 51207
1668605846922 21.25 51380
1668605920832 21.25 51553
1668605995168 21.25 51726
1668606069259 16.25 51899
