1668804967105 0.2771676182746887 864
1668805073384 0.27615606784820557 1729
1668805179623 0.29263004660606384 2594
1668805285872 0.28901734948158264 3459
1668805392472 0.3057803511619568 4324
1668805499688 0.30072253942489624 5189
1668805606158 0.3111271560192108 6054
1668805712246 0.31734102964401245 6919
1668805819235 0.31979769468307495 7784
1668805925512 0.3244219720363617 8649
1668806031819 0.33193641901016235 9514
1668806138637 0.3276011645793915 10379
1668806245292 0.33063584566116333 11244
1668806352136 0.3361271619796753 12109
1668806459543 0.33670520782470703 12974
1668806567023 0.3361271619796753 13839
1668806674137 0.32745665311813354 14704
1668806780243 0.3382948040962219 15569
1668806886683 0.32456648349761963 16434
1668806993723 0.3316473960876465 17299
1668807100351 0.33511561155319214 18164
1668807207013 0.32543352246284485 19029
1668807314149 0.33106935024261475 19894
1668807421188 0.3300577998161316 20759
1668807527409 0.3271676301956177 21624
1668807633682 0.33309248089790344 22489
1668807740216 0.3345375657081604 23354
1668807846474 0.32543352246284485 24219
1668807953195 0.3322254419326782 25084
1668808059885 0.32658958435058594 25949
1668808166857 0.32673409581184387 26814
1668808273673 0.3345375657081604 27679
1668808380474 0.3289017379283905 28544
1668808486565 0.32341039180755615 29409
1668808593093 0.3309248685836792 30274
1668808699047 0.3293352723121643 31139
1668808805042 0.3338150382041931 32004
1668808911886 0.3309248685836792 32869
1668809018398 0.32875722646713257 33734
1668809125224 0.3219653069972992 34599
1668809232181 0.334104061126709 35464
1668809338657 0.3297687768936157 36329
1668809445136 0.3361271619796753 37194
1668809551670 0.3239884376525879 38059
1668809658388 0.32586705684661865 38924
1668809765156 0.32832369208335876 39789
1668809871490 0.3235549032688141 40654
1668809977997 0.32789018750190735 41519
1668810084196 0.3382948040962219 42384
1668810191089 0.32861271500587463 43249
1668810297225 0.33439305424690247 44114
1668810403480 0.32919076085090637 44979
1668810509384 0.3329479694366455 45844
1668810615742 0.3293352723121643 46709
1668810722402 0.3385838270187378 47574
1668810828721 0.3271676301956177 48439
1668810935841 0.32225432991981506 49304
1668811043242 0.33236995339393616 50169
1668811149957 0.321098268032074 51034
1668811256586 0.3192196488380432 51899
1668811363945 0.32789018750190735 52764
1668811470572 0.3302023112773895 53629
1668811577171 0.3293352723121643 54494
1668811683817 0.3190751373767853 55359
1668811790955 0.32268786430358887 56224
1668811897381 0.3248554766178131 57089
1668812004722 0.32023119926452637 57954
1668812112321 0.3255780339241028 58819
1668812219125 0.321098268032074 59684
1668812326386 0.3228323757648468 60549
1668812433227 0.32991328835487366 61414
1668812539591 0.32817918062210083 62279
1668812645912 0.3228323757648468 63144
1668812752215 0.32947975397109985 64009
1668812858910 0.32384392619132996 64874
1668812965415 0.32919076085090637 65739
1668813072202 0.32586705684661865 66604
1668813178915 0.3241329491138458 67469
1668813285712 0.3244219720363617 68334
1668813393614 0.3252890110015869 69199
1668813501434 0.32630059123039246 70064
1668813609090 0.32427746057510376 70929
1668813716039 0.3252890110015869 71794
1668813823067 0.32658958435058594 72659
1668813929547 0.334104061126709 73524
1668814036291 0.323699414730072 74389
1668814143649 0.3320809304714203 75254
1668814251014 0.31864163279533386 76119
1668814357850 0.3317919075489044 76984
1668814464427 0.3239884376525879 77849
1668814570693 0.32630059123039246 78714
1668814676973 0.32673409581184387 79579
1668814783244 0.33063584566116333 80444
1668814890512 0.3260115683078766 81309
1668814998204 0.33063584566116333 82174
1668815105110 0.3277456760406494 83039
1668815212198 0.32991328835487366 83904
1668815319550 0.3312138617038727 84769
1668815426963 0.3361271619796753 85634
1668815534511 0.33034682273864746 86499
1668815641290 0.3235549032688141 87364
1668815747520 0.32789018750190735 88229
1668815854413 0.3244219720363617 89094
1668815960869 0.3241329491138458 89959
1668816067897 0.32023119926452637 90824
1668816174598 0.3232659101486206 91689
1668816281881 0.32586705684661865 92554
1668816388996 0.3257225453853607 93419
1668816495882 0.3273121416568756 94284
1668816603741 0.3296242654323578 95149
1668816710985 0.3268786072731018 96014
1668816817987 0.3260115683078766 96879
1668816924091 0.325144499540329 97744
1668817031148 0.32745665311813354 98609
1668817138027 0.3273121416568756 99474
1668817244810 0.32268786430358887 100339
1668817351677 0.3257225453853607 101204
1668817458589 0.3277456760406494 102069
1668817565212 0.3244219720363617 102934
1668817671785 0.3212427794933319 103799
1668817778248 0.3277456760406494 104664
1668817885283 0.3284682035446167 105529
1668817992043 0.3280346691608429 106394
1668818099767 0.33395954966545105 107259
1668818206089 0.32312139868736267 108124
1668818312763 0.32297688722610474 108989
1668818419205 0.32789018750190735 109854
1668818525528 0.32543352246284485 110719
1668818632862 0.3304913341999054 111584
1668818739231 0.32875722646713257 112449
1668818845848 0.3261560797691345 113314
1668818952539 0.32861271500587463 114179
1668819059304 0.32586705684661865 115044
1668819167220 0.3195086717605591 115909
1668819274309 0.3244219720363617 116774
1668819380926 0.33034682273864746 117639
1668819487469 0.32225432991981506 118504
1668819594151 0.3332369923591614 119369
1668819700710 0.3280346691608429 120234
1668819807078 0.3257225453853607 121099
1668819913542 0.3304913341999054 121964
1668820020892 0.33265894651412964 122829
1668820128903 0.32586705684661865 123694
1668820235916 0.33063584566116333 124559
1668820342595 0.32861271500587463 125424
1668820449377 0.3302023112773895 126289
1668820555448 0.32297688722610474 127154
1668820661547 0.32427746057510376 128019
1668820768718 0.32630059123039246 128884
1668820875347 0.3268786072731018 129749
1668820982867 0.3232659101486206 130614
1668821089599 0.33193641901016235 131479
1668821196276 0.3252890110015869 132344
1668821302765 0.3261560797691345 133209
1668821409217 0.32456648349761963 134074
1668821515323 0.3248554766178131 134939
1668821622064 0.3276011645793915 135804
1668821728956 0.33352601528167725 136669
1668821835850 0.3273121416568756 137534
1668821942282 0.3260115683078766 138399
1668822048329 0.3313583731651306 139264
1668822155202 0.3345375657081604 140129
1668822261730 0.3297687768936157 140994
1668822368027 0.3317919075489044 141859
1668822474868 0.32471099495887756 142724
1668822581252 0.33063584566116333 143589
1668822688220 0.32341039180755615 144454
1668822795296 0.32471099495887756 145319
1668822902357 0.3313583731651306 146184
1668823008788 0.3322254419326782 147049
1668823115582 0.3320809304714203 147914
1668823221926 0.33063584566116333 148779
1668823329054 0.33034682273864746 149644
1668823436037 0.32861271500587463 150509
1668823541752 0.32991328835487366 151374
1668823647936 0.3312138617038727 152239
1668823754494 0.3248554766178131 153104
1668823860955 0.3277456760406494 153969
1668823967112 0.32658958435058594 154834
1668824073763 0.32817918062210083 155699
1668824180653 0.3252890110015869 156564
1668824287606 0.3302023112773895 157429
1668824394099 0.3338150382041931 158294
1668824500389 0.3228323757648468 159159
1668824607079 0.3293352723121643 160024
1668824713390 0.3302023112773895 160889
1668824819650 0.3252890110015869 161754
1668824926236 0.3361271619796753 162619
1668825033571 0.3232659101486206 163484
1668825140264 0.3280346691608429 164349
1668825246732 0.33482658863067627 165214
1668825353045 0.33034682273864746 166079
1668825459370 0.3336705267429352 166944
1668825566058 0.33265894651412964 167809
1668825672406 0.32210981845855713 168674
1668825778607 0.3195086717605591 169539
1668825884975 0.32586705684661865 170404
1668825991617 0.3325144648551941 171269
1668826098356 0.3268786072731018 172134
1668826205060 0.32875722646713257 172999
1668826312087 0.3297687768936157 173864
1668826419161 0.3195086717605591 174729
1668826526113 0.3297687768936157 175594
1668826632524 0.32384392619132996 176459
1668826739617 0.3312138617038727 177324
1668826845875 0.32499998807907104 178189
1668826952410 0.3268786072731018 179054
1668827058846 0.32341039180755615 179919
1668827165192 0.3252890110015869 180784
1668827271545 0.3333815038204193 181649
1668827378035 0.33395954966545105 182514
1668827484879 0.32658958435058594 183379
1668827591499 0.33078035712242126 184244
1668827698145 0.32630059123039246 185109
1668827804838 0.3271676301956177 185974
1668827911439 0.3328034579753876 186839
1668828017717 0.3297687768936157 187704
1668828124230 0.31531792879104614 188569
1668828230452 0.32947975397109985 189434
1668828337104 0.3322254419326782 190299
1668828444130 0.33034682273864746 191164
1668828550658 0.3277456760406494 192029
1668828657353 0.32312139868736267 192894
1668828763658 0.3304913341999054 193759
1668828869913 0.32297688722610474 194624
1668828976429 0.3329479694366455 195489
1668829083033 0.32832369208335876 196354
1668829189532 0.3261560797691345 197219
1668829296355 0.32312139868736267 198084
1668829403384 0.33309248089790344 198949
1668829510423 0.32658958435058594 199814
1668829617419 0.3297687768936157 200679
1668829724837 0.32817918062210083 201544
1668829832065 0.3302023112773895 202409
1668829937909 0.3296242654323578 203274
1668830044589 0.3333815038204193 204139
1668830151343 0.33063584566116333 205004
1668830257671 0.33800578117370605 205869
1668830364613 0.32861271500587463 206734
1668830471728 0.3268786072731018 207599
1668830578655 0.3325144648551941 208464
1668830685908 0.32312139868736267 209329
1668830793290 0.3312138617038727 210194
1668830899949 0.32543352246284485 211059
1668831006065 0.3333815038204193 211924
1668831112406 0.32673409581184387 212789
1668831218928 0.32789018750190735 213654
1668831325515 0.3277456760406494 214519
1668831432021 0.3289017379283905 215384
1668831539655 0.32832369208335876 216249
1668831646362 0.32254335284233093 217114
1668831753023 0.3244219720363617 217979
1668831859851 0.32673409581184387 218844
1668831966652 0.33193641901016235 219709
1668832072838 0.3268786072731018 220574
1668832179181 0.3257225453853607 221439
1668832285498 0.33193641901016235 222304
1668832392036 0.32919076085090637 223169
1668832498264 0.32832369208335876 224034
1668832604657 0.3257225453853607 224899
1668832710935 0.32312139868736267 225764
1668832817850 0.32991328835487366 226629
1668832924374 0.33482658863067627 227494
1668833031083 0.325144499540329 228359
1668833137308 0.33150288462638855 229224
1668833243683 0.3252890110015869 230089
1668833350358 0.32947975397109985 230954
1668833457253 0.32789018750190735 231819
1668833563904 0.3289017379283905 232684
1668833670589 0.32630059123039246 233549
1668833777336 0.32947975397109985 234414
1668833883830 0.32875722646713257 235279
1668833990112 0.3317919075489044 236144
1668834096919 0.3257225453853607 237009
1668834203118 0.3232659101486206 237874
1668834309646 0.32630059123039246 238739
1668834415616 0.3302023112773895 239604
1668834522111 0.3374277353286743 240469
1668834628784 0.3244219720363617 241334
1668834735678 0.3203757107257843 242199
1668834842340 0.33150288462638855 243064
1668834948699 0.326445072889328 243929
1668835054487 0.3349711000919342 244794
1668835160947 0.334104061126709 245659
1668835268934 0.3257225453853607 246524
1668835380017 0.3289017379283905 247389
1668835486169 0.32456648349761963 248254
1668835592419 0.33843931555747986 249119
