1668689486679 0.2889513373374939 216
1668689558157 0.29675209522247314 433
1668689629894 0.2874002754688263 650
1668689701298 0.2812153100967407 867
1668689773071 0.28102266788482666 1084
1668689844826 0.2885645925998688 1301
1668689916864 0.2958257496356964 1518
1668689988536 0.3034021556377411 1735
1668690060432 0.31019824743270874 1952
1668690132185 0.31854119896888733 2169
1668690203630 0.33066892623901367 2386
1668690275622 0.3450702428817749 2603
1668690347564 0.3512083888053894 2820
1668690419476 0.37007707357406616 3037
1668690491374 0.3854348957538605 3254
1668690563118 0.3776038587093353 3471
1668690634934 0.4012015759944916 3688
1668690707189 0.409962922334671 3905
1668690779165 0.4164244532585144 4122
1668690850917 0.43780213594436646 4339
1668690922647 0.4386347532272339 4556
1668690994409 0.444132924079895 4773
1668691066052 0.46601977944374084 4990
1668691137813 0.4707569181919098 5207
1668691209736 0.47814610600471497 5424
1668691281557 0.4939747154712677 5641
1668691353505 0.49609002470970154 5858
1668691425511 0.4982631802558899 6075
1668691497461 0.5178226828575134 6292
1668691569384 0.5160556435585022 6509
1668691641019 0.5254926681518555 6726
1668691713065 0.5253744125366211 6943
1668691785088 0.5291810631752014 7160
1668691856757 0.5333333015441895 7377
1668691928928 0.5349352955818176 7594
1668692001141 0.5525639057159424 7811
1668692073205 0.5299628376960754 8028
1668692145195 0.5522310137748718 8245
1668692217052 0.54559725522995 8462
1668692288931 0.5482397079467773 8679
1668692360855 0.5567781329154968 8896
1668692432707 0.5573066473007202 9113
1668692504571 0.5612592697143555 9330
1668692576463 0.563604474067688 9547
1668692648574 0.5616157054901123 9764
1668692720383 0.5538646578788757 9981
1668692792335 0.5594494342803955 10198
1668692864391 0.5708821415901184 10415
1668692936202 0.5720850229263306 10632
1668693008134 0.5681323409080505 10849
1668693079882 0.5751045942306519 11066
1668693151827 0.5701113939285278 11283
1668693223980 0.5696917176246643 11500
1668693295840 0.5681847333908081 11717
1668693367345 0.5775859355926514 11934
1668693439235 0.5646077990531921 12151
1668693511051 0.5709412693977356 12368
1668693582749 0.5761781334877014 12585
1668693654771 0.5679823756217957 12802
1668693726511 0.5658987164497375 13019
1668693798321 0.5786677002906799 13236
1668693870337 0.5736361145973206 13453
1668693942168 0.5774319171905518 13670
1668694014139 0.5689250826835632 13887
1668694085930 0.5797935724258423 14104
1668694157963 0.5693063139915466 14321
1668694229902 0.572156548500061 14538
1668694301582 0.5732535123825073 14755
1668694373394 0.5745748281478882 14972
1668694445336 0.5774605870246887 15189
1668694516987 0.5702601671218872 15406
1668694588975 0.5734076499938965 15623
1668694660901 0.5738439559936523 15840
1668694732695 0.5767272710800171 16057
1668694804604 0.5735095143318176 16274
1668694876569 0.5652780532836914 16491
1668694948691 0.570788562297821 16708
1668695020417 0.5705435276031494 16925
1668695092134 0.5810913443565369 17142
1668695164113 0.5777180790901184 17359
1668695235803 0.5720974206924438 17576
1668695307856 0.5742017030715942 17793
1668695379971 0.5786292552947998 18010
1668695451949 0.5789484977722168 18227
1668695524024 0.5775887370109558 18444
1668695596048 0.5691412687301636 18661
1668695668117 0.5721332430839539 18878
1668695740147 0.5719680786132812 19095
1668695812006 0.5718910098075867 19312
1668695883914 0.5782273411750793 19529
1668695955816 0.5764533281326294 19746
1668696027587 0.5800109505653381 19963
1668696099365 0.5804376006126404 20180
1668696171872 0.5791507959365845 20397
1668696244147 0.5816184878349304 20614
1668696316011 0.5753990411758423 20831
1668696387822 0.5758904814720154 21048
1668696459674 0.5757665634155273 21265
1668696531422 0.5651485919952393 21482
1668696603358 0.5709124207496643 21699
1668696675184 0.5771524310112 21916
1668696747056 0.570839524269104 22133
1668696818975 0.5647426247596741 22350
1668696890473 0.5743269920349121 22567
1668696962282 0.566981852054596 22784
1668697034335 0.571343183517456 23001
1668697106373 0.5767230987548828 23218
1668697178087 0.5729191303253174 23435
1668697250430 0.5726177096366882 23652
1668697322176 0.5736677050590515 23869
1668697394180 0.5770878195762634 24086
1668697466056 0.5701679587364197 24303
1668697538138 0.579426109790802 24520
1668697610188 0.5736374258995056 24737
1668697682129 0.5766445398330688 24954
1668697754050 0.5735755562782288 25171
1668697826040 0.581571638584137 25388
1668697898190 0.5863116383552551 25605
1668697970184 0.5760501027107239 25822
1668698041949 0.5737627148628235 26039
1668698114046 0.5748926401138306 26256
1668698185768 0.5825200080871582 26473
1668698257532 0.5740723609924316 26690
1668698329378 0.5711546540260315 26907
1668698400862 0.5783319473266602 27124
1668698472506 0.5697687864303589 27341
1668698544301 0.5662275552749634 27558
1668698616257 0.5649160146713257 27775
1668698688165 0.5669267177581787 27992
1668698759940 0.5851843953132629 28209
1668698831983 0.571306049823761 28426
1668698904149 0.5696463584899902 28643
1668698976418 0.5763128995895386 28860
1668699048314 0.5740819573402405 29077
1668699120343 0.5713474154472351 29294
1668699192449 0.5784544348716736 29511
1668699264408 0.5666211843490601 29728
1668699336196 0.5833167433738708 29945
1668699408087 0.5723451375961304 30162
1668699480012 0.572730541229248 30379
1668699552052 0.5682672262191772 30596
1668699623854 0.5770506262779236 30813
1668699695721 0.5768290162086487 31030
1668699767304 0.5766005516052246 31247
1668699839673 0.5772556662559509 31464
1668699911428 0.5733993053436279 31681
1668699983248 0.5726190805435181 31898
1668700055119 0.5719074010848999 32115
1668700126849 0.5804252624511719 32332
1668700198950 0.5791357159614563 32549
1668700270938 0.5786870121955872 32766
1668700342744 0.577475905418396 32983
1668700414880 0.5831131339073181 33200
1668700486837 0.5689952969551086 33417
1668700558822 0.5733484625816345 33634
1668700630515 0.5732685923576355 33851
1668700702239 0.5745114088058472 34068
1668700774347 0.5765579342842102 34285
1668700846388 0.580355167388916 34502
1668700918188 0.5757845044136047 34719
1668700990106 0.5734778046607971 34936
1668701061703 0.5712523460388184 35153
1668701133759 0.5722997188568115 35370
1668701205783 0.5727883577346802 35587
1668701277282 0.5699064135551453 35804
1668701349055 0.5729645490646362 36021
1668701421030 0.5729672312736511 36238
1668701493154 0.573213517665863 36455
1668701565588 0.5740640759468079 36672
1668701637326 0.5651403069496155 36889
1668701709575 0.5697053670883179 37106
1668701781946 0.5731104016304016 37323
1668701853737 0.5730057954788208 37540
1668701925818 0.5638934373855591 37757
1668701997617 0.5811202526092529 37974
1668702069630 0.5684956908226013 38191
1668702141651 0.5798637866973877 38408
1668702213514 0.575103223323822 38625
1668702285445 0.5634585022926331 38842
1668702357572 0.5687806010246277 39059
1668702429571 0.573176383972168 39276
1668702501339 0.57386314868927 39493
1668702573354 0.5700618624687195 39710
1668702645273 0.5693255066871643 39927
1668702717450 0.5730319619178772 40144
1668702789442 0.5689663887023926 40361
1668702861728 0.5783043503761292 40578
1668702933717 0.5752229690551758 40795
1668703006044 0.5772075057029724 41012
1668703077914 0.5709922313690186 41229
1668703150020 0.5738040208816528 41446
1668703221897 0.5764188766479492 41663
1668703293667 0.5748416781425476 41880
1668703365595 0.5712648034095764 42097
1668703437688 0.5795031785964966 42314
1668703509617 0.5728006362915039 42531
1668703581497 0.5728984475135803 42748
1668703653595 0.5679534673690796 42965
1668703725602 0.571474015712738 43182
1668703797671 0.5718966126441956 43399
1668703869818 0.5690172910690308 43616
1668703941806 0.5749848484992981 43833
1668704013868 0.5718042254447937 44050
1668704085929 0.5681241750717163 44267
1668704157877 0.570034384727478 44484
1668704230011 0.5675157904624939 44701
1668704301718 0.5700715780258179 44918
1668704373805 0.5711492300033569 45135
1668704445995 0.5713651776313782 45352
1668704518092 0.5750811696052551 45569
1668704590088 0.5717822313308716 45786
1668704662242 0.5785438418388367 46003
1668704734135 0.5726010799407959 46220
1668704806457 0.5753082633018494 46437
1668704878431 0.571062445640564 46654
1668704950539 0.5697274208068848 46871
1668705022424 0.5778433680534363 47088
1668705094407 0.5692856907844543 47305
1668705166935 0.5794962644577026 47522
1668705238971 0.5678668022155762 47739
1668705311034 0.5666460394859314 47956
1668705383055 0.5709578394889832 48173
1668705454923 0.5716336369514465 48390
1668705526994 0.5755463242530823 48607
1668705598811 0.5804335474967957 48824
1668705670722 0.5699201226234436 49041
1668705742782 0.5691425204277039 49258
1668705814681 0.5692926049232483 49475
1668705886840 0.568231463432312 49692
1668705958714 0.5665428042411804 49909
1668706030653 0.5782989263534546 50126
1668706102640 0.5736044049263 50343
1668706174466 0.573794424533844 50560
1668706246597 0.5704706311225891 50777
1668706318598 0.5705945491790771 50994
1668706390814 0.5769391059875488 51211
1668706462703 0.569280207157135 51428
1668706534368 0.5730828642845154 51645
1668706606586 0.5820726752281189 51862
1668706678656 0.5764258503913879 52079
1668706750631 0.5638976097106934 52296
1668706822684 0.5715110898017883 52513
1668706894444 0.5714175701141357 52730
1668706966314 0.5668001174926758 52947
1668707038324 0.5725198984146118 53164
1668707110251 0.5710267424583435 53381
1668707182273 0.5747452974319458 53598
1668707254520 0.5779149532318115 53815
1668707326423 0.574409544467926 54032
1668707398605 0.5685411691665649 54249
1668707470750 0.5711794495582581 54466
1668707542699 0.5680401921272278 54683
1668707614900 0.5704541802406311 54900
1668707686826 0.5748100280761719 55117
1668707758764 0.5714258551597595 55334
1668707830650 0.5728901624679565 55551
1668707902499 0.5660927295684814 55768
1668707974430 0.5797054767608643 55985
1668708046434 0.5724979043006897 56202
1668708118228 0.5642774105072021 56419
1668708190168 0.5673011541366577 56636
1668708261968 0.5673463940620422 56853
1668708333838 0.5644508600234985 57070
1668708405878 0.5775172114372253 57287
1668708477990 0.5731558203697205 57504
1668708549787 0.5673190355300903 57721
1668708622001 0.5706908106803894 57938
1668708693891 0.5729933977127075 58155
1668708765974 0.5621922612190247 58372
1668708837970 0.5665290355682373 58589
1668708910163 0.572760820388794 58806
1668708981681 0.5738686919212341 59023
1668709053684 0.575134813785553 59240
1668709125197 0.5732534527778625 59457
1668709197371 0.5701707005500793 59674
1668709269618 0.5780208706855774 59891
1668709341624 0.5776327848434448 60108
1668709413438 0.5693448781967163 60325
1668709485382 0.5789017081260681 60542
1668709557556 0.569303572177887 60759
1668709629450 0.5765399932861328 60976
1668709701419 0.5629767775535583 61193
1668709773254 0.5714038014411926 61410
1668709845173 0.56536465883255 61627
1668709917074 0.5715138912200928 61844
1668709988679 0.5665634870529175 62061
1668710060586 0.5685315728187561 62278
1668710132531 0.5786168575286865 62495
1668710204672 0.5743021965026855 62712
1668710276654 0.5677580833435059 62929
1668710348361 0.5738205313682556 63146
1668710420264 0.5761299133300781 63363
1668710492195 0.5702312588691711 63580
1668710564071 0.5858078598976135 63797
1668710635686 0.5645843148231506 64014
1668710707455 0.5759813785552979 64231
1668710779211 0.572028636932373 64448
1668710851294 0.5603440999984741 64665
1668710923090 0.5638494491577148 64882
1668710995055 0.5816832184791565 65099
