1669190451554 36.75 216
1669190522971 180.0 433
1669190595305 109.0 650
1669190667651 121.0 867
1669190739788 101.25 1084
1669190811982 147.5 1301
1669190884338 92.75 1518
1669190957307 157.75 1735
1669191029895 66.75 1952
1669191102346 79.5 2169
1669191175049 85.0 2386
1669191247588 133.5 2603
1669191320389 140.25 2820
1669191392785 84.0 3037
1669191465412 137.25 3254
1669191538040 144.5 3471
1669191610669 134.25 3688
1669191683490 52.75 3905
1669191756172 77.25 4122
1669191828788 74.25 4339
1669191901072 81.25 4556
1669191973661 74.25 4773
1669192046349 57.0 4990
1669192118743 70.75 5207
1669192191302 62.0 5424
1669192263556 54.25 5641
1669192336152 72.25 5858
1669192408623 52.75 6075
1669192480997 71.0 6292
1669192553659 49.5 6509
1669192626253 79.5 6726
1669192698491 71.75 6943
1669192770910 50.25 7160
1669192843226 62.5 7377
1669192915659 73.25 7594
1669192988326 60.0 7811
1669193060827 76.0 8028
1669193133564 53.25 8245
1669193205981 52.5 8462
1669193278398 54.5 8679
1669193351037 77.75 8896
1669193423629 59.0 9113
1669193496138 61.5 9330
1669193568322 47.25 9547
1669193640700 52.75 9764
1669193713129 58.5 9981
1669193785365 59.5 10198
1669193857782 55.0 10415
1669193930667 53.25 10632
1669194003342 62.5 10849
1669194076048 58.75 11066
1669194148507 60.75 11283
1669194221978 61.0 11500
1669194294745 58.25 11717
1669194367078 48.0 11934
1669194440110 47.75 12151
1669194512906 57.25 12368
1669194585458 50.75 12585
1669194658448 44.0 12802
1669194731014 48.25 13019
1669194803674 53.5 13236
1669194876642 53.25 13453
1669194949363 48.75 13670
1669195022250 48.0 13887
1669195094594 47.0 14104
1669195166934 46.0 14321
1669195239617 48.5 14538
1669195312481 47.75 14755
1669195385292 44.25 14972
1669195457796 49.5 15189
1669195530662 53.25 15406
1669195603561 46.75 15623
1669195676400 61.75 15840
1669195749116 58.5 16057
1669195821836 46.0 16274
1669195894637 52.25 16491
1669195967371 52.25 16708
1669196040032 48.25 16925
1669196113101 61.5 17142
1669196186028 56.25 17359
1669196258718 58.25 17576
1669196331611 54.5 17793
1669196404503 52.0 18010
1669196477056 61.0 18227
1669196549557 46.75 18444
1669196622457 51.75 18661
1669196695142 47.25 18878
1669196767707 56.25 19095
1669196840338 54.5 19312
1669196913569 62.25 19529
1669196986385 66.75 19746
1669197059120 67.5 19963
1669197131706 57.0 20180
1669197204349 57.25 20397
1669197276926 56.25 20614
1669197349415 47.75 20831
1669197422064 58.0 21048
1669197494761 52.25 21265
1669197567704 54.75 21482
1669197640695 43.5 21699
1669197713538 45.75 21916
1669197786243 35.0 22133
1669197858968 42.75 22350
1669197931728 47.0 22567
1669198004620 56.0 22784
1669198077567 46.25 23001
1669198150445 48.5 23218
1669198223177 41.5 23435
1669198295528 44.5 23652
1669198368336 43.5 23869
1669198441305 44.0 24086
1669198514118 58.25 24303
1669198586834 58.25 24520
1669198659585 57.5 24737
1669198732327 56.0 24954
1669198805341 56.75 25171
1669198877943 54.75 25388
1669198950323 56.0 25605
1669199022916 55.25 25822
1669199095718 48.0 26039
1669199168886 57.5 26256
1669199241783 45.75 26473
1669199314437 46.25 26690
1669199387087 46.5 26907
1669199459836 55.25 27124
1669199532657 46.5 27341
1669199605299 57.25 27558
1669199677670 45.0 27775
1669199750419 50.75 27992
1669199823182 43.5 28209
1669199896140 46.5 28426
1669199968385 55.25 28643
1669200041279 50.75 28860
1669200114208 54.75 29077
1669200186841 48.75 29294
1669200259479 47.0 29511
1669200332133 44.0 29728
1669200405033 57.25 29945
1669200477938 55.5 30162
1669200550560 57.75 30379
1669200623301 54.75 30596
1669200696202 53.75 30813
1669200768674 51.25 31030
1669200841160 46.75 31247
1669200914237 53.75 31464
1669200987318 46.0 31681
1669201059848 53.25 31898
1669201132135 45.75 32115
1669201205038 49.25 32332
1669201278041 55.25 32549
1669201350981 48.25 32766
1669201423800 48.75 32983
1669201496909 54.75 33200
1669201569928 60.75 33417
1669201642942 48.0 33634
1669201716743 54.75 33851
1669201789360 58.0 34068
1669201862431 48.75 34285
1669201935438 45.75 34502
1669202008151 45.75 34719
1669202081024 53.75 34936
1669202155464 51.5 35153
1669202227786 57.25 35370
1669202300695 40.25 35587
1669202373656 54.25 35804
1669202446520 58.5 36021
1669202519547 46.0 36238
1669202592542 47.75 36455
1669202665843 51.25 36672
1669202738599 53.5 36889
1669202811975 45.75 37106
1669202884892 55.25 37323
1669202957515 64.25 37540
1669203030564 49.25 37757
1669203103403 46.5 37974
1669203176170 57.0 38191
1669203248879 55.25 38408
1669203321468 62.5 38625
1669203394492 59.0 38842
1669203467129 37.25 39059
1669203540361 51.5 39276
1669203613207 43.75 39493
1669203686350 56.25 39710
1669203759717 60.75 39927
1669203832621 54.25 40144
1669203905516 58.0 40361
1669203978061 55.25 40578
1669204050921 57.0 40795
1669204123500 54.5 41012
1669204196143 58.0 41229
1669204268885 58.25 41446
1669204341594 55.25 41663
1669204414301 58.0 41880
1669204487107 65.5 42097
1669204560130 60.75 42314
1669204632890 52.0 42531
1669204705467 41.75 42748
1669204778278 56.25 42965
1669204851239 59.25 43182
1669204923960 45.25 43399
1669204996580 58.0 43616
1669205069358 55.0 43833
1669205142247 47.75 44050
1669205215046 50.0 44267
1669205287830 63.25 44484
1669205360778 51.25 44701
1669205433554 59.0 44918
1669205506300 53.0 45135
1669205579350 42.75 45352
1669205652362 47.75 45569
1669205725038 46.25 45786
1669205798297 45.0 46003
1669205871436 45.5 46220
1669205944443 56.75 46437
1669206017559 58.0 46654
1669206091776 61.0 46871
1669206164889 57.5 47088
1669206237852 48.0 47305
1669206310625 47.0 47522
1669206383051 49.0 47739
1669206456100 46.25 47956
1669206528935 38.75 48173
1669206601637 56.5 48390
1669206674759 50.25 48607
1669206747428 41.0 48824
1669206820202 56.5 49041
1669206893167 49.25 49258
1669206966054 45.25 49475
1669207038818 53.0 49692
1669207111424 54.5 49909
1669207184392 47.25 50126
1669207257305 44.75 50343
1669207330538 59.5 50560
1669207403495 53.0 50777
1669207476280 55.5 50994
1669207549282 45.75 51211
1669207622295 52.0 51428
1669207695426 62.25 51645
1669207768356 59.25 51862
1669207841441 52.25 52079
1669207914341 45.25 52296
1669207987521 48.0 52513
1669208060522 63.25 52730
1669208133172 63.25 52947
1669208206111 60.25 53164
1669208278850 60.25 53381
1669208351637 63.5 53598
1669208424340 61.75 53815
1669208497347 54.75 54032
1669208570202 53.75 54249
1669208643012 50.0 54466
1669208715758 57.25 54683
1669208788571 57.5 54900
1669208861567 59.0 55117
1669208934752 45.0 55334
1669209007779 56.0 55551
1669209080675 54.0 55768
1669209153324 54.75 55985
1669209226294 54.5 56202
1669209299224 52.75 56419
1669209371915 52.0 56636
1669209445245 51.75 56853
1669209517760 34.25 57070
1669209590739 52.75 57287
1669209663796 41.25 57504
1669209736696 47.5 57721
1669209809258 50.75 57938
1669209881940 42.0 58155
1669209954643 60.75 58372
1669210027425 53.25 58589
1669210100076 57.0 58806
1669210173072 59.25 59023
1669210245885 59.75 59240
1669210318732 60.5 59457
1669210391645 56.75 59674
1669210464174 62.0 59891
1669210536904 48.75 60108
1669210609775 60.5 60325
1669210683033 57.0 60542
1669210755946 56.25 60759
1669210828532 52.75 60976
1669210901397 45.25 61193
1669210974198 54.5 61410
1669211047619 59.0 61627
1669211120372 63.5 61844
1669211193252 59.75 62061
1669211265918 46.0 62278
1669211338739 45.0 62495
1669211411807 60.5 62712
1669211484870 59.75 62929
1669211557599 54.0 63146
1669211630357 41.0 63363
1669211703200 41.75 63580
1669211776396 58.25 63797
1669211849322 41.75 64014
1669211922027 52.75 64231
1669211995023 54.25 64448
1669212067709 53.0 64665
1669212140182 55.5 64882
1669212213165 54.0 65099
