1669190399150 0.25 49
1669190412974 0.5 99
1669190426678 0.3333333432674408 149
1669190440298 0.1666666716337204 199
1669190466709 0.75 249
1669190480309 0.0 299
1669190493920 0.0 349
1669190507564 0.5 399
1669190533944 0.1666666716337204 449
1669190547534 0.6666666865348816 499
1669190561166 0.25 549
1669190574820 0.25 599
1669190588496 0.75 649
1669190615197 0.5 699
1669190628802 0.0 749
1669190642445 0.3333333432674408 799
1669190656080 0.0 849
1669190682941 0.8333333134651184 899
1669190696573 0.0 949
1669190710232 0.20000000298023224 999
1669190723897 0.0 1049
1669190750339 0.5 1099
1669190763936 0.5 1149
1669190777614 0.3333333432674408 1199
1669190791261 0.20000000298023224 1249
1669190805003 0.20000000298023224 1299
1669190831641 0.3333333432674408 1349
1669190845285 0.0 1399
1669190858951 0.7142857313156128 1449
1669190872683 0.1666666716337204 1499
1669190899457 0.5 1549
1669190913188 0.5 1599
1669190926972 0.2857142984867096 1649
1669190940616 0.20000000298023224 1699
1669190967653 0.3333333432674408 1749
1669190981257 0.5 1799
1669190994900 0.0 1849
1669191008729 0.0 1899
1669191022499 0.3333333432674408 1949
1669191049381 0.0 1999
1669191063026 0.6666666865348816 2049
1669191076709 0.3333333432674408 2099
1669191090394 0.0 2149
1669191117142 0.3333333432674408 2199
1669191130779 0.0 2249
1669191144497 0.25 2299
1669191158181 0.20000000298023224 2349
1669191185187 0.3333333432674408 2399
1669191198810 0.1428571492433548 2449
1669191212563 1.0 2499
1669191226213 0.75 2549
1669191239875 0.0 2599
1669191266807 0.25 2649
1669191280432 0.0 2699
1669191294086 0.0 2749
1669191307762 0.0 2799
1669191334808 0.1428571492433548 2849
1669191348517 0.5 2899
1669191362169 0.3333333432674408 2949
1669191375944 0.3333333432674408 2999
1669191402668 0.5 3049
1669191416436 0.1666666716337204 3099
1669191430092 0.4000000059604645 3149
1669191443776 0.4000000059604645 3199
1669191457445 0.20000000298023224 3249
1669191484313 0.3333333432674408 3299
1669191497977 0.25 3349
1669191511647 0.0 3399
1669191525398 0.4000000059604645 3449
1669191552179 0.25 3499
1669191565854 0.25 3549
1669191579571 0.3333333432674408 3599
1669191593355 1.0 3649
1669191620332 0.0 3699
1669191633957 0.20000000298023224 3749
1669191647714 0.3333333432674408 3799
1669191661599 0.5 3849
1669191675319 1.0 3899
1669191702105 0.4000000059604645 3949
1669191715761 0.25 3999
1669191729556 0.5 4049
1669191743225 0.75 4099
1669191770200 0.5 4149
1669191783850 0.0 4199
1669191797562 0.5 4249
1669191811237 0.25 4299
1669191838100 0.0 4349
1669191851727 0.4000000059604645 4399
1669191865386 1.0 4449
1669191879055 0.75 4499
1669191892798 0.3333333432674408 4549
1669191919452 0.5 4599
1669191933113 0.5 4649
1669191946774 0.5 4699
1669191960464 0.3333333432674408 4749
1669191987380 0.20000000298023224 4799
1669192001010 0.4000000059604645 4849
1669192014781 0.5 4899
1669192028466 0.25 4949
1669192055466 0.6000000238418579 4999
1669192069067 1.0 5049
1669192082735 0.6000000238418579 5099
1669192096392 0.20000000298023224 5149
1669192110074 0.3333333432674408 5199
1669192136688 0.25 5249
1669192150338 0.3333333432674408 5299
1669192164134 0.5 5349
1669192177797 0.20000000298023224 5399
1669192204735 0.6000000238418579 5449
1669192218412 0.0 5499
1669192232079 1.0 5549
1669192245792 0.6666666865348816 5599
1669192272404 0.25 5649
1669192286008 0.0 5699
1669192299643 0.5 5749
1669192313341 0.0 5799
1669192327146 0.0 5849
1669192353956 0.25 5899
1669192367588 0.6666666865348816 5949
1669192381259 0.20000000298023224 5999
1669192394943 0.0 6049
1669192421692 0.3333333432674408 6099
1669192435329 0.25 6149
1669192448966 0.1666666716337204 6199
1669192462690 0.4000000059604645 6249
1669192489596 0.3333333432674408 6299
1669192503210 0.0 6349
1669192516939 1.0 6399
1669192530626 0.5 6449
1669192544317 0.4000000059604645 6499
1669192571176 0.0 6549
1669192584813 0.0 6599
1669192598490 0.0 6649
1669192612198 0.5 6699
1669192639047 0.25 6749
1669192652670 0.0 6799
1669192666302 1.0 6849
1669192679981 0.3333333432674408 6899
1669192706745 0.0 6949
1669192720331 0.0 6999
1669192734078 0.25 7049
1669192747766 1.0 7099
1669192761460 0.3333333432674408 7149
1669192788021 0.5 7199
1669192801725 0.0 7249
1669192815410 0.25 7299
1669192829108 0.5 7349
1669192855783 0.4000000059604645 7399
1669192869446 0.20000000298023224 7449
1669192883111 0.0 7499
1669192896817 0.20000000298023224 7549
1669192923654 0.6666666865348816 7599
1669192937276 1.0 7649
1669192950951 1.0 7699
1669192964636 0.25 7749
1669192978369 0.0 7799
1669193005227 0.0 7849
1669193018928 0.0 7899
1669193032595 1.0 7949
1669193046421 1.0 7999
1669193073065 0.5 8049
1669193086706 0.0 8099
1669193100465 0.3333333432674408 8149
1669193114236 0.5 8199
1669193141218 0.0 8249
1669193154820 0.3333333432674408 8299
1669193168479 0.0 8349
1669193182167 0.0 8399
1669193195877 1.0 8449
1669193222655 0.25 8499
1669193236301 0.3333333432674408 8549
1669193249977 0.20000000298023224 8599
1669193263647 0.25 8649
1669193290561 0.0 8699
1669193304251 0.3333333432674408 8749
1669193317908 0.5 8799
1669193331654 0.0 8849
1669193358603 0.6666666865348816 8899
1669193372224 0.6666666865348816 8949
1669193385926 0.4000000059604645 8999
1669193399612 0.0 9049
1669193413294 0.25 9099
1669193440044 0.5 9149
1669193453701 0.25 9199
1669193467360 0.4000000059604645 9249
1669193481014 0.75 9299
1669193507891 1.0 9349
1669193521540 0.0 9399
1669193535215 0.2857142984867096 9449
1669193548914 0.5 9499
1669193575471 0.6666666865348816 9549
1669193589081 0.0 9599
1669193602740 0.25 9649
1669193616408 0.5 9699
1669193630150 0.5 9749
1669193656951 1.0 9799
1669193670580 0.0 9849
1669193684240 0.0 9899
1669193697925 0.75 9949
1669193724523 0.3333333432674408 9999
1669193738186 0.3333333432674408 10049
1669193751857 1.0 10099
1669193765548 0.0 10149
1669193792235 0.0 10199
1669193805877 0.5 10249
1669193819527 0.5 10299
1669193833235 0.5 10349
1669193846916 0.4000000059604645 10399
1669193873797 0.0 10449
1669193887435 0.5 10499
1669193901124 0.5 10549
1669193915132 0.6666666865348816 10599
1669193941912 0.800000011920929 10649
1669193955560 1.0 10699
1669193969233 0.0 10749
1669193983016 0.0 10799
1669193996516 0.0 10849
1669194023567 0.0 10899
1669194037210 0.6000000238418579 10949
1669194050919 0.800000011920929 10999
1669194064626 1.0 11049
1669194091626 0.0 11099
1669194105261 0.6666666865348816 11149
1669194118897 0.0 11199
1669194132627 0.5 11249
1669194159399 1.0 11299
1669194173641 0.5 11349
1669194187308 0.5 11399
1669194201001 0.3333333432674408 11449
1669194215282 0.0 11499
1669194242086 0.75 11549
1669194255806 0.6666666865348816 11599
1669194269505 0.5714285969734192 11649
1669194283304 0.0 11699
1669194309912 0.5 11749
1669194323561 0.5 11799
1669194337243 0.6666666865348816 11849
1669194350933 0.3333333432674408 11899
1669194377984 0.0 11949
1669194391683 0.25 11999
1669194405334 0.25 12049
1669194419204 0.20000000298023224 12099
1669194432926 0.25 12149
1669194459904 0.5 12199
1669194473551 0.3333333432674408 12249
1669194487262 1.0 12299
1669194500937 0.3333333432674408 12349
1669194528046 0.0 12399
1669194541703 0.5 12449
1669194555370 0.5 12499
1669194569097 0.20000000298023224 12549
1669194595992 0.0 12599
1669194609630 0.20000000298023224 12649
1669194623335 0.1666666716337204 12699
1669194637003 0.1666666716337204 12749
1669194650819 0.75 12799
1669194677891 0.5 12849
1669194691589 0.0 12899
1669194705287 0.5 12949
1669194718971 0.800000011920929 12999
1669194745969 0.0 13049
1669194759611 0.25 13099
1669194773271 0.3333333432674408 13149
1669194786994 0.5 13199
1669194813913 0.4000000059604645 13249
1669194827531 1.0 13299
1669194841213 0.3333333432674408 13349
1669194854928 0.5 13399
1669194868623 0.4000000059604645 13449
1669194895912 0.0 13499
1669194909663 0.5 13549
1669194923341 0.3333333432674408 13599
1669194937031 0.0 13649
1669194964014 0.75 13699
1669194977665 0.0 13749
1669194991358 0.0 13799
1669195005054 0.0 13849
1669195032288 0.0 13899
1669195045887 0.5 13949
1669195059539 0.5 13999
1669195073207 0.75 14049
1669195086918 0.5 14099
1669195113557 0.5 14149
1669195127250 0.25 14199
1669195140916 1.0 14249
1669195154636 0.3333333432674408 14299
1669195181276 0.6666666865348816 14349
1669195194970 1.0 14399
1669195208758 0.5 14449
1669195222449 1.0 14499
1669195249430 1.0 14549
1669195263043 0.4000000059604645 14599
1669195276699 0.6666666865348816 14649
1669195290366 0.25 14699
1669195304194 0.0 14749
1669195331114 0.0 14799
1669195344895 0.5 14849
1669195358548 0.4000000059604645 14899
1669195372323 0.5 14949
1669195399361 0.3333333432674408 14999
1669195412996 0.3333333432674408 15049
1669195426650 0.20000000298023224 15099
1669195440322 0.25 15149
1669195467226 0.25 15199
1669195480856 0.25 15249
1669195494534 0.3333333432674408 15299
1669195508243 0.5 15349
1669195521969 0.5 15399
1669195549295 1.0 15449
1669195562941 0.25 15499
1669195576640 1.0 15549
1669195590343 0.0 15599
1669195617434 0.6666666865348816 15649
1669195631072 0.6000000238418579 15699
1669195644749 0.3333333432674408 15749
1669195658500 0.5 15799
1669195685638 0.20000000298023224 15849
1669195699274 0.0 15899
1669195712924 0.0 15949
1669195726593 0.75 15999
1669195740268 0.25 16049
1669195767250 0.6666666865348816 16099
1669195780923 0.0 16149
1669195794642 0.0 16199
1669195808391 0.25 16249
1669195835431 0.3333333432674408 16299
1669195849163 0.0 16349
1669195862853 0.6666666865348816 16399
1669195876615 0.5 16449
1669195903546 0.25 16499
1669195917124 0.0 16549
1669195930795 0.5 16599
1669195944504 0.5 16649
1669195958287 0.5 16699
1669195985306 0.2857142984867096 16749
1669195998978 0.0 16799
1669196012644 0.25 16849
1669196026396 0.6000000238418579 16899
1669196053342 0.0 16949
1669196067014 0.3333333432674408 16999
1669196080809 0.5 17049
1669196094489 1.0 17099
1669196121760 0.25 17149
1669196135373 1.0 17199
1669196149101 0.6666666865348816 17249
1669196162799 0.75 17299
1669196176579 0.4000000059604645 17349
1669196203600 1.0 17399
1669196217333 0.75 17449
1669196231047 0.0 17499
1669196244746 0.5 17549
1669196271808 0.3333333432674408 17599
1669196285464 1.0 17649
1669196299112 0.5 17699
1669196312845 0.800000011920929 17749
1669196340029 0.0 17799
1669196353671 0.0 17849
1669196367336 0.25 17899
1669196381059 1.0 17949
1669196394824 0.0 17999
1669196421854 0.0 18049
1669196435527 0.3333333432674408 18099
1669196449196 0.0 18149
1669196462907 0.75 18199
1669196489755 0.0 18249
1669196503443 0.0 18299
1669196517123 0.4000000059604645 18349
1669196530812 0.6666666865348816 18399
1669196557698 1.0 18449
1669196571280 0.0 18499
1669196584969 0.5 18549
1669196598718 0.3333333432674408 18599
1669196612459 0.4000000059604645 18649
1669196639473 0.5 18699
1669196653183 0.800000011920929 18749
1669196666882 1.0 18799
1669196680605 0.25 18849
1669196707605 0.0 18899
1669196721282 0.25 18949
1669196734973 0.0 18999
1669196748636 0.3333333432674408 19049
1669196775530 0.0 19099
1669196789238 0.5 19149
1669196802897 0.0 19199
1669196816592 0.0 19249
1669196830435 0.6666666865348816 19299
1669196857268 0.5 19349
1669196870942 0.4000000059604645 19399
1669196884645 0.25 19449
1669196898327 0.5 19499
1669196925751 0.5 19549
1669196939384 0.0 19599
1669196953111 0.6666666865348816 19649
1669196966789 0.5 19699
1669196993974 0.25 19749
1669197007594 0.3333333432674408 19799
1669197021288 0.3333333432674408 19849
1669197034992 0.0 19899
1669197048666 0.25 19949
1669197075645 0.75 19999
1669197089285 1.0 20049
1669197102970 0.800000011920929 20099
1669197116661 0.3333333432674408 20149
1669197143665 0.25 20199
1669197157284 1.0 20249
1669197171013 0.0 20299
1669197184711 1.0 20349
1669197211709 0.0 20399
1669197225308 0.6666666865348816 20449
1669197238973 1.0 20499
1669197252630 0.0 20549
1669197266318 0.3333333432674408 20599
1669197293065 0.25 20649
1669197306711 0.0 20699
1669197320470 1.0 20749
1669197334231 0.3333333432674408 20799
1669197361037 0.6000000238418579 20849
1669197374750 0.3333333432674408 20899
1669197388418 0.0 20949
1669197402091 0.6666666865348816 20999
1669197429144 0.75 21049
1669197442840 1.0 21099
1669197456492 0.6666666865348816 21149
1669197470164 0.5 21199
1669197483866 0.25 21249
1669197510752 0.3333333432674408 21299
1669197524479 0.0 21349
1669197538172 0.0 21399
1669197551986 0.3333333432674408 21449
1669197579030 1.0 21499
1669197592684 0.0 21549
1669197606384 0.75 21599
1669197620189 0.5 21649
1669197633926 0.0 21699
1669197661149 0.5 21749
1669197674859 1.0 21799
1669197688575 0.5 21849
1669197702280 0.3333333432674408 21899
1669197729247 1.0 21949
1669197742966 0.8333333134651184 21999
1669197756659 0.0 22049
1669197770329 0.25 22099
1669197797281 0.5 22149
1669197810906 0.0 22199
1669197824565 1.0 22249
1669197838290 0.0 22299
1669197852028 0.5 22349
1669197878982 0.5 22399
1669197892667 0.5 22449
1669197906399 0.5 22499
1669197920089 0.5 22549
1669197947239 0.6000000238418579 22599
1669197960892 0.25 22649
1669197974618 0.0 22699
1669197988336 0.25 22749
1669198015469 0.4000000059604645 22799
1669198029087 0.0 22849
1669198042854 0.0 22899
1669198056549 0.5 22949
1669198070282 0.5 22999
1669198097418 0.1666666716337204 23049
1669198111096 0.5 23099
1669198124806 0.75 23149
1669198138496 0.0 23199
1669198165645 0.4000000059604645 23249
1669198179337 0.0 23299
1669198193040 0.25 23349
1669198206723 0.5 23399
1669198233372 0.5 23449
1669198246982 0.4000000059604645 23499
1669198260647 0.0 23549
1669198274348 0.5 23599
1669198288036 0.0 23649
1669198315105 0.0 23699
1669198328802 0.6666666865348816 23749
1669198342512 0.6666666865348816 23799
1669198356307 0.0 23849
1669198383264 0.0 23899
1669198397057 0.5 23949
1669198410723 0.3333333432674408 23999
1669198424487 0.0 24049
1669198451715 1.0 24099
1669198465349 0.0 24149
1669198479028 0.0 24199
1669198492768 1.0 24249
1669198506447 0.0 24299
1669198533517 0.6000000238418579 24349
1669198547211 0.6666666865348816 24399
1669198560931 0.0 24449
1669198574636 0.5 24499
1669198601401 0.3333333432674408 24549
1669198615095 0.6666666865348816 24599
1669198628781 0.0 24649
1669198642480 0.5 24699
1669198669575 0.25 24749
1669198683196 0.0 24799
1669198696855 0.6666666865348816 24849
1669198710555 0.0 24899
1669198724286 0.0 24949
1669198751400 0.6666666865348816 24999
1669198765085 1.0 25049
1669198778762 0.5 25099
1669198792512 0.6666666865348816 25149
1669198819711 0.0 25199
1669198833352 0.3333333432674408 25249
1669198847047 0.0 25299
1669198860747 0.5 25349
1669198887655 0.0 25399
1669198901256 0.6666666865348816 25449
1669198914956 0.3333333432674408 25499
1669198928630 0.5 25549
1669198942324 0.75 25599
1669198969130 0.1666666716337204 25649
1669198982799 0.3333333432674408 25699
1669198996513 0.6000000238418579 25749
1669199010217 0.3333333432674408 25799
1669199037077 0.6666666865348816 25849
1669199050761 0.75 25899
1669199064444 0.5 25949
1669199078122 0.0 25999
1669199105302 1.0 26049
1669199118899 0.0 26099
1669199132683 0.3333333432674408 26149
1669199146513 0.1666666716337204 26199
1669199160331 1.0 26249
1669199187370 0.0 26299
1669199201022 0.25 26349
1669199214739 0.6666666865348816 26399
1669199228430 0.5 26449
1669199255625 0.6666666865348816 26499
1669199269251 0.3333333432674408 26549
1669199282941 0.0 26599
1669199296634 0.25 26649
1669199323624 0.3333333432674408 26699
1669199337231 0.4000000059604645 26749
1669199350913 1.0 26799
1669199364598 1.0 26849
1669199378381 1.0 26899
1669199405236 0.3333333432674408 26949
1669199418908 0.25 26999
1669199432653 0.0 27049
1669199446362 0.0 27099
1669199473386 0.0 27149
1669199487042 0.0 27199
1669199500701 0.25 27249
1669199514407 0.25 27299
1669199541547 0.3333333432674408 27349
1669199555173 0.3333333432674408 27399
1669199568848 0.0 27449
1669199582545 0.0 27499
1669199596238 0.75 27549
1669199623089 0.0 27599
1669199636776 1.0 27649
1669199650451 0.0 27699
1669199664121 0.5 27749
1669199690883 0.5 27799
1669199704543 0.0 27849
1669199718234 0.6666666865348816 27899
1669199731914 0.25 27949
1669199759093 0.0 27999
1669199772701 0.6666666865348816 28049
1669199786371 0.6666666865348816 28099
1669199800134 0.6666666865348816 28149
1669199813907 0.20000000298023224 28199
1669199840876 0.6666666865348816 28249
1669199854584 0.25 28299
1669199868393 0.5 28349
1669199882099 0.5 28399
1669199909068 0.5 28449
1669199922709 1.0 28499
1669199936368 0.0 28549
1669199950063 0.0 28599
1669199976844 0.0 28649
1669199990473 0.0 28699
1669200004123 0.5 28749
1669200017867 0.3333333432674408 28799
1669200031586 0.5 28849
1669200058680 0.4000000059604645 28899
1669200072378 0.25 28949
1669200086100 0.5 28999
1669200099793 0.0 29049
1669200126921 1.0 29099
1669200140571 1.0 29149
1669200154240 0.0 29199
1669200167929 0.1666666716337204 29249
1669200194944 0.5 29299
1669200208609 0.75 29349
1669200222282 0.0 29399
1669200235981 0.0 29449
1669200249710 0.6666666865348816 29499
1669200276553 0.5 29549
1669200290193 0.3333333432674408 29599
1669200303894 0.0 29649
1669200317583 0.3333333432674408 29699
1669200344637 0.0 29749
1669200358247 0.0 29799
1669200371940 0.75 29849
1669200385630 0.5 29899
1669200412931 0.5 29949
1669200426574 0.6666666865348816 29999
1669200440226 0.6666666865348816 30049
1669200453946 0.3333333432674408 30099
1669200467629 0.25 30149
1669200494849 0.5 30199
1669200508534 0.6000000238418579 30249
1669200522227 0.3333333432674408 30299
1669200535966 0.3333333432674408 30349
1669200562678 0.0 30399
1669200576393 0.5 30449
1669200590065 0.0 30499
1669200603767 0.5 30549
1669200630892 0.4000000059604645 30599
1669200644511 0.6666666865348816 30649
1669200658203 0.3333333432674408 30699
1669200672045 1.0 30749
1669200685739 0.5 30799
1669200712731 0.6666666865348816 30849
1669200726372 0.5 30899
1669200740054 1.0 30949
1669200753819 1.0 30999
1669200780535 0.0 31049
1669200794189 0.5 31099
1669200807894 0.0 31149
1669200821646 0.25 31199
1669200848511 0.4000000059604645 31249
1669200862170 0.5 31299
1669200876076 1.0 31349
1669200889755 0.3333333432674408 31399
1669200903448 0.6000000238418579 31449
1669200930538 0.6666666865348816 31499
1669200944201 0.25 31549
1669200957947 0.6000000238418579 31599
1669200971637 0.5 31649
1669200998875 0.0 31699
1669201012523 0.5 31749
1669201026187 0.0 31799
1669201039863 0.4285714328289032 31849
1669201066795 1.0 31899
1669201080418 0.3333333432674408 31949
1669201094092 0.5 31999
1669201107813 0.6000000238418579 32049
1669201121512 0.3333333432674408 32099
1669201148202 0.6666666865348816 32149
1669201161852 0.5 32199
1669201175519 1.0 32249
1669201189209 0.1666666716337204 32299
1669201216524 0.0 32349
1669201230172 0.5 32399
1669201243839 0.25 32449
1669201257533 0.3333333432674408 32499
1669201271085 0.0 32549
1669201298462 0.0 32599
1669201312124 1.0 32649
1669201325829 0.25 32699
1669201339640 0.6666666865348816 32749
1669201366629 0.20000000298023224 32799
1669201380350 0.25 32849
1669201394035 0.6000000238418579 32899
1669201407747 0.6666666865348816 32949
1669201435016 0.6000000238418579 32999
1669201448657 0.3333333432674408 33049
1669201462316 0.6666666865348816 33099
1669201476038 0.25 33149
1669201489726 0.6666666865348816 33199
1669201517020 0.5 33249
1669201530716 0.0 33299
1669201544403 1.0 33349
1669201558151 0.0 33399
1669201585378 0.0 33449
1669201599054 0.6666666865348816 33499
1669201612738 0.25 33549
1669201626445 0.20000000298023224 33599
1669201653873 0.0 33649
1669201667509 0.3333333432674408 33699
1669201681207 0.0 33749
1669201694880 0.4285714328289032 33799
1669201708698 1.0 33849
1669201736545 1.0 33899
1669201750224 0.6000000238418579 33949
1669201763966 1.0 33999
1669201777644 0.6666666865348816 34049
1669201804608 0.5 34099
1669201818285 0.5 34149
1669201831947 0.0 34199
1669201845656 0.6666666865348816 34249
1669201873139 0.4000000059604645 34299
1669201886814 0.0 34349
1669201900540 0.3333333432674408 34399
1669201914223 0.0 34449
1669201927916 0.0 34499
1669201955048 0.0 34549
1669201968721 0.5 34599
1669201982396 0.75 34649
1669201996143 0.4000000059604645 34699
1669202023149 1.0 34749
1669202036811 0.0 34799
1669202050506 0.6666666865348816 34849
1669202064201 0.0 34899
1669202091576 1.0 34949
1669202105205 0.5 34999
1669202120017 0.6000000238418579 35049
1669202133693 0.6666666865348816 35099
1669202147533 0.0 35149
1669202174452 0.25 35199
1669202188098 0.3333333432674408 35249
1669202201774 0.0 35299
1669202215502 0.5 35349
1669202242417 0.25 35399
1669202256052 0.0 35449
1669202269796 0.3333333432674408 35499
1669202283516 0.25 35549
1669202310745 0.75 35599
1669202324404 0.6666666865348816 35649
1669202338093 0.0 35699
1669202351797 0.5 35749
1669202365568 0.0 35799
1669202392786 0.6666666865348816 35849
1669202406481 1.0 35899
1669202420194 1.0 35949
1669202433875 0.25 35999
1669202461159 0.3333333432674408 36049
1669202474826 1.0 36099
1669202488505 0.0 36149
1669202502162 0.0 36199
1669202529399 0.5 36249
1669202543087 0.3333333432674408 36299
1669202556739 0.5 36349
1669202570415 0.0 36399
1669202584218 0.3333333432674408 36449
1669202611397 1.0 36499
1669202625064 0.6666666865348816 36549
1669202638727 0.3333333432674408 36599
1669202652465 0.0 36649
1669202680025 0.0 36699
1669202693670 0.3333333432674408 36749
1669202707343 0.0 36799
1669202721071 0.5 36849
1669202748283 0.3333333432674408 36899
1669202761920 0.5 36949
1669202775661 0.6666666865348816 36999
1669202789411 0.5 37049
1669202803123 0.5 37099
1669202830563 1.0 37149
1669202844259 0.0 37199
1669202857955 0.3333333432674408 37249
1669202871683 0.0 37299
1669202898756 0.0 37349
1669202912424 0.6666666865348816 37399
1669202926106 0.5 37449
1669202939823 0.25 37499
1669202966866 0.0 37549
1669202980485 0.0 37599
1669202994250 0.0 37649
1669203007978 0.3333333432674408 37699
1669203021719 0.0 37749
1669203048814 0.800000011920929 37799
1669203062535 0.0 37849
1669203076218 0.3333333432674408 37899
1669203090017 0.3333333432674408 37949
1669203116985 0.800000011920929 37999
1669203130671 0.3333333432674408 38049
1669203144353 0.3333333432674408 38099
1669203158067 0.5 38149
1669203185139 1.0 38199
1669203198745 0.25 38249
1669203212414 0.25 38299
1669203226098 0.0 38349
1669203239789 0.0 38399
1669203266773 0.3333333432674408 38449
1669203280460 0.6666666865348816 38499
1669203294201 0.5 38549
1669203307993 0.0 38599
1669203334781 0.0 38649
1669203348483 0.0 38699
1669203362212 0.5 38749
1669203376096 0.6666666865348816 38799
1669203403140 0.5 38849
1669203416772 0.6666666865348816 38899
1669203430439 1.0 38949
1669203444096 1.0 38999
1669203457787 0.0 39049
1669203484783 0.20000000298023224 39099
1669203498455 0.0 39149
1669203512154 0.0 39199
1669203525938 0.3333333432674408 39249
1669203553320 0.0 39299
1669203566963 0.5 39349
1669203580646 0.6666666865348816 39399
1669203594366 0.3333333432674408 39449
1669203621618 0.20000000298023224 39499
1669203635269 0.25 39549
1669203648945 0.6000000238418579 39599
1669203662640 0.6666666865348816 39649
1669203676425 0.0 39699
1669203703826 0.25 39749
1669203717520 0.5 39799
1669203731201 0.0 39849
1669203744988 0.6666666865348816 39899
1669203772530 1.0 39949
1669203786155 0.0 39999
1669203799836 0.75 40049
1669203813539 1.0 40099
1669203840823 0.0 40149
1669203854447 1.0 40199
1669203868093 0.6666666865348816 40249
1669203881758 0.25 40299
1669203895478 0.25 40349
1669203922567 0.6666666865348816 40399
1669203936224 0.0 40449
1669203949895 0.25 40499
1669203963645 0.0 40549
1669203990499 0.20000000298023224 40599
1669204004143 0.3333333432674408 40649
1669204017815 0.5 40699
1669204031550 0.25 40749
1669204058873 0.25 40799
1669204072503 0.5 40849
1669204086164 0.0 40899
1669204099840 1.0 40949
1669204113534 0.6666666865348816 40999
1669204140197 0.5 41049
1669204153874 0.6666666865348816 41099
1669204167551 0.0 41149
1669204181255 0.5 41199
1669204208264 0.0 41249
1669204221945 1.0 41299
1669204235653 0.3333333432674408 41349
1669204249427 0.0 41399
1669204276377 0.25 41449
1669204290021 0.75 41499
1669204303729 0.4000000059604645 41549
1669204317408 0.0 41599
1669204331132 0.5 41649
1669204358168 0.0 41699
1669204371922 0.6000000238418579 41749
1669204385597 0.20000000298023224 41799
1669204399298 0.5 41849
1669204426344 0.5 41899
1669204440031 0.0 41949
1669204453744 0.25 41999
1669204467456 1.0 42049
1669204494382 0.25 42099
1669204508179 0.4000000059604645 42149
1669204521907 0.0 42199
1669204535581 0.25 42249
1669204549276 0.4000000059604645 42299
1669204576363 0.5 42349
1669204590035 0.20000000298023224 42399
1669204603721 0.5 42449
1669204617426 0.3333333432674408 42499
1669204644457 0.3333333432674408 42549
1669204658086 1.0 42599
1669204671763 0.5 42649
1669204685470 1.0 42699
1669204712457 0.6666666865348816 42749
1669204726159 0.3333333432674408 42799
1669204739820 0.3333333432674408 42849
1669204753504 0.3333333432674408 42899
1669204767238 0.4000000059604645 42949
1669204794332 0.0 42999
1669204808004 0.5 43049
1669204821747 0.20000000298023224 43099
1669204835621 0.0 43149
1669204862775 1.0 43199
1669204876448 0.0 43249
1669204890113 0.3333333432674408 43299
1669204903803 0.0 43349
1669204917342 0.0 43399
1669204944265 0.5 43449
1669204957944 0.4000000059604645 43499
1669204971694 1.0 43549
1669204985379 0.0 43599
1669205012442 0.5 43649
1669205026080 0.5 43699
1669205039813 0.5 43749
1669205053500 0.6666666865348816 43799
1669205080571 0.75 43849
1669205094244 0.0 43899
1669205107946 0.6666666865348816 43949
1669205121631 0.6666666865348816 43999
1669205135336 1.0 44049
1669205162331 0.0 44099
1669205176020 0.6000000238418579 44149
1669205189809 0.0 44199
1669205203524 0.0 44249
1669205230487 1.0 44299
1669205244154 0.0 44349
1669205257826 0.4000000059604645 44399
1669205271507 0.5 44449
1669205298701 0.0 44499
1669205312339 0.3333333432674408 44549
1669205325997 1.0 44599
1669205339748 1.0 44649
1669205353434 0.6000000238418579 44699
1669205380642 1.0 44749
1669205394327 0.5 44799
1669205408091 0.6666666865348816 44849
1669205421862 0.0 44899
1669205448920 0.0 44949
1669205462555 0.6666666865348816 44999
1669205476222 0.0 45049
1669205489909 0.25 45099
1669205516829 0.5 45149
1669205530523 0.6000000238418579 45199
1669205544235 0.5 45249
1669205558056 0.4000000059604645 45299
1669205571777 0.3333333432674408 45349
1669205599122 1.0 45399
1669205612788 0.0 45449
1669205626517 0.5 45499
1669205640208 0.3333333432674408 45549
1669205667266 0.1428571492433548 45599
1669205680973 0.0 45649
1669205694666 0.3333333432674408 45699
1669205708353 1.0 45749
1669205735659 1.0 45799
1669205749293 0.0 45849
1669205762963 0.25 45899
1669205776722 0.0 45949
1669205790475 0.0 45999
1669205817771 0.6000000238418579 46049
1669205831433 1.0 46099
1669205845099 0.5 46149
1669205858810 0.5 46199
1669205886295 0.6666666865348816 46249
1669205899965 0.75 46299
1669205913649 0.0 46349
1669205927337 1.0 46399
1669205954472 0.0 46449
1669205968131 0.5 46499
1669205981785 0.5 46549
1669205995538 0.5 46599
1669206009275 0.25 46649
1669206036716 0.6666666865348816 46699
1669206050412 1.0 46749
1669206065204 0.5 46799
1669206078883 0.0 46849
1669206106039 0.3333333432674408 46899
1669206119682 0.5 46949
1669206133391 0.5 46999
1669206147108 0.0 47049
1669206174644 0.3333333432674408 47099
1669206188295 1.0 47149
1669206202007 0.3333333432674408 47199
1669206215789 0.0 47249
1669206229526 0.5 47299
1669206256753 0.5 47349
1669206270428 0.8333333134651184 47399
1669206284122 0.25 47449
1669206297837 0.4000000059604645 47499
1669206324673 0.20000000298023224 47549
1669206338345 1.0 47599
1669206352036 0.0 47649
1669206365759 0.5 47699
1669206392618 0.5 47749
1669206406370 0.3333333432674408 47799
1669206420036 1.0 47849
1669206433800 0.3333333432674408 47899
1669206447504 0.3333333432674408 47949
1669206474565 0.5 47999
1669206488269 0.6666666865348816 48049
1669206501990 0.5 48099
1669206515684 0.5 48149
1669206542816 0.75 48199
1669206556493 0.3333333432674408 48249
1669206570151 0.3333333432674408 48299
1669206583858 1.0 48349
1669206610970 1.0 48399
1669206624622 1.0 48449
1669206638398 0.75 48499
1669206652105 0.3333333432674408 48549
1669206665839 0.4000000059604645 48599
1669206693023 0.5 48649
1669206706676 0.3333333432674408 48699
1669206720337 0.25 48749
1669206734042 0.0 48799
1669206760925 0.5 48849
1669206774588 0.0 48899
1669206788260 1.0 48949
1669206801967 0.0 48999
1669206829273 0.75 49049
1669206842925 1.0 49099
1669206856586 0.0 49149
1669206870303 0.20000000298023224 49199
1669206883989 0.75 49249
1669206911225 0.4000000059604645 49299
1669206924871 0.25 49349
1669206938582 0.25 49399
1669206952261 0.800000011920929 49449
1669206979310 0.0 49499
1669206992966 1.0 49549
1669207006819 0.3333333432674408 49599
1669207020527 0.0 49649
1669207047505 0.0 49699
1669207061151 0.4000000059604645 49749
1669207074935 0.3333333432674408 49799
1669207088615 0.0 49849
1669207102331 0.0 49899
1669207129009 0.3333333432674408 49949
1669207142655 0.20000000298023224 49999
1669207156353 0.0 50049
1669207170128 0.0 50099
1669207197515 0.6666666865348816 50149
1669207211125 1.0 50199
1669207224818 0.6666666865348816 50249
1669207238595 0.3333333432674408 50299
1669207265979 0.3333333432674408 50349
1669207279565 0.5 50399
1669207293199 0.5 50449
1669207306952 0.4000000059604645 50499
1669207320784 0.0 50549
1669207348001 0.3333333432674408 50599
1669207361637 0.0 50649
1669207375321 0.5 50699
1669207389068 0.3333333432674408 50749
1669207416308 1.0 50799
1669207429964 0.75 50849
1669207443647 0.6000000238418579 50899
1669207457356 0.5 50949
1669207484495 0.0 50999
1669207498120 1.0 51049
1669207511830 0.0 51099
1669207525545 0.0 51149
1669207539246 0.3333333432674408 51199
1669207566334 0.3333333432674408 51249
1669207580004 0.1666666716337204 51299
1669207593715 0.25 51349
1669207607419 0.0 51399
1669207635020 0.4000000059604645 51449
1669207648683 0.0 51499
1669207662375 0.25 51549
1669207676062 0.75 51599
1669207703412 1.0 51649
1669207717073 0.5 51699
1669207730759 0.75 51749
1669207744442 0.3333333432674408 51799
1669207758129 0.0 51849
1669207785226 0.6666666865348816 51899
1669207798887 0.25 51949
1669207812591 0.0 51999
1669207826321 0.5 52049
1669207853698 1.0 52099
1669207867399 0.4000000059604645 52149
1669207881088 0.0 52199
1669207894781 0.3333333432674408 52249
1669207922245 0.0 52299
1669207935850 0.1428571492433548 52349
1669207949558 0.5 52399
1669207963259 0.6666666865348816 52449
1669207977010 0.0 52499
1669208004311 0.5 52549
1669208017957 0.0 52599
1669208031657 0.5 52649
1669208045372 0.0 52699
1669208072519 0.25 52749
1669208086209 1.0 52799
1669208099918 0.75 52849
1669208113635 0.25 52899
1669208140550 0.20000000298023224 52949
1669208154190 0.0 52999
1669208167839 1.0 53049
1669208181551 0.25 53099
1669208195279 0.5 53149
1669208222521 0.5 53199
1669208236169 0.5 53249
1669208249860 0.0 53299
1669208263598 0.75 53349
1669208290679 1.0 53399
1669208304325 0.25 53449
1669208318021 0.0 53499
1669208331720 0.25 53549
1669208358726 0.0 53599
1669208372404 0.5 53649
1669208386062 1.0 53699
1669208399772 0.0 53749
1669208413461 0.3333333432674408 53799
1669208440458 1.0 53849
1669208454134 0.0 53899
1669208467847 1.0 53949
1669208481549 0.0 53999
1669208508787 0.6666666865348816 54049
1669208522430 0.5 54099
1669208536128 0.25 54149
1669208549836 0.5 54199
1669208563353 0.0 54249
1669208590618 0.2857142984867096 54299
1669208604286 0.800000011920929 54349
1669208617955 0.25 54399
1669208631636 0.5 54449
1669208658868 0.3333333432674408 54499
1669208672496 0.0 54549
1669208686154 0.0 54599
1669208699844 0.3333333432674408 54649
1669208727091 0.5 54699
1669208740765 0.75 54749
1669208754485 1.0 54799
1669208768181 0.5 54849
1669208781872 1.0 54899
1669208808634 0.6666666865348816 54949
1669208822299 0.3333333432674408 54999
1669208836084 1.0 55049
1669208849820 0.3333333432674408 55099
1669208877238 0.5 55149
1669208890931 1.0 55199
1669208904622 0.0 55249
1669208918334 0.0 55299
1669208945759 0.0 55349
1669208959421 0.3333333432674408 55399
1669208973085 1.0 55449
1669208986893 0.0 55499
1669209000584 0.0 55549
1669209027715 0.0 55599
1669209041363 0.3333333432674408 55649
1669209055052 0.4000000059604645 55699
1669209068726 0.5 55749
1669209095897 1.0 55799
1669209109586 1.0 55849
1669209123270 0.0 55899
1669209136976 0.0 55949
1669209163932 0.5 55999
1669209177580 0.0 56049
1669209191265 0.5 56099
1669209204963 0.6666666865348816 56149
1669209218666 0.6666666865348816 56199
1669209245886 0.3333333432674408 56249
1669209259555 0.75 56299
1669209273241 0.25 56349
1669209286945 0.6666666865348816 56399
1669209314218 0.0 56449
1669209327888 0.5 56499
1669209341588 0.5 56549
1669209355307 0.0 56599
1669209382300 1.0 56649
1669209395945 0.6000000238418579 56699
1669209409658 0.25 56749
1669209423753 0.5 56799
1669209437481 1.0 56849
1669209464507 0.6666666865348816 56899
1669209478215 0.5 56949
1669209491908 0.0 56999
1669209505579 0.0 57049
1669209532510 0.0 57099
1669209546147 0.25 57149
1669209559883 0.6000000238418579 57199
1669209573596 0.0 57249
1669209600839 0.0 57299
1669209614562 0.0 57349
1669209628240 0.6666666865348816 57399
1669209641953 0.0 57449
1669209655661 0.6666666865348816 57499
1669209682771 1.0 57549
1669209696420 0.75 57599
1669209710097 0.75 57649
1669209723891 0.5 57699
1669209750998 0.5 57749
1669209764660 0.75 57799
1669209778355 0.75 57849
1669209792076 0.3333333432674408 57899
1669209818974 0.5 57949
1669209832585 0.6000000238418579 57999
1669209846319 0.0 58049
1669209860045 0.6666666865348816 58099
1669209873753 0.5714285969734192 58149
1669209900479 0.75 58199
1669209914175 0.0 58249
1669209927888 0.0 58299
1669209941624 1.0 58349
1669209968716 0.3333333432674408 58399
1669209982376 0.0 58449
1669209996072 0.5 58499
1669210009864 0.6666666865348816 58549
1669210036476 0.0 58599
1669210050130 0.0 58649
1669210063844 0.5 58699
1669210077542 0.25 58749
1669210091311 0.25 58799
1669210118631 0.3333333432674408 58849
1669210132335 0.3333333432674408 58899
1669210146059 0.3333333432674408 58949
1669210159764 1.0 58999
1669210186887 0.0 59049
1669210200582 0.5 59099
1669210214283 0.5 59149
1669210227952 0.25 59199
1669210255089 0.6666666865348816 59249
1669210268738 1.0 59299
1669210282384 0.3333333432674408 59349
1669210296078 0.4285714328289032 59399
1669210309764 0.5 59449
1669210336884 0.0 59499
1669210350556 0.0 59549
1669210364241 0.0 59599
1669210378095 1.0 59649
1669210405158 0.20000000298023224 59699
1669210418814 0.0 59749
1669210432510 0.4000000059604645 59799
1669210446189 0.0 59849
1669210473042 0.0 59899
1669210486716 1.0 59949
1669210500384 0.3333333432674408 59999
1669210514037 0.25 60049
1669210527723 0.75 60099
1669210554852 0.5 60149
1669210568521 0.0 60199
1669210582207 0.5 60249
1669210595966 0.0 60299
1669210623455 1.0 60349
1669210637141 0.3333333432674408 60399
1669210650852 0.5 60449
1669210664563 0.0 60499
1669210691842 1.0 60549
1669210705457 0.20000000298023224 60599
1669210719130 0.5 60649
1669210732843 0.25 60699
1669210746581 1.0 60749
1669210773647 0.0 60799
1669210787285 0.75 60849
1669210800976 0.4000000059604645 60899
1669210814669 0.0 60949
1669210841540 0.3333333432674408 60999
1669210855340 1.0 61049
1669210869036 0.0 61099
1669210882713 0.20000000298023224 61149
1669210909689 0.0 61199
1669210923333 0.4000000059604645 61249
1669210937044 0.3333333432674408 61299
1669210950744 0.5 61349
1669210964423 0.0 61399
1669210991582 0.20000000298023224 61449
1669211005242 0.5 61499
1669211019272 0.0 61549
1669211032981 0.6666666865348816 61599
1669211060327 1.0 61649
1669211074005 0.3333333432674408 61699
1669211087677 0.20000000298023224 61749
1669211101355 0.3333333432674408 61799
1669211128362 1.0 61849
1669211141984 0.6666666865348816 61899
1669211155644 0.6666666865348816 61949
1669211169329 0.3333333432674408 61999
1669211183003 0.3333333432674408 62049
1669211210343 0.5 62099
1669211224048 0.3333333432674408 62149
1669211237747 0.25 62199
1669211251440 0.0 62249
1669211278332 0.0 62299
1669211292023 0.3333333432674408 62349
1669211305709 0.0 62399
1669211319391 0.4000000059604645 62449
1669211346518 0.20000000298023224 62499
1669211360176 1.0 62549
1669211373862 0.25 62599
1669211387553 0.0 62649
1669211401281 0.25 62699
1669211428757 0.800000011920929 62749
1669211442412 0.6666666865348816 62799
1669211456102 0.6666666865348816 62849
1669211469796 0.0 62899
1669211497005 0.5 62949
1669211510733 0.6666666865348816 62999
1669211524427 0.0 63049
1669211538121 0.5 63099
1669211565052 0.6000000238418579 63149
1669211578706 0.0 63199
1669211592397 0.3333333432674408 63249
1669211606090 0.5 63299
1669211619797 0.5 63349
1669211646939 0.3333333432674408 63399
1669211660588 0.0 63449
1669211674278 0.0 63499
1669211687964 0.1666666716337204 63549
1669211715065 0.0 63599
1669211728785 0.3333333432674408 63649
1669211742567 0.6666666865348816 63699
1669211756303 0.0 63749
1669211783638 0.3333333432674408 63799
1669211797307 0.0 63849
1669211810979 0.25 63899
1669211824723 0.5 63949
1669211838531 1.0 63999
1669211865546 0.5 64049
1669211879214 0.5 64099
1669211892899 0.3333333432674408 64149
1669211906578 0.0 64199
1669211933789 0.0 64249
1669211947419 0.5 64299
1669211961094 0.0 64349
1669211974774 0.3333333432674408 64399
1669212002112 0.5 64449
1669212015916 0.75 64499
1669212029576 0.20000000298023224 64549
1669212043265 1.0 64599
1669212056940 0.0 64649
1669212083587 0.3333333432674408 64699
1669212097251 0.6666666865348816 64749
1669212110915 0.25 64799
1669212124598 1.0 64849
1669212151560 0.3333333432674408 64899
1669212165241 0.3333333432674408 64949
1669212178923 0.0 64999
1669212192626 0.3333333432674408 65049
1669212206136 0.0 65099
