1669190457103 0.40751445293426514 216
1669190528917 0.4098265767097473 433
1669190601212 0.41329479217529297 650
1669190673556 0.4183526039123535 867
1669190745594 0.4206647276878357 1084
1669190817882 0.4251445233821869 1301
1669190890298 0.4406069219112396 1518
1669190963182 0.4491329491138458 1735
1669191035953 0.4563583731651306 1952
1669191108320 0.47442197799682617 2169
1669191180970 0.47919073700904846 2386
1669191253624 0.4894508719444275 2603
1669191326289 0.50809246301651 2820
1669191398716 0.5199422240257263 3037
1669191471414 0.5189306139945984 3254
1669191543877 0.5268785953521729 3471
1669191616632 0.5313583612442017 3688
1669191689499 0.5397399067878723 3905
1669191762176 0.5449422001838684 4122
1669191834678 0.552601158618927 4339
1669191907079 0.5508670806884766 4556
1669191979631 0.5612716674804688 4773
1669192052287 0.5638728141784668 4990
1669192124608 0.5690751671791077 5207
1669192197262 0.5683525800704956 5424
1669192269507 0.5830925107002258 5641
1669192342115 0.5826589465141296 5858
1669192414488 0.5722543597221375 6075
1669192486972 0.5829479694366455 6292
1669192559602 0.5843930840492249 6509
1669192632126 0.5888728499412537 6726
1669192704396 0.5813583731651306 6943
1669192776761 0.5829479694366455 7160
1669192849117 0.5848265886306763 7377
1669192921555 0.5910404920578003 7594
1669192994214 0.5910404920578003 7811
1669193066685 0.5942196249961853 8028
1669193139423 0.59089595079422 8245
1669193211961 0.6000000238418579 8462
1669193284389 0.5955202579498291 8679
1669193357053 0.5963872671127319 8896
1669193429565 0.5958092212677002 9113
1669193502029 0.5969653129577637 9330
1669193574221 0.5992774367332458 9547
1669193646757 0.5968208312988281 9764
1669193718968 0.6014450788497925 9981
1669193791275 0.5949422121047974 10198
1669193863878 0.5981214046478271 10415
1669193936616 0.5981214046478271 10632
1669194009290 0.5952312350273132 10849
1669194081930 0.6000000238418579 11066
1669194154345 0.6040462255477905 11283
1669194228038 0.5992774367332458 11500
1669194300493 0.6008670330047607 11717
1669194373190 0.6053467988967896 11934
1669194446183 0.6041907668113708 12151
1669194518949 0.6096820831298828 12368
1669194591512 0.6018785834312439 12585
1669194664420 0.6021676063537598 12802
1669194737096 0.6054913401603699 13019
1669194809692 0.6021676063537598 13236
1669194882722 0.6088150143623352 13453
1669194955373 0.6069363951683044 13670
1669195028333 0.6043352484703064 13887
1669195100647 0.6088150143623352 14104
1669195172955 0.6054913401603699 14321
1669195245700 0.6054913401603699 14538
1669195318457 0.6095376014709473 14755
1669195391339 0.6125722527503967 14972
1669195463795 0.607803463935852 15189
1669195536880 0.6083815097808838 15406
1669195609667 0.6095376014709473 15623
1669195682486 0.6063584089279175 15840
1669195755122 0.6062138676643372 16057
1669195827953 0.6121387481689453 16274
1669195900676 0.6091040372848511 16491
1669195973392 0.6114161610603333 16708
1669196046091 0.606502890586853 16925
1669196119166 0.6086705327033997 17142
1669196191994 0.6166185140609741 17359
1669196264806 0.6096820831298828 17576
1669196337677 0.6117051839828491 17793
1669196410555 0.6059248447418213 18010
1669196483023 0.6234104037284851 18227
1669196555612 0.6118497252464294 18444
1669196628481 0.6141618490219116 18661
1669196701195 0.6096820831298828 18878
1669196773773 0.6125722527503967 19095
1669196846483 0.6109826564788818 19312
1669196919599 0.6080924868583679 19529
1669196992459 0.615606963634491 19746
1669197065180 0.6121387481689453 19963
1669197137788 0.6141618490219116 20180
1669197210433 0.61690753698349 20397
1669197282882 0.6171965599060059 20614
1669197355446 0.613294780254364 20831
1669197428184 0.6189306378364563 21048
1669197500798 0.6092485785484314 21265
1669197573744 0.6163294911384583 21482
1669197646780 0.6171965599060059 21699
1669197719538 0.61690753698349 21916
1669197792215 0.6148843765258789 22133
1669197864912 0.6163294911384583 22350
1669197937810 0.6202312111854553 22567
1669198010680 0.6200867295265198 22784
1669198083618 0.6154624223709106 23001
1669198156505 0.6208092570304871 23218
1669198228861 0.618208110332489 23435
1669198301589 0.615606963634491 23652
1669198374381 0.6173410415649414 23869
1669198447445 0.6197977066040039 24086
1669198520268 0.6128612756729126 24303
1669198592828 0.6166185140609741 24520
1669198665605 0.6167629957199097 24737
1669198738472 0.615606963634491 24954
1669198811383 0.6176300644874573 25171
1669198883979 0.6160404682159424 25388
1669198956407 0.6209537386894226 25605
1669199029033 0.61690753698349 25822
1669199101877 0.6164739727973938 26039
1669199174963 0.6248555183410645 26256
1669199247856 0.622398853302002 26473
1669199320459 0.6221098303794861 26690
1669199393114 0.6171965599060059 26907
1669199465857 0.6158959269523621 27124
1669199538645 0.6202312111854553 27341
1669199611281 0.6213873028755188 27558
1669199683683 0.6193641424179077 27775
1669199756472 0.6189306378364563 27992
1669199829322 0.6247109770774841 28209
1669199902157 0.6177745461463928 28426
1669199974474 0.6189306378364563 28643
1669200047317 0.6281791925430298 28860
1669200120197 0.6239884495735168 29077
1669200192900 0.6248555183410645 29294
1669200265475 0.6179190874099731 29511
1669200338193 0.6235548853874207 29728
1669200411148 0.6234104037284851 29945
1669200484063 0.6228323578834534 30162
1669200556565 0.6213873028755188 30379
1669200629385 0.6183525919914246 30596
1669200702235 0.6234104037284851 30813
1669200774694 0.6203756928443909 31030
1669200847252 0.6245664954185486 31247
1669200920289 0.6167629957199097 31464
1669200993313 0.6225433349609375 31681
1669201065813 0.6205202341079712 31898
1669201138242 0.6238439083099365 32115
1669201211016 0.6252890229225159 32332
1669201284103 0.6209537386894226 32549
1669201356931 0.6244219541549683 32766
1669201429947 0.6252890229225159 32983
1669201503001 0.6265895962715149 33200
1669201576023 0.6241329312324524 33417
1669201649039 0.6228323578834534 33634
1669201722794 0.6232659220695496 33851
1669201795491 0.618208110332489 34068
1669201868611 0.6254335045814514 34285
1669201941571 0.6238439083099365 34502
1669202014302 0.6219652891159058 34719
1669202087300 0.6239884495735168 34936
1669202161239 0.6251444816589355 35153
1669202233809 0.6234104037284851 35370
1669202306729 0.6271676421165466 35587
1669202379826 0.6271676421165466 35804
1669202452799 0.6251444816589355 36021
1669202525695 0.6189306378364563 36238
1669202598716 0.6202312111854553 36455
1669202671930 0.6245664954185486 36672
1669202744771 0.6239884495735168 36889
1669202818119 0.625 37106
1669202890938 0.6242774724960327 37323
1669202963683 0.6221098303794861 37540
1669203036655 0.6218208074569702 37757
1669203109472 0.625 37974
1669203182187 0.6257225275039673 38191
1669203254887 0.6203756928443909 38408
1669203327533 0.6281791925430298 38625
1669203400515 0.6222543120384216 38842
1669203473146 0.6245664954185486 39059
1669203546379 0.6245664954185486 39276
1669203619278 0.6244219541549683 39493
1669203692425 0.622398853302002 39710
1669203765741 0.6273121237754822 39927
1669203838721 0.6212427616119385 40144
1669203911488 0.6221098303794861 40361
1669203984094 0.6277456879615784 40578
1669204057076 0.6247109770774841 40795
1669204129456 0.6261560916900635 41012
1669204202112 0.6251444816589355 41229
1669204274859 0.6215317845344543 41446
1669204347702 0.6274566650390625 41663
1669204420421 0.6218208074569702 41880
1669204493147 0.6245664954185486 42097
1669204566177 0.6208092570304871 42314
1669204638856 0.6273121237754822 42531
1669204711499 0.6252890229225159 42748
1669204784377 0.6251444816589355 42965
1669204857379 0.6274566650390625 43182
1669204929991 0.6261560916900635 43399
1669205002707 0.6193641424179077 43616
1669205075522 0.6284682154655457 43833
1669205148278 0.6254335045814514 44050
1669205221088 0.6218208074569702 44267
1669205293897 0.6302022933959961 44484
1669205366852 0.6268786191940308 44701
1669205439769 0.6247109770774841 44918
1669205512310 0.6215317845344543 45135
1669205585668 0.6267340779304504 45352
1669205658413 0.6310693621635437 45569
1669205731425 0.6234104037284851 45786
1669205804557 0.6231213808059692 46003
1669205877606 0.6273121237754822 46220
1669205950501 0.6254335045814514 46437
1669206023654 0.6239884495735168 46654
1669206097679 0.6247109770774841 46871
1669206170941 0.6277456879615784 47088
1669206244073 0.6320809125900269 47305
1669206316645 0.6290462613105774 47522
1669206389158 0.6303468346595764 47739
1669206462149 0.6267340779304504 47956
1669206535004 0.6202312111854553 48173
1669206607776 0.6261560916900635 48390
1669206680836 0.6232659220695496 48607
1669206753421 0.627601146697998 48824
1669206826396 0.6303468346595764 49041
1669206899388 0.6267340779304504 49258
1669206972095 0.6247109770774841 49475
1669207044913 0.6294797658920288 49692
1669207117413 0.6231213808059692 49909
1669207190583 0.6278901696205139 50126
1669207263631 0.6310693621635437 50343
1669207336644 0.626300573348999 50560
1669207409641 0.6260115504264832 50777
1669207482361 0.627601146697998 50994
1669207555278 0.6299132704734802 51211
1669207628571 0.6242774724960327 51428
1669207701619 0.6284682154655457 51645
1669207774432 0.6293352842330933 51862
1669207847516 0.6323699355125427 52079
1669207920732 0.6283236742019653 52296
1669207993699 0.6260115504264832 52513
1669208066646 0.6287572383880615 52730
1669208139295 0.6219652891159058 52947
1669208212297 0.6274566650390625 53164
1669208285045 0.6244219541549683 53381
1669208357724 0.6248555183410645 53598
1669208430406 0.6333814859390259 53815
1669208503457 0.6252890229225159 54032
1669208576297 0.6231213808059692 54249
1669208649197 0.6261560916900635 54466
1669208721989 0.6277456879615784 54683
1669208794588 0.6273121237754822 54900
1669208867754 0.6320809125900269 55117
1669208940937 0.6287572383880615 55334
1669209013932 0.6307803392410278 55551
1669209086713 0.6245664954185486 55768
1669209159417 0.627601146697998 55985
1669209232379 0.6290462613105774 56202
1669209305317 0.6267340779304504 56419
1669209377992 0.6303468346595764 56636
1669209451332 0.6287572383880615 56853
1669209523916 0.6232659220695496 57070
1669209596772 0.6302022933959961 57287
1669209669776 0.627601146697998 57504
1669209742675 0.6290462613105774 57721
1669209815262 0.6245664954185486 57938
1669209887839 0.6280347108840942 58155
1669209960671 0.6244219541549683 58372
1669210033039 0.6271676421165466 58589
1669210106055 0.6291907429695129 58806
1669210179123 0.6265895962715149 59023
1669210251873 0.6293352842330933 59240
1669210324753 0.6280347108840942 59457
1669210397683 0.6252890229225159 59674
1669210470129 0.6221098303794861 59891
1669210542930 0.6278901696205139 60108
1669210615705 0.6251444816589355 60325
1669210689155 0.6252890229225159 60542
1669210762072 0.6332370042800903 60759
1669210834569 0.6329479813575745 60976
1669210907363 0.6268786191940308 61193
1669210980292 0.6312138438224792 61410
1669211053671 0.6280347108840942 61627
1669211126304 0.6221098303794861 61844
1669211199269 0.6284682154655457 62061
1669211271948 0.6261560916900635 62278
1669211344701 0.6319364309310913 62495
1669211417955 0.6258670687675476 62712
1669211490886 0.6326589584350586 62929
1669211563541 0.6326589584350586 63146
1669211636356 0.630491316318512 63363
1669211709208 0.6284682154655457 63580
1669211782423 0.6251444816589355 63797
1669211855347 0.626300573348999 64014
1669211928074 0.6238439083099365 64231
1669212001112 0.6302022933959961 64448
1669212073648 0.6274566650390625 64665
1669212146201 0.63309246301651 64882
1669212219078 0.6306358575820923 65099
