1669190457103 0.32538264989852905 216
1669190528917 0.32496410608291626 433
1669190601212 0.3200862407684326 650
1669190673556 0.3223351240158081 867
1669190745594 0.3228909969329834 1084
1669190817882 0.3141460418701172 1301
1669190890298 0.3239249587059021 1518
1669190963182 0.3307742476463318 1735
1669191035953 0.3304060697555542 1952
1669191108320 0.33594581484794617 2169
1669191180970 0.34320831298828125 2386
1669191253624 0.3497971296310425 2603
1669191326289 0.35596075654029846 2820
1669191398716 0.35711032152175903 3037
1669191471414 0.3633275330066681 3254
1669191543877 0.36782726645469666 3471
1669191616632 0.36554574966430664 3688
1669191689499 0.37069377303123474 3905
1669191762176 0.3703794479370117 4122
1669191834678 0.377869576215744 4339
1669191907079 0.37626367807388306 4556
1669191979631 0.374855637550354 4773
1669192052287 0.3873019218444824 4990
1669192124608 0.3808307945728302 5207
1669192197262 0.3879701495170593 5424
1669192269507 0.3941381871700287 5641
1669192342115 0.3934594988822937 5858
1669192414488 0.3806348145008087 6075
1669192486972 0.39372342824935913 6292
1669192559602 0.3904455006122589 6509
1669192632126 0.3985799551010132 6726
1669192704396 0.3962673544883728 6943
1669192776761 0.3903942406177521 7160
1669192849117 0.3917495906352997 7377
1669192921555 0.39266374707221985 7594
1669192994214 0.39516782760620117 7811
1669193066685 0.3951152265071869 8028
1669193139423 0.393726110458374 8245
1669193211961 0.40263697504997253 8462
1669193284389 0.3917451500892639 8679
1669193357053 0.39839643239974976 8896
1669193429565 0.40153664350509644 9113
1669193502029 0.3986114263534546 9330
1669193574221 0.3977694511413574 9547
1669193646757 0.3938378691673279 9764
1669193718968 0.3959626257419586 9981
1669193791275 0.38835257291793823 10198
1669193863878 0.3956068158149719 10415
1669193936616 0.3977402448654175 10632
1669194009290 0.39618808031082153 10849
1669194081930 0.4008789360523224 11066
1669194154345 0.40355145931243896 11283
1669194228038 0.39137277007102966 11500
1669194300493 0.392703115940094 11717
1669194373190 0.4045623242855072 11934
1669194446183 0.39653095602989197 12151
1669194518949 0.3983159363269806 12368
1669194591512 0.4021715521812439 12585
1669194664420 0.39605218172073364 12802
1669194737096 0.3988339900970459 13019
1669194809692 0.40024417638778687 13236
1669194882722 0.4058300256729126 13453
1669194955373 0.39607417583465576 13670
1669195028333 0.39723217487335205 13887
1669195100647 0.40285614132881165 14104
1669195172955 0.3987276554107666 14321
1669195245700 0.3889982998371124 14538
1669195318457 0.40211188793182373 14755
1669195391339 0.4034103453159332 14972
1669195463795 0.40269824862480164 15189
1669195536880 0.3962934613227844 15406
1669195609667 0.4003508388996124 15623
1669195682486 0.39308008551597595 15840
1669195755122 0.40729546546936035 16057
1669195827953 0.3992755115032196 16274
1669195900676 0.40402689576148987 16491
1669195973392 0.39928993582725525 16708
1669196046091 0.39755696058273315 16925
1669196119166 0.3995809853076935 17142
1669196191994 0.4068188965320587 17359
1669196264806 0.40210726857185364 17576
1669196337677 0.40082842111587524 17793
1669196410555 0.3972102701663971 18010
1669196483023 0.41573256254196167 18227
1669196555612 0.39692580699920654 18444
1669196628481 0.39950063824653625 18661
1669196701195 0.4027823507785797 18878
1669196773773 0.4012891948223114 19095
1669196846483 0.39739057421684265 19312
1669196919599 0.3950665295124054 19529
1669196992459 0.4016079306602478 19746
1669197065180 0.3990195691585541 19963
1669197137788 0.4050019681453705 20180
1669197210433 0.4084406793117523 20397
1669197282882 0.40566736459732056 20614
1669197355446 0.39457735419273376 20831
1669197428184 0.4074167311191559 21048
1669197500798 0.39226529002189636 21265
1669197573744 0.3991905152797699 21482
1669197646780 0.3970191478729248 21699
1669197719538 0.40356016159057617 21916
1669197792215 0.3985511362552643 22133
1669197864912 0.3954924941062927 22350
1669197937810 0.40386807918548584 22567
1669198010680 0.399801641702652 22784
1669198083618 0.4016161561012268 23001
1669198156505 0.4094727635383606 23218
1669198228861 0.40441247820854187 23435
1669198301589 0.39952537417411804 23652
1669198374381 0.4038115441799164 23869
1669198447445 0.4141833782196045 24086
1669198520268 0.4036928713321686 24303
1669198592828 0.40831583738327026 24520
1669198665605 0.39833539724349976 24737
1669198738472 0.3996148705482483 24954
1669198811383 0.40103214979171753 25171
1669198883979 0.4027996361255646 25388
1669198956407 0.41018927097320557 25605
1669199029033 0.4078296422958374 25822
1669199101877 0.3999069929122925 26039
1669199174963 0.40877750515937805 26256
1669199247856 0.4083319902420044 26473
1669199320459 0.40373584628105164 26690
1669199393114 0.4019515812397003 26907
1669199465857 0.3996381163597107 27124
1669199538645 0.39770054817199707 27341
1669199611281 0.40087947249412537 27558
1669199683683 0.3972638249397278 27775
1669199756472 0.40979209542274475 27992
1669199829322 0.41055527329444885 28209
1669199902157 0.39700591564178467 28426
1669199974474 0.40174227952957153 28643
1669200047317 0.4097956418991089 28860
1669200120197 0.4106941819190979 29077
1669200192900 0.406615287065506 29294
1669200265475 0.39995869994163513 29511
1669200338193 0.40597495436668396 29728
1669200411148 0.4084179699420929 29945
1669200484063 0.40763378143310547 30162
1669200556565 0.3992277681827545 30379
1669200629385 0.40173134207725525 30596
1669200702235 0.40351179242134094 30813
1669200774694 0.4139525592327118 31030
1669200847252 0.4062150716781616 31247
1669200920289 0.40176600217819214 31464
1669200993313 0.4062533974647522 31681
1669201065813 0.400279700756073 31898
1669201138242 0.41134050488471985 32115
1669201211016 0.4082338809967041 32332
1669201284103 0.401127427816391 32549
1669201356931 0.40020695328712463 32766
1669201429947 0.3988837003707886 32983
1669201503001 0.4160436987876892 33200
1669201576023 0.4141468107700348 33417
1669201649039 0.4099105894565582 33634
1669201722794 0.4058171510696411 33851
1669201795491 0.4051079750061035 34068
1669201868611 0.41217994689941406 34285
1669201941571 0.4095897972583771 34502
1669202014302 0.4032949209213257 34719
1669202087300 0.4039847254753113 34936
1669202161239 0.4020580053329468 35153
1669202233809 0.40635380148887634 35370
1669202306729 0.41202282905578613 35587
1669202379826 0.40762215852737427 35804
1669202452799 0.411257266998291 36021
1669202525695 0.39892762899398804 36238
1669202598716 0.39875686168670654 36455
1669202671930 0.4048682153224945 36672
1669202744771 0.40559083223342896 36889
1669202818119 0.404131680727005 37106
1669202890938 0.4121364951133728 37323
1669202963683 0.4095671772956848 37540
1669203036655 0.4059702157974243 37757
1669203109472 0.4070335924625397 37974
1669203182187 0.41353991627693176 38191
1669203254887 0.40205660462379456 38408
1669203327533 0.4095379114151001 38625
1669203400515 0.3941168785095215 38842
1669203473146 0.40117618441581726 39059
1669203546379 0.4043118953704834 39276
1669203619278 0.41084542870521545 39493
1669203692425 0.4105454683303833 39710
1669203765741 0.4109487235546112 39927
1669203838721 0.4036489725112915 40144
1669203911488 0.40031710267066956 40361
1669203984094 0.41103142499923706 40578
1669204057076 0.4059981405735016 40795
1669204129456 0.4114465117454529 41012
1669204202112 0.40857186913490295 41229
1669204274859 0.40177544951438904 41446
1669204347702 0.4129282832145691 41663
1669204420421 0.4023660719394684 41880
1669204493147 0.4027000069618225 42097
1669204566177 0.40564700961112976 42314
1669204638856 0.401113897562027 42531
1669204711499 0.40414494276046753 42748
1669204784377 0.4068109691143036 42965
1669204857379 0.409695029258728 43182
1669204929991 0.4033535420894623 43399
1669205002707 0.40396198630332947 43616
1669205075522 0.40807780623435974 43833
1669205148278 0.40774744749069214 44050
1669205221088 0.4060247838497162 44267
1669205293897 0.40707817673683167 44484
1669205366852 0.40883761644363403 44701
1669205439769 0.41101783514022827 44918
1669205512310 0.4011269509792328 45135
1669205585668 0.40810278058052063 45352
1669205658413 0.4089071750640869 45569
1669205731425 0.4091554284095764 45786
1669205804557 0.40373513102531433 46003
1669205877606 0.4065554440021515 46220
1669205950501 0.40893325209617615 46437
1669206023654 0.3995608687400818 46654
1669206097679 0.4005042314529419 46871
1669206170941 0.41518595814704895 47088
1669206244073 0.4116852283477783 47305
1669206316645 0.4132300019264221 47522
1669206389158 0.40839388966560364 47739
1669206462149 0.4045368432998657 47956
1669206535004 0.4002923369407654 48173
1669206607776 0.4159993827342987 48390
1669206680836 0.39655646681785583 48607
1669206753421 0.40937262773513794 48824
1669206826396 0.41072338819503784 49041
1669206899388 0.4061051607131958 49258
1669206972095 0.40665629506111145 49475
1669207044913 0.40972769260406494 49692
1669207117413 0.40648379921913147 49909
1669207190583 0.41300198435783386 50126
1669207263631 0.4117460250854492 50343
1669207336644 0.40335986018180847 50560
1669207409641 0.40188515186309814 50777
1669207482361 0.40924954414367676 50994
1669207555278 0.41118746995925903 51211
1669207628571 0.4078885614871979 51428
1669207701619 0.4020097553730011 51645
1669207774432 0.41797176003456116 51862
1669207847516 0.41508418321609497 52079
1669207920732 0.41026777029037476 52296
1669207993699 0.4094662368297577 52513
1669208066646 0.40503087639808655 52730
1669208139295 0.3990122079849243 52947
1669208212297 0.407048761844635 53164
1669208285045 0.41001588106155396 53381
1669208357724 0.4102649986743927 53598
1669208430406 0.4172251522541046 53815
1669208503457 0.40946927666664124 54032
1669208576297 0.4032408595085144 54249
1669208649197 0.4057820737361908 54466
1669208721989 0.4082799553871155 54683
1669208794588 0.41227516531944275 54900
1669208867754 0.4106033146381378 55117
1669208940937 0.41057488322257996 55334
1669209013932 0.4118537902832031 55551
1669209086713 0.3992180824279785 55768
1669209159417 0.4150352478027344 55985
1669209232379 0.4085351824760437 56202
1669209305317 0.40246906876564026 56419
1669209377992 0.41093024611473083 56636
1669209451332 0.41075581312179565 56853
1669209523916 0.4019901752471924 57070
1669209596772 0.40753600001335144 57287
1669209669776 0.40974777936935425 57504
1669209742675 0.4066852331161499 57721
1669209815262 0.39836016297340393 57938
1669209887839 0.406438410282135 58155
1669209960671 0.39874109625816345 58372
1669210033039 0.40464818477630615 58589
1669210106055 0.4149685502052307 58806
1669210179123 0.40500783920288086 59023
1669210251873 0.4099116623401642 59240
1669210324753 0.40947985649108887 59457
1669210397683 0.40707823634147644 59674
1669210470129 0.40588653087615967 59891
1669210542930 0.4069335460662842 60108
1669210615705 0.4087603688240051 60325
1669210689155 0.39890241622924805 60542
1669210762072 0.40279752016067505 60759
1669210834569 0.40983790159225464 60976
1669210907363 0.39781391620635986 61193
1669210980292 0.4142918884754181 61410
1669211053671 0.41043415665626526 61627
1669211126304 0.40156760811805725 61844
1669211199269 0.4118325412273407 62061
1669211271948 0.4033805727958679 62278
1669211344701 0.41343867778778076 62495
1669211417955 0.4096491038799286 62712
1669211490886 0.4131101965904236 62929
1669211563541 0.4074315130710602 63146
1669211636356 0.4133736789226532 63363
1669211709208 0.4116738736629486 63580
1669211782423 0.4095783531665802 63797
1669211855347 0.4093526303768158 64014
1669211928074 0.40637996792793274 64231
1669212001112 0.4093989431858063 64448
1669212073648 0.4064956605434418 64665
1669212146201 0.40530210733413696 64882
1669212219078 0.40932193398475647 65099
