1668429925868 0.375 49
1668429939631 0.625 99
1668429953440 0.75 149
1668429967361 0.625 199
1668429997464 0.5 249
1668430011092 0.75 299
1668430024614 0.625 349
1668430038334 0.625 399
1668430068509 0.375 449
1668430082387 0.375 499
1668430096020 0.875 549
1668430109699 0.5 599
1668430123348 0.5 649
1668430153803 0.625 699
1668430167446 0.75 749
1668430181128 0.75 799
1668430194840 0.875 849
1668430226024 0.75 899
1668430239699 0.875 949
1668430253350 0.625 999
1668430267002 0.75 1049
1668430297720 0.875 1099
1668430311376 0.625 1149
1668430325075 0.5 1199
1668430338695 0.75 1249
1668430352419 1.0 1299
1668430382712 0.5 1349
1668430396334 0.875 1399
1668430410001 0.625 1449
1668430423715 1.0 1499
1668430454560 0.625 1549
1668430468082 0.75 1599
1668430481760 0.75 1649
1668430495374 0.875 1699
1668430525861 0.875 1749
1668430539794 0.875 1799
1668430553456 0.5 1849
1668430567237 0.625 1899
1668430580900 0.5 1949
1668430611541 0.625 1999
1668430625285 0.875 2049
1668430638970 0.875 2099
1668430652640 0.875 2149
1668430683415 0.625 2199
1668430697044 1.0 2249
1668430710686 0.875 2299
1668430724340 0.75 2349
1668430755053 0.875 2399
1668430768826 0.5 2449
1668430782443 0.625 2499
1668430796132 0.875 2549
1668430809814 0.375 2599
1668430840444 0.75 2649
1668430854068 0.75 2699
1668430867705 1.0 2749
1668430881489 0.75 2799
1668430912527 0.875 2849
1668430926143 0.75 2899
1668430939807 0.875 2949
1668430953435 0.875 2999
1668430983710 0.875 3049
1668430997523 0.75 3099
1668431011320 0.75 3149
1668431025093 0.75 3199
1668431038898 0.75 3249
1668431069589 0.875 3299
1668431083203 0.75 3349
1668431096918 1.0 3399
1668431110652 0.75 3449
1668431140981 1.0 3499
1668431154710 0.75 3549
1668431168369 0.75 3599
1668431182013 1.0 3649
1668431212173 0.75 3699
1668431226231 0.75 3749
1668431239910 0.75 3799
1668431253542 0.75 3849
1668431267276 0.75 3899
1668431297703 0.625 3949
1668431311300 1.0 3999
1668431324943 0.375 4049
1668431338585 0.625 4099
1668431369289 1.0 4149
1668431383184 0.375 4199
1668431396822 0.625 4249
1668431410545 0.75 4299
1668431441003 0.75 4349
1668431454777 0.75 4399
1668431468394 0.875 4449
1668431482141 0.875 4499
1668431495826 0.875 4549
1668431526765 0.625 4599
1668431540372 0.875 4649
1668431553999 0.875 4699
1668431567652 0.625 4749
1668431597947 0.875 4799
1668431611530 0.625 4849
1668431625226 0.75 4899
1668431638861 0.75 4949
1668431669418 0.875 4999
1668431683280 0.625 5049
1668431696893 0.875 5099
1668431710540 0.75 5149
1668431724154 0.5 5199
1668431754817 0.75 5249
1668431768370 0.875 5299
1668431782093 0.875 5349
1668431795831 0.875 5399
1668431826233 0.5 5449
1668431840102 0.75 5499
1668431853748 0.375 5549
1668431867694 0.5 5599
1668431898421 0.75 5649
1668431912831 0.875 5699
1668431926424 1.0 5749
1668431940235 0.625 5799
1668431953932 1.0 5849
1668431984204 0.875 5899
1668431997758 0.75 5949
1668432011418 0.75 5999
1668432025049 0.875 6049
1668432055912 0.875 6099
1668432069465 0.75 6149
1668432083145 0.625 6199
1668432096784 0.875 6249
1668432127301 0.75 6299
1668432141079 0.75 6349
1668432154755 0.75 6399
1668432168530 0.75 6449
1668432182188 0.875 6499
1668432213053 0.875 6549
1668432226602 0.875 6599
1668432240355 0.625 6649
1668432254078 0.75 6699
1668432284784 0.625 6749
1668432298401 0.75 6799
1668432312082 0.5 6849
1668432325766 0.625 6899
1668432356341 0.75 6949
1668432370219 0.75 6999
1668432383826 0.75 7049
1668432397554 1.0 7099
1668432411238 0.75 7149
1668432441836 0.5 7199
1668432455405 0.875 7249
1668432469145 0.75 7299
1668432482765 0.375 7349
1668432513815 0.875 7399
1668432527543 0.5 7449
1668432541188 0.875 7499
1668432554912 0.875 7549
1668432585270 0.75 7599
1668432599281 0.875 7649
1668432612949 0.625 7699
1668432626597 0.875 7749
1668432640227 0.75 7799
1668432671032 0.75 7849
1668432684600 0.875 7899
1668432698273 0.625 7949
1668432711969 0.5 7999
1668432742678 0.875 8049
1668432756439 1.0 8099
1668432770246 0.75 8149
1668432783926 0.625 8199
1668432814433 1.0 8249
1668432828229 0.75 8299
1668432841894 0.75 8349
1668432855708 0.875 8399
1668432869371 0.875 8449
1668432900209 0.625 8499
1668432913819 1.0 8549
1668432927505 1.0 8599
1668432941194 0.875 8649
1668432971756 0.75 8699
1668432985471 0.625 8749
1668432999109 0.875 8799
1668433012759 0.625 8849
1668433043204 0.875 8899
1668433057096 0.75 8949
1668433070761 0.75 8999
1668433084417 1.0 9049
1668433098068 0.625 9099
1668433128664 0.75 9149
1668433142235 0.875 9199
1668433155895 1.0 9249
1668433169528 0.5 9299
1668433200203 1.0 9349
1668433214017 0.75 9399
1668433227755 0.625 9449
1668433241496 0.75 9499
1668433272228 0.75 9549
1668433286145 0.875 9599
1668433299838 0.5 9649
1668433313484 0.625 9699
1668433327159 0.625 9749
1668433357729 0.75 9799
1668433371324 1.0 9849
1668433384965 0.875 9899
1668433398685 0.625 9949
1668433429221 0.75 9999
1668433442984 0.625 10049
1668433456634 0.75 10099
1668433470267 0.75 10149
1668433500758 0.875 10199
1668433514635 0.875 10249
1668433528256 0.625 10299
1668433541910 0.875 10349
1668433555595 0.625 10399
1668433586583 1.0 10449
1668433600212 0.625 10499
1668433613871 0.75 10549
1668433627605 0.75 10599
1668433657861 0.75 10649
1668433671596 0.875 10699
1668433685244 0.75 10749
1668433699015 0.75 10799
1668433712594 0.5 10849
1668433743295 0.875 10899
1668433756894 0.75 10949
1668433770567 0.75 10999
1668433784312 0.75 11049
1668433815262 1.0 11099
1668433828766 0.625 11149
1668433842397 0.75 11199
1668433856028 0.625 11249
1668433886804 0.625 11299
1668433900610 1.0 11349
1668433914244 1.0 11399
1668433927921 0.875 11449
1668433941558 1.0 11499
1668433972613 0.625 11549
1668433986232 0.875 11599
1668433999919 0.375 11649
1668434013646 0.75 11699
1668434044701 0.625 11749
1668434058263 0.5 11799
1668434071980 0.875 11849
1668434085662 0.875 11899
1668434117149 0.875 11949
1668434131003 0.5 11999
1668434144693 0.625 12049
1668434158427 0.75 12099
1668434172144 0.5 12149
1668434202503 0.75 12199
1668434216118 0.75 12249
1668434229797 0.875 12299
1668434243435 1.0 12349
1668434274424 0.625 12399
1668434288021 1.0 12449
1668434301742 0.875 12499
1668434315538 0.75 12549
1668434346306 0.625 12599
1668434360092 0.625 12649
1668434373778 0.625 12699
1668434387435 0.625 12749
1668434401085 0.625 12799
1668434431973 0.625 12849
1668434445589 1.0 12899
1668434459278 0.625 12949
1668434473208 0.625 12999
1668434504325 1.0 13049
1668434517854 0.75 13099
1668434531595 0.625 13149
1668434545390 0.75 13199
1668434576390 0.75 13249
1668434590160 1.0 13299
1668434603790 0.75 13349
1668434617438 0.75 13399
1668434631074 0.75 13449
1668434662061 0.625 13499
1668434675673 1.0 13549
1668434689323 0.75 13599
1668434702982 0.75 13649
1668434733641 0.75 13699
1668434747176 0.75 13749
1668434760898 0.875 13799
1668434774598 1.0 13849
1668434805263 0.875 13899
1668434819152 0.875 13949
1668434832827 0.75 13999
1668434846593 0.5 14049
1668434860227 0.625 14099
1668434891437 0.875 14149
1668434905085 0.875 14199
1668434918752 0.875 14249
1668434932425 0.75 14299
1668434963143 0.5 14349
1668434976717 0.625 14399
1668434990392 1.0 14449
1668435004057 0.75 14499
1668435034807 0.625 14549
1668435048645 0.875 14599
1668435062348 0.75 14649
1668435076022 0.75 14699
1668435089690 0.625 14749
1668435120571 0.625 14799
1668435134200 0.75 14849
1668435147825 0.625 14899
1668435161458 0.5 14949
1668435192468 1.0 14999
1668435206072 0.875 15049
1668435219939 0.875 15099
1668435233634 0.625 15149
1668435264671 0.875 15199
1668435278508 1.0 15249
1668435292126 0.875 15299
1668435305766 0.75 15349
1668435319430 0.875 15399
1668435350754 0.75 15449
1668435364350 1.0 15499
1668435378062 0.75 15549
1668435391776 0.75 15599
1668435422416 0.625 15649
1668435436081 0.75 15699
1668435449766 0.75 15749
1668435463513 0.5 15799
1668435494532 0.625 15849
1668435508374 0.5 15899
1668435522017 0.75 15949
1668435535660 0.75 15999
1668435549306 0.375 16049
1668435579984 0.875 16099
1668435593593 0.875 16149
1668435607257 0.5 16199
1668435620941 0.75 16249
1668435651968 0.75 16299
1668435665585 1.0 16349
1668435679314 0.875 16399
1668435693086 0.75 16449
1668435723780 1.0 16499
1668435737531 0.875 16549
1668435751138 0.75 16599
1668435764766 0.875 16649
1668435778424 0.75 16699
1668435809465 0.625 16749
1668435823050 0.875 16799
1668435836703 0.5 16849
1668435850381 0.5 16899
1668435881362 0.5 16949
1668435895037 1.0 16999
1668435908683 0.75 17049
1668435922420 0.75 17099
1668435953102 0.75 17149
1668435967094 0.75 17199
1668435980734 0.75 17249
1668435994374 0.875 17299
1668436007996 0.75 17349
1668436038626 0.875 17399
1668436052207 0.75 17449
1668436065878 0.875 17499
1668436079552 0.875 17549
1668436110542 0.875 17599
1668436124249 0.875 17649
1668436138107 0.625 17699
1668436151775 0.625 17749
1668436182495 0.625 17799
1668436196547 1.0 17849
1668436210159 0.5 17899
1668436224071 0.625 17949
1668436237720 0.625 17999
1668436268883 0.5 18049
1668436282453 1.0 18099
1668436296124 0.75 18149
1668436309847 0.75 18199
1668436340683 0.75 18249
1668436354271 1.0 18299
1668436368041 0.875 18349
1668436381707 0.625 18399
1668436412608 0.625 18449
1668436426538 1.0 18499
1668436440176 0.875 18549
1668436453852 0.5 18599
1668436467523 0.625 18649
1668436498522 0.75 18699
1668436512069 0.75 18749
1668436525707 0.625 18799
1668436539433 0.5 18849
1668436570166 0.875 18899
1668436583951 0.625 18949
1668436597650 0.625 18999
1668436611305 0.75 19049
1668436641627 0.75 19099
1668436655465 0.75 19149
1668436669104 0.75 19199
1668436682797 0.625 19249
1668436696467 0.75 19299
1668436727289 0.75 19349
1668436740872 0.5 19399
1668436754510 1.0 19449
1668436768184 0.75 19499
1668436798782 0.5 19549
1668436812531 0.875 19599
1668436826243 0.75 19649
1668436839988 0.875 19699
1668436870550 0.625 19749
1668436884330 0.75 19799
1668436897989 0.5 19849
1668436911721 0.75 19899
1668436925394 0.875 19949
1668436956386 0.875 19999
1668436969947 0.875 20049
1668436983631 0.75 20099
1668436997307 0.5 20149
1668437028061 0.625 20199
1668437041779 0.625 20249
1668437055410 0.625 20299
1668437069065 1.0 20349
1668437099782 0.5 20399
1668437113676 0.875 20449
1668437127374 0.625 20499
1668437141068 0.75 20549
1668437154724 0.75 20599
1668437186025 0.75 20649
1668437199568 0.875 20699
1668437213211 0.875 20749
1668437226900 0.75 20799
1668437257356 0.75 20849
1668437271147 0.75 20899
1668437284793 0.75 20949
1668437298463 0.75 20999
1668437328812 0.625 21049
1668437342677 0.75 21099
1668437356281 0.75 21149
1668437369962 0.875 21199
1668437383649 0.75 21249
1668437414823 0.625 21299
1668437428353 0.75 21349
1668437442164 1.0 21399
1668437455937 0.625 21449
1668437486752 0.75 21499
1668437500483 0.625 21549
1668437514120 0.625 21599
1668437527800 0.625 21649
1668437541278 1.0 21699
1668437572275 0.875 21749
1668437585858 0.875 21799
1668437599556 0.75 21849
1668437613387 1.0 21899
1668437644257 0.375 21949
1668437657808 0.75 21999
1668437671502 0.75 22049
1668437685206 0.75 22099
1668437715748 0.75 22149
1668437729519 0.75 22199
1668437743172 1.0 22249
1668437756950 0.875 22299
1668437770627 0.75 22349
1668437801344 1.0 22399
1668437814994 0.75 22449
1668437828674 0.75 22499
1668437842406 0.75 22549
1668437873914 0.625 22599
1668437887480 0.75 22649
1668437901308 0.875 22699
1668437915087 0.875 22749
1668437946322 0.625 22799
1668437960126 0.875 22849
1668437973796 0.875 22899
1668437987612 0.5 22949
1668438001279 0.625 22999
1668438032308 0.875 23049
1668438045931 0.5 23099
1668438059671 0.5 23149
1668438073486 0.75 23199
1668438104738 0.75 23249
1668438118336 0.75 23299
1668438132019 0.625 23349
1668438145739 0.625 23399
1668438176685 0.625 23449
1668438190588 0.625 23499
1668438204274 0.75 23549
1668438217960 0.75 23599
1668438231633 0.875 23649
1668438263036 1.0 23699
1668438276641 0.75 23749
1668438290328 0.875 23799
1668438304093 1.0 23849
1668438335706 0.75 23899
1668438349399 0.875 23949
1668438363180 0.875 23999
1668438376902 0.875 24049
1668438407754 0.75 24099
1668438421682 0.75 24149
1668438435465 0.75 24199
1668438449163 0.625 24249
1668438462874 0.875 24299
1668438493994 0.75 24349
1668438507707 0.75 24399
1668438521470 0.5 24449
1668438535162 0.75 24499
1668438566352 0.625 24549
1668438579963 0.875 24599
1668438593659 0.875 24649
1668438607338 0.875 24699
1668438638223 0.875 24749
1668438652095 0.75 24799
1668438665734 1.0 24849
1668438679453 0.875 24899
1668438693104 1.0 24949
1668438724356 0.375 24999
1668438737940 0.875 25049
1668438751609 0.875 25099
1668438765321 0.75 25149
1668438795942 0.5 25199
1668438809552 0.875 25249
1668438823207 0.875 25299
1668438836870 0.75 25349
1668438867647 0.75 25399
1668438881418 0.875 25449
1668438895082 0.625 25499
1668438908761 0.875 25549
1668438922395 0.625 25599
1668438953514 0.75 25649
1668438967108 1.0 25699
1668438980771 0.875 25749
1668438994401 0.5 25799
1668439025056 0.75 25849
1668439038643 0.625 25899
1668439052283 0.375 25949
1668439065987 1.0 25999
1668439096688 0.5 26049
1668439110543 0.875 26099
1668439124217 0.75 26149
1668439137919 0.25 26199
1668439151564 0.625 26249
1668439182974 0.875 26299
1668439196597 0.875 26349
1668439210264 0.75 26399
1668439223909 0.625 26449
1668439254436 0.75 26499
1668439268047 0.875 26549
1668439281798 1.0 26599
1668439295460 0.75 26649
1668439326326 0.625 26699
1668439340163 0.875 26749
1668439353799 0.875 26799
1668439367485 0.75 26849
1668439381123 1.0 26899
1668439412130 0.875 26949
1668439425721 0.375 26999
1668439439367 0.875 27049
1668439453061 0.875 27099
1668439483868 0.875 27149
1668439497497 1.0 27199
1668439511196 0.875 27249
1668439524890 1.0 27299
1668439555662 0.875 27349
1668439569445 0.75 27399
1668439583272 0.875 27449
1668439596968 0.75 27499
1668439610816 0.875 27549
1668439642357 0.375 27599
1668439655994 0.5 27649
1668439669733 0.875 27699
1668439683510 0.5 27749
1668439714842 0.875 27799
1668439728450 0.75 27849
1668439742250 0.875 27899
1668439755899 0.625 27949
1668439786792 0.875 27999
1668439800631 0.625 28049
1668439814323 0.75 28099
1668439828046 0.625 28149
1668439841789 0.75 28199
1668439872705 1.0 28249
1668439886247 1.0 28299
1668439899891 0.75 28349
1668439913541 0.875 28399
1668439944218 0.625 28449
1668439957851 0.75 28499
1668439971626 0.625 28549
1668439985277 0.875 28599
1668440016051 0.75 28649
1668440029895 0.5 28699
1668440043579 0.875 28749
1668440057385 0.5 28799
1668440071067 0.5 28849
1668440101786 0.625 28899
1668440115408 0.625 28949
1668440129038 0.75 28999
1668440142716 0.625 29049
1668440173323 0.75 29099
1668440187113 0.625 29149
1668440200912 1.0 29199
1668440214668 0.5 29249
1668440245218 0.875 29299
1668440259046 0.5 29349
1668440272667 1.0 29399
1668440286314 0.875 29449
1668440299956 0.875 29499
1668440331063 1.0 29549
1668440344656 0.625 29599
1668440358405 0.875 29649
1668440372113 0.5 29699
1668440402745 0.75 29749
1668440416553 0.875 29799
1668440430220 0.5 29849
1668440443907 0.875 29899
1668440474635 0.75 29949
1668440488484 0.5 29999
1668440502174 0.75 30049
1668440515921 0.625 30099
1668440529706 0.75 30149
1668440560929 0.75 30199
1668440574476 0.875 30249
1668440588182 0.75 30299
1668440601829 0.75 30349
1668440632760 1.0 30399
1668440646672 0.5 30449
1668440660404 0.625 30499
1668440674078 0.5 30549
1668440704426 0.75 30599
1668440718216 0.75 30649
1668440731824 0.625 30699
1668440745479 0.875 30749
1668440759147 0.875 30799
1668440790212 0.875 30849
1668440803757 1.0 30899
1668440817433 0.75 30949
1668440831196 0.875 30999
1668440861863 1.0 31049
1668440875653 0.75 31099
1668440889314 0.875 31149
1668440903037 0.875 31199
1668440933851 1.0 31249
1668440947701 0.875 31299
1668440961368 0.75 31349
1668440975065 0.75 31399
1668440988747 0.5 31449
1668441019390 0.75 31499
1668441032945 0.75 31549
1668441046599 0.625 31599
1668441060256 0.75 31649
1668441091262 0.875 31699
1668441105048 0.875 31749
1668441118783 0.75 31799
1668441132433 0.625 31849
1668441162838 0.75 31899
1668441176753 0.5 31949
1668441190384 0.875 31999
1668441204071 0.5 32049
1668441217740 0.625 32099
1668441248545 0.875 32149
1668441262130 0.875 32199
1668441275794 0.875 32249
1668441289488 0.875 32299
1668441320447 0.625 32349
1668441334310 0.75 32399
1668441347947 0.875 32449
1668441361615 0.875 32499
1668441375122 1.0 32549
1668441406051 0.75 32599
1668441419677 0.625 32649
1668441433342 0.75 32699
1668441446987 0.75 32749
1668441477981 0.75 32799
1668441491551 0.5 32849
1668441505187 0.875 32899
1668441518885 0.375 32949
1668441549265 0.75 32999
1668441563018 0.75 33049
1668441576861 0.75 33099
1668441590557 0.75 33149
1668441604209 0.875 33199
1668441634881 0.875 33249
1668441648554 0.75 33299
1668441662242 0.625 33349
1668441675890 1.0 33399
1668441706844 1.0 33449
1668441720617 0.875 33499
1668441734265 0.75 33549
1668441748023 0.75 33599
1668441778827 0.875 33649
1668441792590 0.625 33699
1668441806270 0.875 33749
1668441819948 0.625 33799
1668441833601 0.5 33849
1668441864483 0.875 33899
1668441878084 0.625 33949
1668441891736 0.875 33999
1668441905410 1.0 34049
1668441936373 0.75 34099
1668441949926 0.25 34149
1668441963686 0.875 34199
1668441977359 0.875 34249
1668442008374 0.75 34299
1668442022403 0.625 34349
1668442036157 0.5 34399
1668442049846 0.75 34449
1668442063494 1.0 34499
1668442094657 0.75 34549
1668442108297 0.875 34599
1668442121934 0.5 34649
1668442135571 0.625 34699
1668442167092 0.75 34749
1668442180706 0.875 34799
1668442194546 0.75 34849
1668442208353 0.5 34899
1668442239150 0.5 34949
1668442252939 0.75 34999
1668442266617 0.5 35049
1668442280389 0.875 35099
1668442294044 0.875 35149
1668442324881 0.625 35199
1668442338528 0.75 35249
1668442352198 1.0 35299
1668442366680 1.0 35349
1668442398176 0.625 35399
1668442412038 0.875 35449
1668442425791 0.625 35499
1668442439461 0.625 35549
1668442470017 0.75 35599
1668442483897 0.375 35649
1668442497572 0.875 35699
1668442511245 0.625 35749
1668442524984 0.875 35799
1668442556141 0.875 35849
1668442570009 0.875 35899
1668442583806 0.5 35949
1668442597672 0.625 35999
1668442628995 0.75 36049
1668442642547 0.875 36099
1668442656230 0.625 36149
1668442669909 0.75 36199
1668442700743 0.75 36249
1668442714586 0.625 36299
1668442728301 0.75 36349
1668442741940 1.0 36399
1668442755592 0.75 36449
1668442786193 0.875 36499
1668442799872 1.0 36549
1668442813582 0.75 36599
1668442827324 0.75 36649
1668442858701 1.0 36699
1668442872633 0.875 36749
1668442886388 0.75 36799
1668442900105 0.75 36849
1668442931242 0.875 36899
1668442945059 0.625 36949
1668442958779 0.875 36999
1668442972467 0.75 37049
1668442986162 0.75 37099
1668443017315 0.75 37149
1668443030904 0.75 37199
1668443044560 0.375 37249
1668443058248 0.625 37299
1668443089218 0.625 37349
1668443103014 0.625 37399
1668443116706 0.875 37449
1668443130525 0.875 37499
1668443161708 0.75 37549
1668443175468 0.875 37599
1668443189178 0.875 37649
1668443202840 0.875 37699
1668443216491 0.75 37749
1668443247253 0.875 37799
1668443260818 1.0 37849
1668443274514 0.75 37899
1668443288207 1.0 37949
1668443319235 0.625 37999
1668443332968 0.875 38049
1668443346725 0.625 38099
1668443360547 0.75 38149
1668443391292 1.0 38199
1668443405179 0.875 38249
1668443418863 0.875 38299
1668443432584 0.875 38349
1668443446285 0.75 38399
1668443477329 0.875 38449
1668443490901 0.625 38499
1668443504563 0.875 38549
1668443518357 0.75 38599
1668443548854 0.875 38649
1668443562564 0.625 38699
1668443576242 0.625 38749
1668443589917 0.625 38799
1668443620490 0.875 38849
1668443634356 0.5 38899
1668443647966 0.75 38949
1668443661640 0.875 38999
1668443675293 1.0 39049
1668443706159 0.75 39099
1668443719705 0.75 39149
1668443733410 0.875 39199
1668443747085 0.625 39249
1668443778254 0.625 39299
1668443792231 0.5 39349
1668443805900 1.0 39399
1668443819591 0.75 39449
1668443850665 1.0 39499
1668443864438 0.75 39549
1668443878065 0.75 39599
1668443891753 0.875 39649
1668443905405 0.625 39699
1668443936762 0.75 39749
1668443950354 0.875 39799
1668443964056 1.0 39849
1668443977744 0.75 39899
1668444008640 0.75 39949
1668444022337 0.875 39999
1668444035990 0.625 40049
1668444049629 1.0 40099
1668444080302 0.875 40149
1668444094108 0.875 40199
1668444107733 0.625 40249
1668444121366 0.75 40299
1668444135162 0.875 40349
1668444166048 0.625 40399
1668444179607 1.0 40449
1668444193275 0.625 40499
1668444206947 0.875 40549
1668444237885 0.5 40599
1668444251587 0.75 40649
1668444265213 0.75 40699
1668444278978 0.375 40749
1668444309698 0.75 40799
1668444323524 0.875 40849
1668444337179 0.875 40899
1668444350855 0.875 40949
1668444364525 0.625 40999
1668444395306 0.625 41049
1668444408842 0.75 41099
1668444422581 1.0 41149
1668444436284 0.75 41199
1668444466956 0.75 41249
1668444480672 0.75 41299
1668444494321 0.5 41349
1668444508074 0.75 41399
1668444538576 0.625 41449
1668444552439 0.625 41499
1668444566023 0.625 41549
1668444579749 0.625 41599
1668444593419 0.625 41649
1668444624368 1.0 41699
1668444638032 0.625 41749
1668444651830 1.0 41799
1668444665525 0.625 41849
1668444696890 0.625 41899
1668444710506 0.875 41949
1668444724178 0.875 41999
1668444737873 0.5 42049
1668444768589 0.875 42099
1668444782424 0.75 42149
1668444796005 0.5 42199
1668444809706 0.625 42249
1668444823366 0.75 42299
1668444854881 0.75 42349
1668444868390 0.375 42399
1668444882045 0.875 42449
1668444895690 1.0 42499
1668444926443 0.75 42549
1668444940239 0.875 42599
1668444953927 0.625 42649
1668444967681 0.875 42699
1668444998568 1.0 42749
1668445012494 0.75 42799
1668445026076 1.0 42849
1668445039778 1.0 42899
1668445053466 0.5 42949
1668445084756 0.875 42999
1668445098459 0.625 43049
1668445112201 0.75 43099
1668445125837 0.875 43149
1668445157020 0.875 43199
1668445170713 0.75 43249
1668445184377 0.75 43299
1668445198194 0.875 43349
1668445211815 1.0 43399
1668445242940 0.875 43449
1668445256587 0.625 43499
1668445270281 0.75 43549
1668445284019 0.875 43599
1668445314685 1.0 43649
1668445328199 0.75 43699
1668445341879 0.875 43749
1668445355533 0.375 43799
1668445385848 0.875 43849
1668445399561 0.875 43899
1668445413215 0.875 43949
1668445426865 0.625 43999
1668445440534 0.75 44049
1668445471197 0.875 44099
1668445484981 0.875 44149
1668445498693 0.75 44199
1668445512346 0.875 44249
1668445543386 0.875 44299
1668445556958 0.875 44349
1668445570644 0.875 44399
1668445584324 0.75 44449
1668445615329 0.625 44499
1668445629069 0.625 44549
1668445642805 0.625 44599
1668445656667 1.0 44649
1668445670310 0.375 44699
1668445701541 0.875 44749
1668445715141 0.625 44799
1668445728769 0.5 44849
1668445742421 1.0 44899
1668445773577 0.875 44949
1668445787108 0.375 44999
1668445800771 0.75 45049
1668445814452 1.0 45099
1668445845167 0.375 45149
1668445858896 0.625 45199
1668445872598 0.625 45249
1668445886258 0.625 45299
1668445899925 0.75 45349
1668445930929 0.75 45399
1668445944527 0.875 45449
1668445958152 0.875 45499
1668445971823 0.5 45549
1668446002671 0.625 45599
1668446016272 0.625 45649
1668446030093 0.875 45699
1668446043749 0.875 45749
1668446074229 0.5 45799
1668446088089 0.875 45849
1668446101751 0.5 45899
1668446115410 0.75 45949
1668446129085 0.75 45999
1668446159967 0.625 46049
1668446173574 0.875 46099
1668446187226 1.0 46149
1668446200905 0.75 46199
1668446231695 0.75 46249
1668446245265 0.625 46299
1668446258885 1.0 46349
1668446272579 0.875 46399
1668446303105 0.75 46449
1668446316933 0.375 46499
1668446330604 0.75 46549
1668446344240 1.0 46599
1668446357991 0.75 46649
1668446389670 0.75 46699
1668446403266 1.0 46749
1668446416927 0.875 46799
1668446430604 0.875 46849
1668446461195 0.875 46899
1668446474796 0.75 46949
1668446488465 0.75 46999
1668446502133 0.75 47049
1668446532960 0.625 47099
1668446546697 0.875 47149
1668446560411 0.75 47199
1668446574171 0.875 47249
1668446587854 0.75 47299
1668446618896 0.5 47349
1668446632478 0.875 47399
1668446646207 0.75 47449
1668446659855 0.75 47499
1668446691306 0.5 47549
1668446705100 0.875 47599
1668446718788 0.5 47649
1668446732724 1.0 47699
1668446763569 0.75 47749
1668446777379 0.375 47799
1668446791020 0.375 47849
1668446804857 0.75 47899
1668446818515 0.75 47949
1668446849217 0.75 47999
1668446862907 0.625 48049
1668446876626 0.5 48099
1668446890274 0.625 48149
1668446921692 0.625 48199
1668446935431 0.375 48249
1668446949279 0.875 48299
1668446963036 0.625 48349
1668446993637 0.75 48399
1668447007609 0.75 48449
1668447021231 0.625 48499
1668447034884 0.75 48549
1668447048565 0.75 48599
1668447079558 0.75 48649
1668447093207 0.375 48699
1668447106902 0.75 48749
1668447120598 0.875 48799
1668447151594 0.75 48849
1668447165214 0.5 48899
1668447178854 0.75 48949
1668447192599 0.5 48999
1668447223236 0.75 49049
1668447237139 0.875 49099
1668447250758 0.875 49149
1668447264424 0.625 49199
1668447278188 0.75 49249
1668447309334 0.75 49299
1668447322918 1.0 49349
1668447336542 0.5 49399
1668447350259 0.125 49449
1668447381252 0.875 49499
1668447394869 0.875 49549
1668447408613 0.5 49599
1668447422301 0.75 49649
1668447452653 0.75 49699
1668447466507 1.0 49749
1668447480181 0.75 49799
1668447493932 0.75 49849
1668447507630 0.625 49899
1668447538709 0.625 49949
1668447552274 0.625 49999
1668447566067 0.625 50049
1668447579699 0.75 50099
1668447610990 0.75 50149
1668447624681 0.75 50199
1668447638593 0.75 50249
1668447652610 0.75 50299
1668447682924 0.75 50349
1668447696710 0.75 50399
1668447710406 0.375 50449
1668447724157 0.5 50499
1668447737878 0.75 50549
1668447768791 0.875 50599
1668447782435 0.875 50649
1668447796189 1.0 50699
1668447809910 0.625 50749
1668447840981 1.0 50799
1668447854772 0.75 50849
1668447868489 0.75 50899
1668447882213 0.75 50949
1668447913484 0.875 50999
1668447927363 0.75 51049
1668447941023 0.875 51099
1668447954738 0.75 51149
1668447968375 0.75 51199
1668447999007 0.75 51249
1668448012619 0.625 51299
1668448026374 0.625 51349
1668448040074 0.875 51399
1668448071228 0.625 51449
1668448084944 0.875 51499
1668448098636 1.0 51549
1668448112279 0.75 51599
1668448142749 0.875 51649
1668448156549 0.875 51699
1668448170169 0.875 51749
1668448183890 0.625 51799
1668448197620 0.875 51849
1668448228761 0.875 51899
1668448242306 0.625 51949
1668448256042 1.0 51999
1668448269799 0.875 52049
1668448300606 0.75 52099
1668448314328 0.625 52149
1668448327958 1.0 52199
1668448341615 0.75 52249
1668448372313 0.5 52299
1668448386218 0.625 52349
1668448399855 1.0 52399
1668448413498 0.625 52449
1668448427170 0.75 52499
1668448458380 0.75 52549
1668448471974 0.75 52599
1668448485653 0.875 52649
1668448499339 0.5 52699
1668448530181 0.625 52749
1668448544030 0.75 52799
1668448557787 0.875 52849
1668448571590 0.625 52899
1668448601857 0.75 52949
1668448615725 0.875 52999
1668448629319 0.75 53049
1668448643050 0.625 53099
1668448656763 0.75 53149
1668448687625 0.75 53199
1668448701169 0.75 53249
1668448714805 0.75 53299
1668448728491 0.5 53349
1668448759337 0.5 53399
1668448773113 0.75 53449
1668448786755 0.75 53499
1668448800397 0.875 53549
1668448831066 0.875 53599
1668448844916 0.875 53649
1668448858545 0.75 53699
1668448872244 0.75 53749
1668448885932 0.875 53799
1668448916875 0.875 53849
1668448930445 0.75 53899
1668448944087 1.0 53949
1668448957754 0.75 53999
1668448988572 0.75 54049
1668449002252 1.0 54099
1668449015964 0.625 54149
1668449029639 0.75 54199
1668449043208 0.5 54249
1668449073780 0.625 54299
1668449087425 0.625 54349
1668449101117 0.75 54399
1668449114837 0.875 54449
1668449146033 0.75 54499
1668449159627 0.875 54549
1668449173386 0.5 54599
1668449187075 0.625 54649
1668449218010 0.5 54699
1668449231820 0.625 54749
1668449245479 0.5 54799
1668449259104 0.875 54849
1668449272744 0.875 54899
1668449303567 0.75 54949
1668449317162 0.75 54999
1668449330872 1.0 55049
1668449344576 0.625 55099
1668449375668 0.75 55149
1668449389214 0.5 55199
1668449402846 0.875 55249
1668449416488 0.75 55299
1668449447186 0.75 55349
1668449460969 0.875 55399
1668449474618 0.625 55449
1668449488278 0.625 55499
1668449501942 1.0 55549
1668449532488 0.875 55599
1668449546141 0.625 55649
1668449559925 0.875 55699
1668449573664 0.875 55749
1668449604749 0.875 55799
1668449618339 0.875 55849
1668449632014 0.75 55899
1668449645687 0.375 55949
1668449676580 0.875 55999
1668449690446 0.75 56049
1668449704103 0.75 56099
1668449717782 0.75 56149
1668449731435 0.625 56199
1668449761881 0.875 56249
1668449775479 0.75 56299
1668449789112 0.75 56349
1668449802743 0.75 56399
1668449833831 0.875 56449
1668449847444 0.875 56499
1668449861094 0.625 56549
1668449874725 1.0 56599
1668449905429 0.75 56649
1668449919338 0.625 56699
1668449932998 0.875 56749
1668449946837 0.75 56799
1668449960569 0.75 56849
1668449991405 0.875 56899
1668450004982 0.75 56949
1668450018626 1.0 56999
1668450032316 1.0 57049
1668450063283 0.625 57099
1668450076831 0.75 57149
1668450090478 0.75 57199
1668450104173 0.75 57249
1668450135051 0.75 57299
1668450148996 0.25 57349
1668450162638 0.5 57399
1668450176442 1.0 57449
1668450190205 0.625 57499
1668450221321 0.875 57549
1668450234894 0.5 57599
1668450248551 0.875 57649
1668450262206 0.75 57699
1668450293071 0.625 57749
1668450306671 0.75 57799
1668450320326 0.75 57849
1668450334073 0.875 57899
1668450364781 0.875 57949
1668450378656 0.625 57999
1668450392278 0.75 58049
1668450405920 0.875 58099
1668450419704 0.625 58149
1668450450690 0.625 58199
1668450464313 1.0 58249
1668450478010 0.875 58299
1668450491685 0.625 58349
1668450522331 0.75 58399
1668450536056 0.75 58449
1668450549692 0.625 58499
1668450563347 0.75 58549
1668450594234 0.75 58599
1668450608014 0.875 58649
1668450621618 0.75 58699
1668450635268 0.875 58749
1668450648962 0.625 58799
1668450679509 0.75 58849
1668450693103 0.375 58899
1668450706764 1.0 58949
1668450720459 0.75 58999
1668450751421 0.75 59049
1668450764947 0.75 59099
1668450778572 0.75 59149
1668450792278 1.0 59199
1668450823077 0.75 59249
1668450836940 0.875 59299
1668450850627 1.0 59349
1668450864270 0.5 59399
1668450877982 0.625 59449
1668450908820 0.75 59499
1668450922567 1.0 59549
1668450936243 0.875 59599
1668450949875 0.75 59649
1668450980680 0.5 59699
1668450994260 0.625 59749
1668451007903 0.75 59799
1668451021552 1.0 59849
1668451052343 0.875 59899
1668451066173 1.0 59949
1668451079805 0.875 59999
1668451093631 0.75 60049
1668451107322 0.25 60099
1668451138420 0.625 60149
1668451152046 0.625 60199
1668451165793 0.625 60249
1668451179498 0.625 60299
1668451210098 0.875 60349
1668451223834 0.5 60399
1668451237519 0.375 60449
1668451251321 0.875 60499
1668451282076 0.75 60549
1668451295961 0.875 60599
1668451309780 0.75 60649
1668451323492 0.75 60699
1668451337120 1.0 60749
1668451367828 0.625 60799
1668451381574 0.75 60849
1668451395274 0.625 60899
1668451409000 0.875 60949
1668451439964 1.0 60999
1668451453648 0.75 61049
1668451467308 1.0 61099
1668451480926 0.875 61149
1668451511471 0.875 61199
1668451525288 0.625 61249
1668451538959 0.875 61299
1668451552654 0.875 61349
1668451566325 0.875 61399
1668451596959 0.75 61449
1668451610511 0.75 61499
1668451624154 0.75 61549
1668451637821 0.625 61599
1668451668294 0.75 61649
1668451681926 0.75 61699
1668451695632 0.625 61749
1668451709382 0.75 61799
1668451740283 0.625 61849
1668451754103 0.875 61899
1668451767731 0.875 61949
1668451781494 0.625 61999
1668451795146 0.875 62049
1668451826321 0.75 62099
1668451839868 0.75 62149
1668451853518 0.5 62199
1668451867412 1.0 62249
1668451898540 0.625 62299
1668451912279 0.625 62349
1668451926017 0.875 62399
1668451939765 0.75 62449
1668451970855 0.75 62499
1668451984691 0.875 62549
1668451998297 0.625 62599
1668452011979 0.5 62649
1668452025620 0.5 62699
1668452056649 0.375 62749
1668452070210 0.875 62799
1668452083905 0.875 62849
1668452097699 0.375 62899
1668452128823 0.625 62949
1668452142438 0.875 62999
1668452156079 0.75 63049
1668452169802 0.75 63099
1668452200057 0.375 63149
1668452213959 1.0 63199
1668452227669 0.625 63249
1668452241405 0.75 63299
1668452255060 0.75 63349
1668452285905 0.75 63399
1668452299468 0.75 63449
1668452313202 0.75 63499
1668452326922 0.5 63549
1668452357756 0.75 63599
1668452371630 0.75 63649
1668452385374 0.625 63699
1668452399038 0.875 63749
1668452430013 0.875 63799
1668452443841 0.875 63849
1668452457426 0.75 63899
1668452471082 0.75 63949
1668452484906 0.875 63999
1668452516133 0.75 64049
1668452529689 1.0 64099
1668452543450 0.875 64149
1668452557226 0.875 64199
1668452588188 1.0 64249
1668452601921 0.875 64299
1668452615681 1.0 64349
1668452629553 0.5 64399
1668452659988 0.5 64449
1668452673812 0.75 64499
1668452687456 0.625 64549
1668452701113 0.75 64599
1668452714750 0.375 64649
1668452745473 0.875 64699
1668452759028 0.75 64749
1668452772698 0.625 64799
1668452786361 0.75 64849
1668452817188 0.75 64899
1668452831004 1.0 64949
1668452844618 0.75 64999
1668452858246 0.625 65049
1668452871705 1.0 65099
