1668429986378 0.3712193965911865 216
1668430062110 0.37810906767845154 433
1668430138165 0.4036705791950226 650
1668430214991 0.4206565320491791 867
1668430291557 0.4402986466884613 1084
1668430367491 0.46150702238082886 1301
1668430443812 0.4855298697948456 1518
1668430519826 0.49223506450653076 1735
1668430596536 0.4979947805404663 1952
1668430672981 0.5146820545196533 2169
1668430749424 0.517225444316864 2386
1668430825661 0.5108863115310669 2603
1668430902298 0.5282851457595825 2820
1668430978479 0.49286121129989624 3037
1668431055096 0.5416377782821655 3254
1668431131275 0.5150673985481262 3471
1668431207137 0.5326107740402222 3688
1668431283360 0.5482823848724365 3905
1668431359780 0.5346022844314575 4122
1668431436248 0.5540558099746704 4339
1668431512734 0.5381117463111877 4556
1668431588660 0.5283718109130859 4773
1668431664847 0.5465455651283264 4990
1668431741155 0.5364161729812622 5207
1668431817272 0.5527552366256714 5424
1668431894156 0.5433525443077087 5641
1668431970773 0.5349903106689453 5858
1668432047161 0.5400192141532898 6075
1668432123386 0.5469364523887634 6292
1668432199810 0.5481021404266357 6509
1668432276457 0.5516185164451599 6726
1668432352636 0.5514891147613525 6943
1668432428888 0.5506743788719177 7160
1668432505447 0.5474373698234558 7377
1668432581907 0.531502902507782 7594
1668432658463 0.5605202317237854 7811
1668432734853 0.5459248423576355 8028
1668432811233 0.564123272895813 8245
1668432887854 0.5337957143783569 8462
1668432964268 0.5395182371139526 8679
1668433040354 0.5571290254592896 8896
1668433116398 0.5536801218986511 9113
1668433192888 0.5621772408485413 9330
1668433269615 0.5473410487174988 9547
1668433345963 0.5369749069213867 9764
1668433422242 0.5487475991249084 9981
1668433498480 0.5515413880348206 10198
1668433575002 0.5563583374023438 10415
1668433651218 0.5537517070770264 10632
1668433727437 0.558978796005249 10849
1668433803909 0.5504967570304871 11066
1668433880436 0.5450481176376343 11283
1668433956987 0.5472061634063721 11500
1668434033659 0.5516955852508545 11717
1668434110264 0.5585452914237976 11934
1668434187177 0.5422350764274597 12151
1668434263775 0.5426204204559326 12368
1668434340465 0.567225456237793 12585
1668434416935 0.5566858649253845 12802
1668434493934 0.5495567917823792 13019
1668434570789 0.5446049571037292 13236
1668434647167 0.5563583374023438 13453
1668434723380 0.5530208945274353 13670
1668434799959 0.5284585356712341 13887
1668434876914 0.5585741400718689 14104
1668434953360 0.5392622947692871 14321
1668435029788 0.5443351864814758 14538
1668435106408 0.5591714382171631 14755
1668435182854 0.545086681842804 14972
1668435259948 0.5472446084022522 15189
1668435336620 0.560346782207489 15406
1668435413208 0.5550922155380249 15623
1668435490058 0.5478226542472839 15840
1668435566332 0.5522350072860718 16057
1668435643006 0.5478034615516663 16274
1668435719484 0.5471071004867554 16491
1668435796152 0.5578227043151855 16708
1668435872595 0.5577263832092285 16925
1668435949194 0.5496916770935059 17142
1668436025572 0.5451059937477112 17359
1668436102081 0.5460500717163086 17576
1668436178820 0.5555683374404907 17793
1668436255854 0.5536512136459351 18010
1668436332423 0.5473382472991943 18227
1668436409198 0.5487090349197388 18444
1668436485749 0.5532177090644836 18661
1668436562286 0.5406358242034912 18878
1668436638548 0.5384007096290588 19095
1668436714898 0.5619075298309326 19312
1668436791250 0.5678804516792297 19529
1668436867706 0.5511752963066101 19746
1668436944251 0.5724276900291443 19963
1668437020697 0.5392870306968689 20180
1668437097181 0.5670519471168518 20397
1668437174261 0.5662620067596436 20614
1668437250349 0.560019314289093 20831
1668437326509 0.5470520257949829 21048
1668437403268 0.5519845485687256 21265
1668437480022 0.5429286360740662 21482
1668437556450 0.5478998422622681 21699
1668437632945 0.5553894639015198 21916
1668437709377 0.5569363832473755 22133
1668437785757 0.5582851767539978 22350
1668437862856 0.5506165623664856 22567
1668437940055 0.5373795628547668 22784
1668438017080 0.5449022650718689 23001
1668438093909 0.5528516173362732 23218
1668438170734 0.5477648973464966 23435
1668438247916 0.5542609095573425 23652
1668438325228 0.5511945486068726 23869
1668438402109 0.5465895533561707 24086
1668438479143 0.5491907596588135 24303
1668438556186 0.5547783970832825 24520
1668438632904 0.5629864931106567 24737
1668438709753 0.5664932727813721 24954
1668438786093 0.5495760440826416 25171
1668438862583 0.5639498829841614 25388
1668438939206 0.5564354062080383 25605
1668439015509 0.5431984066963196 25822
1668439091900 0.5553178787231445 26039
1668439168948 0.5406550765037537 26256
1668439245161 0.5528268218040466 26473
1668439321851 0.552306592464447 26690
1668439398349 0.5600770115852356 26907
1668439474904 0.5424566268920898 27124
1668439551468 0.536300539970398 27341
1668439628718 0.5596724152565002 27558
1668439706009 0.5337187051773071 27775
1668439782847 0.5341233015060425 27992
1668439859556 0.5462427139282227 28209
1668439935810 0.5592100024223328 28426
1668440012363 0.5664161443710327 28643
1668440088869 0.5454527139663696 28860
1668440165183 0.5399036407470703 29077
1668440241782 0.5634006857872009 29294
1668440318355 0.5458188652992249 29511
1668440394902 0.5494411587715149 29728
1668440471518 0.5545760989189148 29945
1668440548548 0.5669556856155396 30162
1668440625179 0.5519652962684631 30379
1668440701548 0.5634874701499939 30596
1668440778144 0.5663776397705078 30813
1668440854644 0.5585741400718689 31030
1668440931245 0.5632369518280029 31247
1668441007543 0.5392485857009888 31464
1668441084203 0.5393393635749817 31681
1668441160497 0.5344315767288208 31898
1668441237040 0.5642003417015076 32115
1668441313709 0.5545664429664612 32332
1668441390228 0.5774373412132263 32549
1668441466727 0.5526782274246216 32766
1668441542813 0.5494797229766846 32983
1668441619250 0.5596724152565002 33200
1668441695789 0.5550481081008911 33417
1668441772731 0.544161856174469 33634
1668441849256 0.5569556355476379 33851
1668441925569 0.5456454753875732 34068
1668442002425 0.5547013282775879 34285
1668442079563 0.5534296631813049 34502
1668442156620 0.5619075298309326 34719
1668442233624 0.5513775944709778 34936
1668442310010 0.5523451566696167 35153
1668442387830 0.5551390051841736 35370
1668442464709 0.5441811084747314 35587
1668442541612 0.5482466220855713 35804
1668442619155 0.550096333026886 36021
1668442695694 0.55339115858078 36238
1668442772064 0.5329287052154541 36455
1668442849088 0.5535356402397156 36672
1668442926513 0.5579191446304321 36889
1668443003103 0.5470327138900757 37106
1668443079978 0.5556743741035461 37323
1668443157224 0.5523809194564819 37540
1668443233516 0.5401251912117004 37757
1668443310048 0.562157928943634 37974
1668443387047 0.5631213784217834 38191
1668443463875 0.5658573508262634 38408
1668443540187 0.5584104061126709 38625
1668443616572 0.5602119565010071 38842
1668443693037 0.5531406402587891 39059
1668443769851 0.5381695032119751 39276
1668443847037 0.5478227138519287 39493
1668443923869 0.5586677193641663 39710
1668444000565 0.5624083876609802 39927
1668444076905 0.5639113783836365 40144
1668444153577 0.5479961633682251 40361
1668444230048 0.5637709498405457 40578
1668444306583 0.5416377186775208 40795
1668444382961 0.5653563737869263 41012
1668444459452 0.5627937316894531 41229
1668444535726 0.5553179383277893 41446
1668444612313 0.555337131023407 41663
1668444689339 0.5512139201164246 41880
1668444765995 0.5544701218605042 42097
1668444843087 0.5406840443611145 42314
1668444919437 0.5545278787612915 42531
1668444996255 0.554315984249115 42748
1668445073017 0.5562868118286133 42965
1668445150153 0.5536030530929565 43182
1668445226913 0.5504431128501892 43399
1668445303392 0.5477455854415894 43616
1668445379467 0.5459537506103516 43833
1668445455660 0.5506605505943298 44050
1668445532344 0.5625075101852417 44267
1668445609205 0.5516955256462097 44484
1668445686148 0.5386127233505249 44701
1668445762628 0.5427456498146057 44918
1668445839197 0.5520808696746826 45135
1668445915904 0.547591507434845 45352
1668445992274 0.5524277091026306 45569
1668446068669 0.5516473650932312 45786
1668446145264 0.5436223149299622 46003
1668446221548 0.5470327138900757 46220
1668446297794 0.5609633326530457 46437
1668446374737 0.556776762008667 46654
1668446451266 0.5343737006187439 46871
1668446527854 0.5608091950416565 47088
1668446604638 0.5561850070953369 47305
1668446681663 0.5569363832473755 47522
1668446758864 0.5468208193778992 47739
1668446835188 0.5505973100662231 47956
1668446912300 0.5433333516120911 48173
1668446989013 0.5398843884468079 48390
1668447065751 0.5640462040901184 48607
1668447142557 0.5690558552742004 48824
1668447219066 0.5576107501983643 49041
1668447295929 0.5433525443077087 49258
1668447372482 0.546570360660553 49475
1668447448694 0.5433911085128784 49692
1668447525562 0.5608477592468262 49909
1668447602242 0.5570423603057861 50126
1668447679263 0.5446242690086365 50343
1668447755928 0.5575529336929321 50560
1668447832847 0.545626163482666 50777
1668447910082 0.5619267225265503 50994
1668447986413 0.5523698329925537 51211
1668448063315 0.5401540994644165 51428
1668448139461 0.5528708696365356 51645
1668448216416 0.5500385165214539 51862
1668448293066 0.5612139105796814 52079
1668448369527 0.5474566221237183 52296
1668448446246 0.5597302317619324 52513
1668448522940 0.569614589214325 52730
1668448599313 0.5306743383407593 52947
1668448675830 0.554893970489502 53164
1668448752342 0.5591521859169006 53381
1668448828716 0.5623699426651001 53598
1668448905270 0.5510693192481995 53815
1668448981772 0.5605670809745789 54032
1668449057925 0.5519267320632935 54249
1668449134755 0.5368593335151672 54466
1668449211577 0.5338796973228455 54683
1668449288065 0.552859902381897 54900
1668449364691 0.5567244291305542 55117
1668449441088 0.5507128834724426 55334
1668449517230 0.5546242594718933 55551
1668449594002 0.5551059246063232 55768
1668449670718 0.5413487553596497 55985
1668449746799 0.5618304014205933 56202
1668449823327 0.5514835715293884 56419
1668449899871 0.5524373650550842 56636
1668449976659 0.5340462327003479 56853
1668450053085 0.5563775897026062 57070
1668450129794 0.5662235021591187 57287
1668450206756 0.5622062087059021 57504
1668450283278 0.5650673508644104 57721
1668450359799 0.561092734336853 57938
1668450436424 0.5476492643356323 58155
1668450512937 0.5443544983863831 58372
1668450589501 0.5534571409225464 58589
1668450665572 0.5604239106178284 58806
1668450742130 0.542543351650238 59023
1668450818618 0.5500770807266235 59240
1668450895169 0.5524855852127075 59457
1668450971707 0.5689017176628113 59674
1668451048092 0.5530250668525696 59891
1668451125002 0.565356433391571 60108
1668451201408 0.5470327138900757 60325
1668451278135 0.5538535118103027 60542
1668451354584 0.5580828785896301 60759
1668451431439 0.5591907501220703 60976
1668451507738 0.5591329336166382 61193
1668451584050 0.5594412684440613 61410
1668451660145 0.5470134615898132 61627
1668451736860 0.5538920760154724 61844
1668451813719 0.5568042397499084 62061
1668451890788 0.5529094338417053 62278
1668451967741 0.5567162036895752 62495
1668452044280 0.56059730052948 62712
1668452121168 0.5564353466033936 62929
1668452197223 0.5419363975524902 63146
1668452273539 0.5613102316856384 63363
1668452350394 0.5476300120353699 63580
1668452427396 0.5573217272758484 63797
1668452504163 0.5379382967948914 64014
1668452581247 0.5366116166114807 64231
1668452657708 0.5644893646240234 64448
1668452734011 0.5500192046165466 64665
1668452810496 0.5463969111442566 64882
1668452886609 0.5452022552490234 65099
