1669850732335 21.0 216
1669850807536 74.75 433
1669850883675 188.5 650
1669850959254 177.25 867
1669851035556 174.0 1084
1669851111620 190.75 1301
1669851187687 187.75 1518
1669851263269 216.25 1735
1669851339353 204.0 1952
1669851415257 163.5 2169
1669851491381 214.5 2386
1669851567314 207.75 2603
1669851643407 194.0 2820
1669851719379 204.25 3037
1669851795212 202.75 3254
1669851870886 192.0 3471
1669851947015 201.5 3688
1669852022935 202.0 3905
1669852098986 178.5 4122
1669852174917 206.25 4339
1669852250737 195.25 4556
1669852326554 115.0 4773
1669852402183 180.5 4990
1669852478187 100.25 5207
1669852554024 204.5 5424
1669852629802 185.75 5641
1669852705562 103.25 5858
1669852781639 204.75 6075
1669852857913 136.0 6292
1669852933585 177.5 6509
1669853009375 206.75 6726
1669853085245 188.0 6943
1669853161223 198.5 7160
1669853236876 190.25 7377
1669853313095 208.5 7594
1669853389041 198.5 7811
1669853464692 188.0 8028
1669853540735 208.25 8245
1669853616602 199.75 8462
1669853692757 208.5 8679
1669853768559 213.25 8896
1669853844496 202.5 9113
1669853920307 214.25 9330
1669853996492 211.5 9547
1669854072080 205.0 9764
1669854148271 210.5 9981
1669854224012 205.25 10198
1669854299992 205.0 10415
1669854376394 210.5 10632
1669854452405 208.0 10849
1669854528211 211.75 11066
1669854604350 202.25 11283
1669854680347 205.0 11500
1669854756299 213.25 11717
1669854832330 212.0 11934
1669854908137 211.5 12151
1669854984028 214.5 12368
1669855060340 215.25 12585
1669855136814 210.25 12802
1669855212740 213.75 13019
1669855289028 215.25 13236
1669855365222 213.75 13453
1669855441593 209.75 13670
1669855518002 214.75 13887
1669855593990 207.75 14104
1669855670382 202.25 14321
1669855746299 209.0 14538
1669855822457 215.75 14755
1669855898987 205.25 14972
1669855975367 213.75 15189
1669856051465 209.0 15406
1669856127459 213.75 15623
1669856204259 212.0 15840
1669856280326 202.5 16057
1669856356494 212.0 16274
1669856432338 212.5 16491
1669856508925 212.0 16708
1669856585190 207.0 16925
1669856660846 208.5 17142
1669856737062 213.0 17359
1669856812942 214.25 17576
1669856889572 216.25 17793
1669856965439 216.5 18010
1669857041551 215.5 18227
1669857117794 215.75 18444
1669857193890 209.75 18661
1669857270287 212.25 18878
1669857346281 215.25 19095
1669857422950 212.0 19312
1669857498745 212.75 19529
1669857575060 215.0 19746
1669857651265 214.5 19963
1669857728049 214.25 20180
1669857804695 213.75 20397
1669857881988 214.5 20614
1669857959336 210.0 20831
1669858036812 213.5 21048
1669858114173 207.25 21265
1669858191022 213.75 21482
1669858268675 207.0 21699
1669858345935 209.25 21916
1669858421986 211.0 22133
1669858498141 214.0 22350
1669858575627 210.25 22567
1669858652562 210.25 22784
1669858728430 209.5 23001
1669858804856 212.75 23218
1669858881049 211.75 23435
1669858957262 211.0 23652
1669859033676 213.25 23869
1669859110029 211.75 24086
1669859186382 214.5 24303
1669859262655 213.25 24520
1669859338767 214.5 24737
1669859415567 207.75 24954
1669859491751 212.5 25171
1669859568535 213.25 25388
1669859644651 213.5 25605
1669859720605 214.75 25822
1669859797155 211.5 26039
1669859873362 213.75 26256
1669859949236 212.0 26473
1669860025706 213.0 26690
1669860101688 211.75 26907
1669860178149 215.0 27124
1669860254653 210.5 27341
1669860330984 212.75 27558
1669860407108 212.5 27775
1669860483228 213.5 27992
1669860559431 209.0 28209
1669860635763 214.25 28426
1669860712070 211.25 28643
1669860787994 214.5 28860
1669860864327 214.75 29077
1669860940697 214.5 29294
1669861017151 212.75 29511
1669861093248 214.0 29728
1669861169327 210.5 29945
1669861321789 216.25 30162
1669861398055 214.0 30379
1669861474457 211.75 30596
1669861550469 210.25 30813
1669861626781 213.75 31030
1669861702784 214.0 31247
1669861779593 215.5 31464
1669861855386 214.25 31681
1669861931736 213.5 31898
1669862007693 215.75 32115
1669862083913 214.5 32332
1669862160276 215.5 32549
1669862236426 214.5 32766
1669862312938 214.25 32983
1669862389126 214.0 33200
1669862465473 215.25 33417
1669862541369 210.25 33634
1669862618789 213.5 33851
1669862694541 214.25 34068
1669862771152 213.5 34285
1669862847126 215.5 34502
1669862923584 213.25 34719
1669862999867 214.25 34936
1669863076104 207.5 35153
1669863152188 211.5 35370
1669863228156 212.0 35587
1669863305100 213.5 35804
1669863381034 213.5 36021
1669863457136 213.25 36238
1669863533515 214.0 36455
1669863609760 209.5 36672
1669863686456 211.0 36889
1669863762598 214.75 37106
1669863839005 209.25 37323
1669863914938 212.0 37540
1669863991610 212.0 37757
1669864067559 214.5 37974
1669864143687 210.0 38191
1669864219908 215.0 38408
1669864296779 211.0 38625
1669864372879 213.5 38842
1669864449484 211.0 39059
1669864526286 210.25 39276
1669864602458 207.75 39493
1669864678524 205.5 39710
1669864754969 210.75 39927
1669864831075 210.75 40144
1669864907162 200.25 40361
1669864983493 207.0 40578
1669865059898 212.0 40795
1669865135924 213.5 41012
1669865212149 211.25 41229
1669865288159 209.25 41446
1669865364439 212.0 41663
1669865440420 207.5 41880
1669865516637 209.5 42097
1669865592902 212.5 42314
1669865669554 210.5 42531
1669865746071 210.75 42748
1669865822515 209.5 42965
1669865898927 209.0 43182
1669865975063 211.5 43399
1669866051166 215.25 43616
1669866127011 212.5 43833
1669866203245 210.75 44050
1669866279166 213.75 44267
1669866355384 214.0 44484
1669866431392 212.0 44701
1669866507391 213.25 44918
1669866583854 209.0 45135
1669866660217 205.0 45352
1669866736859 214.5 45569
1669866813060 215.25 45786
1669866889822 213.0 46003
1669866966119 214.25 46220
1669867042359 215.25 46437
1669867118478 214.75 46654
1669867194969 214.5 46871
1669867271439 212.0 47088
1669867347341 212.25 47305
1669867423725 214.75 47522
1669867499940 214.75 47739
1669867577153 209.0 47956
1669867653179 212.75 48173
1669867729642 213.0 48390
1669867805915 212.25 48607
1669867882132 212.75 48824
1669867958541 207.5 49041
1669868034839 211.0 49258
1669868111113 214.75 49475
1669868187518 208.5 49692
1669868263740 213.0 49909
1669868340164 204.25 50126
1669868416310 209.75 50343
1669868492851 213.5 50560
1669868569211 212.5 50777
1669868645514 210.25 50994
1669868721659 212.5 51211
1669868797714 211.5 51428
1669868874268 214.75 51645
1669868950453 213.0 51862
1669869026833 214.5 52079
1669869103209 213.75 52296
1669869179268 213.5 52513
1669869255446 215.75 52730
1669869331779 215.25 52947
1669869408418 215.0 53164
1669869484424 214.25 53381
1669869560983 213.25 53598
1669869637478 207.25 53815
1669869713416 212.25 54032
1669869789652 211.0 54249
1669869865496 213.25 54466
1669869942157 211.25 54683
1669870018873 211.25 54900
1669870095212 214.75 55117
1669870171192 211.0 55334
1669870247772 205.25 55551
1669870324195 207.75 55768
1669870399974 214.5 55985
1669870476723 205.75 56202
1669870552908 213.25 56419
1669870629529 208.0 56636
1669870706242 206.5 56853
1669870782279 206.75 57070
1669870858209 212.25 57287
1669870934356 206.75 57504
1669871010586 207.5 57721
1669871086725 214.0 57938
1669871162852 210.5 58155
1669871239101 205.0 58372
1669871315732 206.0 58589
1669871391931 207.25 58806
1669871468399 204.25 59023
1669871544902 205.5 59240
1669871620967 211.0 59457
1669871697258 212.25 59674
1669871774079 211.0 59891
1669871850588 212.0 60108
1669871926839 213.25 60325
1669872002895 203.75 60542
1669872079132 207.25 60759
1669872154988 203.25 60976
1669872231633 211.5 61193
1669872307868 209.0 61410
1669872384398 209.5 61627
1669872460630 208.75 61844
1669872537116 212.0 62061
1669872613228 209.0 62278
1669872689302 200.25 62495
1669872765726 201.75 62712
1669872841883 205.75 62929
1669872918110 210.5 63146
1669872994140 199.5 63363
1669873070489 207.5 63580
1669873146847 203.0 63797
1669873223226 203.25 64014
1669873299693 199.0 64231
1669873376052 205.0 64448
1669873452708 204.0 64665
1669873528899 212.75 64882
1669873605267 208.25 65099
