1669850736975 0.2868978977203369 216
1669850812364 0.2862730920314789 433
1669850888518 0.28994911909103394 650
1669850964115 0.288409024477005 867
1669851040404 0.2885466516017914 1084
1669851116417 0.28917697072029114 1301
1669851192540 0.28182217478752136 1518
1669851268122 0.28741949796676636 1735
1669851344186 0.2756344974040985 1952
1669851420140 0.2866515517234802 2169
1669851496355 0.28897058963775635 2386
1669851572150 0.2846876084804535 2603
1669851648225 0.28854116797447205 2820
1669851724246 0.28793424367904663 3037
1669851799926 0.2871497571468353 3254
1669851875789 0.2894454300403595 3471
1669851951826 0.28306224942207336 3688
1669852027944 0.28160062432289124 3905
1669852103863 0.28478941321372986 4122
1669852179801 0.29022297263145447 4339
1669852255469 0.289423406124115 4556
1669852331401 0.27872422337532043 4773
1669852407108 0.2804115414619446 4990
1669852483102 0.27812421321868896 5207
1669852558903 0.28468620777130127 5424
1669852634662 0.2835012674331665 5641
1669852710396 0.2959785461425781 5858
1669852786491 0.28559595346450806 6075
1669852862856 0.2874608039855957 6292
1669852938436 0.2813267111778259 6509
1669853014287 0.2819240391254425 6726
1669853090047 0.28913983702659607 6943
1669853166221 0.2861161530017853 7160
1669853241964 0.2779906392097473 7377
1669853317985 0.2867148518562317 7594
1669853393893 0.28617674112319946 7811
1669853469609 0.2867451310157776 8028
1669853545585 0.285663366317749 8245
1669853621449 0.29119184613227844 8462
1669853697604 0.280507892370224 8679
1669853773381 0.2944343686103821 8896
1669853849380 0.279702752828598 9113
1669853925162 0.28059181571006775 9330
1669854001307 0.2863638997077942 9547
1669854076945 0.28183045983314514 9764
1669854153066 0.29399123787879944 9981
1669854228941 0.2782548666000366 10198
1669854304820 0.29336780309677124 10415
1669854381266 0.28857144713401794 10632
1669854457311 0.28619736433029175 10849
1669854533095 0.2909868061542511 11066
1669854609375 0.28607210516929626 11283
1669854685106 0.28793424367904663 11500
1669854761124 0.2850096523761749 11717
1669854837225 0.294232040643692 11934
1669854912892 0.28496700525283813 12151
1669854989273 0.28234928846359253 12368
1669855065275 0.2868318259716034 12585
1669855141715 0.29549410939216614 12802
1669855217705 0.2891797721385956 13019
1669855293935 0.2957775890827179 13236
1669855370205 0.28920862078666687 13453
1669855446427 0.2884998917579651 13670
1669855522805 0.28537577390670776 13887
1669855598766 0.29051196575164795 14104
1669855675274 0.28759291768074036 14321
1669855751297 0.2926589548587799 14538
1669855827317 0.289613276720047 14755
1669855903831 0.29033997654914856 14972
1669855980246 0.28939858078956604 15189
1669856056272 0.29032209515571594 15406
1669856132341 0.292447030544281 15623
1669856209129 0.28672173619270325 15840
1669856285236 0.28855910897254944 16057
1669856361399 0.29106250405311584 16274
1669856437310 0.29131847620010376 16491
1669856513820 0.29605013132095337 16708
1669856589965 0.2965056598186493 16925
1669856665745 0.2907170355319977 17142
1669856741843 0.2946876585483551 17359
1669856817861 0.2967919111251831 17576
1669856894467 0.2867588698863983 17793
1669856970277 0.2900812327861786 18010
1669857046443 0.29355496168136597 18227
1669857122683 0.29200664162635803 18444
1669857198666 0.2915635406970978 18661
1669857275137 0.29026567935943604 18878
1669857351234 0.29604455828666687 19095
1669857427876 0.28828656673431396 19312
1669857503678 0.2891935110092163 19529
1669857579911 0.2848665416240692 19746
1669857656334 0.2870355248451233 19963
1669857733030 0.2914464771747589 20180
1669857809654 0.28666940331459045 20397
1669857887100 0.2875598967075348 20614
1669857964341 0.2838742434978485 20831
1669858041851 0.2878805100917816 21048
1669858119092 0.296614408493042 21265
1669858196013 0.293086975812912 21482
1669858273567 0.29496973752975464 21699
1669858350769 0.2927154302597046 21916
1669858426847 0.2960694134235382 22133
1669858503180 0.293270081281662 22350
1669858580616 0.29480046033859253 22567
1669858657461 0.2962386906147003 22784
1669858733225 0.2896573543548584 23001
1669858809845 0.2910514771938324 23218
1669858885886 0.2992113530635834 23435
1669858962227 0.29003989696502686 23652
1669859038547 0.2875557839870453 23869
1669859114815 0.29205480217933655 24086
1669859191255 0.29530972242355347 24303
1669859267545 0.28710711002349854 24520
1669859343710 0.29627859592437744 24737
1669859420440 0.2885687053203583 24954
1669859496734 0.28699010610580444 25171
1669859573358 0.2909125089645386 25388
1669859649516 0.28884947299957275 25605
1669859725550 0.296120285987854 25822
1669859802054 0.2963074743747711 26039
1669859878222 0.2973892092704773 26256
1669859954086 0.2941013276576996 26473
1669860030556 0.2881750464439392 26690
1669860106542 0.29757773876190186 26907
1669860183110 0.2952463924884796 27124
1669860259610 0.30071020126342773 27341
1669860335822 0.292047917842865 27558
1669860411992 0.291354238986969 27775
1669860488067 0.29650840163230896 27992
1669860564335 0.29388105869293213 28209
1669860640558 0.2885728180408478 28426
1669860716891 0.29378750920295715 28643
1669860792870 0.2909923195838928 28860
1669860869201 0.2968043088912964 29077
1669860945661 0.2919088900089264 29294
1669861022087 0.2908133566379547 29511
1669861098115 0.30124419927597046 29728
1669861174270 0.2885274291038513 29945
1669861326674 0.30258193612098694 30162
1669861402965 0.2982204854488373 30379
1669861479396 0.2949160635471344 30596
1669861555335 0.29040461778640747 30813
1669861631630 0.29430636763572693 31030
1669861707941 0.2926452159881592 31247
1669861784459 0.2927897274494171 31464
1669861860212 0.29061242938041687 31681
1669861936536 0.29837462306022644 31898
1669862012699 0.2907446324825287 32115
1669862088688 0.2894797921180725 32332
1669862165133 0.2961023449897766 32549
1669862241327 0.3032934367656708 32766
1669862317732 0.2936718761920929 32983
1669862393930 0.304031103849411 33200
1669862470391 0.2948802709579468 33417
1669862546253 0.29956233501434326 33634
1669862623649 0.29709193110466003 33851
1669862699407 0.29491743445396423 34068
1669862776056 0.2907651960849762 34285
1669862851974 0.28589460253715515 34502
1669862928495 0.2961505651473999 34719
1669863004868 0.2970094084739685 34936
1669863080905 0.30005785822868347 35153
1669863157069 0.2951776087284088 35370
1669863233013 0.2857156991958618 35587
1669863309968 0.29268375039100647 35804
1669863385919 0.2970781922340393 36021
1669863462009 0.29573360085487366 36238
1669863538564 0.3008408844470978 36455
1669863614570 0.29502755403518677 36672
1669863691407 0.29496973752975464 36889
1669863767466 0.30030691623687744 37106
1669863843867 0.2962166666984558 37323
1669863919795 0.3004046678543091 37540
1669863996521 0.2969873249530792 37757
1669864072464 0.29679879546165466 37974
1669864148664 0.28983074426651 38191
1669864224793 0.2994728684425354 38408
1669864301677 0.2968841791152954 38625
1669864377868 0.29775118827819824 38842
1669864454401 0.3012208342552185 39059
1669864531155 0.2999889850616455 39276
1669864607264 0.2919529974460602 39493
1669864683384 0.29306361079216003 39710
1669864759844 0.29722684621810913 39927
1669864835907 0.29549410939216614 40144
1669864912090 0.29941922426223755 40361
1669864988396 0.29573768377304077 40578
1669865064792 0.29277732968330383 40795
1669865140810 0.29536885023117065 41012
1669865217073 0.30755162239074707 41229
1669865293070 0.29672449827194214 41446
1669865369300 0.30291634798049927 41663
1669865445290 0.300461083650589 41880
1669865521617 0.30037572979927063 42097
1669865597920 0.29791224002838135 42314
1669865674381 0.3028501868247986 42531
1669865750952 0.3035122752189636 42748
1669865827412 0.2949078381061554 42965
1669865903823 0.2960529029369354 43182
1669865979968 0.29343241453170776 43399
1669866056071 0.30221033096313477 43616
1669866131787 0.30100056529045105 43833
1669866208153 0.2992691993713379 44050
1669866284054 0.30154693126678467 44267
1669866360323 0.2916184663772583 44484
1669866436280 0.3036072254180908 44701
1669866512355 0.2929410934448242 44918
1669866588763 0.2990916967391968 45135
1669866665131 0.2939251661300659 45352
1669866741765 0.30106258392333984 45569
1669866818031 0.29499998688697815 45786
1669866894677 0.3066914975643158 46003
1669866971054 0.2894618809223175 46220
1669867047215 0.2959221601486206 46437
1669867123368 0.2952684164047241 46654
1669867199952 0.3027580976486206 46871
1669867276235 0.2971813678741455 47088
1669867352302 0.3029658794403076 47305
1669867428557 0.2939017713069916 47522
1669867504935 0.30172035098075867 47739
1669867582042 0.3028131127357483 47956
1669867658111 0.2976851463317871 48173
1669867734572 0.29655662178993225 48390
1669867810868 0.2993394136428833 48607
1669867887010 0.295099139213562 48824
1669867963514 0.30215662717819214 49041
1669868039790 0.3044949173927307 49258
1669868116159 0.29990914463996887 49475
1669868192470 0.2999367415904999 49692
1669868268648 0.30154144763946533 49909
1669868345012 0.29769614338874817 50126
1669868421283 0.2976631224155426 50343
1669868497753 0.30043768882751465 50560
1669868574116 0.29469582438468933 50777
1669868650413 0.3007652461528778 50994
1669868726608 0.30255991220474243 51211
1669868802708 0.29591935873031616 51428
1669868879272 0.3024373948574066 51645
1669868955351 0.30017343163490295 51862
1669869031769 0.30177128314971924 52079
1669869108018 0.29471924901008606 52296
1669869184163 0.30673137307167053 52513
1669869260361 0.3037751615047455 52730
1669869336765 0.30246081948280334 52947
1669869413208 0.3058106601238251 53164
1669869489554 0.30684560537338257 53381
1669869565816 0.30732041597366333 53598
1669869642314 0.29502615332603455 53815
1669869718312 0.31002891063690186 54032
1669869794483 0.3070369064807892 54249
1669869870385 0.2960253357887268 54466
1669869947100 0.30340492725372314 54683
1669870023825 0.30220064520835876 54900
1669870100093 0.3017079532146454 55117
1669870176209 0.30379027128219604 55334
1669870252774 0.3059358596801758 55551
1669870329073 0.30310487747192383 55768
1669870404921 0.29951009154319763 55985
1669870481620 0.301491916179657 56202
1669870557800 0.3055780827999115 56419
1669870634507 0.3025365173816681 56636
1669870711032 0.29791632294654846 56853
1669870787166 0.303111732006073 57070
1669870863179 0.3085067570209503 57287
1669870939189 0.3017520308494568 57504
1669871015492 0.3012152910232544 57721
1669871091677 0.30669698119163513 57938
1669871167772 0.2986209988594055 58155
1669871244086 0.2965758442878723 58372
1669871320588 0.31007707118988037 58589
1669871396840 0.3019102215766907 58806
1669871473309 0.2968882918357849 59023
1669871549804 0.3128984570503235 59240
1669871625937 0.3023754954338074 59457
1669871702688 0.3034544587135315 59674
1669871778926 0.3001224994659424 59891
1669871855442 0.30038121342658997 60108
1669871931682 0.3054693043231964 60325
1669872007766 0.2986031472682953 60542
1669872083768 0.3051803410053253 60759
1669872159915 0.3017272353172302 60976
1669872236604 0.3048664629459381 61193
1669872312776 0.30866917967796326 61410
1669872389300 0.2975846529006958 61627
1669872465569 0.29798099398612976 61844
1669872542153 0.30498626828193665 62061
1669872618142 0.3067314028739929 62278
1669872694294 0.3109014928340912 62495
1669872770652 0.30278700590133667 62712
1669872846818 0.30707818269729614 62929
1669872923035 0.3032948076725006 63146
1669872999245 0.2954197824001312 63363
1669873075492 0.304108202457428 63580
1669873151892 0.3084448277950287 63797
1669873228234 0.3019075393676758 64014
1669873304625 0.30200251936912537 64231
1669873381085 0.30284202098846436 64448
1669873457659 0.30975642800331116 64665
1669873533825 0.3071332573890686 64882
1669873609912 0.3051830530166626 65099
