1669608815066 1.2911752774539484 49
1669608829580 0.7139789111136561 99
1669608844480 0.797835163235188 149
1669608858967 0.9240631620296651 199
1669608886087 0.8107842720743355 249
1669608900614 1.1782765056273714 299
1669608915079 1.1673933865386903 349
1669608929606 0.6706409668325136 399
1669608956803 1.0346467113395366 449
1669608971431 1.010548658410122 499
1669608986038 1.1668714351260137 549
1669609000669 1.3586221412644104 599
1669609015285 1.2364694203056117 649
1669609043040 1.0277035407573238 699
1669609057563 1.1339722449946743 749
1669609072086 0.9997396445819857 799
1669609086616 1.2295868215695727 849
1669609114242 0.983217647034085 899
1669609128772 1.1478507308829597 949
1669609143487 1.0678724760483866 999
1669609158299 1.0865905014433617 1049
1669609185680 0.8195963619544433 1099
1669609200171 1.0124880505207932 1149
1669609214676 0.9694922612117798 1199
1669609229179 1.0557498287794447 1249
1669609243681 1.0530030217554862 1299
1669609271259 0.9392122551984884 1349
1669609286044 1.2341613334333024 1399
1669609300674 0.9471405231780607 1449
1669609315169 0.9297023063150172 1499
1669609342507 0.8332103988665329 1549
1669609357044 0.9647044172234847 1599
1669609371537 0.9943784702356139 1649
1669609386052 1.0832895561361315 1699
1669609414177 1.2903683523055411 1749
1669609428727 0.9297556562287037 1799
1669609443409 0.9042456917098332 1849
1669609458032 1.097213288983859 1899
1669609472539 1.2160393359379822 1949
1669609500323 1.027868202620427 1999
1669609515060 1.006296410063458 2049
1669609529647 1.025711638848793 2099
1669609544366 0.9603500143147111 2149
1669609572052 0.8335677698084779 2199
1669609586761 0.8553821977359223 2249
1669609601314 0.9830311600005037 2299
1669609615887 1.3079431474269982 2349
1669609643716 0.9737179899570803 2399
1669609658369 0.8964428959614952 2449
1669609673044 0.789067140359661 2499
1669609687714 0.8026676281029619 2549
1669609702255 1.0488395049799812 2599
1669609730175 1.152297906012517 2649
1669609744746 0.9567695338271813 2699
1669609759322 0.9057694036644349 2749
1669609773894 1.0655202055655968 2799
1669609801680 0.8555599556032429 2849
1669609816440 0.9184229888220237 2899
1669609830974 1.0331007406836425 2949
1669609845495 0.8647791164535905 2999
1669609873229 0.9379178273985087 3049
1669609887902 1.0814417916372743 3099
1669609902418 0.9443046970976916 3149
1669609917185 1.005882072057654 3199
1669609931711 0.8617195594254927 3249
1669609959220 0.7995726329197042 3299
1669609973868 0.8708430184659626 3349
1669609988381 0.9453463149542379 3399
1669610003062 0.8987913282500318 3449
1669610030706 0.9701590374284251 3499
1669610045485 1.1364740626111614 3549
1669610059996 0.835520880322554 3599
1669610074477 1.0442181032255338 3649
1669610102152 0.7826380657846452 3699
1669610116677 0.8843520736826023 3749
1669610131382 0.8177648806096384 3799
1669610145942 0.8912597601990484 3849
1669610160550 0.9233735810689656 3899
1669610188173 1.008633159093287 3949
1669610202996 0.8344447982496117 3999
1669610217641 0.8456648815887182 4049
1669610232197 0.7230388759421673 4099
1669610259632 0.6833410036504379 4149
1669610274292 0.9051196158737822 4199
1669610288833 0.8720539899815749 4249
1669610303358 1.0101333959272625 4299
1669610331053 1.0122070854254073 4349
1669610345858 0.8255767648833966 4399
1669610360385 1.1618495837813871 4449
1669610374927 0.9494258083506949 4499
1669610389602 0.8193651649048924 4549
1669610417475 0.9375953809834259 4599
1669610431960 0.9365737582271323 4649
1669610446470 0.8673664940889172 4699
1669610461127 0.933084714217657 4749
1669610488789 0.7737829869108429 4799
1669610503435 1.0095457839817183 4849
1669610517981 0.7480879002396561 4899
1669610532691 0.8098079769641684 4949
1669610560420 0.8492497585972569 4999
1669610574944 0.8857228841374084 5049
1669610589488 0.8210672397282963 5099
1669610604163 0.8868996458996949 5149
1669610618887 0.7008856944912841 5199
1669610646434 0.6911344647913196 5249
1669610661114 0.7784229717400148 5299
1669610675697 1.068811421529719 5349
1669610690364 0.8104583495800398 5399
1669610717961 0.8441604087777972 5449
1669610732497 0.7677785003761151 5499
1669610747031 1.0357053709958066 5549
1669610761695 0.6679508947137804 5599
1669610789421 0.7503415828667305 5649
1669610804068 0.8215775159549824 5699
1669610818608 1.0772416137515117 5749
1669610833280 0.7003902521435554 5799
1669610847835 0.6868567343096315 5849
1669610875316 0.9443185469647009 5899
1669610889900 0.7811202545802973 5949
1669610905057 1.1709865045584458 5999
1669610919617 0.7003585345082982 6049
1669610946921 0.933416843260745 6099
1669610961771 0.7601745968543865 6149
1669610976347 0.7713534877261256 6199
1669610990920 0.727406855401936 6249
1669611018869 0.8667586596946844 6299
1669611033598 0.7243469655646846 6349
1669611048336 0.7232440430799751 6399
1669611062938 0.6592902550728915 6449
1669611077717 0.6848290602250516 6499
1669611105319 0.9640986219204442 6549
1669611120152 0.8072445733976219 6599
1669611134686 0.9136056080371718 6649
1669611149232 0.7463061517614228 6699
1669611177033 0.7522648692599785 6749
1669611191561 0.7741222515456403 6799
1669611206099 0.8095023802651228 6849
1669611220642 0.8540214227807339 6899
1669611248375 0.7047318524468444 6949
1669611262906 0.5450291838178623 6999
1669611277460 0.680165968239685 7049
1669611292120 0.6804382455085518 7099
1669611306653 0.8645620582257221 7149
1669611334292 0.7147264613496426 7199
1669611348828 0.7615978714084968 7249
1669611363398 0.6700787581365659 7299
1669611377952 0.9162748206898459 7349
1669611406087 0.6085048471834149 7399
1669611420594 0.7887964838516293 7449
1669611435104 0.5673816159991271 7499
1669611449774 0.7367959788063543 7549
1669611477466 0.7091819489183242 7599
1669611491987 0.644539518897894 7649
1669611506536 0.9993660229774994 7699
1669611521275 0.6490282941559613 7749
1669611535809 0.5853224148894018 7799
1669611563477 0.6820269869580713 7849
1669611578041 0.7458830665506908 7899
1669611592612 1.3406119548576618 7949
1669611607252 1.0623703233337325 7999
1669611635127 0.6229548599001902 8049
1669611649682 0.31893358774056846 8099
1669611664404 0.5352122509054258 8149
1669611679158 1.1370389069327649 8199
1669611706906 0.7296639014664729 8249
1669611721392 0.6604856828196782 8299
1669611735904 0.7580424284935826 8349
1669611750687 0.539337387917366 8399
1669611765197 0.8678694349785925 8449
1669611792948 0.9381587470912747 8499
1669611807625 0.5672202439065686 8549
1669611822154 0.8157372493038305 8599
1669611836834 0.6194849823704787 8649
1669611864427 0.5528226432727614 8699
1669611878950 0.9007771831138565 8749
1669611893668 0.5705831086082171 8799
1669611908196 0.9870522201543125 8849
1669611936095 0.7773674305166471 8899
1669611950570 0.8391283361487688 8949
1669611965079 0.7526398723785566 8999
1669611979706 0.35038218977448365 9049
1669611994189 0.9483887830836385 9099
1669612021807 0.6580190854792821 9149
1669612036488 0.5821031333638834 9199
1669612051204 0.9443130866125662 9249
1669612065783 1.0144954251909755 9299
1669612093578 0.7879502477593119 9349
1669612108223 0.8160849265236114 9399
1669612122741 0.9153943997444345 9449
1669612137255 1.1489742017459386 9499
1669612164948 0.7834424156379998 9549
1669612179603 0.52472790197481 9599
1669612194143 0.9607910267078809 9649
1669612208977 0.7830006662527513 9699
1669612223650 1.0621694908843073 9749
1669612251250 1.0840381221423367 9799
1669612265785 0.6484986368505432 9849
1669612280300 0.6971531385274302 9899
1669612294838 1.5809814761314287 9949
1669612322476 0.9030101461979566 9999
1669612337019 0.6064659483715497 10049
1669612351841 0.955264823834357 10099
1669612366517 0.6418425058707229 10149
1669612394408 0.5125926885154221 10199
1669612408952 0.5924958541408513 10249
1669612423545 0.38900585885252864 10299
1669612438202 0.8402984667254925 10349
1669612452802 0.7823129909380637 10399
1669612480490 0.6183836034928101 10449
1669612495078 0.7176524916230006 10499
1669612509926 0.8952816031266865 10549
1669612524490 1.1866948027162811 10599
1669612552520 1.248109635224941 10649
1669612567049 0.7161030571595968 10699
1669612581576 0.5424760728710578 10749
1669612596098 0.7710987051710944 10799
1669612610569 0.5332899273072537 10849
1669612638535 0.4443338258454018 10899
1669612653048 0.7292302539724147 10949
1669612667711 0.9209800344420869 10999
1669612682372 0.9007573866267315 11049
1669612710008 0.45019594588982104 11099
1669612724565 0.6890858757684369 11149
1669612739218 0.4389081790146209 11199
1669612753904 0.8857495333208376 11249
1669612781517 1.1424780164019634 11299
1669612796032 0.6412219081715609 11349
1669612810553 1.1662568678425456 11399
1669612825075 0.7568952366233075 11449
1669612839710 0.8199804490340811 11499
1669612867370 0.5432373550682223 11549
1669612882037 0.8491367857398586 11599
1669612896611 0.8557568487726579 11649
1669612911151 0.8627036264318613 11699
1669612938990 1.0492400566096367 11749
1669612953541 0.9181000078859584 11799
1669612968254 0.7703720476087365 11849
1669612982809 0.7292196376562123 11899
1669613010306 0.37375554112415277 11949
1669613024995 0.5489139883961731 11999
1669613039717 0.5684956246851243 12049
1669613054293 0.4766871056418809 12099
1669613068977 1.134425266127363 12149
1669613096958 0.9815932979001425 12199
1669613111495 0.8257788252219208 12249
1669613126063 0.8555181147729793 12299
1669613140617 0.7726821919539482 12349
1669613168249 0.6175771621653305 12399
1669613182815 0.6276920979055773 12449
1669613197503 0.5627633387685702 12499
1669613212059 0.6576121345237252 12549
1669613239738 0.6002074086087981 12599
1669613254390 0.6627753457915638 12649
1669613269090 0.5295866771302535 12699
1669613283620 0.4224514968590691 12749
1669613298273 0.6831002137381171 12799
1669613325957 0.6316425346263588 12849
1669613340520 0.5660811064223099 12899
1669613355151 0.5060505327445943 12949
1669613369720 1.0938166775981355 12999
1669613397517 0.792032869861186 13049
1669613412034 0.721267866085088 13099
1669613426846 0.4876846797609382 13149
1669613441336 0.6077999871490725 13199
1669613468992 0.7009080884120775 13249
1669613483599 0.9837995761719048 13299
1669613498246 0.7786946829230397 13349
1669613512998 0.8934805516353252 13399
1669613527573 0.7819495900314299 13449
1669613555510 0.6905216460849477 13499
1669613570226 0.47974839676592385 13549
1669613584939 0.7879963919557249 13599
1669613599487 0.8033150094100462 13649
1669613627108 0.782002664488261 13699
1669613641778 0.5930847457221146 13749
1669613656307 0.8421104907338325 13799
1669613670893 0.25841739127753416 13849
1669613698622 0.6626702047402107 13899
1669613713364 0.7187885069627575 13949
1669613728064 0.7144851547228372 13999
1669613742621 0.8022907172427687 14049
1669613757308 0.9256058081393358 14099
1669613785023 0.6292759849134579 14149
1669613799568 0.6966316846296455 14199
1669613814273 0.784613586060538 14249
1669613828975 1.144452214418206 14299
1669613856959 1.1854951240802765 14349
1669613871564 1.1377528275831548 14399
1669613886294 0.8033476785875244 14449
1669613900842 1.305892671152945 14499
1669613928490 0.6873636885903178 14549
1669613943007 0.7180544804433786 14599
1669613957695 0.4852817194587694 14649
1669613972289 0.7418991532782038 14699
1669613986967 0.49784892226232275 14749
1669614014553 0.6700938329184667 14799
1669614029271 0.6665557287886176 14849
1669614043828 1.0434858356404417 14899
1669614058388 0.8837132709234101 14949
1669614086135 0.3966648630281698 14999
1669614100664 0.5077248008527264 15049
1669614115245 0.5298367222765089 15099
1669614130090 0.6673725740223581 15149
1669614157695 0.5972756199246698 15199
1669614172359 0.39429404745220653 15249
1669614187054 0.4389717989617027 15299
1669614201623 0.5926449935493044 15349
1669614216184 0.6622607617648946 15399
1669614244087 0.6732110420935954 15449
1669614258733 0.7888175305487075 15499
1669614273379 0.6993631435227546 15549
1669614287885 0.5257826972796993 15599
1669614315443 0.8570370859279054 15649
1669614330112 0.34325437681475857 15699
1669614344610 0.9774672644605312 15749
1669614359272 0.7036884904805729 15799
1669614386779 0.4544920903188554 15849
1669614401465 0.6802381965865314 15899
1669614416013 0.9956775732432326 15949
1669614430529 0.5620526102601624 15999
1669614445046 0.8018769652941489 16049
1669614472977 0.34023866340428366 16099
1669614487667 0.8410938647613591 16149
1669614502315 0.8001850023865407 16199
1669614516874 0.3699770802619242 16249
1669614544437 0.3267386597701173 16299
1669614559115 1.0560358624766866 16349
1669614573673 0.4408997573500936 16399
1669614588237 0.584856235152293 16449
1669614615983 0.6858171788899767 16499
1669614630685 0.6011593960551669 16549
1669614645263 0.5334102460223126 16599
1669614659980 0.8979945901079134 16649
1669614674570 0.7499862789354698 16699
1669614702261 1.1764985694926424 16749
1669614716801 0.45906891463414573 16799
1669614731496 0.6265948246889601 16849
1669614746190 0.6505241233642189 16899
1669614774005 0.6540516617178016 16949
1669614788529 0.3648594268921931 16999
1669614803195 0.7595484104650113 17049
1669614817711 0.5534291206772576 17099
1669614845645 0.8445987391924867 17149
1669614860320 1.192364829050257 17199
1669614874845 0.7493295289748388 17249
1669614889379 0.6481206883163781 17299
1669614904448 0.6382036900658363 17349
1669614932088 1.2939311244190905 17399
1669614946757 0.586891979793 17449
1669614961291 0.7869665881551245 17499
1669614975853 0.7046933500095279 17549
1669615003621 0.4914091792328142 17599
1669615018300 0.9384852455074553 17649
1669615032981 0.8570236770075514 17699
1669615047654 0.9851302696476577 17749
1669615075229 1.0326269381265274 17799
1669615089913 0.31786989292114237 17849
1669615104482 0.610945953947882 17899
1669615119520 0.8138121044105882 17949
1669615134116 0.5104351608190377 17999
1669615162088 0.6217599190999975 18049
1669615176613 0.5596792742198597 18099
1669615191148 0.5063476152989109 18149
1669615205808 0.9939652175776946 18199
1669615233414 0.6707085723366034 18249
1669615248104 0.45395384003037287 18299
1669615262630 0.6757869633283834 18349
1669615277306 0.5358361147877049 18399
1669615305119 1.1166000624749963 18449
1669615319677 0.4298431584761853 18499
1669615334406 0.5088068401850121 18549
1669615348990 0.8151638568310648 18599
1669615363547 0.7139635362906452 18649
1669615391350 0.5525795075942304 18699
1669615405894 0.4975091516476984 18749
1669615420414 0.8609426029909306 18799
1669615434938 0.4909496636524826 18849
1669615462850 0.41964602051253796 18899
1669615477735 0.6964793017364252 18949
1669615492295 0.8174067929668992 18999
1669615506847 0.5836764248538437 19049
1669615534534 0.6965531004763456 19099
1669615549015 0.8669854728732616 19149
1669615563551 0.45794845722261796 19199
1669615578086 0.7617257443269478 19249
1669615592787 0.3834882026991062 19299
1669615620619 0.43711664021939284 19349
1669615635143 0.6925219732726637 19399
1669615649682 0.351679007853652 19449
1669615664202 1.0538106258008741 19499
1669615692117 1.0231087836745583 19549
1669615706660 0.6282666600621283 19599
1669615721195 0.9376066324004454 19649
1669615735731 0.4814817298483952 19699
1669615763434 0.600458216988475 19749
1669615778101 0.6168725487944661 19799
1669615792757 0.6192244048179393 19849
1669615807427 0.3883298945913835 19899
1669615821948 0.7425707722177342 19949
1669615849693 0.7504309431267837 19999
1669615864253 0.8794970020908479 20049
1669615878799 0.6774301226081629 20099
1669615893477 0.7069034602776233 20149
1669615921319 0.6865442090354554 20199
1669615936076 1.0595922682412364 20249
1669615950626 0.5919009088427917 20299
1669615965179 0.5256287012664032 20349
1669615992900 0.8778278036222384 20399
1669616007391 0.3009842784368481 20449
1669616021901 0.5119097405482942 20499
1669616036405 1.0511022638180278 20549
1669616051196 0.4562968833887947 20599
1669616079218 0.522540805603061 20649
1669616093893 0.6659366421188113 20699
1669616108500 0.8124287055465831 20749
1669616123006 0.45613621219793266 20799
1669616150629 0.8607462576222128 20849
1669616165289 0.39309805197893255 20899
1669616179980 1.2174762426637806 20949
1669616194508 0.7152357904319284 20999
1669616222408 0.7580707346798505 21049
1669616236931 1.012327917873082 21099
1669616251505 0.8091583912862207 21149
1669616266204 1.0122337394594254 21199
1669616280854 0.8249453391052475 21249
1669616308435 1.2881028389818927 21299
1669616322969 0.8330824329769674 21349
1669616337777 0.3781979067232043 21399
1669616352455 0.7279547857434783 21449
1669616379694 0.33685027128605344 21499
1669616394614 0.9043982526452823 21549
1669616409185 0.7617187288900945 21599
1669616423765 1.1920196125431781 21649
1669616438138 0.3423992173184438 21699
1669616466156 0.5332981395200058 21749
1669616481067 0.4996972773081215 21799
1669616495658 0.34605598919631086 21849
1669616510304 0.7572289739347152 21899
1669616538058 1.3144101146988219 21949
1669616552708 1.6197408926925605 21999
1669616567436 0.6253474552970425 22049
1669616582024 0.6334766877189136 22099
1669616609647 0.43916778147181923 22149
1669616624442 0.42681558862661084 22199
1669616639021 0.6658833522032679 22249
1669616653565 0.43042386662849014 22299
1669616668105 0.6276908834330672 22349
1669616695850 0.4796457872822376 22399
1669616710376 0.833040334599985 22449
1669616724905 0.6811431354505626 22499
1669616739844 0.9815413508749866 22549
1669616767571 0.9661146064392211 22599
1669616782154 1.1476639855996649 22649
1669616796747 0.49198663965924044 22699
1669616811327 0.4233903618258861 22749
1669616839002 0.49498296239099976 22799
1669616853549 0.4239531530737141 22849
1669616868107 0.7399204047919816 22899
1669616882976 0.8448178064236564 22949
1669616897651 1.008400798180852 22999
1669616925405 0.4266394676626871 23049
1669616939928 0.5488430336763948 23099
1669616954459 0.7796382672057071 23149
1669616968993 0.5534948603328451 23199
1669616996598 0.811907033510977 23249
1669617011282 0.3238826750769591 23299
1669617025813 1.2049713987658022 23349
1669617040389 0.3784266242959746 23399
1669617068217 0.8245944886004669 23449
1669617082917 0.5257291988630586 23499
1669617097492 0.5650174152809411 23549
1669617112067 0.6550722225420924 23599
1669617126629 0.49936042073715065 23649
1669617154459 0.6161114287444036 23699
1669617169029 0.7285076017548808 23749
1669617183729 0.8364214510485477 23799
1669617198257 0.41685181924294973 23849
1669617226239 0.5241144736252531 23899
1669617240807 0.47892142824326867 23949
1669617255537 0.29659647129655997 23999
1669617270105 0.5310448411685602 24049
1669617297832 0.8508466534087719 24099
1669617312483 0.4476333196181064 24149
1669617327010 0.4035635399820407 24199
1669617341567 1.532489081793504 24249
1669617356076 0.42272271840481723 24299
1669617384107 0.39080189426670625 24349
1669617398655 1.305795332188561 24399
1669617413486 0.40973638420207825 24449
1669617428164 0.7153306404026842 24499
1669617455974 1.2625435663315967 24549
1669617470507 0.9054669961045855 24599
1669617485033 0.2678898136768054 24649
1669617499724 0.5846924029894991 24699
1669617527445 0.44248821371220015 24749
1669617542107 0.36817815525496 24799
1669617556624 0.3643785684319117 24849
1669617571283 0.5714921948631032 24899
1669617585938 0.37013117634219594 24949
1669617613594 1.0527727070105846 24999
1669617628160 0.8538819653389222 25049
1669617642701 0.6675458048409294 25099
1669617657525 0.5682775358762072 25149
1669617685088 0.50686134122669 25199
1669617699747 0.6170574876817907 25249
1669617714314 0.6885382622344474 25299
1669617729009 0.9778595714645615 25349
1669617756773 0.35539181471861336 25399
1669617771331 0.33827893300179057 25449
1669617785931 0.7734464601878057 25499
1669617800787 0.49218039906119476 25549
1669617815340 1.5599050075618144 25599
1669617843277 0.37444283672541245 25649
1669617857832 0.5220015539247054 25699
1669617872539 0.8126331631378382 25749
1669617887085 0.7423923197095894 25799
1669617914665 0.734915624011536 25849
1669617929399 0.7792126843790417 25899
1669617944281 0.5619234509808317 25949
1669617958854 0.4388095639991503 25999
1669617986580 0.9249852072896314 26049
1669618001125 0.45086940889735505 26099
1669618015692 0.555892256954627 26149
1669618030393 0.6996176180007977 26199
1669618045083 1.2485796273913754 26249
1669618072857 0.6027440368086169 26299
1669618087395 0.418874434755452 26349
1669618101977 0.4721286438294416 26399
1669618116664 0.4103487729485771 26449
1669618144256 0.8595949874338995 26499
1669618158902 1.0097243402446983 26549
1669618173559 0.5440655061225388 26599
1669618188066 0.9223795439387965 26649
1669618215946 1.1332538396946414 26699
1669618230447 0.9642378149872969 26749
1669618244979 0.7964411824890822 26799
1669618259662 0.7667424448476257 26849
1669618274206 0.7823565895425506 26899
1669618301912 0.5592912757567146 26949
1669618316588 0.8014208435348987 26999
1669618331140 0.47673860454127326 27049
1669618345706 0.39066253769311887 27099
1669618373468 0.3991923487940159 27149
1669618388148 0.5746895305972293 27199
1669618402678 0.6188323461136312 27249
1669618417372 0.3558480759479037 27299
1669618444984 0.5446338780910148 27349
1669618459536 0.3822372074942644 27399
1669618474240 0.4745429031633076 27449
1669618488798 0.3386924646074319 27499
1669618503476 0.7787128597840642 27549
1669618531127 0.38127065870037274 27599
1669618545741 1.4019001491335674 27649
1669618560371 0.7747908464328505 27699
1669618575120 0.858013417934941 27749
1669618602929 0.663511632167123 27799
1669618617539 0.490692672301553 27849
1669618632421 1.2130951134606915 27899
1669618647248 0.8631426683948343 27949
1669618675063 0.5254007879607802 27999
1669618689623 0.5855776104374457 28049
1669618704214 0.27864035624773764 28099
1669618718801 1.134137029133446 28149
1669618733570 0.7450755469787963 28199
1669618761382 0.826822404366671 28249
1669618776056 0.43861068222060773 28299
1669618790782 1.1204053014128061 28349
1669618805564 0.8066877818416096 28399
1669618833248 0.6008170621416895 28449
1669618847749 0.9572499293354753 28499
1669618862396 0.617272392286146 28549
1669618876904 0.524990388389496 28599
1669618904559 0.3613396261928449 28649
1669618919086 0.5011325914356145 28699
1669618933755 0.7980903041051877 28749
1669618948555 0.570974339504411 28799
1669618963072 0.9501587584341954 28849
1669618990823 0.8272414159250825 28899
1669619005524 0.6151135697811192 28949
1669619020089 0.7338379202388994 28999
1669619034695 0.6555190720991031 29049
1669619062743 0.5381195562529502 29099
1669619077586 0.7428807705931701 29149
1669619092279 0.5003212806658061 29199
1669619106839 0.616958769174021 29249
1669619134660 0.6784014495074412 29299
1669619149211 0.9056068994866256 29349
1669619163792 0.3392149448105396 29399
1669619178346 1.093592765941351 29449
1669619193263 0.5111279433238072 29499
1669619220999 0.481989723160186 29549
1669619235721 0.5305225723548619 29599
1669619250269 0.329414168203648 29649
1669619264931 0.8746121046305463 29699
1669619292584 0.4127555870083596 29749
1669619307225 0.5276270213342016 29799
1669619321725 1.1940670054932396 29849
1669619336390 0.7279358887907087 29899
1669619363953 0.6346854814292611 29949
1669619378448 0.8973325883033278 29999
1669619393040 0.43632520361120264 30049
1669619407982 0.8929830289151952 30099
1669619422602 0.5159805836492708 30149
1669619450478 1.0803664575434806 30199
1669619465142 0.6923829646471306 30249
1669619479812 0.4013188634889293 30299
1669619494432 0.5390300852753921 30349
1669619522522 0.3240762751073668 30399
1669619537046 0.9614451138256516 30449
1669619551666 0.5878612579016358 30499
1669619566341 0.6696936692593684 30549
1669619593892 0.5885283863591717 30599
1669619608461 0.625568325693492 30649
1669619623035 0.7200314414457298 30699
1669619637712 0.6129062284341542 30749
1669619652401 0.5303736820991118 30799
1669619680027 0.7297198305749449 30849
1669619694638 1.1149614505773116 30899
1669619709324 0.9026938934266313 30949
1669619723922 0.8144580540068977 30999
1669619751612 0.40249674090124443 31049
1669619766148 0.6150026034191396 31099
1669619780946 0.6671937421693337 31149
1669619795598 0.7744045767635197 31199
1669619823206 0.8522508470225512 31249
1669619837847 0.5002265703854969 31299
1669619852359 1.1375347822398485 31349
1669619866892 0.47876319901837305 31399
1669619881413 0.5986726015997246 31449
1669619909192 0.5613053405182513 31499
1669619924000 0.8168007051410773 31549
1669619938543 0.7562279242641782 31599
1669619953094 0.7435192208031328 31649
1669619980691 0.574357274103322 31699
1669619995334 0.7425202049500953 31749
1669620009891 0.5451381494282694 31799
1669620024428 0.5730061462907325 31849
1669620051864 1.095125955748561 31899
1669620066685 0.6488411001763361 31949
1669620081254 0.37569049919429803 31999
1669620095968 0.743422208480393 32049
1669620110676 0.9725560657289165 32099
1669620138101 0.6398570380628219 32149
1669620152694 0.7129651028338683 32199
1669620167268 0.5410532105888592 32249
1669620181945 0.3848206472763414 32299
1669620209513 0.45085213900910615 32349
1669620224459 0.7940053261658881 32399
1669620239144 1.04681781792574 32449
1669620253725 0.8333439629012349 32499
1669620268069 0.33293140930214576 32549
1669620295769 0.51060278786273 32599
1669620310317 1.4857430703352033 32649
1669620324887 0.5505851714161872 32699
1669620339583 1.1187473417121065 32749
1669620367785 0.7248136840029162 32799
1669620382314 0.5519937739096721 32849
1669620396840 1.1445565159118924 32899
1669620411373 0.8415280773571954 32949
1669620439071 0.9642688514403943 32999
1669620453769 0.35148717227145243 33049
1669620468311 1.088289016986211 33099
1669620482998 0.45315087756506955 33149
1669620497813 0.6682474524461606 33199
1669620525417 0.4177538608551792 33249
1669620539958 0.6436988813029915 33299
1669620554535 1.1352833252639605 33349
1669620569078 0.3326516959811583 33399
1669620596671 0.7905236009992113 33449
1669620611348 0.46233304592979707 33499
1669620626170 0.7923554778912396 33549
1669620640742 0.5407191024787283 33599
1669620668489 0.5670301014646577 33649
1669620683039 1.2948570111479099 33699
1669620697577 0.5370437959738346 33749
1669620712108 0.6981012177075283 33799
1669620726679 0.6073273787110494 33849
1669620754337 0.4109119850362671 33899
1669620769062 0.8574607456987342 33949
1669620783780 0.4680021595952044 33999
1669620798594 0.48063527256984695 34049
1669620826114 0.46999010578371603 34099
1669620840655 0.7825217849877539 34149
1669620855222 0.4872417591323449 34199
1669620869791 0.7225831716807627 34249
1669620897317 0.6689601567905169 34299
1669620911957 0.32737953395625385 34349
1669620926594 1.0943804665198007 34399
1669620941375 0.3741225499057856 34449
1669620955879 0.5073410561161247 34499
1669620983562 0.6711944998150066 34549
1669620998092 0.6661643154651131 34599
1669621012636 0.8409210129757716 34649
1669621027179 0.6989382321968474 34699
1669621054974 0.4749254363241186 34749
1669621069666 0.42975673662984426 34799
1669621084211 0.5939618058802751 34849
1669621098898 0.5501740708582665 34899
1669621126532 1.0215493250203431 34949
1669621141112 0.3655825136469997 34999
1669621155658 0.36103588621202337 35049
1669621170207 0.8929657090112748 35099
1669621184875 0.3799215909564487 35149
1669621212948 0.8991654974873433 35199
1669621227483 0.6344435924150239 35249
1669621242130 0.39874469303383797 35299
1669621256816 1.1528867848435658 35349
1669621284397 0.8175376273685867 35399
1669621298949 0.38230208532028764 35449
1669621313661 0.4838615591686874 35499
1669621328448 0.593732194100315 35549
1669621356315 0.915816065615818 35599
1669621370884 1.2919315944680505 35649
1669621385420 0.45869255978413587 35699
1669621400098 0.5856284122837594 35749
1669621414648 0.3746749173796945 35799
1669621442308 1.2331645266471702 35849
1669621457171 0.7542448494344951 35899
1669621471907 0.9701516584958675 35949
1669621486439 0.6951403188535111 35999
1669621514085 0.616974299813274 36049
1669621528806 0.9161988359522586 36099
1669621543389 0.3526302129243882 36149
1669621558021 0.6277677308478835 36199
1669621585845 0.4460802584309047 36249
1669621600574 0.8545384544352701 36299
1669621615295 0.5882063247920446 36349
1669621629853 0.36697353320142945 36399
1669621644417 0.5256142539793724 36449
1669621672101 0.46781416531260117 36499
1669621686834 0.2903672909163826 36549
1669621701361 0.6619254054533138 36599
1669621716022 0.6201640542112236 36649
1669621743761 0.5439147152418807 36699
1669621758476 0.6021154999724422 36749
1669621773149 0.48152554690507665 36799
1669621787686 0.5754376802147763 36849
1669621815567 0.4559487684107907 36899
1669621830107 0.5364002559190401 36949
1669621844821 0.48112722327279667 36999
1669621859379 0.29444590392763753 37049
1669621873938 0.722853345666793 37099
1669621901807 0.41650229334163014 37149
1669621916556 0.800183685208658 37199
1669621931190 0.6596883018697427 37249
1669621945911 0.3299588280649416 37299
1669621973512 0.765173009275677 37349
1669621988053 0.6820826750661326 37399
1669622002736 1.0846254139710783 37449
1669622017268 0.46044631035956707 37499
1669622045090 0.5331273381735263 37549
1669622059656 0.8247642493200399 37599
1669622074234 0.3758333322836942 37649
1669622088948 0.616924051703811 37699
1669622103518 0.589554917501089 37749
1669622131300 0.2766284862341264 37799
1669622145844 0.4251367389663624 37849
1669622160393 0.6722217084203208 37899
1669622174941 0.3199234476749277 37949
1669622202750 0.9779484283170171 37999
1669622217411 0.3418677121300629 38049
1669622232079 0.5505793163657842 38099
1669622246606 0.5659094257488966 38149
1669622274100 0.7425145227856558 38199
1669622288755 0.5713938296858303 38249
1669622303292 0.3587621034412195 38299
1669622318138 0.46254690381487523 38349
1669622332693 0.5246621418372529 38399
1669622360568 0.4949089886425858 38449
1669622375110 0.6540659477949762 38499
1669622389629 0.33350971479424285 38549
1669622404166 0.81564936720507 38599
1669622431819 0.42627465950539056 38649
1669622446357 0.5603261368414915 38699
1669622461051 0.7961276120103882 38749
1669622475595 0.3784167647337604 38799
1669622503435 0.6972897529144648 38849
1669622518002 0.6501668343341975 38899
1669622532597 0.9493325404473593 38949
1669622547297 0.8309156134082553 38999
1669622561960 0.3807638854525658 39049
1669622589652 0.3012137590093297 39099
1669622604219 0.4891416352445111 39149
1669622618796 0.6338654704153903 39199
1669622633367 0.5823964050969538 39249
1669622661107 0.7066735318217803 39299
1669622675642 0.6948705881928928 39349
1669622690176 1.1241329223997925 39399
1669622704827 0.4979715168994028 39449
1669622732719 0.7932988649993336 39499
1669622747337 0.8640818590671253 39549
1669622761924 0.7899687086860647 39599
1669622776583 0.659629162244399 39649
1669622791159 0.597409327625193 39699
1669622818820 0.4761747674886498 39749
1669622833419 0.9556640950852473 39799
1669622848105 0.4436717412025065 39849
1669622862792 0.7120453226787585 39899
1669622890490 0.9177184113081716 39949
1669622905011 0.4585823318542796 39999
1669622919541 0.6124694997070295 40049
1669622934076 0.47804726647204704 40099
1669622961856 0.47782995313312293 40149
1669622976367 0.8680529215202262 40199
1669622990900 0.6892957251128273 40249
1669623005646 0.5774864080519106 40299
1669623020158 0.390727322758536 40349
1669623047829 0.3296848059596156 40399
1669623062472 0.5090207205548455 40449
1669623076967 0.5563731397320187 40499
1669623091467 0.3707264416365197 40549
1669623119171 0.9628677754690715 40599
1669623133735 1.6215205524570366 40649
1669623148437 0.8886751916760707 40699
1669623163206 0.5553930200282455 40749
1669623190831 0.36372587125144173 40799
1669623205497 0.6905991846175905 40849
1669623220040 0.26567948714791517 40899
1669623234585 0.7558515653854663 40949
1669623249248 1.2845260927198943 40999
1669623276662 1.164772948375914 41049
1669623291461 1.0476672570169772 41099
1669623306004 0.4871077783489721 41149
1669623320537 0.7485903265054694 41199
1669623348281 1.047341429583275 41249
1669623362944 0.37462096817001317 41299
1669623377635 0.616691559858082 41349
1669623392178 0.3753188505369213 41399
1669623419974 1.028549521136596 41449
1669623434708 0.3534952273937399 41499
1669623449303 0.42102727309107846 41549
1669623463839 0.8098941156130515 41599
1669623478376 1.060499278933214 41649
1669623506071 0.5636765268772687 41699
1669623520665 0.5749745579209271 41749
1669623535234 0.7313075323709506 41799
1669623549972 0.47053273671060813 41849
1669623577896 0.6856432699772164 41899
1669623592510 0.3519302536531861 41949
1669623607078 0.7955871714484879 41999
1669623621631 1.4561684538059012 42049
1669623649320 0.58488498032751 42099
1669623663870 0.5287704658252681 42149
1669623678648 0.39642673179800886 42199
1669623693512 0.5589132105462049 42249
1669623708025 0.4409468692218511 42299
1669623735654 0.7354274904436957 42349
1669623750166 0.6919670890044369 42399
1669623764712 0.426431846646089 42449
1669623779236 0.381411635026212 42499
1669623806933 0.5900610871614043 42549
1669623821744 1.003661036578133 42599
1669623836431 0.656981573721594 42649
1669623850995 0.47976385814048944 42699
1669623878564 0.5558938498055187 42749
1669623893115 0.6558332754316458 42799
1669623907809 0.48132786788019266 42849
1669623922352 1.0212774710272685 42899
1669623936897 1.111323405151265 42949
1669623964647 0.36084544597146007 42999
1669623979368 0.6775079552626311 43049
1669623994082 0.5454780097746423 43099
1669624008674 0.5975207815037475 43149
1669624036429 0.9979771863939705 43199
1669624050960 0.4581569607825323 43249
1669624065707 0.45449501221539357 43299
1669624080307 0.5973127931801001 43349
1669624094800 0.2757174905254864 43399
1669624122665 0.44787800688910323 43449
1669624137378 0.7499973731481318 43499
1669624151942 0.8484004505140983 43549
1669624166506 0.6576747601773848 43599
1669624194577 0.5980069290536447 43649
1669624209123 0.48991187913845236 43699
1669624223625 0.7531718987009022 43749
1669624238293 0.8779916533903946 43799
1669624266249 1.214449147016452 43849
1669624280809 0.43198625853982076 43899
1669624295517 0.9915458016361821 43949
1669624310087 0.5027563468032678 43999
1669624324637 0.3102283174410947 44049
1669624352738 0.9578675573393154 44099
1669624367314 0.7172874579781535 44149
1669624382035 0.5116015192644081 44199
1669624396797 0.6382785330921747 44249
1669624424497 0.5075205590543026 44299
1669624438997 0.5239260565617722 44349
1669624453646 0.498979848264236 44399
1669624468206 0.6799723900307549 44449
1669624495786 0.6520077568719211 44499
1669624510300 0.882526147972012 44549
1669624524957 1.4742258119069804 44599
1669624539754 1.131453813011651 44649
1669624554292 0.8497390593491381 44699
1669624581793 0.484146365565709 44749
1669624596499 0.7377403571238768 44799
1669624611114 1.3846721020582073 44849
1669624625665 0.560435005605311 44899
1669624653313 0.42982277731581486 44949
1669624668074 0.9594520479014061 44999
1669624682682 0.4057760883998324 45049
1669624697247 0.3326408167744887 45099
1669624724954 0.38726983310787766 45149
1669624739491 0.6989735767459037 45199
1669624754033 0.7570061521430689 45249
1669624768583 0.5355032807520999 45299
1669624783210 0.38693380175792735 45349
1669624810969 0.422656561190163 45399
1669624825551 0.4073250558972273 45449
1669624840104 0.2416212499321274 45499
1669624854668 0.7163374214224699 45549
1669624882406 0.43686010605010606 45599
1669624896989 0.41718163064270664 45649
1669624911565 0.49810406211803837 45699
1669624926541 0.5431072497416494 45749
1669624954207 0.49269802775184446 45799
1669624968717 0.7247799716887304 45849
1669624983403 0.6173799867593595 45899
1669624997938 0.5952879716422501 45949
1669625012459 0.6389295646536494 45999
1669625040125 1.1338751045718487 46049
1669625054908 0.6504054578898728 46099
1669625069423 0.43482026179015376 46149
1669625084067 0.8522184026462576 46199
1669625112032 0.9194128176969052 46249
1669625126561 0.8779537851472585 46299
1669625141090 0.6342670727243229 46349
1669625155611 0.2816443675677358 46399
1669625183424 0.5590961670538301 46449
1669625198089 0.6193742012548173 46499
1669625212620 1.4751487181677625 46549
1669625227165 0.7087611553728747 46599
1669625241695 0.8067344090968644 46649
1669625269463 0.38829660205612837 46699
1669625284020 0.835181389683868 46749
1669625298714 0.5244139862719535 46799
1669625313381 0.7874395266675962 46849
1669625341222 0.8572993837300199 46899
1669625356094 0.9833538983960994 46949
1669625370640 0.6658800460230976 46999
1669625385178 0.43073889240110896 47049
1669625412670 0.39304127119103294 47099
1669625427303 1.0487724767853406 47149
1669625441809 1.2338351377890047 47199
1669625456453 0.7022183919100766 47249
1669625470960 0.9015642787759324 47299
1669625498738 0.9044384566454349 47349
1669625513298 0.8915185350093118 47399
1669625527957 0.46314039251528394 47449
1669625542644 1.0094874171018136 47499
1669625570216 0.7350554009399108 47549
1669625584759 0.7256123411472679 47599
1669625599295 0.5490872300224452 47649
1669625614056 0.46010697906638465 47699
1669625641748 0.4582886184063195 47749
1669625656438 0.7270009562185598 47799
1669625670998 1.4673741486673761 47849
1669625685535 0.6977759749632033 47899
1669625700076 0.5131091593014742 47949
1669625727747 0.43947342902873565 47999
1669625742255 1.07122924268578 48049
1669625756936 0.6101951467335998 48099
1669625771753 0.6384143009758245 48149
1669625799433 0.7702337346341219 48199
1669625813988 0.5526837246020986 48249
1669625828541 0.4422009262757354 48299
1669625843109 0.4520694819516796 48349
1669625870843 0.7135119543853052 48399
1669625885369 0.5791620420180321 48449
1669625900175 1.4211405350697524 48499
1669625914848 0.6088373157851619 48549
1669625929380 0.5071075124355245 48599
1669625957235 0.566417279980847 48649
1669625971797 0.8106497045978452 48699
1669625986343 0.6120069493973264 48749
1669626001046 0.46287736252107126 48799
1669626028712 1.095663379553086 48849
1669626043507 0.6868195619832395 48899
1669626058095 0.39701706887356614 48949
1669626072649 0.7258816759740772 48999
1669626100266 0.870455340976357 49049
1669626114742 1.3397008276162041 49099
1669626129256 0.5102834879743819 49149
1669626143906 0.6707538905952795 49199
1669626158743 0.7769377222442699 49249
1669626186575 0.689929947235308 49299
1669626201148 0.36155376767011443 49349
1669626215719 0.47212881140978363 49399
1669626230242 1.165919129701965 49449
1669626257768 0.40865817579134345 49499
1669626272305 0.6277096671585345 49549
1669626287104 0.6176585804316891 49599
1669626301763 0.7776943754154673 49649
1669626329487 0.84240875502352 49699
1669626344027 0.7307975179726883 49749
1669626358590 1.179902825835436 49799
1669626373151 0.4332020394582211 49849
1669626387693 0.7671673249012165 49899
1669626415158 0.4036761448468027 49949
1669626429686 0.6847336311045155 49999
1669626444644 0.9171634006832519 50049
1669626459340 0.7877286381477917 50099
1669626487036 0.8423530446033454 50149
1669626501556 1.3733591146669646 50199
1669626516074 0.7050366544674367 50249
1669626530603 0.360449230449817 50299
1669626558069 0.6686877427188584 50349
1669626572770 0.4471992096712908 50399
1669626587550 1.4895384025988665 50449
1669626602320 0.8367126020372668 50499
1669626617206 0.543286759056603 50549
1669626644614 0.5196474929030211 50599
1669626659171 0.38525640083329926 50649
1669626673755 0.9673293965313501 50699
1669626688366 0.4116476284192032 50749
1669626715819 0.869643538643373 50799
1669626730509 0.689110616228234 50849
1669626745357 0.7631022364174946 50899
1669626760051 0.4989910997510548 50949
1669626787636 0.35578292168096987 50999
1669626802140 0.8819162615874914 51049
1669626816786 0.6356156320394488 51099
1669626831289 0.6137568202298767 51149
1669626845803 0.7783117578844618 51199
1669626873786 0.9152142738130189 51249
1669626888322 0.5808947243134187 51299
1669626902895 0.37605308066367643 51349
1669626917446 0.44799366197039237 51399
1669626944980 0.49066698750742066 51449
1669626959530 0.49547194033862774 51499
1669626974073 0.47288162881747375 51549
1669626988603 1.2296122504001827 51599
1669627016463 0.9015250814568302 51649
1669627031387 0.8251291205917781 51699
1669627045926 0.8784064208295186 51749
1669627060450 0.5925333329460857 51799
1669627074994 0.39619023248939633 51849
1669627102411 0.9086570204373191 51899
1669627116926 0.5740109936841514 51949
1669627131584 0.36226750071745245 51999
1669627146096 0.5842318410044974 52049
1669627174043 1.1077888490604382 52099
1669627188665 0.8315051801977243 52149
1669627203379 0.33764252149946505 52199
1669627217960 1.0710890315119246 52249
1669627245588 0.7930100268622589 52299
1669627260097 0.4654632910306419 52349
1669627274771 0.4290653344110726 52399
1669627289417 1.363004820647024 52449
1669627303941 0.7174972072135893 52499
1669627331359 0.8007554309655642 52549
1669627346173 0.5730332924715267 52599
1669627360711 0.4527559855733126 52649
1669627375242 0.5903080456250638 52699
1669627402789 0.5622798274293441 52749
1669627417455 1.0189700467409624 52799
1669627431988 0.3239678747445665 52849
1669627446718 0.5961588274744876 52899
1669627474339 0.8477111233885422 52949
1669627489017 0.24486336574512846 52999
1669627503797 0.7712985747777741 53049
1669627518351 0.7979505725413906 53099
1669627532899 0.9025821683843718 53149
1669627560694 0.886634140853379 53199
1669627575513 0.525508419970466 53249
1669627590017 0.403551448187525 53299
1669627604515 0.5460605159963217 53349
1669627632169 0.8047464411559511 53399
1669627646695 0.7124689508850977 53449
1669627661229 0.9924461362428796 53499
1669627675758 0.49675881252150567 53549
1669627703608 0.6178890875534688 53599
1669627718203 0.6207206986877891 53649
1669627732776 0.6296165053104053 53699
1669627747633 0.6627065944974768 53749
1669627762477 0.5957031330511477 53799
1669627790038 0.6190343725467944 53849
1669627804631 0.4133469479205223 53899
1669627819193 0.6770847708639256 53949
1669627833921 0.35371262877464865 53999
1669627861685 0.711754522445336 54049
1669627876241 0.2309183170425537 54099
1669627890906 0.45935493006688954 54149
1669627905563 0.5932281769378392 54199
1669627919883 1.7079659049924991 54249
1669627947420 0.661784623125008 54299
1669627961959 0.6943281857477239 54349
1669627976659 0.3343654718081056 54399
1669627991201 0.5230966199863171 54449
1669628018892 0.6889955377979217 54499
1669628033465 0.3255645207392256 54549
1669628048190 0.6038921880512724 54599
1669628062893 0.4057835076785002 54649
1669628090403 0.8267218002614984 54699
1669628104958 0.9813061851384364 54749
1669628119677 0.9227209323364288 54799
1669628134294 0.4733610907013376 54849
1669628148836 0.6203383834636123 54899
1669628177002 0.4200822025381499 54949
1669628191551 0.7127697454256249 54999
1669628206235 0.3835741957166454 55049
1669628220771 0.856418223765276 55099
1669628248143 0.446149213228938 55149
1669628262704 1.1292728142029178 55199
1669628277271 0.2534529521254703 55249
1669628291848 0.5782986523264833 55299
1669628319634 0.46952786238302713 55349
1669628334468 0.6483556239160098 55399
1669628348998 0.7758640721043364 55449
1669628363653 0.54343228589388 55499
1669628378167 0.26313889478115815 55549
1669628405648 0.41536890395679005 55599
1669628420191 0.6750478830532161 55649
1669628434741 0.6309542504369783 55699
1669628449438 0.7810512476405529 55749
1669628477430 0.47351924974623255 55799
1669628492165 0.6980174745285714 55849
1669628506694 0.4686573096836474 55899
1669628521375 0.7166976048418164 55949
1669628549090 0.6676209956237633 55999
1669628564038 0.5631660895717387 56049
1669628578605 0.8322485499701436 56099
1669628593453 0.6046314959427603 56149
1669628607993 1.2161585762400202 56199
1669628635648 0.5391242155505731 56249
1669628650376 0.3451672636443584 56299
1669628665109 0.5155704136324702 56349
1669628679726 0.7669995474633559 56399
1669628707249 0.9255778286845269 56449
1669628721765 0.39757382858429025 56499
1669628736432 1.138493721237717 56549
1669628751084 0.3276094635595909 56599
1669628778813 0.8397677092030482 56649
1669628793630 0.7219746831525702 56699
1669628808287 0.6655222362717175 56749
1669628822939 0.8785444812079068 56799
1669628837621 0.9778907997364473 56849
1669628865206 0.8687064996866517 56899
1669628879786 0.4371897069880492 56949
1669628894497 0.641668338371728 56999
1669628909162 0.592187653778518 57049
1669628937181 0.4992364833031792 57099
1669628951773 0.859939093110212 57149
1669628966490 0.8910865963471906 57199
1669628981052 0.4861290785570338 57249
1669629008701 0.7714953779544172 57299
1669629023454 0.6856444411478925 57349
1669629038026 0.37488678163025524 57399
1669629052805 0.3223303919042012 57449
1669629067380 0.4567274850238987 57499
1669629094920 0.9941320653145693 57549
1669629109605 0.5741985919341622 57599
1669629124168 0.33861336922315977 57649
1669629138732 0.6510584111049941 57699
1669629166204 0.7323665747009726 57749
1669629180758 0.7343015552779067 57799
1669629195577 0.7233473205787537 57849
1669629210259 0.7532946796651788 57899
1669629237881 0.5650982006978073 57949
1669629252595 1.043043624250138 57999
1669629267188 0.6249172501912081 58049
1669629281796 0.6941776825355952 58099
1669629296380 0.4141040264755667 58149
1669629324111 0.7921593715522084 58199
1669629338679 0.3480892481386766 58249
1669629353231 0.6930265150712495 58299
1669629367785 1.315075357259166 58349
1669629395519 0.48512859164050537 58399
1669629410080 0.8828096937364409 58449
1669629424764 0.8357603131468698 58499
1669629439277 0.6962088009746963 58549
1669629467215 1.1943228786717868 58599
1669629481721 1.2530536942688404 58649
1669629496297 1.3406164879486484 58699
1669629510863 0.6708339844256683 58749
1669629525403 0.45558175903144543 58799
1669629553224 0.5877023818309809 58849
1669629567754 1.0292249958171165 58899
1669629582407 0.501043709069844 58949
1669629597035 1.3353592705692128 58999
1669629624551 1.103792858450543 59049
1669629639151 0.7046014283790273 59099
1669629653756 0.8050037305358398 59149
1669629668365 0.6166454133813192 59199
1669629695940 0.3064731728400453 59249
1669629710754 0.7199379417717464 59299
1669629725293 0.5148226231391781 59349
1669629739800 0.5630096813142893 59399
1669629754395 0.6247640736570241 59449
1669629781897 0.6335196306370373 59499
1669629796515 0.41397266028382373 59549
1669629811221 0.3959953547158891 59599
1669629825789 0.391117316488916 59649
1669629853319 0.7138186066742136 59699
1669629867962 0.6806535980847437 59749
1669629882476 0.3268489328825793 59799
1669629897271 0.3568658281093443 59849
1669629924855 0.29914274249565365 59899
1669629939500 0.45061251257251433 59949
1669629954020 0.6874581416980867 59999
1669629968556 0.9846627972059303 60049
1669629983092 0.7316693602012811 60099
1669630010836 0.5953264506942606 60149
1669630025359 0.47975322557831457 60199
1669630040042 0.7851622724560193 60249
1669630054676 0.6851315663127565 60299
1669630082362 0.5914345008739984 60349
1669630096925 0.4486872134424607 60399
1669630111496 0.749853719761425 60449
1669630126206 0.5319112224817822 60499
1669630153749 0.8473662733177039 60549
1669630168394 0.6589224797549538 60599
1669630183132 0.5318621933640232 60649
1669630197711 0.3688035494790856 60699
1669630212426 0.5391642377262551 60749
1669630240042 0.49327384160637516 60799
1669630254753 0.8616933521020369 60849
1669630269284 0.45465503071604857 60899
1669630283846 0.7916556978905146 60949
1669630311176 0.4553353699236867 60999
1669630325751 0.7668863594010011 61049
1669630340321 0.6068429747236632 61099
1669630354883 0.48200138898004485 61149
1669630382613 0.766307505221787 61199
1669630397457 0.9168794794353937 61249
1669630412032 0.7538734408744925 61299
1669630426602 0.752603638009962 61349
1669630441348 0.3424136495231279 61399
1669630468758 0.4936803061752256 61449
1669630483328 0.5485017559745488 61499
1669630497894 0.43162100051449404 61549
1669630512473 0.8894573394961298 61599
1669630540381 0.593240605185283 61649
1669630554959 0.8405903182404362 61699
1669630569537 0.593492287953183 61749
1669630584081 0.7998301028416643 61799
1669630611570 1.0459108438513733 61849
1669630626116 0.6277358238561689 61899
1669630640646 0.6853100406985364 61949
1669630655313 0.7852113885237106 61999
1669630669967 0.43502689583958315 62049
1669630697547 0.3142087706955311 62099
1669630712083 0.4761650230115577 62149
1669630726599 0.6336896516651779 62199
1669630741271 0.928701877056893 62249
1669630768792 0.9116280585764891 62299
1669630783390 1.1259457834013165 62349
1669630798126 0.5029889037110036 62399
1669630812786 0.6010747742031426 62449
1669630840336 0.6478800476603477 62499
1669630854827 0.7112403455697907 62549
1669630869490 0.7979424107328202 62599
1669630884032 1.269537079954647 62649
1669630898553 0.7311305935714627 62699
1669630925933 1.1492469722847645 62749
1669630940515 0.5419033998030933 62799
1669630955101 0.5156096969195244 62849
1669630969807 0.8592735678670127 62899
1669630997360 1.0397422265896612 62949
1669631011910 0.36980625697044334 62999
1669631026595 0.6170959309160071 63049
1669631041132 0.4875448154702645 63099
1669631068935 0.5517557244842464 63149
1669631083529 0.3178132855269219 63199
1669631098134 0.2743301509789103 63249
1669631112860 0.6548954070872959 63299
1669631127422 0.7239568623822416 63349
1669631155013 0.710275817561438 63399
1669631169545 0.5427714492340868 63449
1669631184229 0.40987922257404397 63499
1669631198758 0.5289599151833629 63549
1669631226331 0.800257248398939 63599
1669631240865 0.5787033799829311 63649
1669631255385 0.9315558073331456 63699
1669631269928 0.5614373710992505 63749
1669631297503 0.3996254364769639 63799
1669631312254 0.3995854047634568 63849
1669631327009 0.7865804180749976 63899
1669631341600 0.824494899400124 63949
1669631356203 0.5404968168761821 63999
1669631383827 0.6920316744055754 64049
1669631398443 0.8025138302354806 64099
1669631413205 0.6208402016193912 64149
1669631427840 0.6249031093721646 64199
1669631455575 0.37453701014136465 64249
1669631470339 0.5154385882154652 64299
1669631484877 0.35067560138769993 64349
1669631499398 0.6406400955106003 64399
1669631526995 1.2115540548264807 64449
1669631541649 0.7195302810587513 64499
1669631556196 0.43664508109470895 64549
1669631570756 0.9148934679684803 64599
1669631585303 1.0643546648540967 64649
1669631612783 0.8368078729367601 64699
1669631627436 0.7166888075178182 64749
1669631642127 0.54529202278187 64799
1669631656666 0.4843974895333245 64849
1669631684117 0.44253950193091207 64899
1669631698833 0.46565597140639453 64949
1669631713381 0.3970151344809495 64999
1669631727930 0.6259885862011654 65049
1669631742279 0.2751840750063277 65099
