1668971994459 1.9570831438032652 49
1668972008477 2.0078331131940788 99
1668972022375 1.7039801194388888 149
1668972036142 1.8029882880604098 199
1668972062126 2.150568885325548 249
1668972075893 1.597810630422292 299
1668972089681 1.544607732208941 349
1668972103476 1.7626537538488734 399
1668972129513 1.6656221141370997 449
1668972143294 1.6668352521091663 499
1668972157112 1.3274511700362397 549
1668972170952 2.042543714679252 599
1668972184781 1.5174122184150887 649
1668972210813 1.967544072360589 699
1668972224621 1.9754527330278628 749
1668972238451 1.5859139064978325 799
1668972252299 1.5895839609236306 849
1668972278494 1.936142000446028 899
1668972292306 1.5168032904847053 949
1668972306133 1.7706424497033084 999
1668972319979 1.8492003816384637 1049
1668972346034 1.841191727121314 1099
1668972359850 1.7159691353334061 1149
1668972373685 1.6741651611402077 1199
1668972387534 1.4634067377879942 1249
1668972401388 1.9479009219367005 1299
1668972427333 1.8610315870566927 1349
1668972441171 1.9708009760636047 1399
1668972455044 1.8299048995868155 1449
1668972468913 1.8622036439587157 1499
1668972495033 1.9698793513135882 1549
1668972508895 1.7747247922163119 1599
1668972522775 1.8057690528284431 1649
1668972536649 1.7038836941824218 1699
1668972562600 1.815361025069551 1749
1668972576410 1.8106455336867735 1799
1668972590244 1.4746228422500103 1849
1668972604111 1.3506563818529629 1899
1668972617978 1.715009998431593 1949
1668972644089 1.5270492111851386 1999
1668972657935 1.7691968854580393 2049
1668972671792 1.8360984257344026 2099
1668972685659 1.7930930514006849 2149
1668972711805 1.833345641852284 2199
1668972725653 1.8002161703353656 2249
1668972739525 1.762859403845038 2299
1668972753386 1.2376542956170296 2349
1668972779614 1.917957861154296 2399
1668972793402 1.820989017023315 2449
1668972807233 1.9720829433371767 2499
1668972821092 2.0513089496700667 2549
1668972834943 1.0906318269710016 2599
1668972860843 1.6510414901498207 2649
1668972874679 1.6448357203225759 2699
1668972888527 1.7870865618612015 2749
1668972902372 1.4680564043285842 2799
1668972928470 1.6960396913577533 2849
1668972942290 1.770982231115136 2899
1668972956126 1.7030134736668425 2949
1668972969984 1.82012394958267 2999
1668972996339 1.9467872340257144 3049
1668973010148 1.265383116516369 3099
1668973023985 1.64904219008389 3149
1668973037843 1.6527214286533098 3199
1668973051686 1.5372336170856413 3249
1668973077839 1.7482722258012162 3299
1668973091664 1.8041395206784911 3349
1668973105521 1.7821641999204734 3399
1668973119372 1.703497463825708 3449
1668973145559 1.7595648933654326 3499
1668973159392 1.8491311705040707 3549
1668973173262 1.8141245090923743 3599
1668973187123 2.016234856575744 3649
1668973213413 1.8032711609391274 3699
1668973227190 1.4189301838993473 3749
1668973241020 1.5494949422943758 3799
1668973254853 1.7478064099176889 3849
1668973268709 1.979919295472825 3899
1668973294968 1.762717259373837 3949
1668973308794 1.9198938882115688 3999
1668973322625 1.7359476020624975 4049
1668973336496 1.658458362552277 4099
1668973363007 1.9885052814715864 4149
1668973376878 1.48625803521654 4199
1668973390799 1.6365833063183144 4249
1668973404718 1.4924952840640309 4299
1668973430835 1.5823559791663542 4349
1668973444632 1.4823060688656216 4399
1668973458489 2.008632917865606 4449
1668973472356 2.0129645655038146 4499
1668973486236 1.7699156171658437 4549
1668973512421 1.9822173234408318 4599
1668973526282 1.9523646232326637 4649
1668973540157 1.82617124772157 4699
1668973554032 1.6108043643901744 4749
1668973580071 1.649826442117773 4799
1668973593884 1.4076024902520965 4849
1668973607726 1.8751635001654199 4899
1668973621576 1.7200013809997372 4949
1668973647636 1.7177200135967983 4999
1668973661446 1.7910391924237699 5049
1668973675298 1.824042525312178 5099
1668973689165 1.4790915013263617 5149
1668973703039 1.6558281865058864 5199
1668973729237 1.583421251699804 5249
1668973743087 1.9697831503334773 5299
1668973756959 1.8573870348961845 5349
1668973770823 1.6334993769121595 5399
1668973796855 1.635874423256555 5449
1668973810680 1.5584605042042423 5499
1668973824542 1.6550127514952448 5549
1668973838389 1.7908831400807483 5599
1668973864499 1.5732504367143725 5649
1668973878330 1.9110408573375857 5699
1668973892187 2.022805753674602 5749
1668973906052 1.6129736353449422 5799
1668973919941 1.917452501675856 5849
1668973946031 1.475804066442806 5899
1668973959858 1.799416013779881 5949
1668973973714 1.3575627161957484 5999
1668973987590 1.9248706542208165 6049
1668974013666 1.7299695895707952 6099
1668974027501 1.444820368911121 6149
1668974041371 1.446389724147833 6199
1668974055264 1.670707591729296 6249
1668974081441 1.651976974936495 6299
1668974095231 1.8031088930259926 6349
1668974109066 1.7763747821257667 6399
1668974122920 1.8041424743364907 6449
1668974136776 1.6643537209028074 6499
1668974162958 1.6729358345056298 6549
1668974176849 1.4244930600625816 6599
1668974190745 1.475513269548712 6649
1668974204673 1.6473409734300106 6699
1668974230946 1.4427749094529978 6749
1668974244813 1.1340865114861924 6799
1668974258701 1.75605392567731 6849
1668974272595 1.4920777080540701 6899
1668974298983 1.8195911746217535 6949
1668974312774 1.9214873234760366 6999
1668974326609 1.5794782134244227 7049
1668974340471 1.9556690162523571 7099
1668974354349 1.6021510867379396 7149
1668974380595 1.5078219913107258 7199
1668974394448 1.512610125472536 7249
1668974408336 1.6383887104627526 7299
1668974422214 1.575292866475428 7349
1668974448482 1.6517348804987493 7399
1668974462299 1.2233127558556263 7449
1668974476176 1.9311384356651398 7499
1668974490042 1.5225582757265843 7549
1668974516489 1.8337584252668235 7599
1668974530335 1.9103765107834456 7649
1668974544215 1.845457581265038 7699
1668974558084 1.9452110772887523 7749
1668974571961 1.6609247842901036 7799
1668974598057 1.4090756757700917 7849
1668974611900 1.7553006082423837 7899
1668974625775 1.9642241728712944 7949
1668974639657 2.009866320719367 7999
1668974665809 1.804813805677819 8049
1668974679627 1.76933900225612 8099
1668974693466 1.6365830250506166 8149
1668974707312 1.3978443756764733 8199
1668974733571 1.827798959953363 8249
1668974747381 1.6982346574174843 8299
1668974761212 1.6361124215667688 8349
1668974775076 1.7394467814522043 8399
1668974788962 1.9261541758944063 8449
1668974815106 1.491087553036727 8499
1668974828991 1.7593350727057928 8549
1668974842897 1.6474430012494221 8599
1668974856808 1.859071764564051 8649
1668974883156 1.59065878507008 8699
1668974897015 1.6079382275281928 8749
1668974910920 1.8195950961366274 8799
1668974924816 1.8157758828156627 8849
1668974951323 1.9577360236581682 8899
1668974965149 1.672979354697544 8949
1668974979016 1.8175469802132547 8999
1668974992893 1.8422687395998356 9049
1668975006771 1.35553364367929 9099
1668975033022 1.8346548364542241 9149
1668975046869 1.9404869059083587 9199
1668975060730 1.776660229512276 9249
1668975074607 1.8248149670095883 9299
1668975100781 1.9754223757669762 9349
1668975114624 1.3435253059090264 9399
1668975128532 1.4309353184038007 9449
1668975142463 1.766730698481374 9499
1668975168690 1.9640408851746556 9549
1668975182538 1.3811343014739612 9599
1668975196385 1.318227972621743 9649
1668975210276 1.4940968040346818 9699
1668975224160 1.7949478101624492 9749
1668975250558 1.9411470809740532 9799
1668975264407 1.7835079840403534 9849
1668975278262 1.7488320862927471 9899
1668975292125 1.8391687764526745 9949
1668975318418 1.7116885281728946 9999
1668975332255 1.6913024820951448 10049
1668975346120 1.9806988445892875 10099
1668975360007 1.4979608499186416 10149
1668975386047 1.4704125839267348 10199
1668975399877 1.7727615677760586 10249
1668975413730 1.5760210996718014 10299
1668975427602 1.9410191144094293 10349
1668975441482 1.470582352688675 10399
1668975467570 1.7447525919199849 10449
1668975481418 1.840036022075103 10499
1668975495292 1.9377798663391061 10549
1668975509180 1.5411544877805485 10599
1668975535403 1.6515313248313315 10649
1668975549240 1.9895378549396892 10699
1668975563108 1.6312630932756944 10749
1668975576988 1.8194969857904537 10799
1668975590683 1.3566506842227288 10849
1668975616820 1.947612538284268 10899
1668975630731 1.7259768458394138 10949
1668975644651 1.740258672424174 10999
1668975658590 1.8224543494196221 11049
1668975684726 1.6761700981245804 11099
1668975698574 1.6611333780461681 11149
1668975712410 1.4789980399869438 11199
1668975726261 1.6223452126669593 11249
1668975752579 1.8578623515267232 11299
1668975766429 1.7627109981922047 11349
1668975780309 1.7786911781880899 11399
1668975794182 1.8274428965617917 11449
1668975808084 1.7460523433253898 11499
1668975834421 1.8093083999619495 11549
1668975848324 1.822363747966496 11599
1668975862248 1.6219694690636073 11649
1668975876174 1.5064734732022695 11699
1668975902254 1.768425451236613 11749
1668975916133 1.618393095067174 11799
1668975930016 1.8465042357119135 11849
1668975943872 1.6532613551769613 11899
1668975970066 1.6156823805466929 11949
1668975983894 1.5673308322371473 11999
1668975997758 1.5903862570360827 12049
1668976011628 1.5081978387408024 12099
1668976025532 1.4253358158173055 12149
1668976051902 1.725146710521368 12199
1668976065738 1.5876482994346626 12249
1668976079596 1.9343126200220575 12299
1668976093466 1.7944471171219167 12349
1668976119878 1.750198374182904 12399
1668976133727 1.8203336473343468 12449
1668976147627 1.9246441940459371 12499
1668976161520 1.7399354403125615 12549
1668976188063 1.3304261208184411 12599
1668976201884 1.5752956356579175 12649
1668976215743 1.437556838979349 12699
1668976229621 1.2708866784002186 12749
1668976243499 1.816785170263451 12799
1668976269944 1.7324828815961497 12849
1668976283784 1.8638286517670395 12899
1668976297646 1.8368646650600589 12949
1668976311531 1.8184371817902993 12999
1668976337827 1.5016338889536414 13049
1668976351665 1.757898052274446 13099
1668976365523 1.4740371538356012 13149
1668976379401 1.8201868377120154 13199
1668976405349 1.5893875894245801 13249
1668976419166 1.9818407781754999 13299
1668976432987 1.6395123825829747 13349
1668976446847 1.711861406163391 13399
1668976460702 1.7886158226703155 13449
1668976486828 1.5660796849827243 13499
1668976500665 1.7313980859344982 13549
1668976514528 1.803086392421872 13599
1668976528434 1.4384636335312129 13649
1668976554603 1.8194944238305224 13699
1668976568438 1.6480320628122447 13749
1668976582299 1.764753773793657 13799
1668976596169 1.4659704623289924 13849
1668976622467 1.6017373252956524 13899
1668976636284 1.8478344367040176 13949
1668976650133 1.6304959629187499 13999
1668976664009 1.760981606319127 14049
1668976677878 1.5539963761065465 14099
1668976704101 1.7627871643247124 14149
1668976717990 1.6521887080499715 14199
1668976731912 1.8433525316277373 14249
1668976745804 1.7793345556735534 14299
1668976772165 1.6734183164291232 14349
1668976785995 1.8158784992066879 14399
1668976799849 1.7227881344929454 14449
1668976813722 1.958924081651004 14499
1668976840032 1.6860711541675373 14549
1668976853854 1.7354846826855703 14599
1668976867739 1.9227883520958398 14649
1668976881623 1.516495080248919 14699
1668976895509 1.5098110238511482 14749
1668976921739 1.5012605377654697 14799
1668976935649 1.7099333846447131 14849
1668976949602 1.7935335173370814 14899
1668976963551 1.635424267260195 14949
1668976990172 1.9246629092235463 14999
1668977004011 1.7970805028027654 15049
1668977017876 1.498162085011232 15099
1668977031751 1.5254829288822458 15149
1668977058103 1.6772122950230632 15199
1668977071904 1.7109620515991022 15249
1668977085756 1.755734881149774 15299
1668977099630 1.7608888256006978 15349
1668977113500 1.8352569195511503 15399
1668977139474 1.9338604180404995 15449
1668977153325 1.6623320170290101 15499
1668977167195 1.636812612697859 15549
1668977181087 1.489834835089935 15599
1668977207151 1.6881801180624474 15649
1668977220988 1.6221174100882378 15699
1668977234842 1.5680196183686013 15749
1668977248727 1.6965649047455333 15799
1668977274913 1.4715875860535048 15849
1668977288717 1.4364717053608391 15899
1668977302586 1.786771401575912 15949
1668977316456 1.8152794574644915 15999
1668977330330 1.4765578678532942 16049
1668977356526 1.7987908517897857 16099
1668977370367 1.8269591156661837 16149
1668977384228 1.3446485398518164 16199
1668977398099 1.5658381941027908 16249
1668977424223 1.6475400916597143 16299
1668977438105 1.936164265959791 16349
1668977451983 1.9652340257030718 16399
1668977465862 1.6796501340633 16449
1668977492195 1.5233269645619174 16499
1668977505993 1.714586166579494 16549
1668977519822 1.8610885406324904 16599
1668977533698 1.802134126844299 16649
1668977547582 1.7919336613634727 16699
1668977573694 1.235826115988778 16749
1668977587539 1.9155559390165953 16799
1668977601399 1.4658895816017687 16849
1668977615283 1.3213206652608898 16899
1668977641496 1.4786704314654902 16949
1668977655360 1.7841250321815953 16999
1668977669221 1.8152208545856297 17049
1668977683103 1.854661097623824 17099
1668977709325 1.3887488083210822 17149
1668977723138 1.5614453847811678 17199
1668977736984 1.829047443039282 17249
1668977750858 1.8395683427645582 17299
1668977764745 1.5039298566045756 17349
1668977791410 1.8161536823440274 17399
1668977805280 1.8143997755313155 17449
1668977819179 1.7167376979775508 17499
1668977833073 1.8340701900772909 17549
1668977859668 1.7842032359764997 17599
1668977873506 1.7730802747486991 17649
1668977887361 1.7595096475915994 17699
1668977901231 1.8411694409101445 17749
1668977927549 1.6229963959728393 17799
1668977941345 1.7701246700116036 17849
1668977955188 1.3360275158557997 17899
1668977969059 1.8744986776836283 17949
1668977982925 1.5049557405445158 17999
1668978009287 1.5209115599629213 18049
1668978023187 1.7471051307930032 18099
1668978037097 1.5066061866458342 18149
1668978050996 1.7523802226840568 18199
1668978077399 1.7468953632669764 18249
1668978091239 1.9409732053308035 18299
1668978105085 1.6524935993560277 18349
1668978118963 1.6768081016810772 18399
1668978145374 1.8250790606700509 18449
1668978159227 1.923174376647157 18499
1668978173080 1.7879842406593718 18549
1668978186960 1.503047792913683 18599
1668978200809 1.2464293449914061 18649
1668978226976 1.573183579744209 18699
1668978240833 2.0015451972294196 18749
1668978254716 1.9394976397966528 18799
1668978268608 1.4930104868419236 18849
1668978294985 1.6600481466323989 18899
1668978308826 1.5101778461526023 18949
1668978322697 1.3750082458751076 18999
1668978336577 1.7018464151761028 19049
1668978362852 1.8574995324379677 19099
1668978376647 1.63650054176298 19149
1668978390502 1.6761835331432295 19199
1668978404366 1.607591438704737 19249
1668978418256 1.7802810601495758 19299
1668978444533 1.7656749836594736 19349
1668978458408 1.4183032636013166 19399
1668978472322 1.7648715765472125 19449
1668978486235 1.822532085328044 19499
1668978512539 1.605240208143624 19549
1668978526376 1.7547841273538132 19599
1668978540237 1.6846178305474595 19649
1668978554102 1.6830702801024018 19699
1668978580341 1.5906350066930939 19749
1668978594162 1.5875313303147087 19799
1668978608027 1.4893443849651917 19849
1668978621903 1.5323727532173348 19899
1668978635786 1.653321344626596 19949
1668978662101 1.9457695195455535 19999
1668978675956 1.965625212759455 20049
1668978689835 1.821676598135074 20099
1668978703737 1.6289045843869778 20149
1668978730130 1.785625780355183 20199
1668978744030 1.7990895901383683 20249
1668978757941 1.3240775879396185 20299
1668978771822 1.9532817124777073 20349
1668978797872 1.3378336372357662 20399
1668978811701 1.8018039611682006 20449
1668978825547 1.8035804650367084 20499
1668978839472 1.8257869913114853 20549
1668978853416 1.7979683282947763 20599
1668978879986 1.6215276338291367 20649
1668978893837 1.535862761270605 20699
1668978907738 1.8146789057523023 20749
1668978921635 1.6186327964363232 20799
1668978947802 1.6994774141987654 20849
1668978961658 1.7462209742341575 20899
1668978975544 1.5746753688048263 20949
1668978989429 1.9521132739489242 20999
1668979015867 1.6704838057564215 21049
1668979029709 1.9336654699426834 21099
1668979043566 1.9385246408032362 21149
1668979057428 1.6651458221482183 21199
1668979071303 1.5836175969211652 21249
1668979097760 1.6898772914779838 21299
1668979111598 1.582774629231171 21349
1668979125466 1.7874398538188383 21399
1668979139338 1.5920681687646019 21449
1668979165585 1.817021864306192 21499
1668979179407 1.5929067266474204 21549
1668979193253 1.4964930304619881 21599
1668979207123 1.7210403918087822 21649
1668979220823 1.950021177749735 21699
1668979247454 1.800968021150188 21749
1668979261291 1.9338483093951155 21799
1668979275155 1.7749440074189278 21849
1668979289033 1.7893576900596617 21899
1668979315196 1.696785559019865 21949
1668979329037 1.9031410195506828 21999
1668979342894 1.6753347799168163 22049
1668979356770 1.4999461147740663 22099
1668979382920 1.746208929958182 22149
1668979396744 1.4870278308742124 22199
1668979410612 1.9259243133644024 22249
1668979424495 1.640582490659809 22299
1668979438384 1.6567718005949734 22349
1668979464758 1.8247014988758932 22399
1668979478606 1.5049335372876707 22449
1668979492465 1.8349368573399594 22499
1668979506336 1.681661833288779 22549
1668979532379 1.9557774140870736 22599
1668979546246 1.604476201551772 22649
1668979560140 1.6133575510386529 22699
1668979574059 1.613660780075338 22749
1668979600205 1.4228094492248022 22799
1668979614027 1.6084667326194484 22849
1668979627917 1.4964111193387724 22899
1668979641794 1.7507661456968462 22949
1668979655669 1.6140787238032397 22999
1668979681764 1.5504934751102066 23049
1668979695644 1.5450271901436063 23099
1668979709565 1.7465105317659995 23149
1668979723496 1.5418370647264004 23199
1668979749718 1.7673607299146465 23249
1668979763556 1.4458174186875823 23299
1668979777454 1.6274134455384743 23349
1668979791323 1.5544591175068536 23399
1668979817292 1.6194891231135302 23449
1668979831128 1.4828184446301362 23499
1668979845010 1.4580877895716648 23549
1668979858899 1.5186416248042465 23599
1668979872800 1.7734476492378408 23649
1668979899316 1.8064915066645932 23699
1668979913171 1.8747325073106866 23749
1668979927051 1.760371581909004 23799
1668979940935 1.9297841433556413 23849
1668979967016 1.4100853405595666 23899
1668979980862 1.7538708619124783 23949
1668979994733 1.7676774127350694 23999
1668980008619 1.61367355965145 24049
1668980035033 1.9447660957999002 24099
1668980048878 1.593349640544126 24149
1668980062722 1.7399338420264536 24199
1668980076571 1.6374550637467542 24249
1668980090455 1.649373171792668 24299
1668980116898 1.6268556442149915 24349
1668980130776 1.7539481345166044 24399
1668980144689 1.3258311705326915 24449
1668980158573 1.6962155236635579 24499
1668980184658 1.4555178200007242 24549
1668980198500 1.9665343084125508 24599
1668980212362 1.5468185688823382 24649
1668980226264 1.83071224839368 24699
1668980252664 1.7294076319203953 24749
1668980266501 1.4784409573617936 24799
1668980280359 1.9519699279415321 24849
1668980294252 1.6828655330986257 24899
1668980308114 1.8003686867000492 24949
1668980334840 1.624211352784474 24999
1668980348699 1.7799503922378102 25049
1668980362568 1.641445631644727 25099
1668980376431 1.6876629040534517 25149
1668980402775 1.3978404578546397 25199
1668980416644 1.805976655347395 25249
1668980430506 1.788398125682755 25299
1668980444390 1.7567208872219644 25349
1668980470734 1.5801484256093588 25399
1668980484552 1.9268873640405149 25449
1668980498411 1.3590886908954816 25499
1668980512288 1.9401583479642923 25549
1668980526157 1.6592190938313345 25599
1668980552216 1.1807187743347989 25649
1668980566079 1.6962600077208498 25699
1668980579964 1.6888496780919329 25749
1668980593843 1.6441747399371676 25799
1668980620294 1.8119447021697157 25849
1668980634119 1.6614337115873206 25899
1668980648004 1.4563962844331055 25949
1668980661867 1.7687994834608984 25999
1668980688463 1.7189029629205161 26049
1668980702259 1.6139256215571285 26099
1668980716138 1.8047382864489616 26149
1668980729992 1.2321118376000335 26199
1668980743875 1.9653633754411608 26249
1668980769872 1.47812347961562 26299
1668980783747 1.7588479308946543 26349
1668980797624 1.8006649119154163 26399
1668980811511 1.7391147694463767 26449
1668980837857 1.6189454475637075 26499
1668980851711 1.9735339446504614 26549
1668980865592 1.7872102358964925 26599
1668980879484 1.5037259079957634 26649
1668980905946 1.7250920611681937 26699
1668980919814 1.8005539632155005 26749
1668980933706 1.927041872109191 26799
1668980947637 1.843138488671164 26849
1668980961563 1.9418960627902524 26899
1668980987814 1.71929846197593 26949
1668981001655 1.213996866276688 26999
1668981015526 1.5252458196782264 27049
1668981029395 1.7453726708087183 27099
1668981055601 1.6198360840833583 27149
1668981069438 1.5195488412049598 27199
1668981083310 1.5134692497737106 27249
1668981097191 1.633045077355259 27299
1668981123598 1.7449975879763957 27349
1668981137413 1.5946188646338237 27399
1668981151261 1.7375250159317976 27449
1668981165147 1.6225043943042654 27499
1668981179030 1.7993383656152488 27549
1668981205336 1.2331991695221651 27599
1668981219197 1.5472307671926364 27649
1668981233094 1.735737468802675 27699
1668981247004 1.550276329900456 27749
1668981273270 1.807639399638561 27799
1668981287095 1.565615953037683 27849
1668981300955 1.9431697228437836 27899
1668981314846 1.4973147302083394 27949
1668981341093 1.7409689607656205 27999
1668981354903 1.9244847634787035 28049
1668981368751 1.7941934662754662 28099
1668981382614 1.7303181276873791 28149
1668981396476 1.4137847824434042 28199
1668981422552 1.8523564461298985 28249
1668981436377 1.6804345881698357 28299
1668981450225 1.7050742611486016 28349
1668981464099 1.7855783350600356 28399
1668981490475 1.759498083298141 28449
1668981504331 1.9429013767137042 28499
1668981518245 1.4988173995642078 28549
1668981532145 1.6287320899378972 28599
1668981558716 1.6432825398509106 28649
1668981572522 1.1911658150033313 28699
1668981586395 1.6664677708644056 28749
1668981600284 1.447136039240531 28799
1668981614197 1.526848731579614 28849
1668981640503 1.5607479085337022 28899
1668981654366 1.447945034205226 28949
1668981668246 1.6676686418904458 28999
1668981682132 1.6455305019942483 29049
1668981708508 1.9487638382956722 29099
1668981722350 1.9286210997275859 29149
1668981736194 1.9288856174609939 29199
1668981750049 1.2542077984773221 29249
1668981776531 1.9479292734383893 29299
1668981790345 1.701503286856655 29349
1668981804199 1.6399943003175061 29399
1668981818094 1.9437241728404082 29449
1668981832003 1.9547606142674674 29499
1668981858257 1.9384210080285584 29549
1668981872094 1.6844393452113313 29599
1668981885971 1.728683946994657 29649
1668981899855 1.549506754002642 29699
1668981926229 1.8221303044677932 29749
1668981940052 1.5181870022700115 29799
1668981953906 1.6971305678863398 29849
1668981967764 1.925351702297898 29899
1668981993899 1.742313516286272 29949
1668982007700 1.7613251948170663 29999
1668982021540 1.745010593249664 30049
1668982035389 1.6842740393473408 30099
1668982049272 1.7534736906025887 30149
1668982075663 1.6806466745634303 30199
1668982089497 1.7850008885792197 30249
1668982103359 1.5943846187634294 30299
1668982117216 1.594320318923689 30349
1668982143527 1.7461317949319064 30399
1668982157367 1.550843414614615 30449
1668982171248 1.457147902059384 30499
1668982185129 1.349247827851634 30549
1668982211502 1.4709618522827597 30599
1668982225352 1.7921279992950836 30649
1668982239239 1.4644243706285538 30699
1668982253115 1.9584396116314204 30749
1668982267005 1.4608536097134293 30799
1668982293126 1.827691787973977 30849
1668982306998 1.7967997731495684 30899
1668982320889 1.936844052488893 30949
1668982334794 1.8150815687118973 30999
1668982361149 1.7215021665955732 31049
1668982374999 1.8069998508815146 31099
1668982388877 1.6442104087511138 31149
1668982402768 1.528387289709475 31199
1668982429052 1.765916938097398 31249
1668982442892 1.9102969073584921 31299
1668982456755 1.5647682861129195 31349
1668982470656 1.753457463226044 31399
1668982484548 1.5175923221851417 31449
1668982510957 1.9244606502647115 31499
1668982524858 1.5963963209025993 31549
1668982538744 1.6530788135278653 31599
1668982552624 1.762865221481432 31649
1668982579128 1.9284786228735 31699
1668982592974 1.9201982493478313 31749
1668982606806 1.2738575349406065 31799
1668982620675 1.5438255990188443 31849
1668982647171 1.801850175378124 31899
1668982661040 1.49795414610774 31949
1668982674941 1.6746525135678159 31999
1668982688850 1.656397440210338 32049
1668982702701 1.4591649686033086 32099
1668982728941 1.7862983288237277 32149
1668982742767 1.775380158331001 32199
1668982756619 1.9461751790372184 32249
1668982770487 1.4718610418810043 32299
1668982796713 1.4851376248296648 32349
1668982810540 1.7988096393665676 32399
1668982824410 1.4998093387847167 32449
1668982838282 1.6027070187889882 32499
1668982852007 1.4794831117407345 32549
1668982878448 1.71440823270949 32599
1668982892305 1.9580710600193312 32649
1668982906171 1.74954083479812 32699
1668982920050 1.8078079069453539 32749
1668982946454 1.5919379115042411 32799
1668982960311 1.3233756286838751 32849
1668982974185 1.671870653098079 32899
1668982988067 1.617892439675924 32949
1668983014418 1.686258055716443 32999
1668983028258 1.62846485126832 33049
1668983042125 1.6630037742106065 33099
1668983056010 1.35833276777804 33149
1668983069899 1.9703648995884275 33199
1668983095875 1.8293857334557768 33249
1668983109732 1.7618877807854223 33299
1668983123587 1.8149708503111572 33349
1668983137462 1.7998097816666832 33399
1668983163889 1.772791222503876 33449
1668983177730 1.9588691948319394 33499
1668983191586 1.4968359738675545 33549
1668983205455 1.4682336632738393 33599
1668983231629 1.622098316457204 33649
1668983245463 1.4837549925934526 33699
1668983259310 1.9414251687586261 33749
1668983273189 1.6326104612148984 33799
1668983287055 1.8318757170051296 33849
1668983313582 1.9369691198873515 33899
1668983327438 1.761090566484011 33949
1668983341304 1.9257852186579525 33999
1668983355178 1.9645799928428969 34049
1668983381405 1.8130567275593066 34099
1668983395266 1.5321275122764848 34149
1668983409154 1.6012716037197547 34199
1668983423050 1.9419935481319734 34249
1668983449261 1.7645467671960144 34299
1668983463090 1.5608436189065795 34349
1668983476931 1.4635136012283358 34399
1668983490794 1.4847614190228633 34449
1668983504672 1.5330258815143873 34499
1668983530847 1.609474897781487 34549
1668983544685 1.9297181174093219 34599
1668983558546 1.8144771896129304 34649
1668983572422 1.4450261970903835 34699
1668983598831 1.9324894731462174 34749
1668983612671 1.7950958367675254 34799
1668983626535 1.750914492131295 34849
1668983640406 1.7511654024097627 34899
1668983666609 1.825655695551355 34949
1668983680431 1.726437012762963 34999
1668983694317 1.4765401018795725 35049
1668983708198 1.938140557275924 35099
1668983722074 1.9379636462235283 35149
1668983747641 1.5682681612865488 35199
1668983761487 1.387421869634398 35249
1668983775365 1.7631772987342602 35299
1668983789252 1.6889358876320753 35349
1668983815555 1.5580131664448964 35399
1668983829389 1.585924668493473 35449
1668983843263 1.6984801624141619 35499
1668983857150 1.4365584723555922 35549
1668983883387 1.7997362052816865 35599
1668983897192 1.493004991860936 35649
1668983911049 1.721190707893309 35699
1668983924974 1.4641232323599476 35749
1668983938895 1.6288167910035773 35799
1668983965310 1.8217007593875574 35849
1668983979158 1.7926777437223658 35899
1668983993036 1.866623054020622 35949
1668984006927 1.4287235461621994 35999
1668984033096 1.4740748642888164 36049
1668984046956 1.9688367816947019 36099
1668984060842 1.3914666514084364 36149
1668984074848 1.8540370884716477 36199
1668984101045 1.5840633310180308 36249
1668984114860 1.3249034739939152 36299
1668984128722 1.7970363920672563 36349
1668984142600 1.9127969263509685 36399
1668984156476 1.4748974968151596 36449
1668984182677 1.9460960285745066 36499
1668984196512 1.7993804385315588 36549
1668984210382 1.6067737948230576 36599
1668984224236 1.6665462506882045 36649
1668984250567 1.8118187194937465 36699
1668984264407 1.7350857529836952 36749
1668984278286 1.4398631367484425 36799
1668984292174 1.7676445826659186 36849
1668984318621 1.5735142150948567 36899
1668984332428 1.7337007095572434 36949
1668984346299 1.8278057457904837 36999
1668984360177 1.6036902053253363 37049
1668984374069 1.7356446617158665 37099
1668984400236 1.8487919700375777 37149
1668984414110 1.8431082912862369 37199
1668984428001 1.3296077991989743 37249
1668984441893 1.4428334473142923 37299
1668984468052 1.7046415027946966 37349
1668984481919 1.7712608944963668 37399
1668984495813 1.7958140086203764 37449
1668984509717 1.58090045392943 37499
1668984536066 1.5794162675439452 37549
1668984549849 1.8228373335773895 37599
1668984563701 1.488885296651598 37649
1668984577564 1.6452317525142885 37699
1668984591430 1.5587291747329086 37749
1668984617779 1.825414810438 37799
1668984631635 1.7881583709896416 37849
1668984645501 1.617248938922193 37899
1668984659378 1.9310905604832955 37949
1668984685660 1.9720057758811396 37999
1668984699525 1.7511214643850814 38049
1668984713401 1.6343823405108455 38099
1668984727318 1.7745289258288386 38149
1668984753523 1.9270494172164057 38199
1668984767345 1.507074234841057 38249
1668984781216 1.8272376800935821 38299
1668984795115 1.9251371984358712 38349
1668984809030 1.5779279568510776 38399
1668984835418 1.7935232690907186 38449
1668984849251 1.7255365303117558 38499
1668984863116 1.5227506492042715 38549
1668984876996 1.6966383732299437 38599
1668984903223 1.7555907720474844 38649
1668984917035 1.30258218398154 38699
1668984930877 1.6192863199118865 38749
1668984944730 1.5893126032565603 38799
1668984970940 1.6898514847224 38849
1668984984786 1.7604925586134543 38899
1668984998684 1.8062651035518913 38949
1668985012610 1.857857639547598 38999
1668985026560 1.79078583702006 39049
1668985052969 1.3529244048584053 39099
1668985066797 1.8278728646821212 39149
1668985080689 1.6157002661934299 39199
1668985094593 1.5117192846421603 39249
1668985121099 1.1739439201180586 39299
1668985134953 1.4434105633953818 39349
1668985148819 1.9570983662841082 39399
1668985162696 1.752434735377487 39449
1668985189182 1.602338398263873 39499
1668985203041 1.5701565590409758 39549
1668985216940 1.6146085086586806 39599
1668985230812 1.6822858401298129 39649
1668985244686 1.5462462913644899 39699
1668985271120 1.6154775666902017 39749
1668985284980 1.671604188028872 39799
1668985298863 1.9229580642671484 39849
1668985312759 1.8189190247372755 39899
1668985339001 1.742243972114602 39949
1668985352840 1.640238738888924 39999
1668985366677 1.7037597039099086 40049
1668985380546 1.9539084162708138 40099
1668985407028 1.4831023911241574 40149
1668985420844 1.9453813586477369 40199
1668985434704 1.6904120869666508 40249
1668985448618 1.6235429622555353 40299
1668985462509 1.6579180275883507 40349
1668985488609 1.757455011275237 40399
1668985502514 1.7621315697895135 40449
1668985516453 1.4371925450136316 40499
1668985530382 1.6373241475652904 40549
1668985556607 1.252606478836443 40599
1668985570423 1.7293311738333408 40649
1668985584256 1.5799151135009444 40699
1668985598108 1.4714861610583154 40749
1668985624385 1.6094831023720626 40799
1668985638194 1.7932712987408876 40849
1668985652042 1.7155812009163898 40899
1668985665909 1.9607391608062295 40949
1668985679809 1.7379056404714404 40999
1668985705736 1.4973224608333824 41049
1668985719571 1.65188415770232 41099
1668985733442 1.7482585872769838 41149
1668985747348 1.6620400932404065 41199
1668985773808 1.6786734029294252 41249
1668985787656 1.9394147191053028 41299
1668985801516 1.5958939819977385 41349
1668985815410 1.712568302676867 41399
1668985841615 1.5779229812029203 41449
1668985855445 1.7681074922310926 41499
1668985869309 1.3991891118759208 41549
1668985883179 1.536343225603188 41599
1668985897083 1.7091829460935803 41649
1668985923226 1.766841465784293 41699
1668985937056 1.5973714695012706 41749
1668985950911 1.3281769715270655 41799
1668985964780 1.759029141645485 41849
1668985990970 1.6673814396022026 41899
1668986004861 1.758102754008729 41949
1668986018754 1.603387829004105 41999
1668986032673 1.794772716079495 42049
1668986059174 1.7831528449568428 42099
1668986073016 1.5101238120834855 42149
1668986086880 1.3196635843857596 42199
1668986100742 1.5888923407391908 42249
1668986114624 1.485836645897258 42299
1668986141140 1.6848178556329814 42349
1668986155009 1.4408995458823703 42399
1668986168883 1.845589439464368 42449
1668986182761 1.5068688458394817 42499
1668986209016 1.620778522254275 42549
1668986222898 1.9534151436319798 42599
1668986236788 1.825222859894185 42649
1668986250718 1.9357229283373845 42699
1668986277120 1.8287822876761304 42749
1668986290953 1.7583115033209502 42799
1668986304789 1.8020948547983746 42849
1668986318689 1.6027160313423754 42899
1668986332581 1.694956279412716 42949
1668986358969 1.7601546116714493 42999
1668986372799 1.7857973630605108 43049
1668986386692 1.3342820970335465 43099
1668986400572 1.5217598715029759 43149
1668986427018 1.9932300710911697 43199
1668986440853 1.4964991898217614 43249
1668986454718 1.656358262484631 43299
1668986468588 1.767624437057518 43349
1668986482295 1.910106795314781 43399
1668986508832 1.623524279001546 43449
1668986522747 1.2815307139532766 43499
1668986536682 1.8345916141257177 43549
1668986550602 1.3464287896098148 43599
1668986576665 1.8012573794430131 43649
1668986590490 1.6817781472356244 43699
1668986604341 1.6987293277956539 43749
1668986618207 1.6002161725037547 43799
1668986644812 1.7153971959087346 43849
1668986658628 1.6081923212644411 43899
1668986672492 1.947858327354328 43949
1668986686363 1.7850128382878752 43999
1668986700226 1.7210963653855458 44049
1668986726391 1.7441687189827824 44099
1668986740246 1.6817552862326017 44149
1668986754127 1.5200326665074408 44199
1668986768033 1.6391887483997105 44249
1668986794724 1.9276623742685621 44299
1668986808627 1.7326681853403003 44349
1668986822539 1.5919532789297741 44399
1668986836448 1.6278928214625523 44449
1668986862879 1.3282696378225871 44499
1668986876706 1.7521159355764229 44549
1668986890566 1.802518557717681 44599
1668986904441 1.999053827450882 44649
1668986918318 1.360801726975447 44699
1668986944473 1.8299095805799706 44749
1668986958319 1.7365192911028984 44799
1668986972168 1.769758705298413 44849
1668986986032 1.7724713035458224 44899
1668987012313 1.3465742087134331 44949
1668987026207 1.4787300720741443 44999
1668987040112 1.4640095352636826 45049
1668987054044 1.7518821380253686 45099
1668987080290 1.355506188092797 45149
1668987094148 1.6657412864621002 45199
1668987108021 1.6787632713655265 45249
1668987121906 1.7659471207792778 45299
1668987135803 1.7180397777279472 45349
1668987161953 1.9451247504958604 45399
1668987175787 1.6872656461785427 45449
1668987189655 1.7341315994745323 45499
1668987203544 1.2232983891914389 45549
1668987229572 1.4456418626703988 45599
1668987243432 1.5138337458062563 45649
1668987257293 1.7812552729245446 45699
1668987271156 1.855264080121501 45749
1668987297617 1.6773609398898546 45799
1668987311490 1.676531339881623 45849
1668987325405 1.4839490607017414 45899
1668987339315 1.8390704510336804 45949
1668987353187 1.2687351015054724 45999
1668987379351 1.6745034097913132 46049
1668987393192 1.9140065953119687 46099
1668987407046 1.9264309005617923 46149
1668987420938 1.683414645611841 46199
1668987447200 1.8225933398836305 46249
1668987461046 1.8267589027601758 46299
1668987474906 1.7790347453452475 46349
1668987488802 1.9673718631179475 46399
1668987515079 1.415707905415265 46449
1668987528920 1.5756529202606764 46499
1668987542770 1.5595758630786722 46549
1668987556645 1.9544508436946875 46599
1668987570514 1.5291610153668804 46649
1668987596694 1.951261617206232 46699
1668987610569 1.933348920947434 46749
1668987624492 1.835582389348102 46799
1668987638393 1.8202210080601944 46849
1668987664298 1.6965152640810022 46899
1668987678159 1.5917937442655232 46949
1668987692026 1.7329193797610665 46999
1668987705894 1.4167885123264414 47049
1668987732265 1.6224067695397868 47099
1668987746118 1.948945271051364 47149
1668987760054 1.6437927350218349 47199
1668987773993 1.7688408495250467 47249
1668987787908 1.8224803211756493 47299
1668987814221 1.5330863608417453 47349
1668987828091 1.8523255238781846 47399
1668987841979 1.5728807720840956 47449
1668987855867 1.7629731503426145 47499
1668987882117 1.6053312235532498 47549
1668987895977 1.8367555993609563 47599
1668987909861 1.3172395770588863 47649
1668987923737 1.8182536464432684 47699
1668987950034 1.7583943872444778 47749
1668987963852 1.6451781543271469 47799
1668987977701 1.7980367042425227 47849
1668987991570 1.5283881289034196 47899
1668988005439 1.6406278872159783 47949
1668988031567 1.7582608570906806 47999
1668988045435 1.640475391182639 48049
1668988059358 1.630617368329226 48099
1668988073273 1.8394302596818068 48149
1668988099558 1.8324067369688768 48199
1668988113404 1.4593269803937061 48249
1668988127272 1.713714089683946 48299
1668988141203 1.7787930223821904 48349
1668988167737 1.9667058457390203 48399
1668988181564 1.5951276559160674 48449
1668988195445 1.7517431201306126 48499
1668988209330 1.649775727030789 48549
1668988223226 1.393305524883797 48599
1668988249168 1.9490887638898733 48649
1668988263025 1.2317388983398536 48699
1668988276916 1.6114667548551822 48749
1668988290779 1.5941213244605859 48799
1668988316929 1.5073206289329457 48849
1668988330787 1.3539070105626312 48899
1668988344645 1.8216420635833952 48949
1668988358531 1.5180113813365248 48999
1668988384812 1.7076228169624834 49049
1668988398621 1.9929123128552333 49099
1668988412481 1.9463977685655975 49149
1668988426342 1.4413898298432046 49199
1668988440214 1.8580049120232203 49249
1668988466153 1.5191985846007214 49299
1668988480002 1.733938203235617 49349
1668988493866 1.4039963792086263 49399
1668988507747 1.5097920477615956 49449
1668988533875 1.7830633858593083 49499
1668988547754 1.9402196533828464 49549
1668988561663 1.6115167113090378 49599
1668988575575 1.7939844717406386 49649
1668988601811 1.4751145284099978 49699
1668988615639 1.7102839904888247 49749
1668988629515 1.6223863870042887 49799
1668988643380 1.4439784652578285 49849
1668988657263 1.2768714202144706 49899
1668988683440 1.4760642717902837 49949
1668988697297 1.640357518960238 49999
1668988711154 1.957418181060917 50049
1668988725030 1.3991241771053493 50099
1668988751377 1.933748501998931 50149
1668988765192 1.8149754348540308 50199
1668988779044 1.7450062524346428 50249
1668988792908 1.4713424364938112 50299
1668988819392 1.429561058576497 50349
1668988833204 1.7854935352493277 50399
1668988847053 1.65284563004828 50449
1668988860923 1.4783138374121956 50499
1668988874823 1.7644599500841744 50549
1668988901263 1.6773359334763405 50599
1668988915151 1.6297684564691222 50649
1668988929074 1.808918679507443 50699
1668988942988 1.6110558506392538 50749
1668988969457 1.808817072378306 50799
1668988983305 1.7551300932852456 50849
1668988997181 1.6775801304653626 50899
1668989011070 1.910999614281635 50949
1668989037597 1.739492009658044 50999
1668989051428 1.964775708633204 51049
1668989065277 1.6223762374442248 51099
1668989079153 1.4119174490588726 51149
1668989093009 1.3824020045507894 51199
1668989119494 1.5069877424723337 51249
1668989133324 1.3165034568287235 51299
1668989147178 1.5529665105804964 51349
1668989161049 1.6283296583550058 51399
1668989187273 1.3528479001983955 51449
1668989201173 1.606728361822673 51499
1668989215091 1.5953540460679172 51549
1668989228977 1.8237180233863943 51599
1668989255240 1.9349506412968809 51649
1668989269100 1.6618686470479145 51699
1668989282974 1.8271863234456895 51749
1668989296855 1.6280198809606337 51799
1668989310719 1.3476211099139526 51849
1668989337007 1.779979279557252 51899
1668989350892 1.5055044396100241 51949
1668989364795 1.9114184936437022 51999
1668989378695 1.8070993674025841 52049
1668989405053 1.7776662167467794 52099
1668989418916 1.5796277187855088 52149
1668989432789 1.9277398957880072 52199
1668989446702 1.6618549125145838 52249
1668989473077 1.2670098397606797 52299
1668989486904 1.1753018078172126 52349
1668989500777 1.7925865366582996 52399
1668989514677 1.7750496139051604 52449
1668989528593 1.6324931829798608 52499
1668989554893 1.9410788081945214 52549
1668989568752 1.668012387091879 52599
1668989582606 1.78780338706321 52649
1668989596491 1.5627683726582118 52699
1668989622486 1.3369187250556305 52749
1668989636331 1.8000481632396874 52799
1668989650179 1.8100763631639891 52849
1668989664050 1.556488220135092 52899
1668989690327 1.5147410684299307 52949
1668989704163 1.3773547919152076 52999
1668989718033 1.8273425851041583 53049
1668989731924 1.2586225101448294 53099
1668989745829 1.7038708228210555 53149
1668989772248 1.8528951010732535 53199
1668989786091 1.6274918515055858 53249
1668989799949 1.4176673859384548 53299
1668989813822 1.7426407335843863 53349
1668989839880 1.7020152448282415 53399
1668989853709 1.656912022830939 53449
1668989867582 1.616375683009668 53499
1668989881470 1.6283527350679492 53549
1668989907672 1.6035787822095147 53599
1668989921551 1.9556796192181451 53649
1668989935474 1.9438464096661083 53699
1668989949425 1.4670753612688086 53749
1668989963317 1.7048922505513178 53799
1668989989430 1.948698891186084 53849
1668990003280 1.7218382872202285 53899
1668990017189 1.7943713876023484 53949
1668990031067 1.7899449936973508 53999
1668990057757 1.6622502485194155 54049
1668990071595 1.7624237416708126 54099
1668990085464 1.4275022725984279 54149
1668990099338 1.8167775850575878 54199
1668990113062 1.914650368394772 54249
1668990139534 1.1846429921554757 54299
1668990153362 1.7653713889888678 54349
1668990167240 1.5712546276786077 54399
1668990181134 1.8296874579369753 54449
1668990207518 1.5239700354802252 54499
1668990221380 1.2974413418123738 54549
1668990235261 1.6245715625498698 54599
1668990249142 1.7217266608007136 54649
1668990275755 1.5320279346177386 54699
1668990289566 2.0341782238219324 54749
1668990303421 1.79264492879238 54799
1668990317303 1.8048463294843229 54849
1668990331156 1.9389125561086549 54899
1668990357343 1.7455417245411569 54949
1668990371219 1.6194804114511916 54999
1668990385087 1.9429765093420868 55049
1668990398949 1.6323769103405519 55099
1668990425218 1.6857212822223808 55149
1668990439093 1.8216489905556013 55199
1668990452958 1.79416569473204 55249
1668990466829 1.4038513940479607 55299
1668990492753 1.6230586328839012 55349
1668990506579 1.802267012436805 55399
1668990520444 1.9482680335854325 55449
1668990534326 1.426167460215649 55499
1668990548205 1.9131879972940609 55549
1668990574610 1.5981588051851532 55599
1668990588458 1.4660706085850839 55649
1668990602329 1.9274404263734748 55699
1668990616231 1.924809142275874 55749
1668990642476 1.9636813825433383 55799
1668990656328 1.8127362872305444 55849
1668990670205 1.4197862888828783 55899
1668990684132 1.2597515303167959 55949
1668990710618 1.6852604913474458 55999
1668990724444 1.6309304001190372 56049
1668990738293 1.8561010311370953 56099
1668990752158 1.9725599689243016 56149
1668990766030 1.5503722909412936 56199
1668990792265 1.5712109843427686 56249
1668990806121 1.7332626593659586 56299
1668990820005 1.3753309572969767 56349
1668990833897 1.9488026666608498 56399
1668990859973 1.8128555581879644 56449
1668990873840 1.924587430838482 56499
1668990887733 1.6518178355776252 56549
1668990901661 1.9284042529308896 56599
1668990928142 1.9339574113751183 56649
1668990942031 1.8078334307203228 56699
1668990955960 1.5983023719964473 56749
1668990969848 1.8053713934507218 56799
1668990983742 1.9238546252636937 56849
1668991009945 1.5913149826978987 56899
1668991023791 1.62132253205819 56949
1668991037660 1.9335652355235915 56999
1668991051588 1.3670748211361001 57049
1668991078028 1.6287267017883913 57099
1668991091920 1.6620719674777544 57149
1668991105851 1.6547948777263644 57199
1668991119799 1.4161391958231406 57249
1668991146087 1.5400829123659499 57299
1668991159886 1.3977023350645004 57349
1668991173720 1.6459537843761272 57399
1668991187578 1.9283637782109926 57449
1668991201429 1.507043500575251 57499
1668991227705 1.8362370054828556 57549
1668991241544 1.637308791652119 57599
1668991255419 1.9525398130050342 57649
1668991269304 1.8022200089413396 57699
1668991295662 1.6955671668974772 57749
1668991309482 1.6586180967253845 57799
1668991323333 1.9361286068914834 57849
1668991337188 1.9334617960550133 57899
1668991363452 1.7109275174502716 57949
1668991377244 1.4892132962891078 57999
1668991391083 1.435833745267046 58049
1668991404930 1.9554527916099622 58099
1668991418777 1.4654640382692294 58149
1668991445023 1.7860546789827874 58199
1668991458894 1.9270961713398977 58249
1668991472766 1.9109135805974389 58299
1668991486644 1.7995149051967587 58349
1668991512796 1.6327855671066223 58399
1668991526758 1.6932718450667732 58449
1668991540611 1.6682286859410373 58499
1668991554711 1.7954288234041615 58549
1668991580589 1.683430906863118 58599
1668991594416 1.5228850825582656 58649
1668991608281 1.6505438304377527 58699
1668991622166 1.669485978310008 58749
1668991636052 1.7058558766756937 58799
1668991662384 1.7722211090164195 58849
1668991676219 1.4853378538284145 58899
1668991690064 1.6495171944416955 58949
1668991703942 1.6828822235372891 58999
1668991730289 1.9793609672865875 59049
1668991744158 1.7430739843644703 59099
1668991758063 1.6367835939863764 59149
1668991771942 1.6842924175696175 59199
1668991798061 1.75378002144484 59249
1668991811864 1.941855346578902 59299
1668991825740 1.7848275682595476 59349
1668991839597 1.1919608491016667 59399
1668991853489 1.4851392308115723 59449
1668991879513 1.6796666162924612 59499
1668991893359 1.9196442586863411 59549
1668991907227 1.5790287682266337 59599
1668991921150 1.9315783505933324 59649
1668991947706 1.4506839127462068 59699
1668991961552 1.5988001571534762 59749
1668991975405 1.6165146264824064 59799
1668991989302 1.6063398516347571 59849
1668992015738 1.9277495128408613 59899
1668992029549 1.9785092212315423 59949
1668992043389 1.818229301891926 59999
1668992057265 1.5031861306878347 60049
1668992071142 1.5055121617881568 60099
1668992097321 1.5966511683462798 60149
1668992111163 1.43474518251523 60199
1668992125057 1.4881873433201296 60249
1668992138970 1.3576685288479615 60299
1668992165352 1.9425880376010098 60349
1668992179227 1.2569853929197292 60399
1668992193126 1.6468903662929737 60449
1668992207058 1.9600776145924814 60499
1668992233441 1.8121918853626937 60549
1668992247252 1.5452176055238582 60599
1668992261091 1.5978168594977533 60649
1668992274937 1.6415591905657823 60699
1668992288809 1.8255021823823911 60749
1668992315046 1.5443034760317422 60799
1668992328890 1.8103449523091966 60849
1668992342753 1.6542791898520324 60899
1668992356603 1.4357716780737813 60949
1668992382784 1.7953266837161825 60999
1668992396609 1.9503838282493136 61049
1668992410475 1.8039928767685658 61099
1668992424367 1.6439302506339644 61149
1668992450687 1.5693618747736122 61199
1668992464552 1.4768257168474876 61249
1668992478468 1.6260142680655325 61299
1668992492395 1.7045157935405 61349
1668992506404 1.6444546999224485 61399
1668992532607 1.4636022247427536 61449
1668992546437 1.777674583245782 61499
1668992560301 1.1851700713946687 61549
1668992574190 1.4667747172141405 61599
1668992600442 1.9528797016034596 61649
1668992614261 1.5695815594768394 61699
1668992628135 1.33708127666069 61749
1668992642008 1.5227485930285654 61799
1668992668413 1.796225293426969 61849
1668992682213 1.7586996051283754 61899
1668992696069 1.6766007494354929 61949
1668992709930 1.7484985475087282 61999
1668992723791 1.6177209276484001 62049
1668992750122 1.716575420745782 62099
1668992763955 1.6387660469777194 62149
1668992777885 1.452150285120235 62199
1668992791772 1.8079041617271643 62249
1668992818071 1.9554639063018264 62299
1668992831912 1.3840197394401899 62349
1668992845755 1.6282783192598262 62399
1668992859629 1.5079727816853716 62449
1668992885883 1.6425970890815094 62499
1668992899830 1.917913512727331 62549
1668992913678 1.4131869749410169 62599
1668992927559 1.6031266688643937 62649
1668992941429 1.3583552068963471 62699
1668992967607 1.750293645938578 62749
1668992981454 1.9490846528691539 62799
1668992995325 1.9401583382633527 62849
1668993009194 1.1477442082235418 62899
1668993035642 1.651447016610919 62949
1668993049456 1.8116625308710286 62999
1668993063299 1.4237953622799686 63049
1668993077165 1.6414896085879394 63099
1668993103396 1.5656602821071988 63149
1668993117262 1.7917371771819839 63199
1668993131160 1.5595716711650596 63249
1668993145055 1.635682513749981 63299
1668993158977 1.7043031177669015 63349
1668993185197 1.6087562178627004 63399
1668993199049 1.7759715629340698 63449
1668993212916 1.4422132236477356 63499
1668993226819 1.311389971485482 63549
1668993253308 1.756178187633346 63599
1668993267141 1.6379462941892535 63649
1668993281005 1.767679609683908 63699
1668993294872 1.790001849531473 63749
1668993321081 1.763303438811374 63799
1668993334915 1.6633749549261738 63849
1668993348776 1.7506366177873665 63899
1668993362637 1.7632123223291536 63949
1668993376495 1.9271272899926182 63999
1668993402619 1.6033025704233421 64049
1668993416464 1.6647604604964652 64099
1668993430320 1.8067915752879982 64149
1668993444191 1.9407277066402147 64199
1668993470467 1.6432311037182574 64249
1668993484297 1.9152443945412805 64299
1668993498152 1.915760822839569 64349
1668993512024 1.7796564428854298 64399
1668993538145 1.4105257505192252 64449
1668993551969 1.7943617019509732 64499
1668993565801 1.310229314672083 64549
1668993579644 1.8285115110910426 64599
1668993593514 1.3387466891473574 64649
1668993619775 1.7519634951648582 64699
1668993633638 1.8089157052803118 64749
1668993647500 1.7470888132909512 64799
1668993661378 1.9368385515711988 64849
1668993687715 1.7407028062486076 64899
1668993701609 1.6379150748901958 64949
1668993715541 1.5780380905476274 64999
1668993729492 1.6447040792467615 65049
1668993743258 1.9047627643871419 65099
