1669850695296 1.3988632603166042 49
1669850709842 1.5920313195138218 99
1669850724376 2.1664495424385315 149
1669850739036 1.2513920239010357 199
1669850766181 1.600308033471326 249
1669850780760 1.5006866203699092 299
1669850795323 1.0398216854148412 349
1669850809856 1.1204043794866965 399
1669850837075 1.258873041091232 449
1669850851653 1.6365735857642218 499
1669850866371 0.9988970296511689 549
1669850880946 0.9798427163436816 599
1669850895872 1.4832726475182911 649
1669850923119 1.3564508797071486 699
1669850937655 1.0097369216390752 749
1669850952230 1.2989443834377057 799
1669850966780 1.6216371595635142 849
1669850993967 1.5771731830925537 899
1669851008561 1.2666480168712824 949
1669851023517 1.228331654358767 999
1669851038223 1.4984593673793722 1049
1669851065337 1.4034481374394334 1099
1669851079864 1.4529477182315995 1149
1669851094418 1.6513436132979196 1199
1669851109047 1.6883391106927843 1249
1669851123604 1.3322701614489163 1299
1669851150704 1.3892679377464328 1349
1669851165227 1.4620568536909406 1399
1669851180345 1.6212322071577474 1449
1669851194916 1.5578236873201874 1499
1669851221971 1.2091598453654293 1549
1669851236515 1.52709432612102 1599
1669851251243 0.9131026133198188 1649
1669851265758 1.511195100719248 1699
1669851292793 1.2640013323117856 1749
1669851307674 1.2652916137136907 1799
1669851322413 1.1768084167603803 1849
1669851337164 1.3704902673704455 1899
1669851351764 1.2946635470423813 1949
1669851379030 1.9060918990937132 1999
1669851393563 1.2195154466093554 2049
1669851408171 1.6814436642178014 2099
1669851422724 1.3570658938597133 2149
1669851450148 1.5006528800826955 2199
1669851464786 1.0325085000104128 2249
1669851479418 1.150560988247965 2299
1669851494138 1.5106182132527533 2349
1669851521418 1.5750329944051327 2399
1669851535999 1.1503028450639365 2449
1669851550545 0.9011269058146709 2499
1669851565398 1.1630252756578516 2549
1669851580185 1.474608709419053 2599
1669851607378 1.3387721818353087 2649
1669851622135 1.358971337556378 2699
1669851636761 1.1395907187700691 2749
1669851651290 1.435262422359291 2799
1669851678438 1.7580404318186935 2849
1669851693162 1.7254524252941854 2899
1669851708092 1.3176648733912506 2949
1669851722786 1.7205751130058 2999
1669851749952 1.0613755501737967 3049
1669851764475 1.3148949078939496 3099
1669851779128 1.5001596229566663 3149
1669851793627 1.2621485005690927 3199
1669851808125 1.1392652015829854 3249
1669851835437 1.1351464142670702 3299
1669851849977 1.4960716582125095 3349
1669851864678 1.2269438941894983 3399
1669851879327 1.2136914985847223 3449
1669851906522 1.2480669285644517 3499
1669851921204 1.8060194958530555 3549
1669851935765 1.0322470794679635 3599
1669851950323 1.450952073935213 3649
1669851977666 1.7638301468520536 3699
1669851992255 1.4573864553316493 3749
1669852006818 1.673094150415223 3799
1669852021415 1.5322301577731832 3849
1669852036097 1.036643801725699 3899
1669852063181 1.3990685026420728 3949
1669852077864 1.2506564201764576 3999
1669852092412 1.339907220321337 4049
1669852106943 1.3688680990225288 4099
1669852134419 1.5366838358752695 4149
1669852148946 1.4352632802759735 4199
1669852163490 1.4005683505970716 4249
1669852178228 1.2288195383276643 4299
1669852205675 1.6920274425110882 4349
1669852220177 1.164473079909866 4399
1669852234806 1.896836994795978 4449
1669852249617 0.9022838263155362 4499
1669852264150 0.9924201878402819 4549
1669852291362 1.9227085017922794 4599
1669852305881 1.5436131094739673 4649
1669852320672 1.4641941193443488 4699
1669852335469 1.5609320946365726 4749
1669852362633 1.4772291656547056 4799
1669852377312 1.3173475287447776 4849
1669852392019 1.2913940727847186 4899
1669852406573 0.8043048837368858 4949
1669852433840 1.3015830376581838 4999
1669852448391 1.7226077919541278 5049
1669852462929 1.4817863555690165 5099
1669852477656 1.6688610781274429 5149
1669852492369 1.3555602536664444 5199
1669852519792 1.0211865261619715 5249
1669852534326 1.2884431677747652 5299
1669852548846 1.9357968883419463 5349
1669852563390 1.8051516546286666 5399
1669852590599 1.4955635609305182 5449
1669852605273 0.8132059766320596 5499
1669852619846 1.10716197270211 5549
1669852634418 1.2075376132378566 5599
1669852661987 1.1474707551077192 5649
1669852676500 1.4256409315187732 5699
1669852691164 1.3922489077296283 5749
1669852705840 1.1408127806765052 5799
1669852720406 1.35909926206797 5849
1669852747680 1.0302410250876772 5899
1669852762256 1.4618022463178666 5949
1669852776960 1.3549828594008106 5999
1669852791537 1.8723016562818637 6049
1669852818871 1.5643606527003293 6099
1669852833699 1.2961058929342921 6149
1669852848270 1.4976151296859648 6199
1669852862847 1.7139288161723645 6249
1669852890134 1.1631073011085198 6299
1669852904710 1.5133416177459054 6349
1669852919410 1.576841390071763 6399
1669852933980 1.499897897070943 6449
1669852948690 1.7941269729097535 6499
1669852976004 1.507039059929094 6549
1669852990623 1.5113189530345217 6599
1669853005168 1.2231845859481556 6649
1669853019754 2.076207606928251 6699
1669853047169 1.6735233363925852 6749
1669853061846 1.5492250281209474 6799
1669853076611 1.3191433237529266 6849
1669853091267 1.0632032770236635 6899
1669853118518 2.0814097972849037 6949
1669853133056 1.4576138721617573 6999
1669853147735 1.1199071283295052 7049
1669853162279 1.5367927932564718 7099
1669853176973 0.8236536371798809 7149
1669853204248 1.1557797185432799 7199
1669853219050 1.7056308011313335 7249
1669853233828 1.2916658213299228 7299
1669853248389 0.7374361291656288 7349
1669853275693 1.529069618862045 7399
1669853290361 1.5074693597698916 7449
1669853304898 1.3805506595936934 7499
1669853319417 1.1952029528182964 7549
1669853347568 1.7123920834289204 7599
1669853362246 1.4630141215282675 7649
1669853377206 1.7918896051299646 7699
1669853392066 1.520024600330034 7749
1669853406922 0.9871024042960954 7799
1669853434735 1.0165094283008034 7849
1669853449479 0.893616051571413 7899
1669853464271 1.326004887769245 7949
1669853478956 1.398118523075583 7999
1669853506916 1.2335614173793716 8049
1669853521831 1.0229460311534182 8099
1669853536670 1.274722280827304 8149
1669853551434 1.5613162809820964 8199
1669853579121 1.3630316375125782 8249
1669853593841 1.2754460219856498 8299
1669853608536 1.3601249417579904 8349
1669853623353 1.2796947473477407 8399
1669853638187 1.8201173077056927 8449
1669853666198 1.663885749480426 8499
1669853681031 1.216274155732969 8549
1669853695682 1.490478063677586 8599
1669853710383 1.415467894706807 8649
1669853738114 1.4932061661151597 8699
1669853752861 1.296527471495553 8749
1669853767906 1.3288911325007218 8799
1669853782614 1.4845606636337525 8849
1669853810384 1.3228154382323267 8899
1669853825329 1.7479038293460945 8949
1669853840109 1.2532416363852512 8999
1669853854872 1.2395016815210336 9049
1669853869612 1.348584429573307 9099
1669853897587 1.3362525229425581 9149
1669853912419 1.753709322612655 9199
1669853927278 1.5745129049509825 9249
1669853942114 1.715041587150126 9299
1669853969970 1.5727192146588953 9349
1669853984876 1.2124181737774156 9399
1669853999601 1.7542310705671778 9449
1669854014424 1.3242826728864436 9499
1669854042102 1.600668100098677 9549
1669854056711 1.6234742047186124 9599
1669854071784 1.639284135385583 9649
1669854086421 1.7688689621767306 9699
1669854101047 1.2014309670851855 9749
1669854128692 1.4138029867407704 9799
1669854143338 1.1212434235945428 9849
1669854158070 1.4526713609980044 9899
1669854172768 1.4144114769712557 9949
1669854200401 1.5019437828140352 9999
1669854215305 1.636407443398359 10049
1669854230104 1.570764209859318 10099
1669854244784 1.3698693366528019 10149
1669854272309 1.348700163581269 10199
1669854286985 0.9737984539168041 10249
1669854301813 1.7630808142853756 10299
1669854316780 1.3068469931904305 10349
1669854331492 1.220306970143358 10399
1669854359251 1.3649545698620555 10449
1669854374046 1.7688165789967616 10499
1669854388682 1.1632896870029827 10549
1669854403354 1.7386602698707576 10599
1669854431073 1.2175195157508978 10649
1669854445738 1.4774124518737506 10699
1669854460451 1.50165524436188 10749
1669854475257 1.4501790128728795 10799
1669854489745 1.2250811959927015 10849
1669854517694 1.3884123607306171 10899
1669854532401 1.1190666140066943 10949
1669854547199 1.2944450314116804 10999
1669854562083 1.4812473613751282 11049
1669854589774 1.7889153519726442 11099
1669854604563 1.3559412599119858 11149
1669854619440 1.199268753953479 11199
1669854634337 1.625993196935203 11249
1669854662125 1.7471392819278728 11299
1669854676782 1.9554041486123017 11349
1669854691411 1.5008379659368367 11399
1669854706213 1.1658652526296795 11449
1669854720935 1.684910989184778 11499
1669854748473 1.5128074885189298 11549
1669854763463 1.302189717993299 11599
1669854778300 1.3038443953129202 11649
1669854793096 1.1263162220457796 11699
1669854820753 1.4006290277979068 11749
1669854835404 1.4324407437907452 11799
1669854850084 1.3339097397197155 11849
1669854864794 1.340767051383715 11899
1669854892598 1.4489885295549845 11949
1669854907568 1.5420931835842784 11999
1669854922206 1.3659442307495855 12049
1669854936840 1.056080403560693 12099
1669854951471 1.31636937252058 12149
1669854979374 1.4636196070056102 12199
1669854994060 1.0947177701332043 12249
1669855008808 1.3425803333063966 12299
1669855023502 1.3324307250695175 12349
1669855051466 1.5622164543663062 12399
1669855066286 0.9795139779344813 12449
1669855080942 0.9509014698720686 12499
1669855095760 1.010133405775306 12549
1669855123657 1.2466432745982257 12599
1669855138330 1.4842064787773392 12649
1669855153000 1.321753887995534 12699
1669855167705 1.6625863028583092 12749
1669855182341 1.3903840951221547 12799
1669855210095 1.5804485759371332 12849
1669855225098 1.1003732133286659 12899
1669855239712 1.7182897428413928 12949
1669855254390 1.6004266097254067 12999
1669855282174 1.1020860076176962 13049
1669855297110 1.4515786637848702 13099
1669855311766 2.0935323620847806 13149
1669855326584 1.1253998967615115 13199
1669855354493 1.3719588181252607 13249
1669855369470 1.1727213322908547 13299
1669855384319 1.5662868501018612 13349
1669855399010 1.4939923453304182 13399
1669855413935 1.5669540453626933 13449
1669855441672 1.7259307359316944 13499
1669855456351 1.5856604513662922 13549
1669855471157 1.1738710815837012 13599
1669855485838 1.0118457382779644 13649
1669855513598 1.328056116218412 13699
1669855528407 1.5396249672412532 13749
1669855543035 1.3683266254217212 13799
1669855557722 1.5571990271525848 13849
1669855585511 0.8295138090073666 13899
1669855600237 1.3754955389907955 13949
1669855615088 1.3431829009173475 13999
1669855630004 0.8060245678243595 14049
1669855644820 1.461345969623362 14099
1669855672595 1.4741382841493602 14149
1669855687252 1.826092501655713 14199
1669855702028 1.3491463437962523 14249
1669855716681 1.1807193218908814 14299
1669855744348 1.1858916431046036 14349
1669855759160 1.4471323860745324 14399
1669855773959 1.299848854875004 14449
1669855788744 1.5274752154656133 14499
1669855816206 1.4700540101229782 14549
1669855830946 1.4040670522908216 14599
1669855845818 1.5059686527219172 14649
1669855860539 1.3826027108307695 14699
1669855875261 1.3381019599738764 14749
1669855903021 1.5409251267839976 14799
1669855917779 1.6828481951568108 14849
1669855932715 1.732396390607684 14899
1669855947333 1.6345986491394802 14949
1669855974880 1.0962044117824101 14999
1669855989686 1.0693339287597343 15049
1669856004389 1.3919852307762173 15099
1669856019049 1.0912566632649767 15149
1669856046872 1.262296091126119 15199
1669856061663 1.5176213148988766 15249
1669856076429 0.8262881834697156 15299
1669856091191 1.05372546148015 15349
1669856105931 1.260563848659238 15399
1669856133869 1.4123469603637337 15449
1669856148561 0.857802440070561 15499
1669856163276 1.2651556658127627 15549
1669856178043 1.177420161023344 15599
1669856205796 1.330230992858985 15649
1669856220603 1.7286480183597899 15699
1669856235430 1.4206856833591406 15749
1669856250073 1.5069927912315633 15799
1669856277754 1.7516572755726936 15849
1669856292424 1.5690077354169718 15899
1669856307284 1.071191392012024 15949
1669856321941 1.2418635020777722 15999
1669856336572 1.6604737180192175 16049
1669856364639 1.4084251648972859 16099
1669856379572 1.9766158324261087 16149
1669856394291 1.5416330218849261 16199
1669856408969 1.500975448657821 16249
1669856436659 1.2125768130443584 16299
1669856451571 1.3822154660996655 16349
1669856466275 1.2355328299894475 16399
1669856480981 1.2581183189770992 16449
1669856508985 1.1547087183698852 16499
1669856523851 1.3022559243900973 16549
1669856538646 1.6198035043334305 16599
1669856553302 1.3594768781958737 16649
1669856567947 1.4403820571948975 16699
1669856595750 0.963202622100242 16749
1669856610466 1.3609892201261937 16799
1669856625340 1.5166787067287433 16849
1669856640183 1.1831318483413473 16899
1669856667860 1.65933643319714 16949
1669856682489 1.531102876526114 16999
1669856697274 1.2702799699134737 17049
1669856711906 1.1802360252355384 17099
1669856739732 1.1198018521559132 17149
1669856754453 1.5352409049902753 17199
1669856769427 1.249397893000865 17249
1669856784127 1.3584263755886365 17299
1669856798965 0.8761975768505955 17349
1669856826500 1.8510573951961242 17399
1669856841155 1.0441781261489773 17449
1669856855835 1.3626010336373446 17499
1669856870490 1.3515843154818215 17549
1669856898259 1.0104361547332723 17599
1669856913143 1.0946772620580618 17649
1669856927875 1.7351908055207066 17699
1669856942749 1.8955438931584103 17749
1669856970815 0.9747721187175705 17799
1669856985518 1.291975785894879 17849
1669857000193 1.057285873737687 17899
1669857015177 1.5548152045594328 17949
1669857029999 1.2753290585763302 17999
1669857057637 1.5152607774091122 18049
1669857072323 1.3830062531019263 18099
1669857087129 1.1651347934947593 18149
1669857101835 1.144126527901479 18199
1669857129750 1.484429808156342 18249
1669857144398 1.288362488914205 18299
1669857159392 1.2895858790151382 18349
1669857174044 1.555101979390324 18399
1669857201852 1.4334520519480272 18449
1669857216719 1.287115657783437 18499
1669857231591 1.5079575505475489 18549
1669857246371 1.427845367146812 18599
1669857261097 1.4227064366299402 18649
1669857288653 1.052847239803305 18699
1669857303624 1.6155621410520058 18749
1669857318279 1.6957417176653538 18799
1669857332959 0.6055607838250496 18849
1669857360655 1.4620016722006457 18899
1669857375562 1.0308935178508856 18949
1669857390424 0.9615282710520368 18999
1669857405150 1.2248941941150626 19049
1669857433049 1.028787820414279 19099
1669857448018 0.9433382544258822 19149
1669857462691 1.182274856060452 19199
1669857477383 1.480125192806883 19249
1669857492043 1.3397745944143622 19299
1669857520080 1.120738765525641 19349
1669857534753 1.7260294491299892 19399
1669857549400 1.2132410794912243 19449
1669857564101 1.2129981502378522 19499
1669857592009 1.7409714946383534 19549
1669857606857 1.3686869379218103 19599
1669857621556 1.663492064413313 19649
1669857636343 0.9446510585975931 19699
1669857664249 1.6625450411861749 19749
1669857678965 1.1595845337277138 19799
1669857693682 1.469936123025697 19849
1669857708515 1.3614967010515264 19899
1669857723246 1.772386811381334 19949
1669857751163 1.4208414970809389 19999
1669857765816 1.2581292018812325 20049
1669857780634 1.5387879686572006 20099
1669857795277 1.733385752660567 20149
1669857823251 1.4757399134803784 20199
1669857838162 1.588797923508089 20249
1669857852902 1.5306326042405292 20299
1669857867642 1.1269880844864137 20349
1669857895332 1.3711735948517334 20399
1669857910180 1.4542322752444328 20449
1669857925030 1.893119152399448 20499
1669857939741 1.3790851117478797 20549
1669857954515 0.9917920862156677 20599
1669857982265 1.6427814395005238 20649
1669857997074 1.3401384098196882 20699
1669858011790 1.2386910433243665 20749
1669858026612 1.984553542093695 20799
1669858054455 1.3670345304229017 20849
1669858069121 1.5426938255926537 20899
1669858083788 1.659885314544118 20949
1669858098594 1.0779245347989956 20999
1669858126735 1.4734681737173294 21049
1669858141352 1.8660696182255965 21099
1669858156107 1.2417279787943953 21149
1669858170737 1.7924353827175805 21199
1669858185398 1.15258163453531 21249
1669858213202 1.0958730744187473 21299
1669858227836 1.3469915381422937 21349
1669858242531 1.1148755622872009 21399
1669858257332 1.489141336414268 21449
1669858285102 1.4667741394318754 21499
1669858299920 1.141918437721668 21549
1669858314576 1.3557101056109206 21599
1669858329276 1.5611354495720422 21649
1669858343735 1.4263466629226187 21699
1669858371622 1.6331616271227776 21749
1669858386537 1.4475312359465358 21799
1669858401171 1.2115472908136016 21849
1669858416018 1.5262825797840838 21899
1669858443843 1.2075480358399577 21949
1669858458527 1.0766019901395718 21999
1669858473173 1.8043223314051504 22049
1669858487853 1.7732309339234376 22099
1669858515847 1.8412561245960768 22149
1669858530627 1.1573846790129738 22199
1669858545347 1.485860374019184 22249
1669858560045 1.2699936122603956 22299
1669858574978 1.7815651877479657 22349
1669858602763 1.2214741999366605 22399
1669858617475 1.3870213396230684 22449
1669858632159 1.1460639807833415 22499
1669858646959 0.9250790490727916 22549
1669858674804 1.7169204006375614 22599
1669858689637 1.2178004290013156 22649
1669858704612 1.1380804312744823 22699
1669858719298 1.5229047404113705 22749
1669858747257 1.797768725374842 22799
1669858761965 1.4652012220597086 22849
1669858776617 0.9673204328008184 22899
1669858791422 1.117485323205381 22949
1669858806210 1.3545457159200274 22999
1669858833849 1.0009616385335938 23049
1669858848820 1.1822575373621058 23099
1669858863481 1.5043985740852894 23149
1669858878131 1.166563833820843 23199
1669858906016 0.936719134172509 23249
1669858920771 1.3379145986072527 23299
1669858935461 1.7710390963868066 23349
1669858950301 1.1032780384245542 23399
1669858978411 1.6845147293415306 23449
1669858993118 1.4316713972950716 23499
1669859007938 1.5499760400948048 23549
1669859022644 1.5236961348329285 23599
1669859037326 1.33716681570799 23649
1669859065143 1.193344170193294 23699
1669859079804 1.586640850644143 23749
1669859094495 1.511862723112246 23799
1669859109332 1.4492592699020763 23849
1669859137682 1.5371425268132375 23899
1669859152341 1.2633469237819708 23949
1669859167031 1.0000656166685742 23999
1669859181722 1.2555204570772782 24049
1669859209484 1.158786529881227 24099
1669859224167 1.2796780555728988 24149
1669859238973 1.302553862797744 24199
1669859253816 1.1301773436893163 24249
1669859268447 1.1549900323482507 24299
1669859296340 1.0981344708988088 24349
1669859311028 1.7944193684386285 24399
1669859325695 1.1365349803039162 24449
1669859340340 1.2850571869189755 24499
1669859367916 0.9632373950185475 24549
1669859382903 1.5413728554477535 24599
1669859397584 1.2883611458917015 24649
1669859412431 1.277871368426566 24699
1669859440300 0.8197408612899202 24749
1669859454980 1.3154447895275043 24799
1669859469656 1.1964579537360025 24849
1669859484310 1.7402637776422285 24899
1669859498944 0.9695138116916702 24949
1669859526771 1.1147353751183084 24999
1669859541725 1.716479898079246 25049
1669859556518 2.014127083274528 25099
1669859571171 1.2824982721991613 25149
1669859599060 1.5804965508532454 25199
1669859613753 1.248710685912898 25249
1669859628452 1.5192360253832509 25299
1669859643145 1.0963151093393333 25349
1669859671153 0.98458144109297 25399
1669859685958 1.1545970781789112 25449
1669859700749 1.2492294956310617 25499
1669859715528 1.5093495160312171 25549
1669859730155 1.3292979145060573 25599
1669859758004 1.4313672149294452 25649
1669859772710 1.1614293992564764 25699
1669859787386 1.6715304247096325 25749
1669859802062 2.0335686543431724 25799
1669859830034 1.340116732443442 25849
1669859844681 1.2161844418710857 25899
1669859859493 1.4147805960551354 25949
1669859874173 1.2488221304119653 25999
1669859902055 1.5555691863993748 26049
1669859916717 1.1921834633164572 26099
1669859931403 1.3204275342900367 26149
1669859946223 0.9931631167862279 26199
1669859960859 1.6017716759179117 26249
1669859989117 1.4239371395643032 26299
1669860003806 1.6085304839170536 26349
1669860018456 1.55719319573465 26399
1669860033121 1.1020466873255976 26449
1669860061090 1.4000622971083887 26499
1669860075908 1.3804161642593191 26549
1669860090619 1.1486748028845084 26599
1669860105556 1.280697326058283 26649
1669860133433 1.3800074679546097 26699
1669860148090 1.6368682430985575 26749
1669860162755 1.458634509721115 26799
1669860177416 1.7590495418480572 26849
1669860192238 1.5221764193429672 26899
1669860220158 1.596970581830267 26949
1669860234838 1.7514181352066014 26999
1669860249663 1.7564806042743606 27049
1669860264330 1.4148241383820448 27099
1669860292522 1.3922191558174648 27149
1669860307240 1.2677200938756146 27199
1669860321940 0.9664811994795205 27249
1669860336806 1.0869690560116498 27299
1669860364552 1.5802621282541085 27349
1669860379395 1.5471519174366706 27399
1669860394232 1.1418080728718771 27449
1669860408946 1.2342765220745489 27499
1669860423787 1.4634741097101553 27549
1669860451595 1.266870285954885 27599
1669860466412 1.7001490132466683 27649
1669860481098 1.3627302622318052 27699
1669860495764 1.495985759913801 27749
1669860523973 0.8313721022155389 27799
1669860538635 1.1025415237664116 27849
1669860553326 1.9059262546752973 27899
1669860567995 0.8417863249566401 27949
1669860595768 1.6635345515006632 27999
1669860610436 1.7116893630246641 28049
1669860625262 1.0611931155766499 28099
1669860640144 1.706379140465374 28149
1669860654820 1.0328948750620695 28199
1669860682802 1.7834448348183423 28249
1669860697521 1.3367382895288644 28299
1669860712491 1.3491959218607996 28349
1669860727490 0.9576077686877479 28399
1669860755300 1.9864910429630975 28449
1669860770250 1.339359550900157 28499
1669860784913 1.4920388900529051 28549
1669860799566 1.60128721671378 28599
1669860827402 1.0938584249000192 28649
1669860842180 1.085353604831937 28699
1669860856862 1.3758737527098377 28749
1669860871515 1.429799310301309 28799
1669860886161 1.399559327660616 28849
1669860914246 1.5809580449788738 28899
1669860929059 1.185451148762311 28949
1669860943861 1.1078136290455878 28999
1669860958546 1.3555312570389377 29049
1669860986471 1.7120553212675405 29099
1669861001274 1.803205677771657 29149
1669861015904 1.4861386437721644 29199
1669861030676 1.3426612016346087 29249
1669861058326 0.9625527897620556 29299
1669861073166 1.5851074291814622 29349
1669861087835 0.9604525564788313 29399
1669861102529 1.5844684502303015 29449
1669861117213 1.7377110524587165 29499
1669861144970 1.3381256352026734 29549
1669861159685 1.4805441808617745 29599
1669861174403 1.2140041008606253 29649
1669861189112 1.2631854137397363 29699
1669861217231 1.5330576294259315 29749
1669861231893 1.1691648882759624 29799
1669861325058 1.5331045554071954 29849
1669861339824 1.654822907007525 29899
1669861367708 1.5359009649045614 29949
1669861382364 1.5009900726421648 29999
1669861397049 1.7880225589692798 30049
1669861411865 1.13774819989837 30099
1669861426659 1.278431363049707 30149
1669861454316 1.5621714751323668 30199
1669861469068 0.9047260878058981 30249
1669861483715 1.3528472749808802 30299
1669861498345 1.6090434488272551 30349
1669861526075 1.738695775593171 30399
1669861540732 1.6783414111573391 30449
1669861555365 1.5904656433651716 30499
1669861570308 1.4930583601938332 30549
1669861598347 1.0775297444141185 30599
1669861612961 1.1197360349697805 30649
1669861627643 1.6024878500920257 30699
1669861642428 1.4156263604444277 30749
1669861657135 1.2880618758218807 30799
1669861684791 1.6178073327142748 30849
1669861699733 1.2342700134440907 30899
1669861714691 1.3263388930139295 30949
1669861729318 1.2746228887850481 30999
1669861757054 1.5637227614181126 31049
1669861771795 1.0874080832492172 31099
1669861786423 0.9506296149000635 31149
1669861801063 1.1348157236562717 31199
1669861828877 1.988095235722473 31249
1669861843772 1.655934850485223 31299
1669861858570 1.161102762924811 31349
1669861873386 1.133683976033261 31399
1669861888033 0.7940531923746128 31449
1669861915898 1.1955480118339605 31499
1669861930589 1.5554027820328458 31549
1669861945237 1.4025451103275461 31599
1669861959884 1.130574244218354 31649
1669861987995 1.1551815852684177 31699
1669862002864 1.5385762076615153 31749
1669862017717 1.3429751027609096 31799
1669862032549 1.661548601745555 31849
1669862060323 1.7098098064505056 31899
1669862075022 1.5871566832798707 31949
1669862089722 1.4849913752439023 31999
1669862104447 2.1970634655861816 32049
1669862119174 1.1792245241731263 32099
1669862147093 1.780672250599763 32149
1669862161835 1.5254920577846796 32199
1669862176497 1.7664258688683359 32249
1669862191282 1.4561715138199676 32299
1669862219158 1.4999611993386437 32349
1669862233819 1.4066426943120725 32399
1669862248441 1.3507890054817748 32449
1669862263202 1.1626906809743107 32499
1669862277671 0.6626818823739569 32549
1669862305985 1.5950453693455138 32599
1669862320673 0.9804834846550978 32649
1669862335656 1.674026303441324 32699
1669862350394 1.1032738831425077 32749
1669862377904 1.483320556810203 32799
1669862392587 1.1146531948549125 32849
1669862407555 1.982382592919459 32899
1669862422202 1.8055799049238201 32949
1669862450251 0.8962174795284974 32999
1669862465057 1.4286965345632199 33049
1669862479686 1.4704211848456357 33099
1669862494375 0.92535597457053 33149
1669862508993 1.4492282086586 33199
1669862537016 1.1172169225629411 33249
1669862551743 0.8893736232874606 33299
1669862566403 1.7763427922833015 33349
1669862581240 1.0562127353536426 33399
1669862609270 1.4896290901769464 33449
1669862623919 1.81689092740917 33499
1669862638588 1.5047673354228297 33549
1669862653264 1.149897478753005 33599
1669862681219 1.1494124293301637 33649
1669862695892 1.726969730521914 33699
1669862710529 0.9865578785571213 33749
1669862725332 1.372476599084905 33799
1669862740108 1.5764125163409997 33849
1669862767864 1.5550373839472549 33899
1669862782528 1.487448718080327 33949
1669862797291 1.330643126939646 33999
1669862811911 1.5360874671488491 34049
1669862839730 1.3624960993192183 34099
1669862854552 1.4952180820192247 34149
1669862869367 1.476800936809788 34199
1669862884066 1.1733484236972815 34249
1669862911958 1.2214516305927599 34299
1669862926605 1.5082800849673106 34349
1669862941418 1.712357624837313 34399
1669862956087 1.2546256135295455 34449
1669862970980 1.3514047810800363 34499
1669862998824 1.7569322639413898 34549
1669863013644 1.2281535638889367 34599
1669863028272 1.3132471559443701 34649
1669863042918 1.3128890961344153 34699
1669863070786 1.3502579444184348 34749
1669863085472 0.9875340340623373 34799
1669863100119 1.5589560997631227 34849
1669863115355 1.119444384513069 34899
1669863143327 1.3264201186704065 34949
1669863157974 1.1369500421287566 34999
1669863172625 0.9639834153205398 35049
1669863187263 1.2846360337714766 35099
1669863201863 1.1647138920138778 35149
1669863229504 1.5483082987434886 35199
1669863244291 0.8168925805072202 35249
1669863259113 1.3319193067559145 35299
1669863273939 1.520570977622839 35349
1669863301825 1.0891505001018578 35399
1669863316586 1.1992218148855465 35449
1669863331357 1.2714782729723848 35499
1669863346109 1.1028507277330053 35549
1669863374048 1.7436200249325757 35599
1669863388854 1.6061775971826926 35649
1669863403666 1.0905269114161809 35699
1669863418307 1.5099524269343532 35749
1669863432935 1.413087007471301 35799
1669863460637 1.6847532674932917 35849
1669863475284 1.0005307253988498 35899
1669863489910 2.0035812847039294 35949
1669863504698 1.4968941405883691 35999
1669863532387 1.1785315094279096 36049
1669863547018 1.4871851844838297 36099
1669863561847 1.1652154404574833 36149
1669863576558 1.6528826917858943 36199
1669863604525 1.592748736265495 36249
1669863619165 1.7823724960950988 36299
1669863633838 1.6510413457444262 36349
1669863648485 1.239679526655193 36399
1669863663261 1.211573612498614 36449
1669863691191 1.7292519395298958 36499
1669863706027 1.4560927497642995 36549
1669863720957 1.0999001288613541 36599
1669863735626 1.2466956214157692 36649
1669863763463 1.2781639063216423 36699
1669863778142 1.5193850563771822 36749
1669863792822 1.172914876840029 36799
1669863807653 1.0928033401722832 36849
1669863835590 1.112739490401589 36899
1669863850420 1.299234004013124 36949
1669863865242 1.3860382509524207 36999
1669863880018 0.964963637204856 37049
1669863894644 1.7815844217273067 37099
1669863922485 1.6677553249958894 37149
1669863937279 1.133871869819357 37199
1669863951955 1.2792393373002613 37249
1669863966638 1.2182758264245492 37299
1669863994502 1.5701132492934642 37349
1669864009293 1.3907814454099796 37399
1669864024257 1.2112286011133169 37449
1669864038920 0.9699047443999408 37499
1669864066673 1.4737339520474753 37549
1669864081491 1.0496016497302891 37599
1669864096285 1.4956415745412386 37649
1669864110969 1.285969394013922 37699
1669864125777 1.3745152911719556 37749
1669864154192 1.5106937184545028 37799
1669864168994 1.7562653969838973 37849
1669864184218 1.7616508556330885 37899
1669864198913 1.1607556052934336 37949
1669864226823 1.8082632902158045 37999
1669864241682 1.1201328039877445 38049
1669864256393 1.295428885889129 38099
1669864271105 1.601808487429695 38149
1669864298965 1.8851002179462235 38199
1669864313885 0.8151383888369423 38249
1669864328546 1.582035267237977 38299
1669864343373 1.8136294632555503 38349
1669864358088 1.09701203046014 38399
1669864386089 1.1743514410825469 38449
1669864400958 1.2165919085698165 38499
1669864415625 1.5312811641545827 38549
1669864430280 1.736333747841254 38599
1669864458290 1.0600736793903554 38649
1669864472958 1.1299717014469248 38699
1669864487743 1.1331551426105877 38749
1669864502656 1.2942749898717576 38799
1669864530464 1.264038141098062 38849
1669864545101 1.356607999530571 38899
1669864559733 1.2004298528806903 38949
1669864574590 1.4957268682822087 38999
1669864589215 2.0493599204928485 39049
1669864617203 1.5299772411182415 39099
1669864632006 1.1933181579807686 39149
1669864646684 1.5624704938632923 39199
1669864661494 1.4068842524339293 39249
1669864689315 1.1913913421167395 39299
1669864704123 1.268744371954862 39349
1669864718852 1.7181584503922518 39399
1669864733571 1.5255028833328248 39449
1669864761614 1.2578301567109023 39499
1669864776432 1.3128668287354168 39549
1669864791100 1.1877174535611232 39599
1669864805901 0.5901698269645086 39649
1669864820582 0.9791538399570296 39699
1669864848225 0.821326932172731 39749
1669864862886 1.5558583321654496 39799
1669864877775 1.606670856535367 39849
1669864892365 1.5153833961073198 39899
1669864920300 1.4599583038312614 39949
1669864935065 1.3464512799424493 39999
1669864949736 1.4287288667697746 40049
1669864964359 1.5726468088356724 40099
1669864992541 1.5609478821147462 40149
1669865007241 1.2353541094149325 40199
1669865022088 1.5001119732935477 40249
1669865036813 0.9147337853081787 40299
1669865051653 1.3875245801941087 40349
1669865079500 1.4604640556788149 40399
1669865094326 1.544042983727023 40449
1669865109041 1.449752290752925 40499
1669865123702 1.1766603383371552 40549
1669865151877 1.514525746396428 40599
1669865166599 1.6149933953354472 40649
1669865181457 1.4392484853841618 40699
1669865196123 1.4524018922675825 40749
1669865224188 1.5558803845037281 40799
1669865239081 1.5053130945868851 40849
1669865253828 1.1292776562399203 40899
1669865268664 0.9710339316164218 40949
1669865283368 1.5934439014673696 40999
1669865311084 1.8830506989218354 41049
1669865325925 1.6986789061333951 41099
1669865340587 1.4682424823998899 41149
1669865355301 1.4178797893048722 41199
1669865383026 1.687620410596304 41249
1669865397720 1.2927657069290217 41299
1669865412369 1.4386176262586707 41349
1669865427112 1.1306971543808344 41399
1669865454963 1.4843805177820801 41449
1669865469793 1.5160325065488371 41499
1669865484632 1.5731286872179813 41549
1669865499440 1.1129277370267296 41599
1669865514245 1.5514194880194339 41649
1669865542336 1.1798363331921862 41699
1669865556978 1.7677891157452734 41749
1669865571610 1.9277401620893453 41799
1669865586268 0.9010226906203515 41849
1669865614403 1.3943649059454768 41899
1669865629068 1.2030203554793204 41949
1669865643736 1.0921642221927919 41999
1669865658721 1.4233021320342096 42049
1669865686534 1.39705152387906 42099
1669865701163 1.8648227721524675 42149
1669865715866 1.43552788257424 42199
1669865730754 1.3081735271728783 42249
1669865745652 1.5103394910088837 42299
1669865773842 1.3663385377886983 42349
1669865788622 1.5573586923250398 42399
1669865803471 1.5664404154493523 42449
1669865818220 1.5171623686545088 42499
1669865845825 1.1861154418239588 42549
1669865860526 1.221568622926425 42599
1669865875397 0.9920740905071282 42649
1669865890235 1.538509093538851 42699
1669865918231 1.785864129558153 42749
1669865932933 1.2925897205809143 42799
1669865947848 1.1599174988267142 42849
1669865962569 1.4832275186853399 42899
1669865977266 1.5573381765803276 42949
1669866005063 1.0200918697658092 42999
1669866020079 1.6731757154709177 43049
1669866034754 1.4485566099268083 43099
1669866049555 1.894284842149137 43149
1669866077433 1.7730417157732214 43199
1669866092303 1.276138443838386 43249
1669866106995 1.4008401725312938 43299
1669866121699 1.3339944367721368 43349
1669866136357 1.3241311352854181 43399
1669866164278 1.0362153343988039 43449
1669866179076 1.671474863903629 43499
1669866193721 1.5137762096355116 43549
1669866208393 1.6261122090614022 43599
1669866236418 0.9449459602720442 43649
1669866251082 1.4957624793746824 43699
1669866265711 1.3637953930884712 43749
1669866280358 1.1169420159604209 43799
1669866308421 1.332318523685942 43849
1669866323076 1.7187815983420645 43899
1669866337848 1.4516210949430413 43949
1669866352504 1.5298971796331013 43999
1669866367125 1.260567684136197 44049
1669866395024 1.5032897567664003 44099
1669866409789 1.8490523245337709 44149
1669866424733 1.0675606616222098 44199
1669866439361 1.1840833893088873 44249
1669866467131 1.3689819092685025 44299
1669866481809 1.105946413531752 44349
1669866496571 1.7445457886066436 44399
1669866511276 1.722474598134973 44449
1669866538933 1.012865503932397 44499
1669866553581 1.1645679893607943 44549
1669866568560 2.09230601599932 44599
1669866583386 1.8043325215210153 44649
1669866598012 1.4455205052172584 44699
1669866625851 1.0082358853532365 44749
1669866640499 1.0434336256518124 44799
1669866655128 1.6843399282080767 44849
1669866669791 1.3110360459588253 44899
1669866697435 1.309414606204649 44949
1669866712102 1.374466535384845 44999
1669866727159 1.437558145844713 45049
1669866741809 1.3457254207769072 45099
1669866769681 1.2000510267380444 45149
1669866784322 1.0356994615545343 45199
1669866798954 1.4639545994426562 45249
1669866813581 1.3520299185640565 45299
1669866828237 1.977573528141532 45349
1669866855986 1.4243069814415716 45399
1669866871037 1.8798444522568212 45449
1669866885779 1.2623638653531373 45499
1669866900369 1.8386105534282642 45549
1669866928213 1.247490184202232 45599
1669866942834 1.0132568314287909 45649
1669866957497 1.495357230361707 45699
1669866972131 0.808822409159343 45749
1669866999901 1.1454939949063327 45799
1669867014870 2.06141786088025 45849
1669867029714 1.1304224935814922 45899
1669867044528 1.1077933786099359 45949
1669867059184 1.3282416361363 45999
1669867086963 0.9274456983107608 46049
1669867101628 1.529674586857236 46099
1669867116302 1.0951828866343527 46149
1669867131460 1.8010904543733404 46199
1669867159455 1.7156747289453744 46249
1669867174254 0.9506090372505142 46299
1669867189037 1.4495105752691093 46349
1669867203666 1.1413595475625011 46399
1669867231401 1.328196981943147 46449
1669867246086 1.5394487010702163 46499
1669867260800 1.36865163454473 46549
1669867275824 0.9992286907595187 46599
1669867290507 1.7267728881031752 46649
1669867318674 1.376566572564015 46699
1669867333328 1.8694746139970646 46749
1669867348016 0.9285460441167122 46799
1669867362668 1.2719870752454563 46849
1669867390788 1.431593420203186 46899
1669867405624 0.8424574238499134 46949
1669867420429 1.5203471633294252 46999
1669867435222 1.559383179575126 47049
1669867463110 1.4188493498656713 47099
1669867477738 1.2271733113891596 47149
1669867492408 1.5234708623116195 47199
1669867507069 1.2327750462454379 47249
1669867521687 1.5452419202862409 47299
1669867549778 1.6764981094195588 47349
1669867564459 0.9040948516043027 47399
1669867579266 1.1460627523138298 47449
1669867593949 0.8764128286852487 47499
1669867621725 1.7268099948309006 47549
1669867636523 1.5846272306388642 47599
1669867651249 1.057027845662986 47649
1669867665922 1.1673332390277547 47699
1669867693875 0.9860832493891283 47749
1669867708604 1.3521475307480053 47799
1669867723242 1.0078886533107017 47849
1669867737870 1.668611570109967 47899
1669867752522 1.5450699532403154 47949
1669867780370 1.178975428500543 47999
1669867795151 1.542902143508828 48049
1669867809948 1.6378784231545904 48099
1669867824550 1.0845261413251954 48149
1669867852466 0.6490339443141752 48199
1669867867310 1.0991116688891123 48249
1669867881969 1.1380636123083088 48299
1669867896648 1.3163916005091947 48349
1669867924591 1.5045282969394242 48399
1669867939758 1.3406797810733468 48449
1669867954622 1.330016104963333 48499
1669867969335 1.5607150109815264 48549
1669867984200 1.282703669399253 48599
1669868011830 1.2845975399394902 48649
1669868026501 1.3409824100176526 48699
1669868041165 1.3107948653157813 48749
1669868055831 1.47828211342 48799
1669868083831 1.853340329900518 48849
1669868098625 1.3398127400548088 48899
1669868113368 1.1349674761627755 48949
1669868128314 1.3462225022460967 48999
1669868155983 1.7237390252954652 49049
1669868170656 1.2854732573964816 49099
1669868185291 1.3244696401398661 49149
1669868199925 1.5950442549250434 49199
1669868214555 1.356976014695746 49249
1669868242500 1.5855384016939027 49299
1669868257314 1.152672467560345 49349
1669868272157 1.615587254686907 49399
1669868286856 1.273600412539041 49449
1669868314604 1.2865853894357764 49499
1669868329309 1.3173636349191438 49549
1669868343939 1.4463431672470826 49599
1669868358821 1.5778366297594606 49649
1669868386884 1.4897348101215293 49699
1669868401533 1.3236336053733306 49749
1669868416341 1.0850645849190013 49799
1669868431017 1.4465320507163328 49849
1669868445673 1.0375035323636927 49899
1669868473369 1.5110380807173225 49949
1669868488338 1.1669432566569813 49999
1669868503009 0.9954307543688912 50049
1669868517700 1.3204729423702783 50099
1669868545743 1.550864755184755 50149
1669868560531 2.089355939772554 50199
1669868575148 1.147492012558442 50249
1669868589770 1.0270284909621976 50299
1669868617651 2.0086219309186006 50349
1669868632465 0.785277696454244 50399
1669868647164 1.6291624686268453 50449
1669868661840 1.153956860293444 50499
1669868676521 1.670338558007153 50549
1669868704524 0.9491770823430907 50599
1669868719149 1.4498152736856533 50649
1669868733787 1.2630237507587205 50699
1669868748415 1.3506113819794507 50749
1669868776333 1.3446596596516065 50799
1669868790979 1.4017070053911482 50849
1669868805595 1.562301325145928 50899
1669868820423 1.1153939029030975 50949
1669868848635 1.1607929371637036 50999
1669868863279 1.2394805506380688 51049
1669868878048 1.317273101491526 51099
1669868892699 1.0942771817358565 51149
1669868907357 1.112428653073724 51199
1669868935498 1.3270552889816805 51249
1669868950341 1.376733380453019 51299
1669868965136 1.0942837112274537 51349
1669868979806 1.151515561807344 51399
1669869007434 0.9036462023867753 51449
1669869022130 1.4819503783293286 51499
1669869036772 1.5070913294611725 51549
1669869051420 0.7576624856139017 51599
1669869079544 1.335459529416593 51649
1669869094373 1.7636266684685589 51699
1669869109203 1.5046875898157113 51749
1669869123875 1.5951934666398915 51799
1669869138555 1.2979077860477564 51849
1669869166509 1.5015775100247173 51899
1669869181194 1.7458563926512134 51949
1669869195869 1.274732035617006 51999
1669869210547 1.3712112864629589 52049
1669869238841 1.3326872276917376 52099
1669869253651 1.351746381220124 52149
1669869268358 0.7287757531053969 52199
1669869283051 1.4708564508666269 52249
1669869311013 1.2869956987879452 52299
1669869325647 0.9971095111483441 52349
1669869340285 1.6745398389029202 52399
1669869355091 1.2670857816003631 52449
1669869369748 1.1919615284683718 52499
1669869397529 1.0767313932227935 52549
1669869412384 1.2922712490514918 52599
1669869427032 1.486971979671862 52649
1669869441670 1.8501070349122317 52699
1669869469247 1.144154160100828 52749
1669869483956 1.5068803613811819 52799
1669869498743 1.5381607126156243 52849
1669869513658 1.06735301829788 52899
1669869541706 1.722197501021239 52949
1669869556507 1.5501378699664288 52999
1669869571271 1.4516205538489546 53049
1669869585951 1.7908162091890447 53099
1669869600624 1.2822404432378631 53149
1669869628790 1.3070189637453828 53199
1669869643608 1.2868031154309874 53249
1669869658273 1.3238710851190583 53299
1669869673191 1.5696666579668999 53349
1669869701141 0.9252907241875872 53399
1669869715814 1.2220254931423398 53449
1669869730507 1.268683211474929 53499
1669869745175 1.0946651873696016 53549
1669869773077 0.6076877451454108 53599
1669869787938 1.4075666103025597 53649
1669869802703 0.9326462586718699 53699
1669869817543 0.9922381309705885 53749
1669869832319 0.9890717535238348 53799
1669869860203 1.1865984885695848 53849
1669869874979 1.1380252759517762 53899
1669869889710 1.4112861827386183 53949
1669869904462 1.3489584781554094 53999
1669869932638 1.128452057284189 54049
1669869947281 1.4799636142917523 54099
1669869962215 1.006021112673916 54149
1669869976841 1.131179949693058 54199
1669869991272 1.3342909077915037 54249
1669870019315 1.5374462527645074 54299
1669870034134 1.2099827016129505 54349
1669870048961 1.0751244166294258 54399
1669870063580 1.4817625413045559 54449
1669870091491 0.9427969260516365 54499
1669870106263 0.996990525116019 54549
1669870121027 1.550289632650209 54599
1669870135688 1.4010802787765475 54649
1669870163535 1.2770303771631524 54699
1669870178261 1.3757889027347918 54749
1669870192981 1.7354390880278265 54799
1669870207989 1.4761276007741522 54849
1669870222683 1.7388330940386605 54899
1669870250942 1.4871951524490847 54949
1669870265596 1.1816686236228007 54999
1669870280235 1.3320168339716782 55049
1669870294855 1.3744336507659811 55099
1669870322560 0.9784277417163258 55149
1669870337342 1.2563092314380817 55199
1669870352170 1.1295459672052757 55249
1669870366830 1.43730526811642 55299
1669870394915 1.1347210491877489 55349
1669870409632 1.022380085952469 55399
1669870424330 1.5741095850504536 55449
1669870439051 1.3526644399198504 55499
1669870453781 1.366716438640086 55549
1669870481854 1.2073908988269209 55599
1669870496469 1.5535570905885516 55649
1669870511322 1.392227557402935 55699
1669870525955 1.3168055726564967 55749
1669870554540 1.4899871335017658 55799
1669870569173 1.1508005948807463 55849
1669870583868 1.285194619440692 55899
1669870598487 1.1190911757108244 55949
1669870626552 1.3217863590272394 55999
1669870641173 1.2316026448555415 56049
1669870655906 1.5388004240132767 56099
1669870670505 1.1806951410374993 56149
1669870685164 1.2996702572694636 56199
1669870713032 0.910414309198446 56249
1669870727734 1.1872552716093616 56299
1669870742571 1.5231604818761144 56349
1669870757552 1.1674353968241111 56399
1669870785720 1.1519596424987957 56449
1669870800383 1.345701704227947 56499
1669870815055 1.3428645813906759 56549
1669870829698 1.4820528811623492 56599
1669870857448 1.8247511328502486 56649
1669870872080 1.1321509921274822 56699
1669870886862 1.6529686293994748 56749
1669870901489 1.4641298553642077 56799
1669870916229 1.1923095913037924 56849
1669870944173 1.269804652726098 56899
1669870958791 1.7232808224224188 56949
1669870973388 1.1531324382448662 56999
1669870988151 1.3490930788515345 57049
1669871015858 1.3788345112088831 57099
1669871030604 1.3670041727336084 57149
1669871045515 1.6546377808665207 57199
1669871060282 1.0912695520981361 57249
1669871088217 1.672686058217867 57299
1669871102902 1.1137038667645762 57349
1669871117591 1.7062228270475455 57399
1669871132286 1.7034964384463156 57449
1669871146996 0.8844642919481731 57499
1669871174725 0.9752111125640068 57549
1669871189532 1.2380959508959872 57599
1669871204522 1.6098873147953499 57649
1669871219323 1.7669390351759566 57699
1669871246956 0.9974001375904733 57749
1669871261601 1.3212985216414952 57799
1669871276262 1.7019641008577715 57849
1669871290956 1.21375815044622 57899
1669871318829 1.3995725916394395 57949
1669871333486 0.9030578956329909 57999
1669871348742 1.3802994219863276 58049
1669871363422 1.4877546445866467 58099
1669871378100 0.9034137846837347 58149
1669871405846 1.5352871889004698 58199
1669871420507 1.2943195397120704 58249
1669871435141 1.0993966233424126 58299
1669871449809 1.0823535351006832 58349
1669871477644 1.1795299341939827 58399
1669871492582 1.65328682144015 58449
1669871507249 1.4655679548841771 58499
1669871521879 1.8449626477418037 58549
1669871549577 1.1195245927019317 58599
1669871564198 1.4375773405055352 58649
1669871578846 1.354575988408325 58699
1669871593616 1.6532509752016264 58749
1669871608406 1.174883896871152 58799
1669871636619 0.9063652843563097 58849
1669871651436 1.5244802853464559 58899
1669871666151 1.3688175856465172 58949
1669871680819 1.1842866358656758 58999
1669871708487 1.079961225211057 59049
1669871723146 1.3773756505927905 59099
1669871737809 1.3940410507346752 59149
1669871753002 1.1520733777942398 59199
1669871780788 1.6946531935864955 59249
1669871795488 1.148156084059905 59299
1669871810368 1.664282277714434 59349
1669871825128 0.9580593935751449 59399
1669871839855 0.5936144581430753 59449
1669871867796 1.6286575624472677 59499
1669871882455 1.341474966388461 59549
1669871897307 1.40164652403046 59599
1669871912418 1.9018076293929371 59649
1669871940261 1.4096573416648768 59699
1669871954961 1.224516095415881 59749
1669871969668 1.4658901247810656 59799
1669871984360 1.7140055693769924 59849
1669872012173 1.1180478992024634 59899
1669872026980 1.2898285704766521 59949
1669872041613 1.5607083185810844 59999
1669872056213 1.3224175731480472 60049
1669872071016 1.4883388535995574 60099
1669872098362 1.2799816488739626 60149
1669872113061 1.5300094785708507 60199
1669872127721 1.6492908231375696 60249
1669872142397 0.9376627050777735 60299
1669872170066 1.1586516826812776 60349
1669872184811 1.0970437120979473 60399
1669872199596 1.4795434066813566 60449
1669872214359 1.7482955218791336 60499
1669872242103 1.6565926198369432 60549
1669872256844 1.4860088987681905 60599
1669872271460 1.9354303068380252 60649
1669872286078 0.972593759426774 60699
1669872300696 1.5184500084628205 60749
1669872328853 1.309387204799875 60799
1669872343650 1.3251756934237708 60849
1669872358315 1.3765133340020463 60899
1669872372983 1.3937371401664005 60949
1669872400708 1.062592514925639 60999
1669872415340 1.2428640363102321 61049
1669872430127 1.4111248143140636 61099
1669872444928 1.5248266429770048 61149
1669872472681 1.566874922277766 61199
1669872487292 1.3238668203126505 61249
1669872501912 1.3355995488514087 61299
1669872516689 1.361415325360407 61349
1669872531495 1.0809643508692144 61399
1669872559328 1.157698707470653 61449
1669872574150 1.569409459226843 61499
1669872588819 1.4646245744486617 61549
1669872603526 1.2234229358819964 61599
1669872631197 0.9434190995497455 61649
1669872645846 0.937905901972172 61699
1669872660623 1.0428414507637696 61749
1669872675547 1.1539783662600873 61799
1669872703272 0.9977025780989807 61849
1669872718044 1.7006697708180352 61899
1669872732690 1.059058578444309 61949
1669872747365 0.9259179506026924 61999
1669872761993 0.9047485617593578 62049
1669872789896 1.139829768852799 62099
1669872804750 1.2433635023165799 62149
1669872819681 1.3006323111728861 62199
1669872834339 1.7121381592130058 62249
1669872862324 1.4091046334496642 62299
1669872877169 1.3626759504796908 62349
1669872891833 1.2175632561645888 62399
1669872906505 1.953169355665743 62449
1669872934564 1.3738407625690339 62499
1669872949325 1.3570991594673658 62549
1669872964028 1.69434113284152 62599
1669872978677 1.4276427764824433 62649
1669872993348 1.4774420019770942 62699
1669873021196 1.2810164268282618 62749
1669873035862 1.344029851131566 62799
1669873050861 1.4981480517389167 62849
1669873065665 1.3647967163760597 62899
1669873093574 1.2655534003827442 62949
1669873108222 1.3283298915568005 62999
1669873123023 1.241850459216092 63049
1669873137658 1.2481928387990224 63099
1669873165316 1.3686397355483009 63149
1669873180157 1.0231174053068655 63199
1669873194950 1.446432718340183 63249
1669873209759 1.3179109523350787 63299
1669873224399 1.4524330690394882 63349
1669873252240 1.1675154288023648 63399
1669873267077 1.869969124026653 63449
1669873281775 1.0941788978903575 63499
1669873296470 0.9445358787019604 63549
1669873324413 1.4934731609598748 63599
1669873339231 1.235804312546524 63649
1669873353936 1.7031469030465998 63699
1669873368731 1.583034281524986 63749
1669873396299 1.5209498167038729 63799
1669873411108 0.9837462307834874 63849
1669873425783 1.3795324335464745 63899
1669873440642 1.538596805595807 63949
1669873455324 1.5070051598498289 63999
1669873483052 1.3707267272933763 64049
1669873497683 1.4392417042528702 64099
1669873512669 1.4302144314363816 64149
1669873527327 1.0034520406733909 64199
1669873555306 1.6942766282611985 64249
1669873569977 1.4976003842062746 64299
1669873584645 1.007102671312825 64349
1669873599489 1.259796296643116 64399
1669873627267 1.5143929052042648 64449
1669873641913 0.8776995108798378 64499
1669873656774 1.1354832626673443 64549
1669873671589 1.1015403654440459 64599
1669873686391 1.3619547016356994 64649
1669873714148 1.3938810124880217 64699
1669873728828 1.4795938707044702 64749
1669873743535 1.382417673135334 64799
1669873758356 1.7921654264550404 64849
1669873786173 0.8196706702623094 64899
1669873801307 1.1236506634029158 64949
1669873816010 1.0911420314988016 64999
1669873830687 1.5017912158037774 65049
1669873845177 1.4813161931155794 65099
