1669168619226 48.75 216
1669168691460 109.75 433
1669168763941 83.75 650
1669168836365 207.25 867
1669168909067 114.5 1084
1669168981629 95.75 1301
1669169054393 81.75 1518
1669169127199 92.0 1735
1669169199927 66.5 1952
1669169272450 54.5 2169
1669169345309 45.5 2386
1669169418100 43.75 2603
1669169491004 38.5 2820
1669169563652 41.75 3037
1669169636091 41.75 3254
1669169708576 42.5 3471
1669169780842 39.0 3688
1669169853347 39.0 3905
1669169925847 24.5 4122
1669169998763 38.25 4339
1669170071606 31.75 4556
1669170144483 15.0 4773
1669170217351 22.5 4990
1669170289850 16.0 5207
1669170362521 16.5 5424
1669170435323 12.0 5641
1669170508018 12.5 5858
1669170580644 16.75 6075
1669170653536 14.25 6292
1669170726096 11.0 6509
1669170798868 14.5 6726
1669170871558 10.0 6943
1669170944826 9.25 7160
1669171017823 15.25 7377
1669171090924 7.25 7594
1669171163596 25.25 7811
1669171236380 18.0 8028
1669171309215 16.0 8245
1669171382185 5.0 8462
1669171455036 12.25 8679
1669171528047 11.0 8896
1669171601023 10.5 9113
1669171674087 10.75 9330
1669171747311 10.5 9547
1669171820266 7.75 9764
1669171893294 10.5 9981
1669171966102 12.5 10198
1669172039108 14.25 10415
1669172112136 8.75 10632
1669172184934 14.75 10849
1669172257958 9.25 11066
1669172330738 8.75 11283
1669172403986 9.75 11500
1669172476899 7.5 11717
1669172550019 9.0 11934
1669172623078 8.75 12151
1669172696240 7.75 12368
1669172769396 12.0 12585
1669172842592 9.75 12802
1669172915511 9.5 13019
1669172988456 8.25 13236
1669173061600 7.75 13453
1669173134891 12.75 13670
1669173207607 7.25 13887
1669173280716 14.0 14104
1669173354001 9.0 14321
1669173427129 14.25 14538
1669173500349 12.75 14755
1669173573322 12.0 14972
1669173646158 14.25 15189
1669173719176 9.75 15406
1669173792356 9.0 15623
1669173865567 7.75 15840
1669173938641 11.0 16057
1669174011462 8.25 16274
1669174084405 7.0 16491
1669174157433 8.25 16708
1669174230552 8.25 16925
1669174303441 9.25 17142
1669174376584 8.25 17359
1669174449319 7.0 17576
1669174522461 7.0 17793
1669174595760 4.5 18010
1669174668617 7.75 18227
1669174741569 7.5 18444
1669174815085 9.25 18661
1669174888034 8.75 18878
1669174961093 11.5 19095
1669175034405 7.5 19312
1669175107433 11.75 19529
1669175180746 11.25 19746
1669175254087 8.5 19963
1669175326819 6.75 20180
1669175399904 10.5 20397
1669175473316 7.5 20614
1669175546164 9.75 20831
1669175619408 9.0 21048
1669175692192 8.25 21265
1669175765331 8.5 21482
1669175838489 8.25 21699
1669175912019 10.0 21916
1669175985229 11.5 22133
1669176058274 12.0 22350
1669176131010 10.5 22567
1669176204144 9.0 22784
1669176277257 8.75 23001
1669176350072 9.25 23218
1669176423104 7.5 23435
1669176496291 9.25 23652
1669176569359 8.25 23869
1669176642393 8.75 24086
1669176715738 9.5 24303
1669176789308 8.5 24520
1669176862076 9.75 24737
1669176935221 12.0 24954
1669177008247 10.25 25171
1669177081465 8.75 25388
1669177154766 10.5 25605
1669177227939 9.75 25822
1669177301136 14.25 26039
1669177374288 10.5 26256
1669177447470 10.5 26473
1669177520354 11.25 26690
1669177593313 9.25 26907
1669177666046 9.5 27124
1669177739076 11.0 27341
1669177812369 8.75 27558
1669177885246 10.5 27775
1669177958209 8.25 27992
1669178031300 10.5 28209
1669178104492 9.25 28426
1669178177657 11.0 28643
1669178251177 6.5 28860
1669178323957 9.75 29077
1669178396998 9.0 29294
1669178469949 11.25 29511
1669178543163 8.0 29728
1669178616130 9.0 29945
1669178689433 10.0 30162
1669178762492 8.0 30379
1669178835689 11.25 30596
1669178908649 9.25 30813
1669178981420 6.75 31030
1669179054458 9.25 31247
1669179127604 7.75 31464
1669179200923 8.5 31681
1669179274223 8.75 31898
1669179347369 10.5 32115
1669179420462 8.75 32332
1669179493726 9.5 32549
1669179567135 10.75 32766
1669179640383 14.0 32983
1669179713331 9.0 33200
1669179786733 10.5 33417
1669179859686 12.5 33634
1669179932678 8.75 33851
1669180005587 7.25 34068
1669180078667 11.5 34285
1669180151589 10.25 34502
1669180224424 9.25 34719
1669180297528 8.0 34936
1669180369966 9.25 35153
1669180443324 10.0 35370
1669180516609 8.5 35587
1669180589640 12.0 35804
1669180662577 8.75 36021
1669180735742 9.25 36238
1669180808572 8.75 36455
1669180881944 12.5 36672
1669180955020 8.75 36889
1669181028031 7.75 37106
1669181101193 12.5 37323
1669181174440 10.0 37540
1669181247419 7.75 37757
1669181320637 9.25 37974
1669181393631 8.75 38191
1669181467099 9.25 38408
1669181539977 11.5 38625
1669181613075 7.5 38842
1669181686008 9.5 39059
1669181759052 7.25 39276
1669181832234 9.5 39493
1669181905306 9.25 39710
1669181978570 7.75 39927
1669182051647 8.5 40144
1669182124536 9.5 40361
1669182197337 10.0 40578
1669182270085 8.5 40795
1669182342944 8.75 41012
1669182416186 7.25 41229
1669182489265 7.0 41446
1669182562464 7.0 41663
1669182635344 7.75 41880
1669182708144 10.5 42097
1669182781325 6.75 42314
1669182854647 7.25 42531
1669182927882 7.75 42748
1669183000880 10.5 42965
1669183073981 8.75 43182
1669183147012 8.0 43399
1669183219452 9.0 43616
1669183292738 8.0 43833
1669183365757 8.5 44050
1669183438487 8.0 44267
1669183511368 14.25 44484
1669183584319 6.5 44701
1669183657444 8.75 44918
1669183730518 8.5 45135
1669183803614 9.0 45352
1669183876688 7.0 45569
1669183949758 6.75 45786
1669184023184 7.5 46003
1669184096240 7.75 46220
1669184169633 7.25 46437
1669184242791 9.0 46654
1669184315903 7.0 46871
1669184388932 6.25 47088
1669184461989 7.75 47305
1669184535195 8.0 47522
1669184608344 9.5 47739
1669184681516 9.25 47956
1669184754741 9.5 48173
1669184827966 9.25 48390
1669184900937 9.75 48607
1669184974273 6.5 48824
1669185047199 9.5 49041
1669185120359 9.25 49258
1669185193521 9.5 49475
1669185266530 12.25 49692
1669185339616 8.75 49909
1669185413120 10.5 50126
1669185486181 8.75 50343
1669185559233 8.75 50560
1669185631873 9.75 50777
1669185705185 9.0 50994
1669185778361 8.75 51211
1669185851534 9.5 51428
1669185924486 9.0 51645
1669185997791 7.75 51862
1669186070568 8.0 52079
1669186143881 6.0 52296
1669186217133 8.5 52513
1669186290140 9.75 52730
1669186362929 7.25 52947
1669186435945 6.0 53164
1669186508945 8.25 53381
1669186581791 8.75 53598
1669186654733 11.75 53815
1669186727903 10.5 54032
1669186800771 10.0 54249
1669186873650 8.0 54466
1669186946511 8.75 54683
1669187019656 10.0 54900
1669187092786 8.5 55117
1669187165829 7.5 55334
1669187238521 8.75 55551
1669187311607 8.25 55768
1669187384392 8.25 55985
1669187457459 8.25 56202
1669187530723 7.75 56419
1669187603866 6.75 56636
1669187676782 8.25 56853
1669187749701 7.25 57070
1669187822947 5.25 57287
1669187896010 7.5 57504
1669187968809 6.75 57721
1669188041899 6.5 57938
1669188115333 7.25 58155
1669188188211 8.0 58372
1669188261203 8.75 58589
1669188334110 7.75 58806
1669188407129 8.0 59023
1669188480141 10.0 59240
1669188553328 10.5 59457
1669188626305 9.5 59674
1669188699218 8.25 59891
1669188772544 9.25 60108
1669188845686 9.5 60325
1669188918892 10.0 60542
1669188991922 9.0 60759
1669189064982 7.0 60976
1669189137834 7.75 61193
1669189210823 7.25 61410
1669189283625 9.0 61627
1669189356443 7.75 61844
1669189429535 7.5 62061
1669189502622 7.0 62278
1669189575799 7.75 62495
1669189648909 8.0 62712
1669189722010 9.0 62929
1669189794912 8.5 63146
1669189868043 8.25 63363
1669189941285 8.0 63580
1669190014303 8.0 63797
1669190087425 7.5 64014
1669190160386 7.5 64231
1669190233371 7.75 64448
1669190306146 8.0 64665
1669190379066 7.75 64882
1669190452071 8.25 65099
