1669799376406 0 49
1669799391008 0 99
1669799406014 0 149
1669799420652 0 199
1669799432792 0 216
1669799437232 1 216
1669799447595 1 249
1669799462231 1 299
1669799476874 1 349
1669799491509 1 399
1669799508708 1 433
1669799513635 2 433
1669799518969 2 449
1669799533819 2 499
1669799548503 2 549
1669799563304 2 599
1669799578201 2 649
1669799585847 2 650
1669799590722 3 650
1669799605701 3 699
1669799620392 3 749
1669799635064 3 799
1669799649858 3 849
1669799662472 3 867
1669799667304 4 867
1669799677485 4 899
1669799692090 4 949
1669799707171 4 999
1669799721766 4 1049
1669799739246 4 1084
1669799744130 5 1084
1669799749214 5 1099
1669799763903 5 1149
1669799778554 5 1199
1669799793468 5 1249
1669799808107 5 1299
1669799816218 5 1301
1669799821102 6 1301
1669799835854 6 1349
1669799850694 6 1399
1669799865389 6 1449
1669799880221 6 1499
1669799893053 6 1518
1669799897815 7 1518
1669799907569 7 1549
1669799922178 7 1599
1669799936802 7 1649
1669799951433 7 1699
1669799969547 7 1735
1669799974374 8 1735
1669799979238 8 1749
1669799994030 8 1799
1669800008685 8 1849
1669800023477 8 1899
1669800038307 8 1949
1669800046480 8 1952
1669800051438 9 1952
1669800065918 9 1999
1669800080556 9 2049
1669800095159 9 2099
1669800109957 9 2149
1669800123267 9 2169
1669800128034 10 2169
1669800137551 10 2199
1669800152293 10 2249
1669800167146 10 2299
1669800181773 10 2349
1669800199758 10 2386
1669800204665 11 2386
1669800209705 11 2399
1669800224524 11 2449
1669800239244 11 2499
1669800254031 11 2549
1669800268667 11 2599
1669800277126 11 2603
1669800281893 12 2603
1669800296148 12 2649
1669800310944 12 2699
1669800325588 12 2749
1669800340188 12 2799
1669800353537 12 2820
1669800358460 13 2820
1669800367762 13 2849
1669800382701 13 2899
1669800397377 13 2949
1669800412079 13 2999
1669800430541 13 3037
1669800435289 14 3037
1669800439467 14 3049
1669800454241 14 3099
1669800468915 14 3149
1669800483536 14 3199
1669800498185 14 3249
1669800507184 14 3254
1669800512063 15 3254
1669800525902 15 3299
1669800540811 15 3349
1669800555460 15 3399
1669800570078 15 3449
1669800583904 15 3471
1669800588799 16 3471
1669800597707 16 3499
1669800612334 16 3549
1669800627086 16 3599
1669800641840 16 3649
1669800660753 16 3688
1669800665613 17 3688
1669800669680 17 3699
1669800684428 17 3749
1669800699084 17 3799
1669800713745 17 3849
1669800728376 17 3899
1669800737361 17 3905
1669800742209 18 3905
1669800755986 18 3949
1669800770584 18 3999
1669800785327 18 4049
1669800800009 18 4099
1669800814275 18 4122
1669800819160 19 4122
1669800827772 19 4149
1669800842446 19 4199
1669800857160 19 4249
1669800871861 19 4299
1669800891114 19 4339
1669800896027 20 4339
1669800899624 20 4349
1669800914291 20 4399
1669800928965 20 4449
1669800943795 20 4499
1669800958530 20 4549
1669800968021 20 4556
1669800972879 21 4556
1669800986251 21 4599
1669801000939 21 4649
1669801015612 21 4699
1669801030303 21 4749
1669801044699 21 4773
1669801049589 22 4773
1669801058116 22 4799
1669801072847 22 4849
1669801087565 22 4899
1669801102367 22 4949
1669801121784 22 4990
1669801126690 23 4990
1669801130061 23 4999
1669801144766 23 5049
1669801159468 23 5099
1669801174172 23 5149
1669801189123 23 5199
1669801198916 23 5207
1669801203719 24 5207
1669801216777 24 5249
1669801231450 24 5299
1669801246260 24 5349
1669801260898 24 5399
1669801275550 24 5424
1669801280475 25 5424
1669801288483 25 5449
1669801303136 25 5499
1669801317946 25 5549
1669801332808 25 5599
1669801352574 25 5641
1669801357398 26 5641
1669801360506 26 5649
1669801375209 26 5699
1669801389900 26 5749
1669801404684 26 5799
1669801419405 26 5849
1669801429390 26 5858
1669801434266 27 5858
1669801447083 27 5899
1669801461757 27 5949
1669801476607 27 5999
1669801491393 27 6049
1669801506436 27 6075
1669801511243 28 6075
1669801519115 28 6099
1669801534180 28 6149
1669801549040 28 6199
1669801563703 28 6249
1669801583578 28 6292
1669801588517 29 6292
1669801591329 29 6299
1669801605978 29 6349
1669801620686 29 6399
1669801635358 29 6449
1669801650383 29 6499
1669801660582 29 6509
1669801665515 30 6509
1669801677992 30 6549
1669801692648 30 6599
1669801707293 30 6649
1669801722084 30 6699
1669801737236 30 6726
1669801742175 31 6726
1669801749605 31 6749
1669801764336 31 6799
1669801779264 31 6849
1669801794096 31 6899
1669801814548 31 6943
1669801819396 32 6943
1669801821908 32 6949
1669801837401 32 6999
1669801852135 32 7049
1669801866956 32 7099
1669801881890 32 7149
1669801892493 32 7160
1669801897360 33 7160
1669801909491 33 7199
1669801924273 33 7249
1669801939103 33 7299
1669801953932 33 7349
1669801969941 33 7377
1669801974795 34 7377
1669801982077 34 7399
1669801996807 34 7449
1669802011625 34 7499
1669802026336 34 7549
1669802046843 34 7594
1669802051629 35 7594
1669802054078 35 7599
1669802068877 35 7649
1669802083760 35 7699
1669802098472 35 7749
1669802113126 35 7799
1669802123950 35 7811
1669802129010 36 7811
1669802141009 36 7849
1669802155753 36 7899
1669802170465 36 7949
1669802185278 36 7999
1669802201271 36 8028
1669802206105 37 8028
1669802212961 37 8049
1669802227756 37 8099
1669802242404 37 8149
1669802257069 37 8199
1669802277938 37 8245
1669802282862 38 8245
1669802284776 38 8249
1669802299488 38 8299
1669802314228 38 8349
1669802329002 38 8399
1669802343973 38 8449
1669802355159 38 8462
1669802360595 39 8462
1669802372344 39 8499
1669802386987 39 8549
1669802401798 39 8599
1669802416432 39 8649
1669802432656 39 8679
1669802437561 40 8679
1669802444136 40 8699
1669802458804 40 8749
1669802473671 40 8799
1669802488528 40 8849
1669802509612 40 8896
1669802514412 41 8896
1669802515972 41 8899
1669802530846 41 8949
1669802545466 41 8999
1669802560270 41 9049
1669802574902 41 9099
1669802586356 41 9113
1669802591187 42 9113
1669802602533 42 9149
1669802617353 42 9199
1669802631995 42 9249
1669802646657 42 9299
1669802663149 42 9330
1669802667984 43 9330
1669802674257 43 9349
1669802688980 43 9399
1669802703748 43 9449
1669802718621 43 9499
1669802740078 43 9547
1669802744976 44 9547
1669802746252 44 9549
1669802761167 44 9599
1669802775951 44 9649
1669802790783 44 9699
1669802805438 44 9749
1669802817243 44 9764
1669802822046 45 9764
1669802833031 45 9799
1669802847689 45 9849
1669802862402 45 9899
1669802877228 45 9949
1669802894111 45 9981
1669802898962 46 9981
1669802905067 46 9999
1669802919874 46 10049
1669802934519 46 10099
1669802949173 46 10149
1669802970690 46 10198
1669802975548 47 10198
1669802976473 47 10199
1669802991126 47 10249
1669803005774 47 10299
1669803020415 47 10349
1669803035346 47 10399
1669803047394 47 10415
1669803052197 48 10415
1669803063128 48 10449
1669803077799 48 10499
1669803092492 48 10549
1669803107209 48 10599
1669803124326 48 10632
1669803129287 49 10632
1669803135007 49 10649
1669803149732 49 10699
1669803164450 49 10749
1669803179290 49 10799
1669803194040 49 10849
1669803201557 49 10849
1669803206394 50 10849
1669803221926 50 10899
1669803236620 50 10949
1669803251330 50 10999
1669803266207 50 11049
1669803278517 50 11066
1669803283370 51 11066
1669803293839 51 11099
1669803308575 51 11149
1669803323604 51 11199
1669803338368 51 11249
1669803355504 51 11283
1669803360703 52 11283
1669803366092 52 11299
1669803380820 52 11349
1669803395524 52 11399
1669803410300 52 11449
1669803424988 52 11499
1669803432465 52 11500
1669803437290 53 11500
1669803452437 53 11549
1669803467064 53 11599
1669803481890 53 11649
1669803496541 53 11699
1669803509349 53 11717
1669803514244 54 11717
1669803524524 54 11749
1669803539180 54 11799
1669803553857 54 11849
1669803568574 54 11899
1669803586316 54 11934
1669803591185 55 11934
1669803596298 55 11949
1669803611127 55 11999
1669803625905 55 12049
1669803640666 55 12099
1669803655379 55 12149
1669803663281 55 12151
1669803668407 56 12151
1669803683325 56 12199
1669803697983 56 12249
1669803712607 56 12299
1669803727433 56 12349
1669803740392 56 12368
1669803745333 57 12368
1669803755283 57 12399
1669803769999 57 12449
1669803784861 57 12499
1669803799702 57 12549
1669803817685 57 12585
1669803822605 58 12585
1669803827346 58 12599
1669803842171 58 12649
1669803856868 58 12699
1669803871660 58 12749
1669803886474 58 12799
1669803894943 58 12802
1669803899969 59 12802
1669803914461 59 12849
1669803929407 59 12899
1669803944227 59 12949
1669803958914 59 12999
1669803972234 59 13019
1669803977172 60 13019
1669803986663 60 13049
1669804001385 60 13099
1669804016254 60 13149
1669804031161 60 13199
1669804049749 60 13236
1669804054820 61 13236
1669804059379 61 13249
1669804074115 61 13299
1669804088992 61 13349
1669804103873 61 13399
1669804118588 61 13449
1669804127029 61 13453
1669804131979 62 13453
1669804146207 62 13499
1669804161016 62 13549
1669804175829 62 13599
1669804190527 62 13649
1669804204159 62 13670
1669804209119 63 13670
1669804218359 63 13699
1669804233209 63 13749
1669804247875 63 13799
1669804262501 63 13849
1669804281407 63 13887
1669804286370 64 13887
1669804290752 64 13899
1669804305580 64 13949
1669804320287 64 13999
1669804335177 64 14049
1669804349958 64 14099
1669804358813 64 14104
1669804363742 65 14104
1669804377757 65 14149
1669804392495 65 14199
1669804407219 65 14249
1669804422025 65 14299
1669804435993 65 14321
1669804440880 66 14321
1669804449781 66 14349
1669804464523 66 14399
1669804479320 66 14449
1669804494133 66 14499
1669804513216 66 14538
1669804518258 67 14538
1669804522231 67 14549
1669804536942 67 14599
1669804551732 67 14649
1669804566468 67 14699
1669804581188 67 14749
1669804590464 67 14755
1669804595565 68 14755
1669804609479 68 14799
1669804624467 68 14849
1669804639205 68 14899
1669804654040 68 14949
1669804668217 68 14972
1669804673313 69 14972
1669804681966 69 14999
1669804696629 69 15049
1669804711299 69 15099
1669804725988 69 15149
1669804745289 69 15189
1669804750607 70 15189
1669804754234 70 15199
1669804769246 70 15249
1669804784030 70 15299
1669804798717 70 15349
1669804813409 70 15399
1669804823036 70 15406
1669804827943 71 15406
1669804841232 71 15449
1669804855942 71 15499
1669804870788 71 15549
1669804885457 71 15599
1669804900213 71 15623
1669804905272 72 15623
1669804913630 72 15649
1669804928309 72 15699
1669804943004 72 15749
1669804957673 72 15799
1669804977157 72 15840
1669804982254 73 15840
1669804985766 73 15849
1669805000599 73 15899
1669805015380 73 15949
1669805030025 73 15999
1669805044720 73 16049
1669805054665 73 16057
1669805059570 74 16057
1669805072708 74 16099
1669805087473 74 16149
1669805102179 74 16199
1669805116943 74 16249
1669805131735 74 16274
1669805136782 75 16274
1669805144866 75 16299
1669805159821 75 16349
1669805174783 75 16399
1669805189619 75 16449
1669805209492 75 16491
1669805214448 76 16491
1669805217525 76 16499
1669805232161 76 16549
1669805246807 76 16599
1669805261486 76 16649
1669805276193 76 16699
1669805286313 76 16708
1669805291191 77 16708
1669805303949 77 16749
1669805319163 77 16799
1669805333909 77 16849
1669805348598 77 16899
1669805363888 77 16925
1669805368847 78 16925
1669805376581 78 16949
1669805391249 78 16999
1669805406000 78 17049
1669805420861 78 17099
1669805440954 78 17142
1669805445904 79 17142
1669805448672 79 17149
1669805463572 79 17199
1669805478383 79 17249
1669805493014 79 17299
1669805507661 79 17349
1669805517965 79 17359
1669805522924 80 17359
1669805535349 80 17399
1669805550047 80 17449
1669805564827 80 17499
1669805579617 80 17549
1669805594764 80 17576
1669805599737 81 17576
1669805607523 81 17599
1669805622230 81 17649
1669805636950 81 17699
1669805651646 81 17749
1669805672186 81 17793
1669805677125 82 17793
1669805679630 82 17799
1669805694273 82 17849
1669805709098 82 17899
1669805723884 82 17949
1669805738871 82 17999
1669805749570 82 18010
1669805754462 83 18010
1669805766578 83 18049
1669805781392 83 18099
1669805796055 83 18149
1669805810761 83 18199
1669805826556 83 18227
1669805831499 84 18227
1669805838632 84 18249
1669805853516 84 18299
1669805868210 84 18349
1669805883084 84 18399
1669805903884 84 18444
1669805908725 85 18444
1669805910931 85 18449
1669805925611 85 18499
1669805940480 85 18549
1669805955201 85 18599
1669805969889 85 18649
1669805980891 85 18661
1669805985860 86 18661
1669805997724 86 18699
1669806012578 86 18749
1669806027318 86 18799
1669806041992 86 18849
1669806057834 86 18878
1669806062892 87 18878
1669806069910 87 18899
1669806084940 87 18949
1669806099638 87 18999
1669806114457 87 19049
1669806135450 87 19095
1669806140406 88 19095
1669806142333 88 19099
1669806157027 88 19149
1669806171685 88 19199
1669806186382 88 19249
1669806201198 88 19299
1669806212247 88 19312
1669806217200 89 19312
1669806228756 89 19349
1669806243640 89 19399
1669806258409 89 19449
1669806273202 89 19499
1669806289413 89 19529
1669806294469 90 19529
1669806301044 90 19549
1669806315794 90 19599
1669806330622 90 19649
1669806345349 90 19699
1669806366469 90 19746
1669806371454 91 19746
1669806373052 91 19749
1669806387877 91 19799
1669806402743 91 19849
1669806417615 91 19899
1669806432329 91 19949
1669806443853 91 19963
1669806448813 92 19963
1669806460085 92 19999
1669806474730 92 20049
1669806489571 92 20099
1669806504240 92 20149
1669806520926 92 20180
1669806525864 93 20180
1669806532172 93 20199
1669806546933 93 20249
1669806561647 93 20299
1669806576461 93 20349
1669806597879 93 20397
1669806602896 94 20397
1669806604173 94 20399
1669806618834 94 20449
1669806633538 94 20499
1669806648363 94 20549
1669806663201 94 20599
1669806675070 94 20614
1669806680007 95 20614
1669806691086 95 20649
1669806705818 95 20699
1669806720617 95 20749
1669806735264 95 20799
1669806751969 95 20831
1669806756954 96 20831
1669806762981 96 20849
1669806777767 96 20899
1669806792496 96 20949
1669806807192 96 20999
1669806829380 96 21048
1669806834527 97 21048
1669806835517 97 21049
1669806850295 97 21099
1669806864924 97 21149
1669806879681 97 21199
1669806894325 97 21249
1669806906359 97 21265
1669806911312 98 21265
1669806922120 98 21299
1669806936824 98 21349
1669806951515 98 21399
1669806966339 98 21449
1669806983196 98 21482
1669806988149 99 21482
1669806993969 99 21499
1669807008857 99 21549
1669807023688 99 21599
1669807038406 99 21649
1669807053172 99 21699
1669807060805 99 21699
1669807065737 100 21699
1669807081224 100 21749
1669807095951 100 21799
1669807110658 100 21849
1669807125463 100 21899
1669807137990 100 21916
1669807142971 101 21916
1669807153426 101 21949
1669807168149 101 21999
1669807182844 101 22049
1669807197981 101 22099
1669807215427 101 22133
1669807220341 102 22133
1669807225771 102 22149
1669807240546 102 22199
1669807255276 102 22249
1669807270010 102 22299
1669807284812 102 22349
1669807292556 102 22350
1669807297475 103 22350
1669807312562 103 22399
1669807327526 103 22449
1669807342359 103 22499
1669807357083 103 22549
1669807369860 103 22567
1669807374878 104 22567
1669807385000 104 22599
1669807399834 104 22649
1669807414498 104 22699
1669807429291 104 22749
1669807446972 104 22784
1669807451952 105 22784
1669807457216 105 22799
1669807472051 105 22849
1669807486766 105 22899
1669807501600 105 22949
1669807516262 105 22999
1669807524298 105 23001
1669807529301 106 23001
1669807544014 106 23049
1669807558670 106 23099
1669807573450 106 23149
1669807588274 106 23199
1669807601230 106 23218
1669807606175 107 23218
1669807616028 107 23249
1669807630956 107 23299
1669807645829 107 23349
1669807660509 107 23399
1669807678392 107 23435
1669807683417 108 23435
1669807688201 108 23449
1669807702960 108 23499
1669807717603 108 23549
1669807732428 108 23599
1669807747153 108 23649
1669807755468 108 23652
1669807760393 109 23652
1669807774876 109 23699
1669807789741 109 23749
1669807804562 109 23799
1669807819239 109 23849
1669807832514 109 23869
1669807837563 110 23869
1669807847202 110 23899
1669807861893 110 23949
1669807876765 110 23999
1669807891472 110 24049
1669807909739 110 24086
1669807914725 111 24086
1669807919211 111 24099
1669807933929 111 24149
1669807948908 111 24199
1669807963591 111 24249
1669807978241 111 24299
1669807986982 111 24303
1669807992109 112 24303
1669808006365 112 24349
1669808021002 112 24399
1669808035840 112 24449
1669808050561 112 24499
1669808064176 112 24520
1669808069306 113 24520
1669808078491 113 24549
1669808093540 113 24599
1669808108380 113 24649
1669808123078 113 24699
1669808141727 113 24737
1669808146742 114 24737
1669808150968 114 24749
1669808166019 114 24799
1669808180774 114 24849
1669808195421 114 24899
1669808210389 114 24949
1669808219358 114 24954
1669808224399 115 24954
1669808238266 115 24999
1669808252939 115 25049
1669808267732 115 25099
1669808282402 115 25149
1669808296349 115 25171
1669808301363 116 25171
1669808310722 116 25199
1669808325425 116 25249
1669808340271 116 25299
1669808355247 116 25349
1669808374107 116 25388
1669808379097 117 25388
1669808383024 117 25399
1669808397798 117 25449
1669808412691 117 25499
1669808427430 117 25549
1669808442176 117 25599
1669808451337 117 25605
1669808456414 118 25605
1669808470010 118 25649
1669808484930 118 25699
1669808499615 118 25749
1669808514295 118 25799
1669808528447 118 25822
1669808533393 119 25822
1669808542065 119 25849
1669808556875 119 25899
1669808571576 119 25949
1669808586260 119 25999
1669808605340 119 26039
1669808610277 120 26039
1669808614121 120 26049
1669808628940 120 26099
1669808643658 120 26149
1669808658662 120 26199
1669808673296 120 26249
1669808682897 120 26256
1669808687874 121 26256
1669808701311 121 26299
1669808715984 121 26349
1669808730618 121 26399
1669808745270 121 26449
1669808759680 121 26473
1669808764572 122 26473
1669808773004 122 26499
1669808787738 122 26549
1669808802506 122 26599
1669808817408 122 26649
1669808836740 122 26690
1669808841645 123 26690
1669808845207 123 26699
1669808859984 123 26749
1669808874732 123 26799
1669808889538 123 26849
1669808904235 123 26899
1669808914283 123 26907
1669808919191 124 26907
1669808932219 124 26949
1669808946903 124 26999
1669808961871 124 27049
1669808976530 124 27099
1669808991430 124 27124
1669808996481 125 27124
1669809004604 125 27149
1669809019425 125 27199
1669809034116 125 27249
1669809048837 125 27299
1669809068708 125 27341
1669809073643 126 27341
1669809076730 126 27349
1669809091378 126 27399
1669809106309 126 27449
1669809121081 126 27499
1669809135748 126 27549
1669809145870 126 27558
1669809150837 127 27558
1669809163509 127 27599
1669809178194 127 27649
1669809192870 127 27699
1669809207513 127 27749
1669809222619 127 27775
1669809227605 128 27775
1669809235493 128 27799
1669809250198 128 27849
1669809264830 128 27899
1669809279488 128 27949
1669809299584 128 27992
1669809304609 129 27992
1669809307354 129 27999
1669809322045 129 28049
1669809336866 129 28099
1669809351569 129 28149
1669809366371 129 28199
1669809376896 129 28209
1669809381852 130 28209
1669809394434 130 28249
1669809409065 130 28299
1669809423715 130 28349
1669809438507 130 28399
1669809453823 130 28426
1669809458824 131 28426
1669809466249 131 28449
1669809481013 131 28499
1669809495865 131 28549
1669809510547 131 28599
1669809531042 131 28643
1669809536031 132 28643
1669809538467 132 28649
1669809553318 132 28699
1669809567965 132 28749
1669809582603 132 28799
1669809597253 132 28849
1669809607769 132 28860
1669809612714 133 28860
1669809625167 133 28899
1669809640009 133 28949
1669809654698 133 28999
1669809669398 133 29049
1669809685242 133 29077
1669809690238 134 29077
1669809697424 134 29099
1669809712166 134 29149
1669809726853 134 29199
1669809741691 134 29249
1669809762485 134 29294
1669809767427 135 29294
1669809769540 135 29299
1669809784500 135 29349
1669809799109 135 29399
1669809813730 135 29449
1669809828381 135 29499
1669809839375 135 29511
1669809844354 136 29511
1669809856306 136 29549
1669809871051 136 29599
1669809885766 136 29649
1669809900537 136 29699
1669809916498 136 29728
1669809921487 137 29728
1669809928644 137 29749
1669809943485 137 29799
1669809958156 137 29849
1669809972876 137 29899
1669809993944 137 29945
1669809998892 138 29945
1669810000814 138 29949
1669810015470 138 29999
1669810030124 138 30049
1669810044935 138 30099
1669810059603 138 30149
1669810071016 138 30162
1669810076041 139 30162
1669810087610 139 30199
1669810102455 139 30249
1669810117124 139 30299
1669810131944 139 30349
1669810148176 139 30379
1669810153145 140 30379
1669810159751 140 30399
1669810174486 140 30449
1669810189148 140 30499
1669810203936 140 30549
1669810225369 140 30596
1669810230325 141 30596
1669810231850 141 30599
1669810246687 141 30649
1669810261536 141 30699
1669810276261 141 30749
1669810290987 141 30799
1669810302386 141 30813
1669810307377 142 30813
1669810318727 142 30849
1669810333452 142 30899
1669810348334 142 30949
1669810363146 142 30999
1669810379711 142 31030
1669810384721 143 31030
1669810391137 143 31049
1669810405843 143 31099
1669810420642 143 31149
1669810435356 143 31199
1669810456854 143 31247
1669810461766 144 31247
1669810463015 144 31249
1669810477686 144 31299
1669810492534 144 31349
1669810507384 144 31399
1669810522126 144 31449
1669810533941 144 31464
1669810538831 145 31464
1669810549872 145 31499
1669810564531 145 31549
1669810579365 145 31599
1669810594021 145 31649
1669810610972 145 31681
1669810616061 146 31681
1669810622228 146 31699
1669810637046 146 31749
1669810651692 146 31799
1669810666460 146 31849
1669810688336 146 31898
1669810693204 147 31898
1669810694196 147 31899
1669810708933 147 31949
1669810723765 147 31999
1669810738874 147 32049
1669810753556 147 32099
1669810765695 147 32115
1669810770713 148 32115
1669810781373 148 32149
1669810796412 148 32199
1669810811129 148 32249
1669810825838 148 32299
1669810843049 148 32332
1669810848061 149 32332
1669810853775 149 32349
1669810868408 149 32399
1669810883304 149 32449
1669810897975 149 32499
1669810912411 149 32549
1669810920029 149 32549
1669810925039 150 32549
1669810940376 150 32599
1669810955258 150 32649
1669810969867 150 32699
1669810984518 150 32749
1669810997238 150 32766
1669811002186 151 32766
1669811012549 151 32799
1669811027179 151 32849
1669811041811 151 32899
1669811056487 151 32949
1669811073896 151 32983
1669811078769 152 32983
1669811084363 152 32999
1669811099111 152 33049
1669811113895 152 33099
1669811128544 152 33149
1669811143351 152 33199
1669811151065 152 33200
1669811155995 153 33200
1669811171076 153 33249
1669811185807 153 33299
1669811200599 153 33349
1669811215243 153 33399
1669811228053 153 33417
1669811233645 154 33417
1669811244007 154 33449
1669811258676 154 33499
1669811273302 154 33549
1669811288164 154 33599
1669811305951 154 33634
1669811311014 155 33634
1669811316125 155 33649
1669811330862 155 33699
1669811345543 155 33749
1669811360604 155 33799
1669811375442 155 33849
1669811383608 155 33851
1669811388600 156 33851
1669811403415 156 33899
1669811418293 156 33949
1669811433158 156 33999
1669811447830 156 34049
1669811460734 156 34068
1669811465760 157 34068
1669811475607 157 34099
1669811490230 157 34149
1669811504885 157 34199
1669811519651 157 34249
1669811537879 157 34285
1669811542810 158 34285
1669811547822 158 34299
1669811562538 158 34349
1669811577365 158 34399
1669811592000 158 34449
1669811606671 158 34499
1669811614977 158 34502
1669811619963 159 34502
1669811634495 159 34549
1669811649306 159 34599
1669811664127 159 34649
1669811678778 159 34699
1669811692437 159 34719
1669811697376 160 34719
1669811706982 160 34749
1669811721862 160 34799
1669811736639 160 34849
1669811751279 160 34899
1669811769457 160 34936
1669811774465 161 34936
1669811778998 161 34949
1669811793788 161 34999
1669811808576 161 35049
1669811823192 161 35099
1669811837792 161 35149
1669811846341 161 35153
1669811851303 162 35153
1669811865635 162 35199
1669811880332 162 35249
1669811895054 162 35299
1669811909763 162 35349
1669811923509 162 35370
1669811928539 163 35370
1669811937707 163 35399
1669811952537 163 35449
1669811967226 163 35499
1669811982026 163 35549
1669812000634 163 35587
1669812005549 164 35587
1669812009770 164 35599
1669812024524 164 35649
1669812039176 164 35699
1669812053793 164 35749
1669812068421 164 35799
1669812077476 164 35804
1669812082427 165 35804
1669812096248 165 35849
1669812110969 165 35899
1669812125783 165 35949
1669812140579 165 35999
1669812154429 165 36021
1669812159487 166 36021
1669812168581 166 36049
1669812183221 166 36099
1669812197877 166 36149
1669812212581 166 36199
1669812231750 166 36238
1669812236635 167 36238
1669812240564 167 36249
1669812255305 167 36299
1669812269988 167 36349
1669812284842 167 36399
1669812299685 167 36449
1669812308775 167 36455
1669812313783 168 36455
1669812327324 168 36499
1669812342022 168 36549
1669812356847 168 36599
1669812371538 168 36649
1669812385862 168 36672
1669812390853 169 36672
1669812399584 169 36699
1669812414284 169 36749
1669812429152 169 36799
1669812443851 169 36849
1669812463092 169 36889
1669812468046 170 36889
1669812471678 170 36899
1669812486315 170 36949
1669812500953 170 36999
1669812515587 170 37049
1669812530360 170 37099
1669812539820 170 37106
1669812544774 171 37106
1669812558077 171 37149
1669812572917 171 37199
1669812587763 171 37249
1669812602620 171 37299
1669812617083 171 37323
1669812621992 172 37323
1669812630512 172 37349
1669812645141 172 37399
1669812659760 172 37449
1669812674556 172 37499
1669812694017 172 37540
1669812698950 173 37540
1669812702353 173 37549
1669812717221 173 37599
1669812732195 173 37649
1669812746868 173 37699
1669812761529 173 37749
1669812771298 173 37757
1669812776219 174 37757
1669812789264 174 37799
1669812803957 174 37849
1669812818828 174 37899
1669812833652 174 37949
1669812848270 174 37974
1669812853222 175 37974
1669812861298 175 37999
1669812876225 175 38049
1669812890875 175 38099
1669812905538 175 38149
1669812925396 175 38191
1669812930382 176 38191
1669812933492 176 38199
1669812948239 176 38249
1669812963142 176 38299
1669812977892 176 38349
1669812992646 176 38399
1669813002792 176 38408
1669813007714 177 38408
1669813020487 177 38449
1669813035291 177 38499
1669813049945 177 38549
1669813064617 177 38599
1669813079540 177 38625
1669813084571 178 38625
1669813092294 178 38649
1669813106992 178 38699
1669813121795 178 38749
1669813136516 178 38799
1669813156977 178 38842
1669813161837 179 38842
1669813164658 179 38849
1669813179390 179 38899
1669813194160 179 38949
1669813208889 179 38999
1669813223600 179 39049
1669813233852 179 39059
1669813238844 180 39059
1669813251449 180 39099
1669813266281 180 39149
1669813281159 180 39199
1669813295992 180 39249
1669813311488 180 39276
1669813316426 181 39276
1669813323853 181 39299
1669813338578 181 39349
1669813353306 181 39399
1669813368018 181 39449
1669813388559 181 39493
1669813393461 182 39493
1669813396087 182 39499
1669813410995 182 39549
1669813425719 182 39599
1669813440586 182 39649
1669813455295 182 39699
1669813466051 182 39710
1669813471020 183 39710
1669813483150 183 39749
1669813497768 183 39799
1669813512545 183 39849
1669813527203 183 39899
1669813542901 183 39927
1669813547780 184 39927
1669813554940 184 39949
1669813570017 184 39999
1669813584646 184 40049
1669813599330 184 40099
1669813619990 184 40144
1669813624909 185 40144
1669813627086 185 40149
1669813641855 185 40199
1669813656484 185 40249
1669813671408 185 40299
1669813686310 185 40349
1669813697151 185 40361
1669813702216 186 40361
1669813714071 186 40399
1669813728777 186 40449
1669813743594 186 40499
1669813758344 186 40549
1669813774341 186 40578
1669813779305 187 40578
1669813786158 187 40599
1669813800847 187 40649
1669813815830 187 40699
1669813830629 187 40749
1669813851764 187 40795
1669813856719 188 40795
1669813858572 188 40799
1669813873222 188 40849
1669813887888 188 40899
1669813902673 188 40949
1669813917369 188 40999
1669813928793 188 41012
1669813933812 189 41012
1669813945756 189 41049
1669813960788 189 41099
1669813975632 189 41149
1669813990344 189 41199
1669814006527 189 41229
1669814011478 190 41229
1669814018020 190 41249
1669814032641 190 41299
1669814047470 190 41349
1669814062090 190 41399
1669814083560 190 41446
1669814088487 191 41446
1669814090058 191 41449
1669814104668 191 41499
1669814119437 191 41549
1669814134089 191 41599
1669814148744 191 41649
1669814160441 191 41663
1669814165411 192 41663
1669814176600 192 41699
1669814191376 192 41749
1669814206447 192 41799
1669814221079 192 41849
1669814237532 192 41880
1669814242438 193 41880
1669814248749 193 41899
1669814263631 193 41949
1669814278391 193 41999
1669814293110 193 42049
1669814314748 193 42097
1669814319757 194 42097
1669814321051 194 42099
1669814335807 194 42149
1669814350470 194 42199
1669814365182 194 42249
1669814379970 194 42299
1669814391680 194 42314
1669814396658 195 42314
1669814407880 195 42349
1669814422534 195 42399
1669814437212 195 42449
1669814451882 195 42499
1669814468992 195 42531
1669814473942 196 42531
1669814479950 196 42549
1669814494564 196 42599
1669814509346 196 42649
1669814524034 196 42699
1669814545880 196 42748
1669814550897 197 42748
1669814551855 197 42749
1669814566672 197 42799
1669814581357 197 42849
1669814596081 197 42899
1669814610844 197 42949
1669814623223 197 42965
1669814628243 198 42965
1669814639060 198 42999
1669814653736 198 43049
1669814668399 198 43099
1669814683109 198 43149
1669814700302 198 43182
1669814705346 199 43182
1669814711065 199 43199
1669814725736 199 43249
1669814740539 199 43299
1669814755263 199 43349
1669814770032 199 43399
1669814777714 199 43399
1669814782619 200 43399
1669814798067 200 43449
1669814812718 200 43499
1669814827415 200 43549
1669814842135 200 43599
1669814854732 200 43616
1669814859766 201 43616
1669814870177 201 43649
1669814885006 201 43699
1669814899773 201 43749
1669814914515 201 43799
1669814932313 201 43833
1669814937360 202 43833
1669814942752 202 43849
1669814957483 202 43899
1669814972218 202 43949
1669814987090 202 43999
1669815001734 202 44049
1669815009607 202 44050
1669815014651 203 44050
1669815029669 203 44099
1669815044350 203 44149
1669815059302 203 44199
1669815073951 203 44249
1669815086699 203 44267
1669815091591 204 44267
1669815101685 204 44299
1669815116454 204 44349
1669815131339 204 44399
1669815145973 204 44449
1669815163575 204 44484
1669815168587 205 44484
1669815173672 205 44499
1669815188363 205 44549
1669815203075 205 44599
1669815217947 205 44649
1669815233023 205 44699
1669815241091 205 44701
1669815246061 206 44701
1669815260896 206 44749
1669815275611 206 44799
1669815290551 206 44849
1669815305452 206 44899
1669815318573 206 44918
1669815323469 207 44918
1669815333433 207 44949
1669815348100 207 44999
1669815362911 207 45049
1669815377771 207 45099
1669815395785 207 45135
1669815400678 208 45135
1669815405467 208 45149
1669815420128 208 45199
1669815434957 208 45249
1669815449608 208 45299
1669815464395 208 45349
1669815472738 208 45352
1669815477678 209 45352
1669815492125 209 45399
1669815506866 209 45449
1669815521651 209 45499
1669815536336 209 45549
1669815549630 209 45569
1669815554688 210 45569
1669815564339 210 45599
1669815579022 210 45649
1669815593703 210 45699
1669815608562 210 45749
1669815626864 210 45786
1669815631782 211 45786
1669815636367 211 45799
1669815651042 211 45849
1669815665958 211 45899
1669815680648 211 45949
1669815695324 211 45999
1669815703944 211 46003
1669815708960 212 46003
1669815723278 212 46049
1669815738152 212 46099
1669815752897 212 46149
1669815767653 212 46199
1669815781343 212 46220
1669815786276 213 46220
1669815795564 213 46249
1669815810433 213 46299
1669815825365 213 46349
1669815840025 213 46399
1669815858525 213 46437
1669815863470 214 46437
1669815867840 214 46449
1669815882668 214 46499
1669815897356 214 46549
1669815912020 214 46599
1669815926663 214 46649
1669815935673 214 46654
1669815940600 215 46654
1669815954594 215 46699
1669815969409 215 46749
1669815984050 215 46799
1669815998686 215 46849
1669816012814 215 46871
1669816017857 216 46871
1669816027136 216 46899
1669816041797 216 46949
1669816056461 216 46999
1669816071127 216 47049
1669816089843 216 47088
1669816094829 217 47088
1669816098841 217 47099
1669816113824 217 47149
1669816128510 217 47199
1669816143318 217 47249
1669816158035 217 47299
1669816167264 217 47305
1669816172456 218 47305
1669816186057 218 47349
1669816200735 218 47399
1669816215507 218 47449
1669816230172 218 47499
1669816244445 218 47522
1669816249323 219 47522
1669816257999 219 47549
1669816272988 219 47599
1669816287726 219 47649
1669816302499 219 47699
1669816321933 219 47739
1669816326905 220 47739
1669816330556 220 47749
1669816345259 220 47799
1669816359966 220 47849
1669816374683 220 47899
1669816389569 220 47949
1669816399249 220 47956
1669816404200 221 47956
1669816417483 221 47999
1669816432154 221 48049
1669816446869 221 48099
1669816461528 221 48149
1669816476018 221 48173
1669816480889 222 48173
1669816489241 222 48199
1669816504001 222 48249
1669816518949 222 48299
1669816533691 222 48349
1669816552891 222 48390
1669816557797 223 48390
1669816561171 223 48399
1669816575841 223 48449
1669816590522 223 48499
1669816605176 223 48549
1669816619896 223 48599
1669816629677 223 48607
1669816634585 224 48607
1669816647854 224 48649
1669816662488 224 48699
1669816677533 224 48749
1669816692232 224 48799
1669816706918 224 48824
1669816711939 225 48824
1669816719918 225 48849
1669816734609 225 48899
1669816749318 225 48949
1669816764015 225 48999
1669816783812 225 49041
1669816788797 226 49041
1669816791878 226 49049
1669816806516 226 49099
1669816821444 226 49149
1669816836102 226 49199
1669816850891 226 49249
1669816861080 226 49258
1669816866223 227 49258
1669816879004 227 49299
1669816893750 227 49349
1669816908489 227 49399
1669816923286 227 49449
1669816938506 227 49475
1669816943530 228 49475
1669816951248 228 49499
1669816965920 228 49549
1669816980836 228 49599
1669816995651 228 49649
1669817015723 228 49692
1669817020649 229 49692
1669817023418 229 49699
1669817038110 229 49749
1669817052826 229 49799
1669817067658 229 49849
1669817082356 229 49899
1669817092814 229 49909
1669817097783 230 49909
1669817110369 230 49949
1669817125140 230 49999
1669817139907 230 50049
1669817154675 230 50099
1669817170018 230 50126
1669817174922 231 50126
1669817182409 231 50149
1669817197275 231 50199
1669817212122 231 50249
1669817226801 231 50299
1669817247583 231 50343
1669817252474 232 50343
1669817254950 232 50349
1669817269598 232 50399
1669817284275 232 50449
1669817299013 232 50499
1669817313667 232 50549
1669817324525 232 50560
1669817329478 233 50560
1669817341733 233 50599
1669817356480 233 50649
1669817371160 233 50699
1669817386195 233 50749
1669817401895 233 50777
1669817406819 234 50777
1669817413972 234 50799
1669817428626 234 50849
1669817443237 234 50899
1669817457894 234 50949
1669817478755 234 50994
1669817483763 235 50994
1669817485968 235 50999
1669817500691 235 51049
1669817515547 235 51099
1669817530240 235 51149
1669817545070 235 51199
1669817555829 235 51211
1669817561034 236 51211
1669817572890 236 51249
1669817587625 236 51299
1669817602562 236 51349
1669817617211 236 51399
1669817633070 236 51428
1669817638017 237 51428
1669817644900 237 51449
1669817659542 237 51499
1669817674716 237 51549
1669817689522 237 51599
1669817710324 237 51645
1669817715212 238 51645
1669817717089 238 51649
1669817731861 238 51699
1669817746883 238 51749
1669817761548 238 51799
1669817776223 238 51849
1669817787355 238 51862
1669817792236 239 51862
1669817803915 239 51899
1669817818720 239 51949
1669817833602 239 51999
1669817848262 239 52049
1669817864550 239 52079
1669817869434 240 52079
1669817876024 240 52099
1669817890696 240 52149
1669817905520 240 52199
1669817920162 240 52249
1669817941345 240 52296
1669817946314 241 52296
1669817947933 241 52299
1669817962581 241 52349
1669817977429 241 52399
1669817992140 241 52449
1669818006959 241 52499
1669818018536 241 52513
1669818023538 242 52513
1669818034754 242 52549
1669818049580 242 52599
1669818064238 242 52649
1669818079027 242 52699
1669818095537 242 52730
1669818100487 243 52730
1669818106727 243 52749
1669818121590 243 52799
1669818136409 243 52849
1669818151130 243 52899
1669818172938 243 52947
1669818177843 244 52947
1669818179114 244 52949
1669818193812 244 52999
1669818208499 244 53049
1669818223380 244 53099
1669818238243 244 53149
1669818250234 244 53164
1669818255254 245 53164
1669818266274 245 53199
1669818281092 245 53249
1669818295812 245 53299
1669818310569 245 53349
1669818327616 245 53381
1669818332553 246 53381
1669818338827 246 53399
1669818353576 246 53449
1669818368283 246 53499
1669818383033 246 53549
1669818405263 246 53598
1669818410182 247 53598
1669818411169 247 53599
1669818425853 247 53649
1669818440545 247 53699
1669818455411 247 53749
1669818470194 247 53799
1669818482037 247 53815
1669818486950 248 53815
1669818497661 248 53849
1669818512377 248 53899
1669818527281 248 53949
1669818542005 248 53999
1669818559127 248 54032
1669818564070 249 54032
1669818569788 249 54049
1669818584588 249 54099
1669818599368 249 54149
1669818614220 249 54199
1669818628786 249 54249
1669818636440 249 54249
1669818641359 250 54249
1669818656784 250 54299
1669818671433 250 54349
1669818686051 250 54399
1669818700737 250 54449
1669818712996 250 54466
1669818717908 251 54466
1669818728429 251 54499
1669818743042 251 54549
1669818757851 251 54599
1669818772660 251 54649
1669818790325 251 54683
1669818795336 252 54683
1669818800787 252 54699
1669818815434 252 54749
1669818830060 252 54799
1669818844713 252 54849
1669818859527 252 54899
1669818867315 252 54900
1669818872244 253 54900
1669818887354 253 54949
1669818902183 253 54999
1669818917053 253 55049
1669818931875 253 55099
1669818944568 253 55117
1669818949450 254 55117
1669818959541 254 55149
1669818974175 254 55199
1669818988902 254 55249
1669819003674 254 55299
1669819020984 254 55334
1669819025979 255 55334
1669819031112 255 55349
1669819045871 255 55399
1669819060792 255 55449
1669819075450 255 55499
1669819090077 255 55549
1669819098189 255 55551
1669819103135 256 55551
1669819118022 256 55599
1669819132785 256 55649
1669819147547 256 55699
1669819162222 256 55749
1669819175313 256 55768
1669819180376 257 55768
1669819190290 257 55799
1669819205050 257 55849
1669819219771 257 55899
1669819234519 257 55949
1669819252717 257 55985
1669819257774 258 55985
1669819262663 258 55999
1669819277523 258 56049
1669819292265 258 56099
1669819306981 258 56149
1669819321821 258 56199
1669819330179 258 56202
1669819335223 259 56202
1669819349729 259 56249
1669819364578 259 56299
1669819379256 259 56349
1669819394009 259 56399
1669819407569 259 56419
1669819412553 260 56419
1669819422002 260 56449
1669819436654 260 56499
1669819451340 260 56549
1669819466125 260 56599
1669819484659 260 56636
1669819489539 261 56636
1669819494063 261 56649
1669819508933 261 56699
1669819523850 261 56749
1669819538923 261 56799
1669819553637 261 56849
1669819562205 261 56853
1669819567161 262 56853
1669819581356 262 56899
1669819596159 262 56949
1669819610854 262 56999
1669819625521 262 57049
1669819639210 262 57070
1669819644083 263 57070
1669819653419 263 57099
1669819668204 263 57149
1669819682865 263 57199
1669819697529 263 57249
1669819716089 263 57287
1669819721032 264 57287
1669819725310 264 57299
1669819739955 264 57349
1669819754815 264 57399
1669819769517 264 57449
1669819784485 264 57499
1669819793510 264 57504
1669819798446 265 57504
1669819812400 265 57549
1669819827157 265 57599
1669819841794 265 57649
1669819856441 265 57699
1669819870430 265 57721
1669819875373 266 57721
1669819884295 266 57749
1669819899164 266 57799
1669819913871 266 57849
1669819928803 266 57899
1669819947903 266 57938
1669819952891 267 57938
1669819956818 267 57949
1669819971528 267 57999
1669819986210 267 58049
1669820000876 267 58099
1669820015542 267 58149
1669820024758 267 58155
1669820029725 268 58155
1669820043589 268 58199
1669820058301 268 58249
1669820073287 268 58299
1669820087920 268 58349
1669820102036 268 58372
1669820107069 269 58372
1669820115854 269 58399
1669820130521 269 58449
1669820145234 269 58499
1669820159921 269 58549
1669820179196 269 58589
1669820184202 270 58589
1669820187862 270 58599
1669820202643 270 58649
1669820217274 270 58699
1669820232116 270 58749
1669820246751 270 58799
1669820256102 270 58806
1669820261053 271 58806
1669820274416 271 58849
1669820289245 271 58899
1669820304077 271 58949
1669820318950 271 58999
1669820333493 271 59023
1669820338406 272 59023
1669820347090 272 59049
1669820361982 272 59099
1669820376869 272 59149
1669820391563 272 59199
1669820411022 272 59240
1669820416081 273 59240
1669820419413 273 59249
1669820434240 273 59299
1669820449055 273 59349
1669820463765 273 59399
1669820478468 273 59449
1669820488342 273 59457
1669820493259 274 59457
1669820506282 274 59499
1669820520924 274 59549
1669820535730 274 59599
1669820550358 274 59649
1669820565237 274 59674
1669820570215 275 59674
1669820578277 275 59699
1669820593063 275 59749
1669820607719 275 59799
1669820622415 275 59849
1669820642346 275 59891
1669820647187 276 59891
1669820650383 276 59899
1669820665038 276 59949
1669820679677 276 59999
1669820694347 276 60049
1669820709052 276 60099
1669820719212 276 60108
1669820724182 277 60108
1669820737037 277 60149
1669820751713 277 60199
1669820766353 277 60249
1669820781350 277 60299
1669820796516 277 60325
1669820801513 278 60325
1669820809327 278 60349
1669820824022 278 60399
1669820838684 278 60449
1669820853492 278 60499
1669820873548 278 60542
1669820878612 279 60542
1669820881540 279 60549
1669820896275 279 60599
1669820910973 279 60649
1669820925805 279 60699
1669820940510 279 60749
1669820950962 279 60759
1669820955968 280 60759
1669820968475 280 60799
1669820983178 280 60849
1669820997820 280 60899
1669821012604 280 60949
1669821027998 280 60976
1669821032900 281 60976
1669821040375 281 60999
1669821055054 281 61049
1669821069874 281 61099
1669821084811 281 61149
1669821105301 281 61193
1669821110225 282 61193
1669821112713 282 61199
1669821127496 282 61249
1669821142318 282 61299
1669821157080 282 61349
1669821171801 282 61399
1669821182487 282 61410
1669821187412 283 61410
1669821199607 283 61449
1669821214589 283 61499
1669821229323 283 61549
1669821244037 283 61599
1669821259785 283 61627
1669821264726 284 61627
1669821271904 284 61649
1669821286707 284 61699
1669821301397 284 61749
1669821316055 284 61799
1669821336658 284 61844
1669821341670 285 61844
1669821343940 285 61849
1669821358761 285 61899
1669821373580 285 61949
1669821388340 285 61999
1669821403034 285 62049
1669821414166 285 62061
1669821419100 286 62061
1669821430941 286 62099
1669821445733 286 62149
1669821460404 286 62199
1669821475243 286 62249
1669821491258 286 62278
1669821496228 287 62278
1669821503083 287 62299
1669821517889 287 62349
1669821532732 287 62399
1669821547380 287 62449
1669821568216 287 62495
1669821573232 288 62495
1669821575235 288 62499
1669821589901 288 62549
1669821604756 288 62599
1669821619456 288 62649
1669821634151 288 62699
1669821645639 288 62712
1669821650572 289 62712
1669821662236 289 62749
1669821676868 289 62799
1669821691472 289 62849
1669821706249 289 62899
1669821722540 289 62929
1669821727444 290 62929
1669821734139 290 62949
1669821748990 290 62999
1669821763740 290 63049
1669821778712 290 63099
1669821799963 290 63146
1669821804882 291 63146
1669821806479 291 63149
1669821821314 291 63199
1669821836006 291 63249
1669821850871 291 63299
1669821865631 291 63349
1669821877185 291 63363
1669821882123 292 63363
1669821893401 292 63399
1669821908082 292 63449
1669821922774 292 63499
1669821937728 292 63549
1669821954486 292 63580
1669821959522 293 63580
1669821965887 293 63599
1669821980745 293 63649
1669821995429 293 63699
1669822010116 293 63749
1669822031600 293 63797
1669822036601 294 63797
1669822037918 294 63799
1669822052564 294 63849
1669822067419 294 63899
1669822082384 294 63949
1669822097221 294 63999
1669822109162 294 64014
1669822114119 295 64014
1669822125076 295 64049
1669822139783 295 64099
1669822154477 295 64149
1669822169107 295 64199
1669822185975 295 64231
1669822190957 296 64231
1669822196964 296 64249
1669822211801 296 64299
1669822226508 296 64349
1669822241488 296 64399
1669822263330 296 64448
1669822268308 297 64448
1669822269271 297 64449
1669822284005 297 64499
1669822298666 297 64549
1669822313341 297 64599
1669822328139 297 64649
1669822340273 297 64665
1669822345249 298 64665
1669822356120 298 64699
1669822371039 298 64749
1669822385721 298 64799
1669822400354 298 64849
1669822417290 298 64882
1669822422167 299 64882
1669822427840 299 64899
1669822442526 299 64949
1669822457444 299 64999
1669822472085 299 65049
1669822486548 299 65099
1669822494135 299 65099
1669822498883 300 65099
