1669799437232 0.2860652506351471 216
1669799513635 0.28976744413375854 433
1669799590722 0.2926672101020813 650
1669799667304 0.2970423996448517 867
1669799744130 0.2902505099773407 1084
1669799821102 0.2874731421470642 1301
1669799897815 0.28260117769241333 1518
1669799974374 0.2894921898841858 1735
1669800051438 0.285922110080719 1952
1669800128034 0.29289981722831726 2169
1669800204665 0.28963392972946167 2386
1669800281893 0.29171761870384216 2603
1669800358460 0.28957614302635193 2820
1669800435289 0.28864991664886475 3037
1669800512063 0.2901775538921356 3254
1669800588799 0.29568129777908325 3471
1669800665613 0.2884599566459656 3688
1669800742209 0.28849440813064575 3905
1669800819160 0.2868964970111847 4122
1669800896027 0.2884572148323059 4339
1669800972879 0.29410818219184875 4556
1669801049589 0.2914561629295349 4773
1669801126690 0.29333198070526123 4990
1669801203719 0.2848183810710907 5207
1669801280475 0.28752416372299194 5424
1669801357398 0.2853592038154602 5641
1669801434266 0.30274149775505066 5858
1669801511243 0.292949378490448 6075
1669801588517 0.29412609338760376 6292
1669801665515 0.29134735465049744 6509
1669801742175 0.2815042734146118 6726
1669801819396 0.29837459325790405 6943
1669801897360 0.29729291796684265 7160
1669801974795 0.2857266962528229 7377
1669802051629 0.29792046546936035 7594
1669802129010 0.28902149200439453 7811
1669802206105 0.2901995778083801 8028
1669802282862 0.29805392026901245 8245
1669802360595 0.2990476191043854 8462
1669802437561 0.2891935706138611 8679
1669802514412 0.29922378063201904 8896
1669802591187 0.29053542017936707 9113
1669802667984 0.2837902903556824 9330
1669802744976 0.2989650368690491 9547
1669802822046 0.29064688086509705 9764
1669802898962 0.30072808265686035 9981
1669802975548 0.29071569442749023 10198
1669803052197 0.3057418167591095 10415
1669803129287 0.29914262890815735 10632
1669803206394 0.2969749867916107 10849
1669803283370 0.3090311288833618 11066
1669803360703 0.2942485809326172 11283
1669803437290 0.2980305850505829 11500
1669803514244 0.2913927733898163 11717
1669803591185 0.29436829686164856 11934
1669803668407 0.2940806746482849 12151
1669803745333 0.2927621901035309 12368
1669803822605 0.2929397225379944 12585
1669803899969 0.3075048625469208 12802
1669803977172 0.30022159218788147 13019
1669804054820 0.3048609793186188 13236
1669804131979 0.3029218316078186 13453
1669804209119 0.30344489216804504 13670
1669804286370 0.29205891489982605 13887
1669804363742 0.3006221055984497 14104
1669804440880 0.29357969760894775 14321
1669804518258 0.2982851564884186 14538
1669804595565 0.30338430404663086 14755
1669804673313 0.29966700077056885 14972
1669804750607 0.2976989150047302 15189
1669804827943 0.2990146279335022 15406
1669804905272 0.30734655261039734 15623
1669804982254 0.30391690135002136 15840
1669805059570 0.30636534094810486 16057
1669805136782 0.30654972791671753 16274
1669805214448 0.30580928921699524 16491
1669805291191 0.3052574098110199 16708
1669805368847 0.30725163221359253 16925
1669805445904 0.302800714969635 17142
1669805522924 0.3081420958042145 17359
1669805599737 0.30923205614089966 17576
1669805677125 0.2953014075756073 17793
1669805754462 0.2963804006576538 18010
1669805831499 0.306933730840683 18227
1669805908725 0.30431875586509705 18444
1669805985860 0.2979906499385834 18661
1669806062892 0.29841455817222595 18878
1669806140406 0.3129824101924896 19095
1669806217200 0.29095926880836487 19312
1669806294469 0.3029479682445526 19529
1669806371454 0.2976122200489044 19746
1669806448813 0.30151116847991943 19963
1669806525864 0.29823288321495056 20180
1669806602896 0.30697357654571533 20397
1669806680007 0.2935136556625366 20614
1669806756954 0.30138590931892395 20831
1669806834527 0.3011753261089325 21048
1669806911312 0.3089361786842346 21265
1669806988149 0.30054226517677307 21482
1669807065737 0.3020603060722351 21699
1669807142971 0.3023052513599396 21916
1669807220341 0.30970004200935364 22133
1669807297475 0.31240710616111755 22350
1669807374878 0.3103000521659851 22567
1669807451952 0.3100138008594513 22784
1669807529301 0.3015386760234833 23001
1669807606175 0.3034462034702301 23218
1669807683417 0.3148624002933502 23435
1669807760393 0.3023712933063507 23652
1669807837563 0.31069231033325195 23869
1669807914725 0.3047853112220764 24086
1669807992109 0.3089141547679901 24303
1669808069306 0.29591935873031616 24520
1669808146742 0.31295761466026306 24737
1669808224399 0.3062538206577301 24954
1669808301363 0.30781039595603943 25171
1669808379097 0.3105725646018982 25388
1669808456414 0.2985163927078247 25605
1669808533393 0.3085811138153076 25822
1669808610277 0.31165286898612976 26039
1669808687874 0.31252411007881165 26256
1669808764572 0.3068070709705353 26473
1669808841645 0.3065249025821686 26690
1669808919191 0.312910795211792 26907
1669808996481 0.3112318217754364 27124
1669809073643 0.3153262138366699 27341
1669809150837 0.30307599902153015 27558
1669809227605 0.31116434931755066 27775
1669809304609 0.3158450722694397 27992
1669809381852 0.31147539615631104 28209
1669809458824 0.3098403215408325 28426
1669809536031 0.3046683073043823 28643
1669809612714 0.30832645297050476 28860
1669809690238 0.31225571036338806 29077
1669809767427 0.31684696674346924 29294
1669809844354 0.30443987250328064 29511
1669809921487 0.3060983419418335 29728
1669809998892 0.3114038407802582 29945
1669810076041 0.3185714781284332 30162
1669810153145 0.3109537959098816 30379
1669810230325 0.3031640648841858 30596
1669810307377 0.308442085981369 30813
1669810384721 0.31133779883384705 31030
1669810461766 0.3096160292625427 31247
1669810538831 0.3079603612422943 31464
1669810616061 0.31358519196510315 31681
1669810693204 0.30882880091667175 31898
1669810770713 0.3033719062805176 32115
1669810848061 0.31326594948768616 32332
1669810925039 0.3088590204715729 32549
1669811002186 0.31644919514656067 32766
1669811078769 0.30691850185394287 32983
1669811155995 0.3242237865924835 33200
1669811233645 0.3113129436969757 33417
1669811311014 0.3202504813671112 33634
1669811388600 0.3081241250038147 33851
1669811465760 0.30821776390075684 34068
1669811542810 0.3090503513813019 34285
1669811619963 0.31194883584976196 34502
1669811697376 0.3090228736400604 34719
1669811774465 0.3160088062286377 34936
1669811851303 0.31326594948768616 35153
1669811928539 0.3104252517223358 35370
1669812005549 0.3111698627471924 35587
1669812082427 0.3098238706588745 35804
1669812159487 0.31442609429359436 36021
1669812236635 0.318526029586792 36238
1669812313783 0.30920177698135376 36455
1669812390853 0.31029176712036133 36672
1669812468046 0.3085755407810211 36889
1669812544774 0.31788739562034607 37106
1669812621992 0.32150018215179443 37323
1669812698950 0.314662903547287 37540
1669812776219 0.3140544891357422 37757
1669812853222 0.31548306345939636 37974
1669812930382 0.3053014576435089 38191
1669813007714 0.3164505660533905 38408
1669813084571 0.31260398030281067 38625
1669813161837 0.3120575547218323 38842
1669813238844 0.31842556595802307 39059
1669813316426 0.309237539768219 39276
1669813393461 0.3160887360572815 39493
1669813471020 0.313915491104126 39710
1669813547780 0.31566062569618225 39927
1669813624909 0.3198128640651703 40144
1669813702216 0.30812692642211914 40361
1669813779305 0.3114643692970276 40578
1669813856719 0.31855490803718567 40795
1669813933812 0.31836092472076416 41012
1669814011478 0.3260583281517029 41229
1669814088487 0.30890312790870667 41446
1669814165411 0.31728601455688477 41663
1669814242438 0.32224199175834656 41880
1669814319757 0.3188095986843109 42097
1669814396658 0.3183842897415161 42314
1669814473942 0.3201128840446472 42531
1669814550897 0.3184090554714203 42748
1669814628243 0.3161739706993103 42965
1669814705346 0.3168180286884308 43182
1669814782619 0.3126989006996155 43399
1669814859766 0.31094688177108765 43616
1669814937360 0.31661441922187805 43833
1669815014651 0.3165717124938965 44050
1669815091591 0.31675752997398376 44267
1669815168587 0.3157638609409332 44484
1669815246061 0.3189966678619385 44701
1669815323469 0.3101693093776703 44918
1669815400678 0.3114078938961029 45135
1669815477678 0.3123493194580078 45352
1669815554688 0.31942203640937805 45569
1669815631782 0.3172777593135834 45786
1669815708960 0.3207803964614868 46003
1669815786276 0.3090393841266632 46220
1669815863470 0.3181723654270172 46437
1669815940600 0.31565237045288086 46654
1669816017857 0.33035507798194885 46871
1669816094829 0.3236609101295471 47088
1669816172456 0.32475775480270386 47305
1669816249323 0.313907265663147 47522
1669816326905 0.3199986219406128 47739
1669816404200 0.32235756516456604 47956
1669816480889 0.3143862187862396 48173
1669816557797 0.314376562833786 48390
1669816634585 0.32577478885650635 48607
1669816711939 0.3120203912258148 48824
1669816788797 0.3184008002281189 49041
1669816866223 0.32873108983039856 49258
1669816943530 0.3196641802787781 49475
1669817020649 0.32339805364608765 49692
1669817097783 0.32820260524749756 49909
1669817174922 0.3223534822463989 50126
1669817252474 0.32091113924980164 50343
1669817329478 0.3223933279514313 50560
1669817406819 0.31130334734916687 50777
1669817483763 0.3233388662338257 50994
1669817561034 0.31689101457595825 51211
1669817638017 0.31580793857574463 51428
1669817715212 0.31372421979904175 51645
1669817792236 0.3121677041053772 51862
1669817869434 0.3176961839199066 52079
1669817946314 0.31566476821899414 52296
1669818023538 0.3336925804615021 52513
1669818100487 0.32088908553123474 52730
1669818177843 0.31588220596313477 52947
1669818255254 0.3277539312839508 53164
1669818332553 0.32941654324531555 53381
1669818410182 0.32178786396980286 53598
1669818486950 0.3233608603477478 53815
1669818564070 0.32898709177970886 54032
1669818641359 0.3241632580757141 54249
1669818717908 0.3281117379665375 54466
1669818795336 0.3234420120716095 54683
1669818872244 0.32442885637283325 54900
1669818949450 0.32182493805885315 55117
1669819025979 0.3239113986492157 55334
1669819103135 0.33164331316947937 55551
1669819180376 0.3127208948135376 55768
1669819257774 0.32091110944747925 55985
1669819335223 0.32605284452438354 56202
1669819412553 0.32471513748168945 56419
1669819489539 0.32079824805259705 56636
1669819567161 0.3081503212451935 56853
1669819644083 0.3254184126853943 57070
1669819721032 0.3284434378147125 57287
1669819798446 0.31655243039131165 57504
1669819875373 0.3198610246181488 57721
1669819952891 0.3334283232688904 57938
1669820029725 0.3217547535896301 58155
1669820107069 0.3192155659198761 58372
1669820184202 0.32657861709594727 58589
1669820261053 0.32481417059898376 58806
1669820338406 0.31700247526168823 59023
1669820416081 0.3316047191619873 59240
1669820493259 0.31651532649993896 59457
1669820570215 0.32612863183021545 59674
1669820647187 0.31900906562805176 59891
1669820724182 0.3133828639984131 60108
1669820801513 0.3262386620044708 60325
1669820878612 0.3151005208492279 60542
1669820955968 0.3293435275554657 60759
1669821032900 0.32690614461898804 60976
1669821110225 0.3243214786052704 61193
1669821187412 0.330379843711853 61410
1669821264726 0.32018163800239563 61627
1669821341670 0.3177855610847473 61844
1669821419100 0.31585198640823364 62061
1669821496228 0.3245389759540558 62278
1669821573232 0.3303619921207428 62495
1669821650572 0.3232576549053192 62712
1669821727444 0.32636797428131104 62929
1669821804882 0.3216886818408966 63146
1669821882123 0.3098335266113281 63363
1669821959522 0.32917147874832153 63580
1669822036601 0.3244316279888153 63797
1669822114119 0.329372376203537 64014
1669822190957 0.326774001121521 64231
1669822268308 0.32502618432044983 64448
1669822345249 0.32492706179618835 64665
1669822422167 0.3265978991985321 64882
1669822498883 0.32896777987480164 65099
