1669015916445 0.51951003074646 216
1669015988832 0.52228182554245 433
1669016061271 0.5100715160369873 650
1669016133488 0.5023465156555176 867
1669016206090 0.5156453847885132 1084
1669016278698 0.5112799406051636 1301
1669016351576 0.5103399157524109 1518
1669016424268 0.5116652846336365 1735
1669016497024 0.5189939737319946 1952
1669016569829 0.5033581256866455 2169
1669016642284 0.5315964818000793 2386
1669016715203 0.5264602303504944 2603
1669016787808 0.5233966112136841 2820
1669016860461 0.5419074296951294 3037
1669016933319 0.5371607542037964 3254
1669017006047 0.5611175298690796 3471
1669017078774 0.5306000709533691 3688
1669017151497 0.5472859740257263 3905
1669017224223 0.540357768535614 4122
1669017296759 0.5503082275390625 4339
1669017369138 0.5482465624809265 4556
1669017441574 0.5640214681625366 4773
1669017514046 0.5593641400337219 4990
1669017586516 0.5797356963157654 5207
1669017658974 0.5782851576805115 5424
1669017731762 0.573324978351593 5641
1669017804403 0.5560886263847351 5858
1669017877008 0.5637586116790771 6075
1669017949580 0.5920299887657166 6292
1669018021972 0.5755298137664795 6509
1669018095108 0.5895568132400513 6726
1669018168063 0.6111752986907959 6943
1669018241148 0.5853508710861206 7160
1669018314192 0.5817203521728516 7377
1669018386961 0.5902531147003174 7594
1669018459641 0.5840572118759155 7811
1669018532552 0.5684530138969421 8028
1669018605001 0.5773988366127014 8245
1669018677951 0.5904238224029541 8462
1669018750582 0.5724992752075195 8679
1669018823620 0.5836842656135559 8896
1669018896312 0.6027083992958069 9113
1669018969417 0.5839099884033203 9330
1669019042174 0.5761546492576599 9547
1669019114959 0.5915455222129822 9764
1669019187836 0.568290650844574 9981
1669019260849 0.5879905819892883 10198
1669019333897 0.5859811902046204 10415
1669019406887 0.5972447395324707 10632
1669019479867 0.5838370323181152 10849
1669019552773 0.6069419384002686 11066
1669019625439 0.5916762948036194 11283
1669019698254 0.5956647396087646 11500
1669019771420 0.575510561466217 11717
1669019844431 0.5916046500205994 11934
1669019917437 0.5920203328132629 12151
1669019990331 0.5801582336425781 12368
1669020063238 0.5920671224594116 12585
1669020136407 0.5902683734893799 12802
1669020209113 0.5732067227363586 13019
1669020282275 0.6045540571212769 13236
1669020355402 0.6054788827896118 13453
1669020428404 0.5957857966423035 13670
1669020501017 0.58660888671875 13887
1669020573873 0.5819349884986877 14104
1669020646727 0.5840571522712708 14321
1669020719903 0.5808408260345459 14538
1669020793005 0.5866473317146301 14755
1669020865852 0.5865703225135803 14972
1669020938661 0.5875488519668579 15189
1669021011658 0.5762813091278076 15406
1669021084546 0.5905298590660095 15623
1669021157219 0.5982218384742737 15840
1669021230002 0.5898747444152832 16057
1669021303017 0.5973314046859741 16274
1669021375958 0.5828901529312134 16491
1669021448963 0.5825048089027405 16708
1669021522107 0.589477002620697 16925
1669021595108 0.5860211849212646 17142
1669021668304 0.5960789918899536 17359
1669021741155 0.59492427110672 17576
1669021814265 0.5907899141311646 17793
1669021887123 0.5897108912467957 18010
1669021959738 0.5924744606018066 18227
1669022032423 0.6009440422058105 18444
1669022105523 0.5961230397224426 18661
1669022178819 0.5962565541267395 18878
1669022252097 0.5947068333625793 19095
1669022324934 0.599431574344635 19312
1669022397964 0.5844314694404602 19529
1669022470868 0.5850039720535278 19746
1669022543933 0.6021138429641724 19963
1669022616920 0.598042905330658 20180
1669022689790 0.600385308265686 20397
1669022762724 0.6003757119178772 20614
1669022835760 0.6018345952033997 20831
1669022908530 0.6097274422645569 21048
1669022981609 0.5907899737358093 21265
1669023054336 0.5986236929893494 21482
1669023127238 0.5914918184280396 21699
1669023200058 0.5932920575141907 21916
1669023272322 0.5817437171936035 22133
1669023345463 0.5779685974121094 22350
1669023418397 0.6037572026252747 22567
1669023490985 0.5812991857528687 22784
1669023563443 0.5871675610542297 23001
1669023636059 0.603371798992157 23218
1669023708861 0.6074180603027344 23435
1669023781693 0.5939745903015137 23652
1669023854454 0.6002751588821411 23869
1669023927475 0.5988219380378723 24086
1669024000461 0.5946297645568848 24303
1669024073789 0.5880277752876282 24520
1669024146854 0.5762041807174683 24737
1669024219864 0.6063253879547119 24954
1669024292973 0.6002794504165649 25171
1669024365689 0.5960308313369751 25388
1669024438362 0.5931020975112915 25605
1669024511149 0.597517192363739 25822
1669024583677 0.5827648639678955 26039
1669024656597 0.5900770425796509 26256
1669024729637 0.582546055316925 26473
1669024802395 0.5965510606765747 26690
1669024874965 0.5948829054832458 26907
1669024948128 0.581445038318634 27124
1669025020789 0.5871483087539673 27341
1669025093938 0.5998512506484985 27558
1669025166837 0.5812220573425293 27775
1669025239813 0.591936469078064 27992
1669025312435 0.61092209815979 28209
1669025385607 0.5907321572303772 28426
1669025458438 0.5880759358406067 28643
1669025531262 0.5868840217590332 28860
1669025604021 0.5850289463996887 29077
1669025677317 0.583286464214325 29294
1669025750266 0.5943407416343689 29511
1669025822815 0.6109826564788818 29728
1669025895618 0.5895182490348816 29945
1669025968385 0.5957733988761902 30162
1669026041289 0.5954390168190002 30379
1669026113736 0.5918909907341003 30596
1669026186453 0.5949132442474365 30813
1669026259288 0.6042195558547974 31030
1669026332047 0.5869694948196411 31247
1669026404969 0.5989154577255249 31464
1669026477861 0.5903550982475281 31681
1669026550897 0.5916184782981873 31898
1669026623650 0.589284360408783 32115
1669026696380 0.5947756171226501 32332
1669026768948 0.6015468239784241 32549
1669026841676 0.5937819480895996 32766
1669026914637 0.5999999046325684 32983
1669026987607 0.6051445007324219 33200
1669027060061 0.5960720777511597 33417
1669027134261 0.5999807119369507 33634
1669027207271 0.6075392365455627 33851
1669027280097 0.5906936526298523 34068
1669027353007 0.5999806523323059 34285
1669027426004 0.6046683192253113 34502
1669027498785 0.6004611253738403 34719
1669027571437 0.593217670917511 34936
1669027644420 0.5799806714057922 35153
1669027717278 0.5978447198867798 35370
1669027790054 0.5985522270202637 35587
1669027862699 0.5772928595542908 35804
1669027935559 0.5881626605987549 36021
1669028008905 0.5928654670715332 36238
1669028082258 0.5965826511383057 36455
1669028155161 0.6089980602264404 36672
1669028228023 0.5929286479949951 36889
1669028301080 0.5872254371643066 37106
1669028373705 0.6129177212715149 37323
1669028446632 0.5956701636314392 37540
1669028519634 0.5848966836929321 37757
1669028592904 0.6025033593177795 37974
1669028665671 0.6053590774536133 38191
1669028738729 0.5929892063140869 38408
1669028811547 0.5796889066696167 38625
1669028884501 0.5825212001800537 38842
1669028957471 0.5948774814605713 39059
1669029030182 0.6038865447044373 39276
1669029102982 0.5979506969451904 39493
1669029175987 0.6082603335380554 39710
1669029248695 0.6069666743278503 39927
1669029321319 0.5942636728286743 40144
1669029394032 0.5966804027557373 40361
1669029466835 0.5840325951576233 40578
1669029539589 0.5965703129768372 40795
1669029612261 0.6051279306411743 41012
1669029685196 0.5945085883140564 41229
1669029757853 0.6011229753494263 41446
1669029830661 0.5959729552268982 41663
1669029903661 0.6029052734375 41880
1669029976659 0.5828515887260437 42097
1669030049455 0.6128845810890198 42314
1669030122177 0.5855546593666077 42531
1669030194863 0.6060886383056641 42748
1669030267574 0.606391429901123 42965
1669030340210 0.6130773425102234 43182
1669030413089 0.5961657166481018 43399
1669030485988 0.6061174869537354 43616
1669030558719 0.5843545198440552 43833
1669030631623 0.6084722280502319 44050
1669030704249 0.585125207901001 44267
1669030776845 0.5798802375793457 44484
1669030849814 0.5954197645187378 44701
1669030922737 0.598956823348999 44918
1669030995469 0.6020671725273132 45135
1669031067715 0.6157417893409729 45352
1669031140644 0.5990750789642334 45569
1669031213566 0.5956881046295166 45786
1669031285916 0.6110211610794067 46003
1669031358646 0.6084021329879761 46220
1669031431354 0.5917532444000244 46437
1669031504322 0.586884081363678 46654
1669031576799 0.5952078104019165 46871
1669031649449 0.6089112758636475 47088
1669031722432 0.5707734227180481 47305
1669031795352 0.6111561059951782 47522
1669031868205 0.6081613302230835 47739
1669031940979 0.6040736436843872 47956
1669032013750 0.597784161567688 48173
1669032086767 0.6050577759742737 48390
1669032159618 0.5900935530662537 48607
1669032232417 0.6013005971908569 48824
1669032305083 0.6095953583717346 49041
1669032378402 0.5858132839202881 49258
1669032451114 0.6051059365272522 49475
1669032523775 0.5969694256782532 49692
1669032596550 0.5823341608047485 49909
1669032669514 0.6006054878234863 50126
1669032742297 0.596903383731842 50343
1669032815119 0.5937572121620178 50560
1669032888139 0.5940241813659668 50777
1669032960876 0.6129919290542603 50994
1669033033671 0.5951610803604126 51211
1669033106279 0.5968455672264099 51428
1669033179226 0.6162427067756653 51645
1669033252186 0.603850781917572 51862
1669033325144 0.6046145558357239 52079
1669033397873 0.5910184383392334 52296
1669033470625 0.5949091911315918 52513
1669033543384 0.6105504631996155 52730
1669033616151 0.598191499710083 52947
1669033688547 0.6185314655303955 53164
1669033761239 0.6120697855949402 53381
1669033834141 0.5968620181083679 53598
1669033907120 0.605988085269928 53815
1669033979785 0.601560652256012 54032
1669034052653 0.5965124368667603 54249
1669034125767 0.59880530834198 54466
1669034198483 0.5960845351219177 54683
1669034271246 0.5935507416725159 54900
1669034344299 0.5971648693084717 55117
1669034416893 0.5847205519676208 55334
1669034489762 0.6026699542999268 55551
1669034562513 0.6019942760467529 55768
1669034635292 0.5993889570236206 55985
1669034708238 0.592160701751709 56202
1669034780676 0.6006936430931091 56419
1669034853418 0.609014630317688 56636
1669034926181 0.5893200635910034 56853
1669034998674 0.6109634041786194 57070
1669035071381 0.5972102880477905 57287
1669035144073 0.6039223670959473 57504
1669035216767 0.5993641018867493 57721
1669035289395 0.5994769930839539 57938
1669035362220 0.6080703735351562 58155
1669035435068 0.5938646197319031 58372
1669035507729 0.5967574715614319 58589
1669035580541 0.6123037934303284 58806
1669035653381 0.6035809516906738 59023
1669035726746 0.5992155075073242 59240
1669035799779 0.5998320579528809 59457
1669035872756 0.5958999991416931 59674
1669035945503 0.6056936979293823 59891
1669036018331 0.6014643311500549 60108
1669036090741 0.5904816389083862 60325
1669036163542 0.6087035536766052 60542
1669036236566 0.5917395353317261 60759
1669036309783 0.6057609915733337 60976
1669036382851 0.5955545902252197 61193
1669036455875 0.6189374923706055 61410
1669036528893 0.6072667241096497 61627
1669036601829 0.6074538230895996 61844
1669036674821 0.5941425561904907 62061
1669036747832 0.6121826767921448 62278
1669036820645 0.5968510508537292 62495
1669036893622 0.6056907773017883 62712
1669036966176 0.5972473621368408 62929
1669037039077 0.5986430644989014 63146
1669037111716 0.6086843609809875 63363
1669037184438 0.608843982219696 63580
1669037257129 0.6257513761520386 63797
1669037329950 0.6078997850418091 64014
1669037402904 0.610813319683075 64231
1669037475750 0.6003852486610413 64448
1669037548455 0.609865128993988 64665
1669037621255 0.5757005214691162 64882
1669037694006 0.6138920187950134 65099
