1669015916445 0.26437243819236755 216
1669015988832 0.2694399356842041 433
1669016061271 0.2622351348400116 650
1669016133488 0.2622007429599762 867
1669016206090 0.2674869894981384 1084
1669016278698 0.27039778232574463 1301
1669016351576 0.27720072865486145 1518
1669016424268 0.28022301197052 1735
1669016497024 0.290783166885376 1952
1669016569829 0.290905624628067 2169
1669016642284 0.3033594787120819 2386
1669016715203 0.3035755753517151 2603
1669016787808 0.3157045841217041 2820
1669016860461 0.3206276297569275 3037
1669016933319 0.328835666179657 3254
1669017006047 0.3376479744911194 3471
1669017078774 0.33760806918144226 3688
1669017151497 0.35298240184783936 3905
1669017224223 0.35413435101509094 4122
1669017296759 0.37089043855667114 4339
1669017369138 0.3641605079174042 4556
1669017441574 0.37374621629714966 4773
1669017514046 0.38087257742881775 4990
1669017586516 0.39113959670066833 5207
1669017658974 0.39051753282546997 5424
1669017731762 0.3936925530433655 5641
1669017804403 0.3858010470867157 5858
1669017877008 0.3911602795124054 6075
1669017949580 0.4011670649051666 6292
1669018021972 0.39674240350723267 6509
1669018095108 0.4061491787433624 6726
1669018168063 0.41429680585861206 6943
1669018241148 0.4189251959323883 7160
1669018314192 0.4090806245803833 7377
1669018386961 0.417601078748703 7594
1669018459641 0.42192399501800537 7811
1669018532552 0.3984145224094391 8028
1669018605001 0.40979623794555664 8245
1669018677951 0.41644781827926636 8462
1669018750582 0.4149394631385803 8679
1669018823620 0.4201706647872925 8896
1669018896312 0.43050098419189453 9113
1669018969417 0.42808422446250916 9330
1669019042174 0.42633500695228577 9547
1669019114959 0.43138042092323303 9764
1669019187836 0.410499632358551 9981
1669019260849 0.41965043544769287 10198
1669019333897 0.420071542263031 10415
1669019406887 0.4298568367958069 10632
1669019479867 0.42479774355888367 10849
1669019552773 0.4291013479232788 11066
1669019625439 0.42506882548332214 11283
1669019698254 0.4248761534690857 11500
1669019771420 0.42327556014060974 11717
1669019844431 0.4338012635707855 11934
1669019917437 0.4188907742500305 12151
1669019990331 0.42282962799072266 12368
1669020063238 0.4329672157764435 12585
1669020136407 0.42950868606567383 12802
1669020209113 0.4221786558628082 13019
1669020282275 0.42758190631866455 13236
1669020355402 0.442149817943573 13453
1669020428404 0.43063589930534363 13670
1669020501017 0.4256303310394287 13887
1669020573873 0.4194590747356415 14104
1669020646727 0.4199546277523041 14321
1669020719903 0.4172942638397217 14538
1669020793005 0.4262675642967224 14755
1669020865852 0.42763835191726685 14972
1669020938661 0.4272764027118683 15189
1669021011658 0.42156344652175903 15406
1669021084546 0.4325186014175415 15623
1669021157219 0.44063714146614075 15840
1669021230002 0.4296890199184418 16057
1669021303017 0.42872828245162964 16274
1669021375958 0.4264024794101715 16491
1669021448963 0.4271305203437805 16708
1669021522107 0.42727503180503845 16925
1669021595108 0.4321401119232178 17142
1669021668304 0.4312056303024292 17359
1669021741155 0.4231213927268982 17576
1669021814265 0.42935043573379517 17793
1669021887123 0.4320010840892792 18010
1669021959738 0.43077483773231506 18227
1669022032423 0.42908889055252075 18444
1669022105523 0.4289485812187195 18661
1669022178819 0.4260253608226776 18878
1669022252097 0.43345722556114197 19095
1669022324934 0.42861825227737427 19312
1669022397964 0.42544591426849365 19529
1669022470868 0.42980867624282837 19746
1669022543933 0.4419790506362915 19963
1669022616920 0.43550652265548706 20180
1669022689790 0.4329521059989929 20397
1669022762724 0.44120287895202637 20614
1669022835760 0.433459997177124 20831
1669022908530 0.4376080334186554 21048
1669022981609 0.43455272912979126 21265
1669023054336 0.43051475286483765 21482
1669023127238 0.43477433919906616 21699
1669023200058 0.44050371646881104 21916
1669023272322 0.43053126335144043 22133
1669023345463 0.42181533575057983 22350
1669023418397 0.4287957549095154 22567
1669023490985 0.42816686630249023 22784
1669023563443 0.4274924099445343 23001
1669023636059 0.43511155247688293 23218
1669023708861 0.44265222549438477 23435
1669023781693 0.4265950620174408 23652
1669023854454 0.43636107444763184 23869
1669023927475 0.43368294835090637 24086
1669024000461 0.4346146285533905 24303
1669024073789 0.43416866660118103 24520
1669024146854 0.42965736985206604 24737
1669024219864 0.4225557744503021 24954
1669024292973 0.43958985805511475 25171
1669024365689 0.44525739550590515 25388
1669024438362 0.4368840754032135 25605
1669024511149 0.44066888093948364 25822
1669024583677 0.4378722906112671 26039
1669024656597 0.4274222254753113 26256
1669024729637 0.4314905107021332 26473
1669024802395 0.4311023950576782 26690
1669024874965 0.4382438659667969 26907
1669024948128 0.4232369661331177 27124
1669025020789 0.4342113435268402 27341
1669025093938 0.4322308897972107 27558
1669025166837 0.4299449622631073 27775
1669025239813 0.43114641308784485 27992
1669025312435 0.4411684274673462 28209
1669025385607 0.443753182888031 28426
1669025458438 0.436396986246109 28643
1669025531262 0.43371453881263733 28860
1669025604021 0.43370771408081055 29077
1669025677317 0.4247687757015228 29294
1669025750266 0.44135159254074097 29511
1669025822815 0.4366942048072815 29728
1669025895618 0.43491190671920776 29945
1669025968385 0.431212455034256 30162
1669026041289 0.4371263086795807 30379
1669026113736 0.43255022168159485 30596
1669026186453 0.43059042096138 30813
1669026259288 0.4371098279953003 31030
1669026332047 0.4390324652194977 31247
1669026404969 0.43435174226760864 31464
1669026477861 0.429964154958725 31681
1669026550897 0.42837047576904297 31898
1669026623650 0.4358367323875427 32115
1669026696380 0.441255122423172 32332
1669026768948 0.4400908648967743 32549
1669026841676 0.438656747341156 32766
1669026914637 0.44367191195487976 32983
1669026987607 0.441611647605896 33200
1669027060061 0.4332563281059265 33417
1669027134261 0.4428200125694275 33634
1669027207271 0.4383526146411896 33851
1669027280097 0.43605148792266846 34068
1669027353007 0.4426589608192444 34285
1669027426004 0.4428626298904419 34502
1669027498785 0.4433347284793854 34719
1669027571437 0.44215935468673706 34936
1669027644420 0.4263749420642853 35153
1669027717278 0.4419061839580536 35370
1669027790054 0.43271949887275696 35587
1669027862699 0.4309951066970825 35804
1669027935559 0.4357322156429291 36021
1669028008905 0.4331654906272888 36238
1669028082258 0.4369420111179352 36455
1669028155161 0.43852877616882324 36672
1669028228023 0.43949899077415466 36889
1669028301080 0.4236196279525757 37106
1669028373705 0.43672311305999756 37323
1669028446632 0.43788886070251465 37540
1669028519634 0.4362097382545471 37757
1669028592904 0.44767412543296814 37974
1669028665671 0.44391682744026184 38191
1669028738729 0.42823418974876404 38408
1669028811547 0.4298926591873169 38625
1669028884501 0.4298306703567505 38842
1669028957471 0.4292141795158386 39059
1669029030182 0.43654417991638184 39276
1669029102982 0.43053677678108215 39493
1669029175987 0.43904757499694824 39710
1669029248695 0.4452518820762634 39927
1669029321319 0.4314712882041931 40144
1669029394032 0.43616294860839844 40361
1669029466835 0.4387778341770172 40578
1669029539589 0.4457775950431824 40795
1669029612261 0.4416060745716095 41012
1669029685196 0.43584364652633667 41229
1669029757853 0.4350880980491638 41446
1669029830661 0.4386966824531555 41663
1669029903661 0.43792596459388733 41880
1669029976659 0.42804571986198425 42097
1669030049455 0.4417946934700012 42314
1669030122177 0.4264368712902069 42531
1669030194863 0.4367355406284332 42748
1669030267574 0.4361836016178131 42965
1669030340210 0.4449380934238434 43182
1669030413089 0.4352794587612152 43399
1669030485988 0.4379865527153015 43616
1669030558719 0.43459126353263855 43833
1669030631623 0.4343242049217224 44050
1669030704249 0.4351348578929901 44267
1669030776845 0.4381214380264282 44484
1669030849814 0.43847236037254333 44701
1669030922737 0.4414299726486206 44918
1669030995469 0.4372599124908447 45135
1669031067715 0.4384186267852783 45352
1669031140644 0.42969173192977905 45569
1669031213566 0.4401252865791321 45786
1669031285916 0.4416363835334778 46003
1669031358646 0.4316308796405792 46220
1669031431354 0.43632808327674866 46437
1669031504322 0.4355243742465973 46654
1669031576799 0.441420316696167 46871
1669031649449 0.4431874752044678 47088
1669031722432 0.42616841197013855 47305
1669031795352 0.44614920020103455 47522
1669031868205 0.4424484372138977 47739
1669031940979 0.4338851571083069 47956
1669032013750 0.4393187463283539 48173
1669032086767 0.4434984624385834 48390
1669032159618 0.4318248927593231 48607
1669032232417 0.4336360991001129 48824
1669032305083 0.4391990303993225 49041
1669032378402 0.4367932677268982 49258
1669032451114 0.432185560464859 49475
1669032523775 0.437782883644104 49692
1669032596550 0.4338343143463135 49909
1669032669514 0.44109001755714417 50126
1669032742297 0.4416254162788391 50343
1669032815119 0.4378034770488739 50560
1669032888139 0.43286406993865967 50777
1669032960876 0.4356675446033478 50994
1669033033671 0.4407789707183838 51211
1669033106279 0.43615609407424927 51428
1669033179226 0.4418194591999054 51645
1669033252186 0.4492555260658264 51862
1669033325144 0.4405587911605835 52079
1669033397873 0.4248775839805603 52296
1669033470625 0.44047895073890686 52513
1669033543384 0.44170111417770386 52730
1669033616151 0.42976462841033936 52947
1669033688547 0.44026288390159607 53164
1669033761239 0.4363749027252197 53381
1669033834141 0.437324583530426 53598
1669033907120 0.43822047114372253 53815
1669033979785 0.43791911005973816 54032
1669034052653 0.43607762455940247 54249
1669034125767 0.4386223554611206 54466
1669034198483 0.4357225000858307 54683
1669034271246 0.42938345670700073 54900
1669034344299 0.4304981827735901 55117
1669034416893 0.43481841683387756 55334
1669034489762 0.4350798428058624 55551
1669034562513 0.43217727541923523 55768
1669034635292 0.43866777420043945 55985
1669034708238 0.4407995939254761 56202
1669034780676 0.4354720711708069 56419
1669034853418 0.4377140700817108 56636
1669034926181 0.43131017684936523 56853
1669034998674 0.43645745515823364 57070
1669035071381 0.43385636806488037 57287
1669035144073 0.4470038414001465 57504
1669035216767 0.4372020959854126 57721
1669035289395 0.4339870512485504 57938
1669035362220 0.4361134171485901 58155
1669035435068 0.43399807810783386 58372
1669035507729 0.4403785169124603 58589
1669035580541 0.44597166776657104 58806
1669035653381 0.4494701623916626 59023
1669035726746 0.43987059593200684 59240
1669035799779 0.43653592467308044 59457
1669035872756 0.434965580701828 59674
1669035945503 0.4341205656528473 59891
1669036018331 0.4427993893623352 60108
1669036090741 0.43005090951919556 60325
1669036163542 0.4355161190032959 60542
1669036236566 0.4374745190143585 60759
1669036309783 0.44470420479774475 60976
1669036382851 0.44155246019363403 61193
1669036455875 0.4431476294994354 61410
1669036528893 0.44481152296066284 61627
1669036601829 0.4408876895904541 61844
1669036674821 0.43389761447906494 62061
1669036747832 0.44023817777633667 62278
1669036820645 0.43798792362213135 62495
1669036893622 0.4427250027656555 62712
1669036966176 0.4359716773033142 62929
1669037039077 0.43314892053604126 63146
1669037111716 0.443187415599823 63363
1669037184438 0.4377566874027252 63580
1669037257129 0.4454940855503082 63797
1669037329950 0.4363377094268799 64014
1669037402904 0.44719648361206055 64231
1669037475750 0.4445402920246124 64448
1669037548455 0.44660475850105286 64665
1669037621255 0.43225711584091187 64882
1669037694006 0.4430980980396271 65099
