1669015858607 0.3333333432674408 49
1669015872504 0.4000000059604645 99
1669015886392 0.75 149
1669015900160 0.1666666716337204 199
1669015926150 0.75 249
1669015939969 0.20000000298023224 299
1669015953742 0.20000000298023224 349
1669015967546 0.4000000059604645 399
1669015993781 0.1428571492433548 449
1669016007573 0.4000000059604645 499
1669016021389 0.25 549
1669016035212 0.4000000059604645 599
1669016049048 1.0 649
1669016075305 0.4285714328289032 699
1669016089127 0.0 749
1669016102960 0.25 799
1669016116803 0.0 849
1669016142837 1.0 899
1669016156671 0.0 949
1669016170513 0.0 999
1669016184345 0.0 1049
1669016210746 0.3333333432674408 1099
1669016224578 0.3333333432674408 1149
1669016238435 0.0 1199
1669016252318 0.25 1249
1669016266184 0.20000000298023224 1299
1669016292478 0.25 1349
1669016306329 0.0 1399
1669016320183 0.7142857313156128 1449
1669016334052 0.20000000298023224 1499
1669016360666 0.5 1549
1669016374509 0.20000000298023224 1599
1669016388358 0.6000000238418579 1649
1669016402202 0.20000000298023224 1699
1669016428665 0.5 1749
1669016442486 0.25 1799
1669016456327 0.0 1849
1669016470191 0.25 1899
1669016484048 0.3333333432674408 1949
1669016510550 0.0 1999
1669016524396 0.5 2049
1669016538278 1.0 2099
1669016552154 0.0 2149
1669016578645 0.20000000298023224 2199
1669016592477 0.0 2249
1669016606309 0.20000000298023224 2299
1669016620171 0.20000000298023224 2349
1669016646415 0.20000000298023224 2399
1669016660237 0.4000000059604645 2449
1669016674101 0.6666666865348816 2499
1669016687985 0.75 2549
1669016701871 0.0 2599
1669016728433 0.25 2649
1669016742302 0.0 2699
1669016756174 0.1428571492433548 2749
1669016770061 0.0 2799
1669016796332 0.1428571492433548 2849
1669016810178 0.3333333432674408 2899
1669016824036 0.25 2949
1669016837918 0.25 2999
1669016864329 0.6000000238418579 3049
1669016878140 0.20000000298023224 3099
1669016891997 0.6666666865348816 3149
1669016905877 0.4000000059604645 3199
1669016919744 0.5 3249
1669016946245 0.3333333432674408 3299
1669016960075 0.5 3349
1669016973927 0.0 3399
1669016987793 0.25 3449
1669017014384 0.5 3499
1669017028229 0.3333333432674408 3549
1669017042129 0.3333333432674408 3599
1669017056037 0.6666666865348816 3649
1669017082362 0.0 3699
1669017096169 0.20000000298023224 3749
1669017110042 0.25 3799
1669017123902 0.5 3849
1669017137778 0.7142857313156128 3899
1669017164203 0.6666666865348816 3949
1669017178055 0.3333333432674408 3999
1669017191929 0.5 4049
1669017205809 0.6666666865348816 4099
1669017232190 0.5 4149
1669017246016 0.0 4199
1669017259870 0.6666666865348816 4249
1669017273730 0.0 4299
1669017300085 0.0 4349
1669017313904 0.5 4399
1669017327764 1.0 4449
1669017341641 0.6000000238418579 4499
1669017355525 0.5 4549
1669017381581 0.6666666865348816 4599
1669017395436 0.5 4649
1669017409304 0.5 4699
1669017423203 0.3333333432674408 4749
1669017449299 0.3333333432674408 4799
1669017463141 0.0 4849
1669017477002 0.3333333432674408 4899
1669017490881 0.3333333432674408 4949
1669017517130 0.6000000238418579 4999
1669017530942 0.5 5049
1669017544795 0.5 5099
1669017558643 0.1666666716337204 5149
1669017572500 0.3333333432674408 5199
1669017598635 0.3333333432674408 5249
1669017612488 0.5 5299
1669017626358 0.6666666865348816 5349
1669017640246 0.5 5399
1669017666429 0.6000000238418579 5449
1669017680324 0.0 5499
1669017694225 0.75 5549
1669017708140 0.6000000238418579 5599
1669017734545 0.25 5649
1669017748368 0.0 5699
1669017762235 0.3333333432674408 5749
1669017776131 0.5 5799
1669017789995 0.0 5849
1669017816267 0.20000000298023224 5899
1669017830157 0.3333333432674408 5949
1669017844061 0.0 5999
1669017857987 0.0 6049
1669017884192 0.6666666865348816 6099
1669017898021 0.20000000298023224 6149
1669017911872 0.25 6199
1669017925747 0.4000000059604645 6249
1669017952080 0.4000000059604645 6299
1669017965888 0.0 6349
1669017979716 1.0 6399
1669017993577 0.25 6449
1669018007452 0.5 6499
1669018033571 0.5 6549
1669018047406 0.20000000298023224 6599
1669018061287 0.0 6649
1669018075168 0.4000000059604645 6699
1669018102019 0.25 6749
1669018115866 0.0 6799
1669018129754 0.5 6849
1669018143637 0.5 6899
1669018170323 0.4000000059604645 6949
1669018184123 1.0 6999
1669018197990 0.3333333432674408 7049
1669018211855 0.6000000238418579 7099
1669018225741 0.25 7149
1669018252457 0.5 7199
1669018266348 0.20000000298023224 7249
1669018280268 0.3333333432674408 7299
1669018294179 0.6000000238418579 7349
1669018320827 0.4000000059604645 7399
1669018334655 0.20000000298023224 7449
1669018348513 0.0 7499
1669018362392 0.25 7549
1669018388889 0.6666666865348816 7599
1669018402716 0.5 7649
1669018416581 1.0 7699
1669018430475 0.6666666865348816 7749
1669018444383 0.0 7799
1669018470665 0.0 7849
1669018484537 0.0 7899
1669018498427 0.75 7949
1669018512356 1.0 7999
1669018538905 0.6666666865348816 8049
1669018552766 0.25 8099
1669018566666 0.5 8149
1669018580559 0.20000000298023224 8199
1669018606656 0.0 8249
1669018620530 0.5 8299
1669018634420 0.3333333432674408 8349
1669018648330 0.0 8399
1669018662232 1.0 8449
1669018688786 0.5 8499
1669018702702 0.5 8549
1669018716579 0.25 8599
1669018730470 0.3333333432674408 8649
1669018756697 0.0 8699
1669018770583 0.5 8749
1669018784489 0.4000000059604645 8799
1669018798418 1.0 8849
1669018825010 1.0 8899
1669018838843 0.6000000238418579 8949
1669018852698 0.5 8999
1669018866573 0.0 9049
1669018880458 0.25 9099
1669018906798 0.5 9149
1669018920671 0.5 9199
1669018934562 0.25 9249
1669018948458 0.6666666865348816 9299
1669018975220 0.6666666865348816 9349
1669018989048 0.0 9399
1669019002922 0.20000000298023224 9449
1669019016803 1.0 9499
1669019043292 1.0 9549
1669019057114 0.0 9599
1669019070977 0.25 9649
1669019084850 0.5 9699
1669019098736 0.6666666865348816 9749
1669019125174 1.0 9799
1669019139056 0.0 9849
1669019152921 0.3333333432674408 9899
1669019166829 0.6666666865348816 9949
1669019193352 0.3333333432674408 9999
1669019207203 0.3333333432674408 10049
1669019221071 0.6666666865348816 10099
1669019234959 0.0 10149
1669019261685 0.0 10199
1669019275519 0.3333333432674408 10249
1669019289372 0.6666666865348816 10299
1669019303262 1.0 10349
1669019317158 0.5 10399
1669019343799 0.20000000298023224 10449
1669019357653 0.3333333432674408 10499
1669019371513 0.6666666865348816 10549
1669019385391 1.0 10599
1669019412111 0.800000011920929 10649
1669019425969 0.5 10699
1669019439869 0.25 10749
1669019453749 0.5 10799
1669019467485 0.0 10849
1669019494238 1.0 10899
1669019508104 0.6000000238418579 10949
1669019521971 0.75 10999
1669019535838 0.5 11049
1669019562426 0.0 11099
1669019576278 0.6666666865348816 11149
1669019590161 0.0 11199
1669019604038 0.6666666865348816 11249
1669019630390 1.0 11299
1669019644226 0.6666666865348816 11349
1669019658116 0.5 11399
1669019671989 0.0 11449
1669019685871 0.0 11499
1669019712327 0.6000000238418579 11549
1669019726192 0.6666666865348816 11599
1669019740072 0.5 11649
1669019753953 0.3333333432674408 11699
1669019780768 0.5 11749
1669019794599 0.6666666865348816 11799
1669019808468 0.6666666865348816 11849
1669019822347 0.3333333432674408 11899
1669019849104 0.0 11949
1669019862934 0.4000000059604645 11999
1669019876810 0.3333333432674408 12049
1669019890692 0.20000000298023224 12099
1669019904577 0.25 12149
1669019931190 1.0 12199
1669019945051 0.3333333432674408 12249
1669019958928 0.6666666865348816 12299
1669019972811 0.25 12349
1669019999409 0.3333333432674408 12399
1669020013274 0.4000000059604645 12449
1669020027149 0.5 12499
1669020041035 0.6666666865348816 12549
1669020067681 0.0 12599
1669020081541 0.3333333432674408 12649
1669020095420 0.25 12699
1669020109324 0.20000000298023224 12749
1669020123218 1.0 12799
1669020149964 0.5 12849
1669020163830 0.25 12899
1669020177707 0.5 12949
1669020191589 0.6666666865348816 12999
1669020217953 0.0 13049
1669020231797 0.3333333432674408 13099
1669020245671 0.3333333432674408 13149
1669020259545 1.0 13199
1669020286446 0.4000000059604645 13249
1669020300293 0.75 13299
1669020314165 0.5 13349
1669020328065 0.4000000059604645 13399
1669020341957 0.6000000238418579 13449
1669020368703 0.5 13499
1669020382602 0.4000000059604645 13549
1669020396546 0.4000000059604645 13599
1669020410474 0.25 13649
1669020436941 0.6000000238418579 13699
1669020450787 0.0 13749
1669020464666 0.0 13799
1669020478547 0.0 13849
1669020504894 0.25 13899
1669020518729 0.6666666865348816 13949
1669020532605 0.25 13999
1669020546501 0.6000000238418579 14049
1669020560400 0.5 14099
1669020586838 0.5 14149
1669020600695 0.3333333432674408 14199
1669020614581 0.6666666865348816 14249
1669020628483 0.3333333432674408 14299
1669020655034 0.6000000238418579 14349
1669020668926 0.6666666865348816 14399
1669020682850 0.3333333432674408 14449
1669020696775 1.0 14499
1669020723536 0.6666666865348816 14549
1669020737355 0.3333333432674408 14599
1669020751212 0.6666666865348816 14649
1669020765093 0.20000000298023224 14699
1669020778975 0.0 14749
1669020805699 0.0 14799
1669020819570 0.6666666865348816 14849
1669020833458 0.6666666865348816 14899
1669020847361 0.6000000238418579 14949
1669020873812 1.0 14999
1669020887670 0.0 15049
1669020901574 0.3333333432674408 15099
1669020915483 0.5 15149
1669020942002 0.25 15199
1669020955826 0.25 15249
1669020969706 0.3333333432674408 15299
1669020983609 0.6666666865348816 15349
1669020997519 0.5 15399
1669021024087 0.75 15449
1669021037959 0.4000000059604645 15499
1669021051823 1.0 15549
1669021065715 0.25 15599
1669021092274 1.0 15649
1669021106138 0.4285714328289032 15699
1669021120010 0.3333333432674408 15749
1669021133907 0.6000000238418579 15799
1669021160289 0.3333333432674408 15849
1669021174114 0.25 15899
1669021187985 0.6666666865348816 15949
1669021201871 0.75 15999
1669021215763 0.4000000059604645 16049
1669021242150 0.3333333432674408 16099
1669021256057 0.3333333432674408 16149
1669021269981 0.0 16199
1669021283923 0.3333333432674408 16249
1669021310445 0.5 16299
1669021324280 0.3333333432674408 16349
1669021338139 0.6666666865348816 16399
1669021352027 0.3333333432674408 16449
1669021378733 0.25 16499
1669021392549 0.5 16549
1669021406425 1.0 16599
1669021420328 0.3333333432674408 16649
1669021434261 1.0 16699
1669021460832 0.3333333432674408 16749
1669021474692 0.3333333432674408 16799
1669021488577 0.25 16849
1669021502490 0.5 16899
1669021529298 0.20000000298023224 16949
1669021543161 0.5 16999
1669021557048 0.3333333432674408 17049
1669021570960 0.5 17099
1669021597611 0.3333333432674408 17149
1669021611430 1.0 17199
1669021625308 0.5 17249
1669021639196 0.6000000238418579 17299
1669021653097 0.3333333432674408 17349
1669021679903 1.0 17399
1669021693765 0.800000011920929 17449
1669021707653 0.0 17499
1669021721583 0.5 17549
1669021748036 0.3333333432674408 17599
1669021761872 1.0 17649
1669021775758 0.6666666865348816 17699
1669021789651 0.800000011920929 17749
1669021816483 0.0 17799
1669021830295 0.0 17849
1669021844174 0.25 17899
1669021858073 0.800000011920929 17949
1669021871958 0.3333333432674408 17999
1669021898416 0.0 18049
1669021912262 0.20000000298023224 18099
1669021926126 0.0 18149
1669021940034 0.6000000238418579 18199
1669021966382 0.0 18249
1669021980225 0.0 18299
1669021994085 0.4000000059604645 18349
1669022007961 0.5 18399
1669022034360 1.0 18449
1669022048187 0.0 18499
1669022062057 0.3333333432674408 18549
1669022075953 0.4000000059604645 18599
1669022089845 0.3333333432674408 18649
1669022116551 0.3333333432674408 18699
1669022130435 1.0 18749
1669022144340 1.0 18799
1669022158274 0.6000000238418579 18849
1669022185157 0.0 18899
1669022199054 0.3333333432674408 18949
1669022212985 0.0 18999
1669022226936 0.3333333432674408 19049
1669022253768 0.0 19099
1669022267582 0.6666666865348816 19149
1669022281461 0.3333333432674408 19199
1669022295361 0.0 19249
1669022309263 0.75 19299
1669022335713 0.25 19349
1669022349581 0.4000000059604645 19399
1669022363458 0.5 19449
1669022377361 0.75 19499
1669022404056 0.6000000238418579 19549
1669022417958 0.0 19599
1669022431897 0.3333333432674408 19649
1669022445855 0.5 19699
1669022472230 0.3333333432674408 19749
1669022486069 0.5 19799
1669022499937 0.5 19849
1669022513833 0.0 19899
1669022527723 0.5 19949
1669022554399 0.6000000238418579 19999
1669022568245 0.75 20049
1669022582127 0.800000011920929 20099
1669022596027 0.3333333432674408 20149
1669022622696 0.6000000238418579 20199
1669022636585 1.0 20249
1669022650511 0.0 20299
1669022664468 1.0 20349
1669022691000 0.0 20399
1669022704849 0.5 20449
1669022718733 0.5 20499
1669022732667 0.0 20549
1669022746571 0.6000000238418579 20599
1669022772948 0.3333333432674408 20649
1669022786837 0.0 20699
1669022800730 1.0 20749
1669022814626 0.4000000059604645 20799
1669022841292 0.6000000238418579 20849
1669022855138 0.5 20899
1669022869033 0.0 20949
1669022882924 0.6000000238418579 20999
1669022909371 0.6666666865348816 21049
1669022923219 1.0 21099
1669022937100 0.6666666865348816 21149
1669022950985 0.0 21199
1669022964862 0.25 21249
1669022991543 1.0 21299
1669023005422 0.25 21349
1669023019351 0.0 21399
1669023033257 0.3333333432674408 21449
1669023059590 0.5 21499
1669023073444 0.0 21549
1669023087321 0.75 21599
1669023101192 1.0 21649
1669023114903 0.0 21699
1669023141585 0.25 21749
1669023155458 0.75 21799
1669023169345 0.6666666865348816 21849
1669023183241 0.5 21899
1669023209687 1.0 21949
1669023223535 0.8333333134651184 21999
1669023237468 0.0 22049
1669023251394 0.3333333432674408 22099
1669023277298 0.6666666865348816 22149
1669023291142 0.0 22199
1669023305033 0.5 22249
1669023318945 0.0 22299
1669023332859 0.5 22349
1669023359559 0.5 22399
1669023373434 0.5 22449
1669023387330 0.6000000238418579 22499
1669023401215 0.5 22549
1669023427755 0.6666666865348816 22599
1669023441624 0.0 22649
1669023455532 0.0 22699
1669023469434 0.3333333432674408 22749
1669023495713 0.4000000059604645 22799
1669023509537 0.0 22849
1669023523408 0.3333333432674408 22899
1669023537290 0.75 22949
1669023551170 0.5 22999
1669023577267 0.25 23049
1669023591140 0.5 23099
1669023605030 0.6666666865348816 23149
1669023618908 0.5 23199
1669023645129 0.6666666865348816 23249
1669023658988 0.0 23299
1669023672888 0.5 23349
1669023686782 0.5 23399
1669023713291 0.5 23449
1669023727124 0.4000000059604645 23499
1669023740989 0.0 23549
1669023754862 0.3333333432674408 23599
1669023768768 0.0 23649
1669023795234 0.0 23699
1669023809114 0.6666666865348816 23749
1669023823006 0.6666666865348816 23799
1669023836882 0.0 23849
1669023863290 0.0 23899
1669023877133 0.3333333432674408 23949
1669023891026 0.5 23999
1669023904915 0.0 24049
1669023931613 0.6666666865348816 24099
1669023945456 0.0 24149
1669023959367 0.4000000059604645 24199
1669023973287 1.0 24249
1669023987206 0.0 24299
1669024013725 0.5 24349
1669024027637 0.6666666865348816 24399
1669024041586 0.25 24449
1669024055536 0.5 24499
1669024082347 0.3333333432674408 24549
1669024096215 1.0 24599
1669024110113 0.0 24649
1669024124023 0.4000000059604645 24699
1669024150747 0.5 24749
1669024164571 0.0 24799
1669024178453 0.5 24849
1669024192366 0.25 24899
1669024206280 0.0 24949
1669024232908 0.6666666865348816 24999
1669024246866 1.0 25049
1669024260838 0.6000000238418579 25099
1669024274821 0.5 25149
1669024301222 0.0 25199
1669024315088 0.3333333432674408 25249
1669024328996 0.25 25299
1669024342905 0.6666666865348816 25349
1669024369292 0.0 25399
1669024383122 0.5 25449
1669024396989 0.3333333432674408 25499
1669024410877 0.5 25549
1669024424765 0.5 25599
1669024451059 0.1666666716337204 25649
1669024464929 0.3333333432674408 25699
1669024478820 0.6666666865348816 25749
1669024492708 0.5 25799
1669024519144 0.6666666865348816 25849
1669024533010 0.6666666865348816 25899
1669024546905 0.3333333432674408 25949
1669024560790 0.0 25999
1669024587009 0.6000000238418579 26049
1669024600830 0.0 26099
1669024614687 0.6666666865348816 26149
1669024628556 0.25 26199
1669024642454 0.75 26249
1669024669002 0.0 26299
1669024682896 0.5 26349
1669024696799 0.6666666865348816 26399
1669024710726 0.6666666865348816 26449
1669024737385 0.6000000238418579 26499
1669024751248 0.0 26549
1669024765146 0.25 26599
1669024779044 0.3333333432674408 26649
1669024805441 0.5 26699
1669024819257 0.5 26749
1669024833174 0.5 26799
1669024847068 1.0 26849
1669024860951 0.6666666865348816 26899
1669024887124 0.5 26949
1669024901017 0.4000000059604645 26999
1669024914909 0.0 27049
1669024928851 0.0 27099
1669024955570 0.0 27149
1669024969448 0.0 27199
1669024983339 0.20000000298023224 27249
1669024997254 0.3333333432674408 27299
1669025023593 0.3333333432674408 27349
1669025037419 0.4000000059604645 27399
1669025051310 0.0 27449
1669025065227 0.0 27499
1669025079109 0.6000000238418579 27549
1669025105823 0.0 27599
1669025119721 0.5 27649
1669025133629 0.0 27699
1669025147540 0.3333333432674408 27749
1669025174034 0.75 27799
1669025187920 0.0 27849
1669025201826 0.75 27899
1669025215732 0.25 27949
1669025242286 0.5 27999
1669025256101 1.0 28049
1669025269974 0.6000000238418579 28099
1669025283880 0.5 28149
1669025297763 0.25 28199
1669025324024 0.6666666865348816 28249
1669025337915 0.3333333432674408 28299
1669025351831 0.5 28349
1669025365733 0.3333333432674408 28399
1669025392471 0.6000000238418579 28449
1669025406312 0.6666666865348816 28499
1669025420166 0.0 28549
1669025434035 0.0 28599
1669025460664 0.0 28649
1669025474499 0.20000000298023224 28699
1669025488373 0.5 28749
1669025502243 0.4000000059604645 28799
1669025516136 0.5 28849
1669025542582 0.4285714328289032 28899
1669025556458 0.25 28949
1669025570339 0.4000000059604645 28999
1669025584257 0.3333333432674408 29049
1669025610670 0.6666666865348816 29099
1669025624575 1.0 29149
1669025638519 0.3333333432674408 29199
1669025652453 0.20000000298023224 29249
1669025679282 1.0 29299
1669025693125 0.75 29349
1669025706997 0.0 29399
1669025720873 0.0 29449
1669025734775 0.6666666865348816 29499
1669025761312 0.3333333432674408 29549
1669025775190 0.3333333432674408 29599
1669025789075 0.0 29649
1669025802999 0.5 29699
1669025829151 0.5 29749
1669025843036 0.0 29799
1669025856906 0.75 29849
1669025870849 0.3333333432674408 29899
1669025897295 0.6666666865348816 29949
1669025911133 0.800000011920929 29999
1669025924980 0.5 30049
1669025938858 0.5 30099
1669025952733 0.25 30149
1669025979141 0.0 30199
1669025993011 0.75 30249
1669026006918 0.5 30299
1669026020825 0.5 30349
1669026047356 0.0 30399
1669026061206 0.6666666865348816 30449
1669026075080 0.0 30499
1669026088954 0.5 30549
1669026115147 0.5 30599
1669026128979 0.5 30649
1669026142835 0.3333333432674408 30699
1669026156716 0.75 30749
1669026170596 0.5 30799
1669026196946 0.6666666865348816 30849
1669026210816 1.0 30899
1669026224717 1.0 30949
1669026238608 1.0 30999
1669026265056 0.0 31049
1669026278897 0.3333333432674408 31099
1669026292765 0.3333333432674408 31149
1669026306660 0.3333333432674408 31199
1669026333165 0.6666666865348816 31249
1669026346993 1.0 31299
1669026360855 1.0 31349
1669026374741 0.3333333432674408 31399
1669026388636 0.5 31449
1669026415180 0.6666666865348816 31499
1669026429019 0.25 31549
1669026442881 0.6000000238418579 31599
1669026456760 0.6666666865348816 31649
1669026483414 0.5 31699
1669026497303 0.5 31749
1669026511221 0.0 31799
1669026525147 0.6000000238418579 31849
1669026551732 0.800000011920929 31899
1669026565564 0.3333333432674408 31949
1669026579431 0.5 31999
1669026593312 0.800000011920929 32049
1669026607206 0.5 32099
1669026633569 0.6666666865348816 32149
1669026647417 0.5 32199
1669026661296 0.6666666865348816 32249
1669026675199 0.20000000298023224 32299
1669026701625 0.0 32349
1669026715458 0.75 32399
1669026729323 0.5 32449
1669026743208 0.25 32499
1669026756915 0.0 32549
1669026783280 0.25 32599
1669026797166 1.0 32649
1669026811051 0.5 32699
1669026824922 0.5 32749
1669026851348 0.3333333432674408 32799
1669026865216 0.25 32849
1669026879106 0.4000000059604645 32899
1669026893000 0.75 32949
1669026919590 0.6000000238418579 32999
1669026933420 0.0 33049
1669026947300 0.25 33099
1669026961180 0.25 33149
1669026975082 1.0 33199
1669027001653 0.25 33249
1669027015508 0.5 33299
1669027029372 1.0 33349
1669027043260 0.0 33399
1669027069461 0.0 33449
1669027083327 0.6666666865348816 33499
1669027097217 0.25 33549
1669027111118 0.25 33599
1669027139003 0.0 33649
1669027152879 0.5 33699
1669027166754 0.0 33749
1669027180660 0.6000000238418579 33799
1669027194570 0.75 33849
1669027221055 0.6666666865348816 33899
1669027234920 0.800000011920929 33949
1669027248792 1.0 33999
1669027262677 0.5 34049
1669027289192 0.5 34099
1669027303045 0.6666666865348816 34149
1669027316930 0.0 34199
1669027330858 0.5 34249
1669027357445 0.6000000238418579 34299
1669027371280 0.20000000298023224 34349
1669027385128 0.4000000059604645 34399
1669027399043 0.20000000298023224 34449
1669027412941 0.0 34499
1669027439501 0.0 34549
1669027453372 0.6666666865348816 34599
1669027467258 0.75 34649
1669027481159 0.4000000059604645 34699
1669027507614 1.0 34749
1669027521469 0.0 34799
1669027535348 0.6666666865348816 34849
1669027549241 0.5 34899
1669027575578 1.0 34949
1669027589413 0.0 34999
1669027603286 0.6000000238418579 35049
1669027617170 1.0 35099
1669027631051 0.3333333432674408 35149
1669027657626 0.3333333432674408 35199
1669027671471 0.25 35249
1669027685353 0.0 35299
1669027699228 0.5 35349
1669027725827 0.5 35399
1669027739683 0.0 35449
1669027753573 0.6666666865348816 35499
1669027767447 0.25 35549
1669027793926 0.800000011920929 35599
1669027807758 0.6666666865348816 35649
1669027821635 0.5 35699
1669027835518 0.3333333432674408 35749
1669027849401 0.0 35799
1669027875666 0.6000000238418579 35849
1669027889554 0.5 35899
1669027903433 0.75 35949
1669027917318 0.3333333432674408 35999
1669027943842 0.4000000059604645 36049
1669027957714 1.0 36099
1669027971609 0.3333333432674408 36149
1669027985525 0.0 36199
1669028012502 0.0 36249
1669028026354 0.3333333432674408 36299
1669028040277 0.3333333432674408 36349
1669028054210 0.0 36399
1669028068145 0.3333333432674408 36449
1669028094966 0.5 36499
1669028108847 0.6666666865348816 36549
1669028122719 0.3333333432674408 36599
1669028136631 0.25 36649
1669028163172 0.0 36699
1669028177026 0.5 36749
1669028190905 0.25 36799
1669028204816 0.6000000238418579 36849
1669028231373 0.25 36899
1669028245182 0.5 36949
1669028259033 0.5 36999
1669028272926 0.5 37049
1669028286809 0.6666666865348816 37099
1669028313466 0.6666666865348816 37149
1669028327319 0.3333333432674408 37199
1669028341193 0.4000000059604645 37249
1669028355076 0.0 37299
1669028381420 0.5 37349
1669028395272 0.3333333432674408 37399
1669028409160 0.75 37449
1669028423054 0.3333333432674408 37499
1669028449719 0.0 37549
1669028463577 0.0 37599
1669028477479 0.0 37649
1669028491410 0.5 37699
1669028505325 0.0 37749
1669028531807 0.6666666865348816 37799
1669028545709 0.0 37849
1669028559631 0.3333333432674408 37899
1669028573549 0.5 37949
1669028600347 1.0 37999
1669028614172 0.3333333432674408 38049
1669028628045 0.5 38099
1669028641917 0.6666666865348816 38149
1669028668463 0.5 38199
1669028682288 0.25 38249
1669028696162 0.5 38299
1669028710063 0.3333333432674408 38349
1669028724031 0.25 38399
1669028750626 0.5 38449
1669028764540 0.6666666865348816 38499
1669028778443 0.4000000059604645 38549
1669028792362 0.3333333432674408 38599
1669028818752 0.0 38649
1669028832592 0.25 38699
1669028846481 0.6666666865348816 38749
1669028860388 0.6666666865348816 38799
1669028887003 0.3333333432674408 38849
1669028900839 0.75 38899
1669028914723 0.6666666865348816 38949
1669028928630 1.0 38999
1669028942538 0.0 39049
1669028969054 0.3333333432674408 39099
1669028982942 0.0 39149
1669028996831 0.3333333432674408 39199
1669029010768 0.4285714328289032 39249
1669029037040 0.0 39299
1669029050904 0.4285714328289032 39349
1669029064786 1.0 39399
1669029078692 0.5 39449
1669029105227 0.5 39499
1669029119063 0.25 39549
1669029132946 0.5 39599
1669029146840 0.6000000238418579 39649
1669029160725 0.0 39699
1669029187300 0.25 39749
1669029201146 0.4000000059604645 39799
1669029215028 0.5 39849
1669029228926 0.6000000238418579 39899
1669029255304 0.5 39949
1669029269155 0.0 39999
1669029283032 0.6000000238418579 40049
1669029296922 0.5 40099
1669029323265 0.25 40149
1669029337106 0.0 40199
1669029350950 0.6666666865348816 40249
1669029364840 0.25 40299
1669029378720 0.25 40349
1669029405130 0.4000000059604645 40399
1669029418989 0.0 40449
1669029432868 0.25 40499
1669029446732 0.0 40549
1669029473161 0.1666666716337204 40599
1669029486997 0.5 40649
1669029500901 0.5 40699
1669029514798 0.3333333432674408 40749
1669029541268 0.3333333432674408 40799
1669029555102 0.6000000238418579 40849
1669029568945 0.0 40899
1669029582804 0.5 40949
1669029596687 0.6666666865348816 40999
1669029623022 0.5 41049
1669029636890 0.6666666865348816 41099
1669029650759 0.0 41149
1669029664662 0.6000000238418579 41199
1669029691265 0.0 41249
1669029705109 0.6666666865348816 41299
1669029718957 0.5 41349
1669029732839 0.5 41399
1669029759261 0.5 41449
1669029773069 0.800000011920929 41499
1669029786931 0.4000000059604645 41549
1669029800804 0.4000000059604645 41599
1669029814683 0.5 41649
1669029841137 0.0 41699
1669029854986 0.6000000238418579 41749
1669029868859 0.25 41799
1669029882751 0.5 41849
1669029909484 0.5 41899
1669029923396 0.0 41949
1669029937274 0.3333333432674408 41999
1669029951152 1.0 42049
1669029977759 0.5 42099
1669029991597 0.4000000059604645 42149
1669030005459 0.0 42199
1669030019343 0.4000000059604645 42249
1669030033225 0.5 42299
1669030059772 0.5 42349
1669030073609 0.5 42399
1669030087472 0.5 42449
1669030101371 0.3333333432674408 42499
1669030127718 0.0 42549
1669030141554 0.6666666865348816 42599
1669030155407 0.6666666865348816 42649
1669030169289 1.0 42699
1669030195698 0.5 42749
1669030209555 0.5 42799
1669030223419 0.3333333432674408 42849
1669030237309 0.5 42899
1669030251219 0.5 42949
1669030277489 0.0 42999
1669030291322 0.6000000238418579 43049
1669030305192 0.20000000298023224 43099
1669030319059 0.0 43149
1669030345423 1.0 43199
1669030359268 0.0 43249
1669030373133 0.4000000059604645 43299
1669030387009 0.25 43349
1669030400712 0.0 43399
1669030427404 0.5 43449
1669030441263 0.4000000059604645 43499
1669030455143 0.6000000238418579 43549
1669030469051 0.20000000298023224 43599
1669030495629 0.3333333432674408 43649
1669030509476 0.3333333432674408 43699
1669030523349 0.6666666865348816 43749
1669030537242 0.75 43799
1669030563695 0.75 43849
1669030577551 0.0 43899
1669030591430 0.6666666865348816 43949
1669030605341 0.5 43999
1669030619247 0.5 44049
1669030645669 0.6666666865348816 44099
1669030659520 0.6000000238418579 44149
1669030673409 0.3333333432674408 44199
1669030687304 0.0 44249
1669030713604 0.6666666865348816 44299
1669030727448 0.0 44349
1669030741316 0.4000000059604645 44399
1669030755202 0.4000000059604645 44449
1669030781562 0.0 44499
1669030795445 0.6666666865348816 44549
1669030809367 1.0 44599
1669030823310 0.75 44649
1669030837260 0.6000000238418579 44699
1669030863627 0.6666666865348816 44749
1669030877468 0.5 44799
1669030891350 0.75 44849
1669030905237 0.0 44899
1669030931824 0.0 44949
1669030945650 0.6000000238418579 44999
1669030959515 0.0 45049
1669030973404 0.3333333432674408 45099
1669030999865 0.5 45149
1669031013714 0.6000000238418579 45199
1669031027597 0.6666666865348816 45249
1669031041510 0.6000000238418579 45299
1669031055433 0.5 45349
1669031081248 0.6666666865348816 45399
1669031095109 0.0 45449
1669031108989 0.5 45499
1669031122886 0.3333333432674408 45549
1669031149475 0.20000000298023224 45599
1669031163322 0.3333333432674408 45649
1669031177203 0.5 45699
1669031191127 0.5 45749
1669031217692 0.75 45799
1669031231502 0.0 45849
1669031245359 0.20000000298023224 45899
1669031259232 0.5 45949
1669031273099 0.20000000298023224 45999
1669031299194 0.6666666865348816 46049
1669031313057 0.6666666865348816 46099
1669031326932 0.5 46149
1669031340816 0.5 46199
1669031367192 0.75 46249
1669031381051 0.75 46299
1669031394931 0.0 46349
1669031408835 0.75 46399
1669031435260 0.0 46449
1669031449073 0.6666666865348816 46499
1669031462919 0.6666666865348816 46549
1669031476795 0.3333333432674408 46599
1669031490679 0.3333333432674408 46649
1669031517252 0.6666666865348816 46699
1669031531109 1.0 46749
1669031545007 0.5 46799
1669031558905 0.3333333432674408 46849
1669031585057 0.25 46899
1669031598882 0.6000000238418579 46949
1669031612741 0.6666666865348816 46999
1669031626634 0.0 47049
1669031653070 0.6000000238418579 47099
1669031666931 0.6666666865348816 47149
1669031680814 0.3333333432674408 47199
1669031694719 0.0 47249
1669031708641 0.5 47299
1669031735139 0.4000000059604645 47349
1669031749026 0.8333333134651184 47399
1669031762945 0.5 47449
1669031776870 0.5714285969734192 47499
1669031803343 0.4000000059604645 47549
1669031817193 1.0 47599
1669031831079 0.1666666716337204 47649
1669031844964 0.3333333432674408 47699
1669031871560 0.5 47749
1669031885374 0.6666666865348816 47799
1669031899224 1.0 47849
1669031913105 0.3333333432674408 47899
1669031926985 0.0 47949
1669031953398 0.25 47999
1669031967237 0.6666666865348816 48049
1669031981123 0.5 48099
1669031995000 0.5 48149
1669032021480 1.0 48199
1669032035323 0.4000000059604645 48249
1669032049207 0.5 48299
1669032063090 0.5 48349
1669032089848 0.6666666865348816 48399
1669032103687 0.0 48449
1669032117585 0.75 48499
1669032131481 0.5 48549
1669032145352 0.25 48599
1669032171749 0.6666666865348816 48649
1669032185601 0.3333333432674408 48699
1669032199482 0.4000000059604645 48749
1669032213372 0.0 48799
1669032239874 0.6666666865348816 48849
1669032253721 0.0 48899
1669032267611 0.3333333432674408 48949
1669032281496 0.3333333432674408 48999
1669032307903 0.6000000238418579 49049
1669032321772 1.0 49099
1669032335693 1.0 49149
1669032349653 0.20000000298023224 49199
1669032363594 0.6000000238418579 49249
1669032390264 0.6000000238418579 49299
1669032404109 0.3333333432674408 49349
1669032417988 0.4000000059604645 49399
1669032431868 0.8333333134651184 49449
1669032458270 0.0 49499
1669032472094 0.5 49549
1669032485960 0.5 49599
1669032499831 0.3333333432674408 49649
1669032526251 0.3333333432674408 49699
1669032540060 0.3333333432674408 49749
1669032553915 0.6000000238418579 49799
1669032567794 0.0 49849
1669032581683 0.25 49899
1669032608111 0.0 49949
1669032621968 0.5 49999
1669032635857 0.6666666865348816 50049
1669032649744 0.0 50099
1669032676447 0.6666666865348816 50149
1669032690356 0.6666666865348816 50199
1669032704274 0.6000000238418579 50249
1669032718143 0.4000000059604645 50299
1669032744511 0.5 50349
1669032758336 0.25 50399
1669032772215 0.75 50449
1669032786093 0.4000000059604645 50499
1669032799981 0.5 50549
1669032826410 0.3333333432674408 50599
1669032840300 0.0 50649
1669032854203 0.5 50699
1669032868126 0.5 50749
1669032894755 0.6666666865348816 50799
1669032908588 0.6000000238418579 50849
1669032922478 0.5 50899
1669032936373 1.0 50949
1669032962810 0.5 50999
1669032976680 1.0 51049
1669032990590 0.0 51099
1669033004500 0.20000000298023224 51149
1669033018379 0.0 51199
1669033044696 0.3333333432674408 51249
1669033058559 0.20000000298023224 51299
1669033072433 0.3333333432674408 51349
1669033086324 0.3333333432674408 51399
1669033112646 0.25 51449
1669033126530 0.0 51499
1669033140412 0.3333333432674408 51549
1669033154331 0.6666666865348816 51599
1669033180896 0.6666666865348816 51649
1669033194712 0.4000000059604645 51699
1669033208593 0.6000000238418579 51749
1669033222504 0.25 51799
1669033236406 0.0 51849
1669033262997 0.6666666865348816 51899
1669033276866 0.5 51949
1669033290762 0.0 51999
1669033304667 0.25 52049
1669033331206 0.5 52099
1669033345033 0.6666666865348816 52149
1669033358906 0.0 52199
1669033372789 0.5 52249
1669033399276 0.25 52299
1669033413101 0.1666666716337204 52349
1669033426974 0.3333333432674408 52399
1669033440853 0.8333333134651184 52449
1669033454750 0.3333333432674408 52499
1669033481105 0.6666666865348816 52549
1669033494955 0.5 52599
1669033508840 0.5 52649
1669033522727 0.5 52699
1669033549168 0.20000000298023224 52749
1669033562990 0.0 52799
1669033576873 0.75 52849
1669033590761 0.3333333432674408 52899
1669033617302 0.20000000298023224 52949
1669033631105 0.0 52999
1669033644968 0.5 53049
1669033658832 0.25 53099
1669033672698 0.5 53149
1669033698739 0.5 53199
1669033712646 0.5 53249
1669033726548 0.25 53299
1669033740456 0.800000011920929 53349
1669033766740 1.0 53399
1669033780577 0.3333333432674408 53449
1669033794446 0.0 53499
1669033808334 0.20000000298023224 53549
1669033834966 0.3333333432674408 53599
1669033848833 0.6666666865348816 53649
1669033862754 1.0 53699
1669033876674 0.0 53749
1669033890591 0.4000000059604645 53799
1669033917039 0.5 53849
1669033930906 0.0 53899
1669033944768 0.5 53949
1669033958658 0.5 53999
1669033985047 0.6666666865348816 54049
1669033998902 0.3333333432674408 54099
1669034012765 0.25 54149
1669034026644 0.5 54199
1669034040378 1.0 54249
1669034067067 0.2857142984867096 54299
1669034080963 0.800000011920929 54349
1669034094885 0.3333333432674408 54399
1669034108790 0.5 54449
1669034135413 0.3333333432674408 54499
1669034149283 0.0 54549
1669034163143 0.6000000238418579 54599
1669034177014 0.5 54649
1669034203473 0.4285714328289032 54699
1669034217311 1.0 54749
1669034231174 1.0 54799
1669034245065 0.3333333432674408 54849
1669034258969 0.0 54899
1669034285345 0.3333333432674408 54949
1669034299226 0.5 54999
1669034313165 0.5 55049
1669034327090 0.6666666865348816 55099
1669034353674 0.0 55149
1669034367504 1.0 55199
1669034381366 0.0 55249
1669034395265 0.20000000298023224 55299
1669034421586 0.0 55349
1669034435425 0.3333333432674408 55399
1669034449303 1.0 55449
1669034463241 0.25 55499
1669034477141 0.0 55549
1669034503541 0.0 55599
1669034517389 0.4000000059604645 55649
1669034531286 0.6666666865348816 55699
1669034545189 1.0 55749
1669034571588 0.75 55799
1669034585442 0.5 55849
1669034599364 0.0 55899
1669034613284 0.20000000298023224 55949
1669034639713 0.5 55999
1669034653537 0.0 56049
1669034667389 0.5 56099
1669034681260 0.6000000238418579 56149
1669034695138 0.5 56199
1669034721751 0.3333333432674408 56249
1669034735585 0.75 56299
1669034749441 0.20000000298023224 56349
1669034763303 0.75 56399
1669034789515 0.0 56449
1669034803348 0.3333333432674408 56499
1669034817216 0.3333333432674408 56549
1669034831107 0.0 56599
1669034857557 0.6666666865348816 56649
1669034871387 0.7142857313156128 56699
1669034885255 0.3333333432674408 56749
1669034899115 0.6666666865348816 56799
1669034913027 1.0 56849
1669034939432 0.6666666865348816 56899
1669034953303 0.4000000059604645 56949
1669034967206 1.0 56999
1669034981133 0.0 57049
1669035007225 0.5 57099
1669035021080 0.5 57149
1669035034948 0.6666666865348816 57199
1669035048838 0.25 57249
1669035075255 0.0 57299
1669035089104 0.25 57349
1669035102983 0.5 57399
1669035116865 0.0 57449
1669035130782 0.75 57499
1669035157059 1.0 57549
1669035170931 0.75 57599
1669035184818 1.0 57649
1669035198699 0.5 57699
1669035225033 1.0 57749
1669035238888 0.5 57799
1669035252736 0.75 57849
1669035266611 0.5 57899
1669035293009 0.3333333432674408 57949
1669035306832 0.5 57999
1669035320705 0.0 58049
1669035334598 0.75 58099
1669035348497 0.6666666865348816 58149
1669035374930 0.5 58199
1669035388768 0.5 58249
1669035402622 1.0 58299
1669035416487 1.0 58349
1669035443118 0.4000000059604645 58399
1669035457002 0.5 58449
1669035470864 0.3333333432674408 58499
1669035484743 0.800000011920929 58549
1669035511066 0.3333333432674408 58599
1669035524882 0.0 58649
1669035538737 0.6000000238418579 58699
1669035552607 0.3333333432674408 58749
1669035566469 0.25 58799
1669035592986 0.3333333432674408 58849
1669035606865 0.3333333432674408 58899
1669035620765 0.25 58949
1669035634652 1.0 58999
1669035661113 1.0 59049
1669035675016 0.5 59099
1669035688950 0.5 59149
1669035702886 0.20000000298023224 59199
1669035729798 0.6000000238418579 59249
1669035743611 0.6000000238418579 59299
1669035757473 0.5 59349
1669035771332 0.5 59399
1669035785214 0.5 59449
1669035811921 0.3333333432674408 59499
1669035825775 0.0 59549
1669035839672 0.0 59599
1669035853559 0.6000000238418579 59649
1669035880218 0.5 59699
1669035894031 0.5 59749
1669035907876 0.5 59799
1669035921740 0.0 59849
1669035948275 0.0 59899
1669035962077 0.6666666865348816 59949
1669035975932 0.5 59999
1669035989803 0.25 60049
1669036003682 0.75 60099
1669036030179 0.5 60149
1669036044014 0.25 60199
1669036057859 0.0 60249
1669036071737 0.3333333432674408 60299
1669036097908 0.5 60349
1669036111753 0.5 60399
1669036125616 0.6000000238418579 60449
1669036139498 0.5 60499
1669036166059 0.5 60549
1669036179885 0.0 60599
1669036193777 0.6000000238418579 60649
1669036207674 0.0 60699
1669036221583 0.3333333432674408 60749
1669036248195 0.0 60799
1669036262097 0.6000000238418579 60849
1669036276024 0.75 60899
1669036289947 0.0 60949
1669036316674 0.5 60999
1669036330561 0.5 61049
1669036344451 0.5 61099
1669036358352 0.25 61149
1669036385104 0.0 61199
1669036398949 0.4000000059604645 61249
1669036412826 0.5 61299
1669036426732 0.3333333432674408 61349
1669036440636 0.0 61399
1669036467159 0.25 61449
1669036481025 0.5 61499
1669036494910 0.0 61549
1669036508806 0.6666666865348816 61599
1669036535522 0.4000000059604645 61649
1669036549392 0.25 61699
1669036563283 0.25 61749
1669036577190 0.3333333432674408 61799
1669036603753 1.0 61849
1669036617590 0.6000000238418579 61899
1669036631475 0.6666666865348816 61949
1669036645383 0.6666666865348816 61999
1669036659295 0.3333333432674408 62049
1669036685924 0.5 62099
1669036699848 0.5 62149
1669036713759 0.3333333432674408 62199
1669036727663 0.0 62249
1669036754175 1.0 62299
1669036767997 0.5 62349
1669036781865 0.3333333432674408 62399
1669036795749 0.4000000059604645 62449
1669036822290 0.3333333432674408 62499
1669036836138 0.5 62549
1669036850057 0.25 62599
1669036863978 0.6666666865348816 62649
1669036877927 0.4000000059604645 62699
1669036904356 0.800000011920929 62749
1669036918187 1.0 62799
1669036932043 0.6666666865348816 62849
1669036945917 0.0 62899
1669036972249 0.5 62949
1669036986110 0.5 62999
1669036999989 0.25 63049
1669037013884 0.5 63099
1669037040462 0.6000000238418579 63149
1669037054282 0.0 63199
1669037068117 0.5 63249
1669037081976 0.5 63299
1669037095845 0.6666666865348816 63349
1669037122285 0.5 63399
1669037136166 0.5 63449
1669037150060 0.25 63499
1669037163942 0.1666666716337204 63549
1669037190215 0.5 63599
1669037204050 0.3333333432674408 63649
1669037217907 0.75 63699
1669037231783 0.25 63749
1669037258246 0.5 63799
1669037272100 0.20000000298023224 63849
1669037286002 0.5 63899
1669037299914 0.3333333432674408 63949
1669037313809 0.5 63999
1669037340147 0.4000000059604645 64049
1669037354004 0.5 64099
1669037367874 0.5 64149
1669037381766 0.5 64199
1669037408417 0.0 64249
1669037422273 1.0 64299
1669037436144 0.0 64349
1669037450030 0.6000000238418579 64399
1669037476573 0.5 64449
1669037490408 0.6000000238418579 64499
1669037504256 0.20000000298023224 64549
1669037518112 0.6666666865348816 64599
1669037531998 0.3333333432674408 64649
1669037558390 0.5 64699
1669037572264 0.75 64749
1669037586117 0.3333333432674408 64799
1669037600000 1.0 64849
1669037626520 0.5 64899
1669037640347 0.3333333432674408 64949
1669037654187 0.0 64999
1669037668046 0.6000000238418579 65049
1669037681763 0.0 65099
