1668997614125 0 49
1668997628078 0 99
1668997641738 0 149
1668997655417 0 199
1668997666512 0 216
1668997672114 0 216
1668997681652 1 249
1668997695321 1 299
1668997709001 1 349
1668997722674 1 399
1668997738257 1 433
1668997743990 1 433
1668997748908 2 449
1668997762565 2 499
1668997776241 2 549
1668997789925 2 599
1668997803642 2 649
1668997810100 2 650
1668997816014 2 650
1668997829938 3 699
1668997843598 3 749
1668997857279 3 799
1668997870971 3 849
1668997882031 3 867
1668997887715 3 867
1668997897006 4 899
1668997910668 4 949
1668997924342 4 999
1668997938020 4 1049
1668997953779 4 1084
1668997959442 4 1084
1668997964130 5 1099
1668997977804 5 1149
1668997991484 5 1199
1668998005175 5 1249
1668998018867 5 1299
1668998025722 5 1301
1668998031535 5 1301
1668998045182 6 1349
1668998058862 6 1399
1668998072555 6 1449
1668998086277 6 1499
1668998097653 6 1518
1668998103477 6 1518
1668998112508 7 1549
1668998126187 7 1599
1668998139874 7 1649
1668998153573 7 1699
1668998169647 7 1735
1668998175348 7 1735
1668998179738 8 1749
1668998193418 8 1799
1668998207112 8 1849
1668998220814 8 1899
1668998234520 8 1949
1668998241697 8 1952
1668998247472 8 1952
1668998260888 9 1999
1668998274577 9 2049
1668998288263 9 2099
1668998301971 9 2149
1668998313560 9 2169
1668998319348 9 2169
1668998328139 10 2199
1668998341834 10 2249
1668998355523 10 2299
1668998369237 10 2349
1668998385612 10 2386
1668998391441 10 2386
1668998395570 11 2399
1668998409245 11 2449
1668998422926 11 2499
1668998436626 11 2549
1668998450315 11 2599
1668998457768 11 2603
1668998463632 11 2603
1668998476742 12 2649
1668998490439 12 2699
1668998504141 12 2749
1668998517845 12 2799
1668998529837 12 2820
1668998535586 12 2820
1668998544076 13 2849
1668998557763 13 2899
1668998571451 13 2949
1668998585165 13 2999
1668998601935 13 3037
1668998607797 13 3037
1668998611681 14 3049
1668998625344 14 3099
1668998639026 14 3149
1668998652725 14 3199
1668998666443 14 3249
1668998674123 14 3254
1668998679836 14 3254
1668998692703 15 3299
1668998706401 15 3349
1668998720112 15 3399
1668998733820 15 3449
1668998746215 15 3471
1668998751980 15 3471
1668998760182 16 3499
1668998773864 16 3549
1668998787564 16 3599
1668998801255 16 3649
1668998818371 16 3688
1668998824283 16 3688
1668998827877 17 3699
1668998841541 17 3749
1668998855247 17 3799
1668998868962 17 3849
1668998882668 17 3899
1668998890650 17 3905
1668998896395 17 3905
1668998908941 18 3949
1668998922626 18 3999
1668998936343 18 4049
1668998950072 18 4099
1668998962470 18 4122
1668998968193 18 4122
1668998976120 19 4149
1668998989816 19 4199
1668999003519 19 4249
1668999017237 19 4299
1668999034372 19 4339
1668999040227 19 4339
1668999043537 20 4349
1668999057201 20 4399
1668999070893 20 4449
1668999084595 20 4499
1668999098309 20 4549
1668999106508 20 4556
1668999112413 20 4556
1668999124725 21 4599
1668999138406 21 4649
1668999152118 21 4699
1668999165830 21 4749
1668999178622 21 4773
1668999184554 21 4773
1668999192234 22 4799
1668999205928 22 4849
1668999219635 22 4899
1668999233354 22 4949
1668999250841 22 4990
1668999256664 22 4990
1668999259710 23 4999
1668999273357 23 5049
1668999287042 23 5099
1668999300728 23 5149
1668999314429 23 5199
1668999323025 23 5207
1668999328865 23 5207
1668999340865 24 5249
1668999354553 24 5299
1668999368255 24 5349
1668999381949 24 5399
1668999395052 24 5424
1668999400923 24 5424
1668999408295 25 5449
1668999421972 25 5499
1668999435671 25 5549
1668999449372 25 5599
1668999467035 25 5641
1668999472796 25 5641
1668999475622 26 5649
1668999489286 26 5699
1668999502988 26 5749
1668999516693 26 5799
1668999530401 26 5849
1668999539238 26 5858
1668999545023 26 5858
1668999556777 27 5899
1668999570483 27 5949
1668999584182 27 5999
1668999597901 27 6049
1668999611454 27 6075
1668999617218 27 6075
1668999624351 28 6099
1668999638063 28 6149
1668999651780 28 6199
1668999665531 28 6249
1668999683661 28 6292
1668999689534 28 6292
1668999692055 29 6299
1668999705745 29 6349
1668999719464 29 6399
1668999733187 29 6449
1668999746895 29 6499
1668999755843 29 6509
1668999761615 29 6509
1668999773104 30 6549
1668999786794 30 6599
1668999800495 30 6649
1668999814205 30 6699
1668999828069 30 6726
1668999833846 30 6726
1668999840732 31 6749
1668999854456 31 6799
1668999868201 31 6849
1668999881921 31 6899
1668999900216 31 6943
1668999905980 31 6943
1668999908202 32 6949
1668999921880 32 6999
1668999935596 32 7049
1668999949321 32 7099
1668999963039 32 7149
1668999972147 32 7160
1668999977916 32 7160
1668999989154 33 7199
1669000002856 33 7249
1669000016564 33 7299
1669000030275 33 7349
1669000044110 33 7377
1669000049954 33 7377
1669000056551 34 7399
1669000070251 34 7449
1669000083946 34 7499
1669000097671 34 7549
1669000116449 34 7594
1669000122203 34 7594
1669000124172 35 7599
1669000137862 35 7649
1669000151574 35 7699
1669000165291 35 7749
1669000179021 35 7799
1669000188526 35 7811
1669000194304 35 7811
1669000205260 36 7849
1669000218973 36 7899
1669000232691 36 7949
1669000246427 36 7999
1669000260940 36 8028
1669000266795 36 8028
1669000273107 37 8049
1669000286812 37 8099
1669000300531 37 8149
1669000314253 37 8199
1669000333358 37 8245
1669000339116 37 8245
1669000340787 38 8249
1669000354468 38 8299
1669000368165 38 8349
1669000381889 38 8399
1669000395623 38 8449
1669000405599 38 8462
1669000411499 38 8462
1669000422190 39 8499
1669000435891 39 8549
1669000449616 39 8599
1669000463340 39 8649
1669000477968 39 8679
1669000483744 39 8679
1669000489772 40 8699
1669000503483 40 8749
1669000517199 40 8799
1669000530915 40 8849
1669000549917 40 8896
1669000555673 40 8896
1669000557056 41 8899
1669000570726 41 8949
1669000584430 41 8999
1669000598134 41 9049
1669000611844 41 9099
1669000621906 41 9113
1669000627748 41 9113
1669000638156 42 9149
1669000651849 42 9199
1669000665555 42 9249
1669000679263 42 9299
1669000693842 42 9330
1669000699783 42 9330
1669000705551 43 9349
1669000719246 43 9399
1669000732959 43 9449
1669000746667 43 9499
1669000765998 43 9547
1669000771793 43 9547
1669000772919 44 9549
1669000786587 44 9599
1669000800286 44 9649
1669000813989 44 9699
1669000827702 44 9749
1669000838153 44 9764
1669000843956 44 9764
1669000854074 45 9799
1669000867783 45 9849
1669000881503 45 9899
1669000895224 45 9949
1669000910208 45 9981
1669000916020 45 9981
1669000921531 46 9999
1669000935246 46 10049
1669000948969 46 10099
1669000962710 46 10149
1669000982285 46 10198
1669000988094 46 10198
1669000988956 47 10199
1669001002645 47 10249
1669001016378 47 10299
1669001030127 47 10349
1669001043861 47 10399
1669001054519 47 10415
1669001060238 47 10415
1669001070087 48 10449
1669001083779 48 10499
1669001097482 48 10549
1669001111192 48 10599
1669001126523 48 10632
1669001132265 48 10632
1669001137490 49 10649
1669001151197 49 10699
1669001164927 49 10749
1669001178661 49 10799
1669001192224 49 10849
1669001199028 49 10849
1669001204729 49 10849
1669001218958 50 10899
1669001232681 50 10949
1669001246407 50 10999
1669001260132 50 11049
1669001271014 50 11066
1669001276721 50 11066
1669001286324 51 11099
1669001300031 51 11149
1669001313750 51 11199
1669001327459 51 11249
1669001343082 51 11283
1669001348789 51 11283
1669001353736 52 11299
1669001367427 52 11349
1669001381135 52 11399
1669001394848 52 11449
1669001408555 52 11499
1669001415146 52 11500
1669001420930 52 11500
1669001434881 53 11549
1669001448591 53 11599
1669001462297 53 11649
1669001476018 53 11699
1669001487598 53 11717
1669001493288 53 11717
1669001502626 54 11749
1669001516375 54 11799
1669001530101 54 11849
1669001543845 54 11899
1669001559699 54 11934
1669001565522 54 11934
1669001570209 55 11949
1669001583913 55 11999
1669001597639 55 12049
1669001611383 55 12099
1669001625118 55 12149
1669001631864 55 12151
1669001637368 55 12151
1669001651054 56 12199
1669001664757 56 12249
1669001678480 56 12299
1669001692223 56 12349
1669001703606 56 12368
1669001709335 56 12368
1669001718394 57 12399
1669001732095 57 12449
1669001745824 57 12499
1669001759570 57 12549
1669001775542 57 12585
1669001781260 57 12585
1669001785698 58 12599
1669001799398 58 12649
1669001813116 58 12699
1669001826838 58 12749
1669001840559 58 12799
1669001847452 58 12802
1669001853147 58 12802
1669001866584 59 12849
1669001880283 59 12899
1669001893988 59 12949
1669001907713 59 12999
1669001919556 59 13019
1669001925362 59 13019
1669001934145 60 13049
1669001947865 60 13099
1669001961604 60 13149
1669001975347 60 13199
1669001991867 60 13236
1669001997681 60 13236
1669002001833 61 13249
1669002015530 61 13299
1669002029250 61 13349
1669002042972 61 13399
1669002056702 61 13449
1669002063941 61 13453
1669002069753 61 13453
1669002082959 62 13499
1669002096711 62 13549
1669002110457 62 13599
1669002124208 62 13649
1669002136310 62 13670
1669002142087 62 13670
1669002150577 63 13699
1669002164290 63 13749
1669002178011 63 13799
1669002191743 63 13849
1669002208366 63 13887
1669002214158 63 13887
1669002218051 64 13899
1669002231742 64 13949
1669002245460 64 13999
1669002259206 64 14049
1669002272929 64 14099
1669002280540 64 14104
1669002286365 64 14104
1669002299218 65 14149
1669002312927 65 14199
1669002326653 65 14249
1669002340374 65 14299
1669002352534 65 14321
1669002358323 65 14321
1669002366557 66 14349
1669002380252 66 14399
1669002393971 66 14449
1669002407734 66 14499
1669002424711 66 14538
1669002430484 66 14538
1669002434060 67 14549
1669002447738 67 14599
1669002461451 67 14649
1669002475163 67 14699
1669002488873 67 14749
1669002496775 67 14755
1669002502550 67 14755
1669002515142 68 14799
1669002528850 68 14849
1669002542584 68 14899
1669002556309 68 14949
1669002569026 68 14972
1669002574887 68 14972
1669002582848 69 14999
1669002596540 69 15049
1669002610262 69 15099
1669002624009 69 15149
1669002640958 69 15189
1669002646692 69 15189
1669002650016 70 15199
1669002663694 70 15249
1669002677400 70 15299
1669002691118 70 15349
1669002704844 70 15399
1669002713232 70 15406
1669002718950 70 15406
1669002731282 71 15449
1669002744996 71 15499
1669002758724 71 15549
1669002772464 71 15599
1669002785225 71 15623
1669002790988 71 15623
1669002798680 72 15649
1669002812398 72 15699
1669002826122 72 15749
1669002839869 72 15799
1669002857378 72 15840
1669002863100 72 15840
1669002866171 73 15849
1669002879856 73 15899
1669002893586 73 15949
1669002907318 73 15999
1669002921035 73 16049
1669002929712 73 16057
1669002935484 73 16057
1669002947515 74 16099
1669002961217 74 16149
1669002974944 74 16199
1669002988676 74 16249
1669003001771 74 16274
1669003007481 74 16274
1669003014936 75 16299
1669003028629 75 16349
1669003042340 75 16399
1669003056060 75 16449
1669003073917 75 16491
1669003079679 75 16491
1669003082438 76 16499
1669003096124 76 16549
1669003109852 76 16599
1669003123570 76 16649
1669003137299 76 16699
1669003146099 76 16708
1669003151787 76 16708
1669003163572 77 16749
1669003177278 77 16799
1669003191001 77 16849
1669003204732 77 16899
1669003218060 77 16925
1669003223882 77 16925
1669003231053 78 16949
1669003244773 78 16999
1669003258522 78 17049
1669003272255 78 17099
1669003290432 78 17142
1669003296210 78 17142
1669003298715 79 17149
1669003312387 79 17199
1669003326105 79 17249
1669003339824 79 17299
1669003353551 79 17349
1669003362575 79 17359
1669003368279 79 17359
1669003379780 80 17399
1669003393490 80 17449
1669003407210 80 17499
1669003420953 80 17549
1669003434531 80 17576
1669003440301 80 17576
1669003447160 81 17599
1669003460867 81 17649
1669003474590 81 17699
1669003488321 81 17749
1669003506621 81 17793
1669003512382 81 17793
1669003514632 82 17799
1669003528322 82 17849
1669003542033 82 17899
1669003555779 82 17949
1669003569514 82 17999
1669003578917 82 18010
1669003584705 82 18010
1669003595904 83 18049
1669003609623 83 18099
1669003623351 83 18149
1669003637074 83 18199
1669003650818 83 18227
1669003656556 83 18227
1669003663162 84 18249
1669003676868 84 18299
1669003690593 84 18349
1669003704320 84 18399
1669003722995 84 18444
1669003728802 84 18444
1669003730763 85 18449
1669003744459 85 18499
1669003758174 85 18549
1669003771907 85 18599
1669003785630 85 18649
1669003795406 85 18661
1669003801190 85 18661
1669003812150 86 18699
1669003825859 86 18749
1669003839591 86 18799
1669003853320 86 18849
1669003867512 86 18878
1669003873211 86 18878
1669003879558 87 18899
1669003893252 87 18949
1669003906980 87 18999
1669003920712 87 19049
1669003939659 87 19095
1669003945364 87 19095
1669003947042 88 19099
1669003960714 88 19149
1669003974448 88 19199
1669003988185 88 19249
1669004001913 88 19299
1669004011571 88 19312
1669004017276 88 19312
1669004027952 89 19349
1669004041652 89 19399
1669004055372 89 19449
1669004069100 89 19499
1669004083681 89 19529
1669004089528 89 19529
1669004095554 90 19549
1669004109254 90 19599
1669004122983 90 19649
1669004136721 90 19699
1669004155936 90 19746
1669004161702 90 19746
1669004163101 91 19749
1669004176801 91 19799
1669004190511 91 19849
1669004204257 91 19899
1669004217992 91 19949
1669004228209 91 19963
1669004234035 91 19963
1669004244448 92 19999
1669004258161 92 20049
1669004271886 92 20099
1669004285623 92 20149
1669004300382 92 20180
1669004306163 92 20180
1669004311920 93 20199
1669004325619 93 20249
1669004339322 93 20299
1669004353029 93 20349
1669004372437 93 20397
1669004378221 93 20397
1669004379333 94 20399
1669004393040 94 20449
1669004406755 94 20499
1669004420500 94 20549
1669004434240 94 20599
1669004444412 94 20614
1669004450293 94 20614
1669004460424 95 20649
1669004474136 95 20699
1669004487864 95 20749
1669004501601 95 20799
1669004516720 95 20831
1669004522474 95 20831
1669004528029 96 20849
1669004541729 96 20899
1669004555444 96 20949
1669004569170 96 20999
1669004588920 96 21048
1669004594709 96 21048
1669004595547 97 21049
1669004609236 97 21099
1669004622953 97 21149
1669004636668 97 21199
1669004650392 97 21249
1669004661090 97 21265
1669004666847 97 21265
1669004676691 98 21299
1669004690414 98 21349
1669004704142 98 21399
1669004717882 98 21449
1669004733352 98 21482
1669004739133 98 21482
1669004744362 99 21499
1669004758077 99 21549
1669004771803 99 21599
1669004785531 99 21649
1669004799097 99 21699
1669004805920 99 21699
1669004811739 99 21699
1669004825968 100 21749
1669004839682 100 21799
1669004853407 100 21849
1669004867128 100 21899
1669004878241 100 21916
1669004884142 100 21916
1669004893718 101 21949
1669004907421 101 21999
1669004921146 101 22049
1669004934875 101 22099
1669004950693 101 22133
1669004956520 101 22133
1669004961472 102 22149
1669004975166 102 22199
1669004988883 102 22249
1669005002603 102 22299
1669005016348 102 22349
1669005022943 102 22350
1669005028728 102 22350
1669005042690 103 22399
1669005056408 103 22449
1669005070133 103 22499
1669005083852 103 22549
1669005095184 103 22567
1669005101086 103 22567
1669005110430 104 22599
1669005124141 104 22649
1669005137845 104 22699
1669005151558 104 22749
1669005167526 104 22784
1669005173276 104 22784
1669005177960 105 22799
1669005191670 105 22849
1669005205390 105 22899
1669005219113 105 22949
1669005232842 105 22999
1669005239790 105 23001
1669005245597 105 23001
1669005259253 106 23049
1669005272961 106 23099
1669005286672 106 23149
1669005300390 106 23199
1669005311688 106 23218
1669005317460 106 23218
1669005326507 107 23249
1669005340199 107 23299
1669005353900 107 23349
1669005367632 107 23399
1669005383909 107 23435
1669005389635 107 23435
1669005394507 108 23449
1669005408192 108 23499
1669005421895 108 23549
1669005435610 108 23599
1669005449329 108 23649
1669005456483 108 23652
1669005461957 108 23652
1669005475398 109 23699
1669005489104 109 23749
1669005502823 109 23799
1669005516550 109 23849
1669005528490 109 23869
1669005534242 109 23869
1669005543021 110 23899
1669005556724 110 23949
1669005570439 110 23999
1669005584176 110 24049
1669005600561 110 24086
1669005606366 110 24086
1669005610595 111 24099
1669005624305 111 24149
1669005638015 111 24199
1669005651739 111 24249
1669005665481 111 24299
1669005672951 111 24303
1669005678729 111 24303
1669005691868 112 24349
1669005705580 112 24399
1669005719321 112 24449
1669005733066 112 24499
1669005744990 112 24520
1669005750793 112 24520
1669005759305 113 24549
1669005773014 113 24599
1669005786724 113 24649
1669005800445 113 24699
1669005817193 113 24737
1669005822936 113 24737
1669005826806 114 24749
1669005840475 114 24799
1669005854191 114 24849
1669005867933 114 24899
1669005881652 114 24949
1669005889134 114 24954
1669005894864 114 24954
1669005907744 115 24999
1669005921459 115 25049
1669005935186 115 25099
1669005948909 115 25149
1669005961393 115 25171
1669005967226 115 25171
1669005975463 116 25199
1669005989166 116 25249
1669006002860 116 25299
1669006016574 116 25349
1669006033636 116 25388
1669006039392 116 25388
1669006042982 117 25399
1669006056665 117 25449
1669006070370 117 25499
1669006084083 117 25549
1669006097802 117 25599
1669006105665 117 25605
1669006111489 117 25605
1669006124102 118 25649
1669006137805 118 25699
1669006151522 118 25749
1669006165248 118 25799
1669006177937 118 25822
1669006183743 118 25822
1669006191701 119 25849
1669006205409 119 25899
1669006219132 119 25949
1669006232855 119 25999
1669006249884 119 26039
1669006255711 119 26039
1669006259051 120 26049
1669006272739 120 26099
1669006286468 120 26149
1669006300205 120 26199
1669006313932 120 26249
1669006322157 120 26256
1669006327997 120 26256
1669006340345 121 26299
1669006354055 121 26349
1669006367775 121 26399
1669006381485 121 26449
1669006394252 121 26473
1669006400043 121 26473
1669006407720 122 26499
1669006421411 122 26549
1669006435125 122 26599
1669006448855 122 26649
1669006466281 122 26690
1669006472007 122 26690
1669006475047 123 26699
1669006488711 123 26749
1669006502422 123 26799
1669006516131 123 26849
1669006529849 123 26899
1669006538460 123 26907
1669006544219 123 26907
1669006556309 124 26949
1669006570022 124 26999
1669006583736 124 27049
1669006597467 124 27099
1669006610701 124 27124
1669006616514 124 27124
1669006623920 125 27149
1669006637617 125 27199
1669006651335 125 27249
1669006665052 125 27299
1669006682855 125 27341
1669006688679 125 27341
1669006691456 126 27349
1669006705124 126 27399
1669006718836 126 27449
1669006732561 126 27499
1669006746297 126 27549
1669006755065 126 27558
1669006760822 126 27558
1669006772609 127 27599
1669006786307 127 27649
1669006800017 127 27699
1669006813751 127 27749
1669006827099 127 27775
1669006832915 127 27775
1669006840065 128 27799
1669006853758 128 27849
1669006867471 128 27899
1669006881199 128 27949
1669006899294 128 27992
1669006905063 128 27992
1669006907595 129 27999
1669006921303 129 28049
1669006935049 129 28099
1669006948766 129 28149
1669006962486 129 28199
1669006971624 129 28209
1669006977390 129 28209
1669006988915 130 28249
1669007002631 130 28299
1669007016374 130 28349
1669007030105 130 28399
1669007043983 130 28426
1669007049741 130 28426
1669007056605 131 28449
1669007070295 131 28499
1669007084007 131 28549
1669007097722 131 28599
1669007116075 131 28643
1669007121808 131 28643
1669007124045 132 28649
1669007137744 132 28699
1669007151460 132 28749
1669007165190 132 28799
1669007178931 132 28849
1669007188165 132 28860
1669007193933 132 28860
1669007205163 133 28899
1669007218876 133 28949
1669007232592 133 28999
1669007246319 133 29049
1669007260447 133 29077
1669007266174 133 29077
1669007272746 134 29099
1669007286459 134 29149
1669007300170 134 29199
1669007313893 134 29249
1669007332648 134 29294
1669007338455 134 29294
1669007340441 135 29299
1669007354126 135 29349
1669007367827 135 29399
1669007381545 135 29449
1669007395282 135 29499
1669007405053 135 29511
1669007410899 135 29511
1669007421886 136 29549
1669007435589 136 29599
1669007449306 136 29649
1669007463024 136 29699
1669007477031 136 29728
1669007482797 136 29728
1669007489157 137 29749
1669007502887 137 29799
1669007516618 137 29849
1669007530352 137 29899
1669007549302 137 29945
1669007555058 137 29945
1669007556737 138 29949
1669007570439 138 29999
1669007584157 138 30049
1669007597897 138 30099
1669007611647 138 30149
1669007621453 138 30162
1669007627239 138 30162
1669007637943 139 30199
1669007651665 139 30249
1669007665393 139 30299
1669007679109 139 30349
1669007693689 139 30379
1669007699445 139 30379
1669007705500 140 30399
1669007719201 140 30449
1669007732933 140 30499
1669007746668 140 30549
1669007765782 140 30596
1669007771572 140 30596
1669007773017 141 30599
1669007786703 141 30649
1669007800397 141 30699
1669007814137 141 30749
1669007827869 141 30799
1669007838202 141 30813
1669007844017 141 30813
1669007854427 142 30849
1669007868121 142 30899
1669007881822 142 30949
1669007895538 142 30999
1669007910465 142 31030
1669007916274 142 31030
1669007922028 143 31049
1669007935720 143 31099
1669007949437 143 31149
1669007963172 143 31199
1669007982644 143 31247
1669007988548 143 31247
1669007989680 144 31249
1669008003385 144 31299
1669008017140 144 31349
1669008030881 144 31399
1669008044619 144 31449
1669008055077 144 31464
1669008060853 144 31464
1669008071015 145 31499
1669008084726 145 31549
1669008098462 145 31599
1669008112186 145 31649
1669008127273 145 31681
1669008133074 145 31681
1669008138600 146 31699
1669008152336 146 31749
1669008166084 146 31799
1669008179825 146 31849
1669008199827 146 31898
1669008205621 146 31898
1669008206485 147 31899
1669008220172 147 31949
1669008233874 147 31999
1669008247599 147 32049
1669008261321 147 32099
1669008272080 147 32115
1669008277951 147 32115
1669008287796 148 32149
1669008301521 148 32199
1669008315236 148 32249
1669008328936 148 32299
1669008344528 148 32332
1669008350290 148 32332
1669008355533 149 32349
1669008369254 149 32399
1669008382982 149 32449
1669008396708 149 32499
1669008410265 149 32549
1669008416896 149 32549
1669008422653 149 32549
1669008436901 150 32599
1669008450603 150 32649
1669008464314 150 32699
1669008478026 150 32749
1669008489263 150 32766
1669008494966 150 32766
1669008504565 151 32799
1669008518267 151 32849
1669008531980 151 32899
1669008545694 151 32949
1669008561308 151 32983
1669008567090 151 32983
1669008572065 152 32999
1669008585758 152 33049
1669008599487 152 33099
1669008613227 152 33149
1669008626957 152 33199
1669008633545 152 33200
1669008639338 152 33200
1669008653291 153 33249
1669008667016 153 33299
1669008680741 153 33349
1669008694467 153 33399
1669008706154 153 33417
1669008711910 153 33417
1669008721227 154 33449
1669008734960 154 33499
1669008748687 154 33549
1669008762410 154 33599
1669008778112 154 33634
1669008783848 154 33634
1669008788539 155 33649
1669008802234 155 33699
1669008815942 155 33749
1669008829676 155 33799
1669008843398 155 33849
1669008850124 155 33851
1669008855888 155 33851
1669008869598 156 33899
1669008883314 156 33949
1669008897040 156 33999
1669008910765 156 34049
1669008922375 156 34068
1669008928252 156 34068
1669008937299 157 34099
1669008951019 157 34149
1669008964746 157 34199
1669008978457 157 34249
1669008994575 157 34285
1669009000367 157 34285
1669009004772 158 34299
1669009018466 158 34349
1669009032173 158 34399
1669009045885 158 34449
1669009059606 158 34499
1669009066782 158 34502
1669009072573 158 34502
1669009086012 159 34549
1669009099720 159 34599
1669009113429 159 34649
1669009127148 159 34699
1669009138823 159 34719
1669009144648 159 34719
1669009153418 160 34749
1669009167129 160 34799
1669009180852 160 34849
1669009194564 160 34899
1669009211191 160 34936
1669009217252 160 34936
1669009221384 161 34949
1669009235064 161 34999
1669009248764 161 35049
1669009262473 161 35099
1669009276173 161 35149
1669009283940 161 35153
1669009289756 161 35153
1669009302893 162 35199
1669009316606 162 35249
1669009330746 162 35299
1669009344479 162 35349
1669009356390 162 35370
1669009361854 162 35370
1669009370334 163 35399
1669009384040 163 35449
1669009397756 163 35499
1669009411490 163 35549
1669009428763 163 35587
1669009434689 163 35587
1669009438607 164 35599
1669009452287 164 35649
1669009465992 164 35699
1669009479713 164 35749
1669009493426 164 35799
1669009501251 164 35804
1669009507053 164 35804
1669009519929 165 35849
1669009533634 165 35899
1669009547342 165 35949
1669009561065 165 35999
1669009573576 165 36021
1669009579368 165 36021
1669009587585 166 36049
1669009601284 166 36099
1669009615005 166 36149
1669009628736 166 36199
1669009645837 166 36238
1669009651635 166 36238
1669009655251 167 36249
1669009668931 167 36299
1669009682661 167 36349
1669009696370 167 36399
1669009710084 167 36449
1669009718507 167 36455
1669009724360 167 36455
1669009736961 168 36499
1669009750671 168 36549
1669009764382 168 36599
1669009778104 168 36649
1669009790919 168 36672
1669009796676 168 36672
1669009804652 169 36699
1669009818366 169 36749
1669009832090 169 36799
1669009845792 169 36849
1669009862969 169 36889
1669009868820 169 36889
1669009872147 170 36899
1669009885817 170 36949
1669009899539 170 36999
1669009913271 170 37049
1669009927004 170 37099
1669009935457 170 37106
1669009941489 170 37106
1669009953830 171 37149
1669009967535 171 37199
1669009981253 171 37249
1669009994977 171 37299
1669010007785 171 37323
1669010013600 171 37323
1669010021272 172 37349
1669010034988 172 37399
1669010048723 172 37449
1669010062437 172 37499
1669010079849 172 37540
1669010085726 172 37540
1669010088788 173 37549
1669010102452 173 37599
1669010116157 173 37649
1669010129860 173 37699
1669010143578 173 37749
1669010152931 173 37757
1669010158982 173 37757
1669010171037 174 37799
1669010184751 174 37849
1669010198475 174 37899
1669010212204 174 37949
1669010225410 174 37974
1669010231346 174 37974
1669010238765 175 37999
1669010252469 175 38049
1669010266189 175 38099
1669010279916 175 38149
1669010297743 175 38191
1669010303686 175 38191
1669010306458 176 38199
1669010320118 176 38249
1669010333817 176 38299
1669010347536 176 38349
1669010361253 176 38399
1669010369981 176 38408
1669010375902 176 38408
1669010387660 177 38449
1669010401357 177 38499
1669010415077 177 38549
1669010428795 177 38599
1669010442056 177 38625
1669010447879 177 38625
1669010454996 178 38649
1669010468711 178 38699
1669010482446 178 38749
1669010496174 178 38799
1669010514157 178 38842
1669010519973 178 38842
1669010522484 179 38849
1669010536149 179 38899
1669010549857 179 38949
1669010563577 179 38999
1669010577313 179 39049
1669010586281 179 39059
1669010591966 179 39059
1669010603487 180 39099
1669010617193 180 39149
1669010630922 180 39199
1669010644654 180 39249
1669010658144 180 39276
1669010663895 180 39276
1669010670741 181 39299
1669010684446 181 39349
1669010698156 181 39399
1669010711893 181 39449
1669010730283 181 39493
1669010735958 181 39493
1669010738204 182 39499
1669010751880 182 39549
1669010765599 182 39599
1669010779320 182 39649
1669010793048 182 39699
1669010802223 182 39710
1669010807927 182 39710
1669010819101 183 39749
1669010832804 183 39799
1669010846535 183 39849
1669010860266 183 39899
1669010874182 183 39927
1669010879941 183 39927
1669010886514 184 39949
1669010900218 184 39999
1669010913942 184 40049
1669010927682 184 40099
1669010946974 184 40144
1669010952759 184 40144
1669010954714 185 40149
1669010968399 185 40199
1669010982089 185 40249
1669010995817 185 40299
1669011009546 185 40349
1669011019039 185 40361
1669011024877 185 40361
1669011035903 186 40399
1669011049611 186 40449
1669011063343 186 40499
1669011077083 186 40549
1669011091341 186 40578
1669011097207 186 40578
1669011103503 187 40599
1669011117208 187 40649
1669011130932 187 40699
1669011144651 187 40749
1669011163683 187 40795
1669011169488 187 40795
1669011171179 188 40799
1669011184845 188 40849
1669011198558 188 40899
1669011212285 188 40949
1669011225995 188 40999
1669011235598 188 41012
1669011241433 188 41012
1669011252115 189 41049
1669011265838 189 41099
1669011279562 189 41149
1669011293290 189 41199
1669011307841 189 41229
1669011313683 189 41229
1669011319793 190 41249
1669011333504 190 41299
1669011347225 190 41349
1669011360944 190 41399
1669011380071 190 41446
1669011385824 190 41446
1669011387239 191 41449
1669011400911 191 41499
1669011414606 191 41549
1669011428331 191 41599
1669011442065 191 41649
1669011452105 191 41663
1669011457910 191 41663
1669011468332 192 41699
1669011482038 192 41749
1669011495756 192 41799
1669011509474 192 41849
1669011524052 192 41880
1669011529871 192 41880
1669011535665 193 41899
1669011549379 193 41949
1669011563117 193 41999
1669011576870 193 42049
1669011596402 193 42097
1669011602222 193 42097
1669011603332 194 42099
1669011617048 194 42149
1669011630753 194 42199
1669011644487 194 42249
1669011658216 194 42299
1669011668909 194 42314
1669011674679 194 42314
1669011684824 195 42349
1669011698562 195 42399
1669011712289 195 42449
1669011726006 195 42499
1669011741086 195 42531
1669011746834 195 42531
1669011752328 196 42549
1669011766035 196 42599
1669011779776 196 42649
1669011793514 196 42699
1669011813404 196 42748
1669011819161 196 42748
1669011820017 197 42749
1669011833694 197 42799
1669011847413 197 42849
1669011861157 197 42899
1669011874911 197 42949
1669011885377 197 42965
1669011891144 197 42965
1669011901025 198 42999
1669011914744 198 43049
1669011928476 198 43099
1669011942215 198 43149
1669011957917 198 43182
1669011963686 198 43182
1669011968904 199 43199
1669011982611 199 43249
1669011996318 199 43299
1669012010030 199 43349
1669012023578 199 43399
1669012030206 199 43399
1669012035922 199 43399
1669012050142 200 43449
1669012063847 200 43499
1669012077554 200 43549
1669012091269 200 43599
1669012102168 200 43616
1669012107882 200 43616
1669012117509 201 43649
1669012131228 201 43699
1669012144955 201 43749
1669012158692 201 43799
1669012174453 201 43833
1669012180253 201 43833
1669012185203 202 43849
1669012198900 202 43899
1669012212617 202 43949
1669012226362 202 43999
1669012240102 202 44049
1669012246880 202 44050
1669012252651 202 44050
1669012266602 203 44099
1669012280314 203 44149
1669012294055 203 44199
1669012307787 203 44249
1669012318911 203 44267
1669012324658 203 44267
1669012333985 204 44299
1669012347695 204 44349
1669012361408 204 44399
1669012375127 204 44449
1669012391095 204 44484
1669012396804 204 44484
1669012401481 205 44499
1669012415186 205 44549
1669012428901 205 44599
1669012442648 205 44649
1669012456370 205 44699
1669012463417 205 44701
1669012469191 205 44701
1669012482888 206 44749
1669012496611 206 44799
1669012510337 206 44849
1669012524069 206 44899
1669012535539 206 44918
1669012541323 206 44918
1669012550383 207 44949
1669012564142 207 44999
1669012577890 207 45049
1669012591647 207 45099
1669012607973 207 45135
1669012613684 207 45135
1669012618117 208 45149
1669012631806 208 45199
1669012645496 208 45249
1669012659248 208 45299
1669012672990 208 45349
1669012680399 208 45352
1669012686287 208 45352
1669012699672 209 45399
1669012713381 209 45449
1669012727095 209 45499
1669012740819 209 45549
1669012752448 209 45569
1669012758273 209 45569
1669012767024 210 45599
1669012780730 210 45649
1669012794463 210 45699
1669012808204 210 45749
1669012824932 210 45786
1669012830715 210 45786
1669012834895 211 45799
1669012848588 211 45849
1669012862301 211 45899
1669012876031 211 45949
1669012889757 211 45999
1669012897338 211 46003
1669012903122 211 46003
1669012916279 212 46049
1669012929997 212 46099
1669012943741 212 46149
1669012957478 212 46199
1669012969747 212 46220
1669012975541 212 46220
1669012984051 213 46249
1669012997727 213 46299
1669013011434 213 46349
1669013025151 213 46399
1669013041735 213 46437
1669013047548 213 46437
1669013051405 214 46449
1669013065086 214 46499
1669013078821 214 46549
1669013092564 214 46599
1669013106300 214 46649
1669013114162 214 46654
1669013119910 214 46654
1669013132809 215 46699
1669013146550 215 46749
1669013160284 215 46799
1669013174038 215 46849
1669013186351 215 46871
1669013192128 215 46871
1669013200371 216 46899
1669013214073 216 46949
1669013227783 216 46999
1669013241510 216 47049
1669013258993 216 47088
1669013264412 216 47088
1669013268034 217 47099
1669013281705 217 47149
1669013295423 217 47199
1669013309146 217 47249
1669013322854 217 47299
1669013330936 217 47305
1669013337151 217 47305
1669013349783 218 47349
1669013363508 218 47399
1669013377243 218 47449
1669013390978 218 47499
1669013403489 218 47522
1669013409199 218 47522
1669013417156 219 47549
1669013430851 219 47599
1669013444574 219 47649
1669013458302 219 47699
1669013475481 219 47739
1669013481174 219 47739
1669013484621 220 47749
1669013498291 220 47799
1669013511994 220 47849
1669013525724 220 47899
1669013539442 220 47949
1669013547395 220 47956
1669013553151 220 47956
1669013565420 221 47999
1669013579112 221 48049
1669013592823 221 48099
1669013606554 221 48149
1669013619325 221 48173
1669013625152 221 48173
1669013632845 222 48199
1669013646549 222 48249
1669013660270 222 48299
1669013674012 222 48349
1669013691580 222 48390
1669013697371 222 48390
1669013700447 223 48399
1669013714124 223 48449
1669013727863 223 48499
1669013741605 223 48549
1669013755351 223 48599
1669013764043 223 48607
1669013769848 223 48607
1669013781923 224 48649
1669013795637 224 48699
1669013809349 224 48749
1669013823092 224 48799
1669013836714 224 48824
1669013842528 224 48824
1669013849980 225 48849
1669013863676 225 48899
1669013877392 225 48949
1669013891118 225 48999
1669013908942 225 49041
1669013914757 225 49041
1669013917571 226 49049
1669013931236 226 49099
1669013944956 226 49149
1669013958696 226 49199
1669013972419 226 49249
1669013981350 226 49258
1669013987100 226 49258
1669013998887 227 49299
1669014012608 227 49349
1669014026322 227 49399
1669014040058 227 49449
1669014053884 227 49475
1669014059610 227 49475
1669014066730 228 49499
1669014080424 228 49549
1669014094130 228 49599
1669014107853 228 49649
1669014126233 228 49692
1669014131999 228 49692
1669014134516 229 49699
1669014148192 229 49749
1669014161913 229 49799
1669014175648 229 49849
1669014189380 229 49899
1669014198451 229 49909
1669014204254 229 49909
1669014215771 230 49949
1669014229463 230 49999
1669014243187 230 50049
1669014256917 230 50099
1669014270889 230 50126
1669014276636 230 50126
1669014283499 231 50149
1669014297198 231 50199
1669014310925 231 50249
1669014324647 231 50299
1669014343190 231 50343
1669014348954 231 50343
1669014351191 232 50349
1669014364863 232 50399
1669014378575 232 50449
1669014392276 232 50499
1669014405985 232 50549
1669014415353 232 50560
1669014421062 232 50560
1669014432279 233 50599
1669014445979 233 50649
1669014459703 233 50699
1669014473433 233 50749
1669014487147 233 50777
1669014492938 233 50777
1669014499545 234 50799
1669014513259 234 50849
1669014526993 234 50899
1669014540723 234 50949
1669014559582 234 50994
1669014565390 234 50994
1669014567314 235 50999
1669014580995 235 51049
1669014594706 235 51099
1669014608410 235 51149
1669014622129 235 51199
1669014631655 235 51211
1669014637478 235 51211
1669014648484 236 51249
1669014662184 236 51299
1669014675889 236 51349
1669014689599 236 51399
1669014703708 236 51428
1669014709495 236 51428
1669014715833 237 51449
1669014729527 237 51499
1669014743237 237 51549
1669014756949 237 51599
1669014776241 237 51645
1669014782026 237 51645
1669014783750 238 51649
1669014797419 238 51699
1669014811126 238 51749
1669014824850 238 51799
1669014838576 238 51849
1669014848290 238 51862
1669014854140 238 51862
1669014864806 239 51899
1669014878509 239 51949
1669014892231 239 51999
1669014905968 239 52049
1669014920541 239 52079
1669014926259 239 52079
1669014932282 240 52099
1669014945973 240 52149
1669014959680 240 52199
1669014973418 240 52249
1669014993268 240 52296
1669014999044 240 52296
1669015000445 241 52299
1669015014155 241 52349
1669015027878 241 52399
1669015041589 241 52449
1669015055319 241 52499
1669015065726 241 52513
1669015071601 241 52513
1669015082007 242 52549
1669015095706 242 52599
1669015109421 242 52649
1669015123136 242 52699
1669015137821 242 52730
1669015143616 242 52730
1669015149365 243 52749
1669015163071 243 52799
1669015176790 243 52849
1669015190524 243 52899
1669015210204 243 52947
1669015215995 243 52947
1669015217152 244 52949
1669015230839 244 52999
1669015244554 244 53049
1669015258266 244 53099
1669015271988 244 53149
1669015282535 244 53164
1669015288317 244 53164
1669015298459 245 53199
1669015312189 245 53249
1669015325934 245 53299
1669015339661 245 53349
1669015354678 245 53381
1669015360481 245 53381
1669015365995 246 53399
1669015379696 246 53449
1669015393404 246 53499
1669015407122 246 53549
1669015426998 246 53598
1669015432800 246 53598
1669015433655 247 53599
1669015447356 247 53649
1669015461060 247 53699
1669015474780 247 53749
1669015488504 247 53799
1669015499089 247 53815
1669015504865 247 53815
1669015514735 248 53849
1669015528440 248 53899
1669015542155 248 53949
1669015555892 248 53999
1669015571292 248 54032
1669015577002 248 54032
1669015582244 249 54049
1669015595935 249 54099
1669015609660 249 54149
1669015623398 249 54199
1669015636959 249 54249
1669015643434 249 54249
1669015649240 249 54249
1669015663497 250 54299
1669015677221 250 54349
1669015690942 250 54399
1669015704674 250 54449
1669015715616 250 54466
1669015721417 250 54466
1669015730988 251 54499
1669015744710 251 54549
1669015758421 251 54599
1669015772144 251 54649
1669015787570 251 54683
1669015793305 251 54683
1669015798249 252 54699
1669015811941 252 54749
1669015825687 252 54799
1669015839415 252 54849
1669015853128 252 54899
1669015859998 252 54900
1669015865738 252 54900
1669015879707 253 54949
1669015893433 253 54999
1669015907169 253 55049
1669015920916 253 55099
1669015932112 253 55117
1669015937945 253 55117
1669015947262 254 55149
1669015960976 254 55199
1669015974689 254 55249
1669015988431 254 55299
1669016004458 254 55334
1669016010217 254 55334
1669016014911 255 55349
1669016028605 255 55399
1669016042309 255 55449
1669016056024 255 55499
1669016069726 255 55549
1669016076691 255 55551
1669016082513 255 55551
1669016096174 256 55599
1669016109876 256 55649
1669016123577 256 55699
1669016137293 256 55749
1669016148940 256 55768
1669016154656 256 55768
1669016163698 257 55799
1669016177395 257 55849
1669016191099 257 55899
1669016204813 257 55949
1669016220812 257 55985
1669016226575 257 55985
1669016230974 258 55999
1669016244659 258 56049
1669016258373 258 56099
1669016272086 258 56149
1669016285818 258 56199
1669016293030 258 56202
1669016298720 258 56202
1669016312123 259 56249
1669016325820 259 56299
1669016339524 259 56349
1669016353254 259 56399
1669016365001 259 56419
1669016370698 259 56419
1669016379471 260 56449
1669016393164 260 56499
1669016406867 260 56549
1669016420599 260 56599
1669016436870 260 56636
1669016442599 260 56636
1669016446775 261 56649
1669016460450 261 56699
1669016474158 261 56749
1669016487860 261 56799
1669016501578 261 56849
1669016508983 261 56853
1669016514750 261 56853
1669016527874 262 56899
1669016541590 262 56949
1669016555304 262 56999
1669016569018 262 57049
1669016581251 262 57070
1669016587038 262 57070
1669016595542 263 57099
1669016609243 263 57149
1669016622946 263 57199
1669016636661 263 57249
1669016653321 263 57287
1669016659066 263 57287
1669016662957 264 57299
1669016676646 264 57349
1669016690359 264 57399
1669016704076 264 57449
1669016717830 264 57499
1669016725265 264 57504
1669016731020 264 57504
1669016743891 265 57549
1669016757596 265 57599
1669016771311 265 57649
1669016785038 265 57699
1669016797163 265 57721
1669016802848 265 57721
1669016811064 266 57749
1669016824754 266 57799
1669016838469 266 57849
1669016852172 266 57899
1669016869183 266 57938
1669016874934 266 57938
1669016878549 267 57949
1669016892242 267 57999
1669016905952 267 58049
1669016919662 267 58099
1669016933382 267 58149
1669016941507 267 58155
1669016947241 267 58155
1669016959830 268 58199
1669016973539 268 58249
1669016987258 268 58299
1669017000981 268 58349
1669017013997 268 58372
1669017019849 268 58372
1669017027798 269 58399
1669017041493 269 58449
1669017055205 269 58499
1669017068942 269 58549
1669017085895 269 58589
1669017091609 269 58589
1669017094970 270 58599
1669017108645 270 58649
1669017122355 270 58699
1669017136067 270 58749
1669017149795 270 58799
1669017158129 270 58806
1669017163843 270 58806
1669017176202 271 58849
1669017189910 271 58899
1669017203621 271 58949
1669017217339 271 58999
1669017230580 271 59023
1669017236360 271 59023
1669017244038 272 59049
1669017257765 272 59099
1669017271487 272 59149
1669017285217 272 59199
1669017302697 272 59240
1669017308367 272 59240
1669017311449 273 59249
1669017325138 273 59299
1669017338855 273 59349
1669017352590 273 59399
1669017366320 273 59449
1669017374939 273 59457
1669017380726 273 59457
1669017392754 274 59499
1669017406468 274 59549
1669017420210 274 59599
1669017433959 274 59649
1669017447332 274 59674
1669017453113 274 59674
1669017460552 275 59699
1669017474273 275 59749
1669017488009 275 59799
1669017501735 275 59849
1669017519703 275 59891
1669017525593 275 59891
1669017528399 276 59899
1669017542075 276 59949
1669017555797 276 59999
1669017569542 276 60049
1669017583294 276 60099
1669017592261 276 60108
1669017598044 276 60108
1669017609810 277 60149
1669017623536 277 60199
1669017637257 277 60249
1669017650982 277 60299
1669017664435 277 60325
1669017670231 277 60325
1669017677376 278 60349
1669017691100 278 60399
1669017704834 278 60449
1669017718584 278 60499
1669017737274 278 60542
1669017742984 278 60542
1669017745517 279 60549
1669017759185 279 60599
1669017772895 279 60649
1669017786629 279 60699
1669017800369 279 60749
1669017809320 279 60759
1669017815163 279 60759
1669017826655 280 60799
1669017840381 280 60849
1669017854100 280 60899
1669017867825 280 60949
1669017881403 280 60976
1669017887113 280 60976
1669017893981 281 60999
1669017907706 281 61049
1669017921417 281 61099
1669017935139 281 61149
1669017953499 281 61193
1669017959242 281 61193
1669017961485 282 61199
1669017975146 282 61249
1669017988845 282 61299
1669018002560 282 61349
1669018016273 282 61399
1669018025669 282 61410
1669018031409 282 61410
1669018042640 283 61449
1669018056348 283 61499
1669018070070 283 61549
1669018083789 283 61599
1669018097542 283 61627
1669018103294 283 61627
1669018109845 284 61649
1669018123539 284 61699
1669018137241 284 61749
1669018150949 284 61799
1669018169606 284 61844
1669018175350 284 61844
1669018177303 285 61849
1669018191141 285 61899
1669018204864 285 61949
1669018218606 285 61999
1669018232364 285 62049
1669018242015 285 62061
1669018247806 285 62061
1669018258799 286 62099
1669018272513 286 62149
1669018286237 286 62199
1669018299995 286 62249
1669018314343 286 62278
1669018320203 286 62278
1669018326527 287 62299
1669018340232 287 62349
1669018353959 287 62399
1669018367682 287 62449
1669018386972 287 62495
1669018392727 287 62495
1669018394415 288 62499
1669018408107 288 62549
1669018421834 288 62599
1669018435553 288 62649
1669018449279 288 62699
1669018459367 288 62712
1669018465256 288 62712
1669018475917 289 62749
1669018489630 289 62799
1669018503351 289 62849
1669018517077 289 62899
1669018531485 289 62929
1669018537251 289 62929
1669018543288 290 62949
1669018556997 290 62999
1669018570720 290 63049
1669018584452 290 63099
1669018603538 290 63146
1669018609367 290 63146
1669018610755 291 63149
1669018624468 291 63199
1669018638175 291 63249
1669018651887 291 63299
1669018665675 291 63349
1669018675885 291 63363
1669018681591 291 63363
1669018691993 292 63399
1669018705706 292 63449
1669018719439 292 63499
1669018733159 292 63549
1669018747854 292 63580
1669018753635 292 63580
1669018759426 293 63599
1669018773152 293 63649
1669018786877 293 63699
1669018800606 293 63749
1669018820089 293 63797
1669018825932 293 63797
1669018827053 294 63799
1669018840758 294 63849
1669018854470 294 63899
1669018868186 294 63949
1669018881916 294 63999
1669018892642 294 64014
1669018898457 294 64014
1669018908581 295 64049
1669018922295 295 64099
1669018936024 295 64149
1669018949746 295 64199
1669018965023 295 64231
1669018970828 295 64231
1669018976351 296 64249
1669018990058 296 64299
1669019003772 296 64349
1669019017494 296 64399
1669019037357 296 64448
1669019043217 296 64448
1669019044061 297 64449
1669019057789 297 64499
1669019071533 297 64549
1669019085273 297 64599
1669019099028 297 64649
1669019110041 297 64665
1669019115906 297 64665
1669019125772 298 64699
1669019139499 298 64749
1669019153220 298 64799
1669019166935 298 64849
1669019182231 298 64882
1669019188137 298 64882
1669019193397 299 64899
1669019207093 299 64949
1669019220807 299 64999
1669019234544 299 65049
1669019248100 299 65099
1669019254716 299 65099
1669019260551 299 65099
