1668997666512 111.5 216
1668997738257 181.5 433
1668997810100 208.5 650
1668997882031 111.25 867
1668997953779 200.0 1084
1668998025722 191.75 1301
1668998097653 147.0 1518
1668998169647 193.0 1735
1668998241697 207.5 1952
1668998313560 189.25 2169
1668998385612 178.25 2386
1668998457768 154.5 2603
1668998529837 185.25 2820
1668998601935 95.75 3037
1668998674123 148.75 3254
1668998746215 113.0 3471
1668998818371 119.5 3688
1668998890650 95.5 3905
1668998962470 99.75 4122
1668999034372 97.0 4339
1668999106508 63.25 4556
1668999178622 85.0 4773
1668999250841 53.75 4990
1668999323025 72.75 5207
1668999395052 89.0 5424
1668999467035 67.5 5641
1668999539238 92.0 5858
1668999611454 100.25 6075
1668999683661 74.25 6292
1668999755843 119.75 6509
1668999828069 109.5 6726
1668999900216 124.0 6943
1668999972147 158.0 7160
1669000044110 89.25 7377
1669000116449 78.0 7594
1669000188526 121.25 7811
1669000260940 114.5 8028
1669000333358 111.75 8245
1669000405599 186.5 8462
1669000477968 99.0 8679
1669000549917 184.5 8896
1669000621906 112.5 9113
1669000693842 118.0 9330
1669000765998 98.75 9547
1669000838153 124.0 9764
1669000910208 105.0 9981
1669000982285 79.25 10198
1669001054519 118.75 10415
1669001126523 103.75 10632
1669001199028 125.5 10849
1669001271014 91.25 11066
1669001343082 102.5 11283
1669001415146 83.0 11500
1669001487598 108.75 11717
1669001559699 121.5 11934
1669001631864 113.25 12151
1669001703606 114.5 12368
1669001775542 117.25 12585
1669001847452 98.0 12802
1669001919556 98.0 13019
1669001991867 113.75 13236
1669002063941 119.0 13453
1669002136310 124.25 13670
1669002208366 102.75 13887
1669002280540 163.25 14104
1669002352534 105.5 14321
1669002424711 127.25 14538
1669002496775 128.25 14755
1669002569026 87.75 14972
1669002640958 125.25 15189
1669002713232 121.5 15406
1669002785225 108.25 15623
1669002857378 128.25 15840
1669002929712 176.0 16057
1669003001771 194.25 16274
1669003073917 124.25 16491
1669003146099 120.5 16708
1669003218060 121.25 16925
1669003290432 115.5 17142
1669003362575 129.25 17359
1669003434531 118.0 17576
1669003506621 104.75 17793
1669003578917 118.75 18010
1669003650818 83.75 18227
1669003722995 109.5 18444
1669003795406 121.0 18661
1669003867512 139.5 18878
1669003939659 119.5 19095
1669004011571 135.75 19312
1669004083681 134.5 19529
1669004155936 122.25 19746
1669004228209 139.75 19963
1669004300382 96.5 20180
1669004372437 108.5 20397
1669004444412 119.25 20614
1669004516720 120.75 20831
1669004588920 117.25 21048
1669004661090 102.25 21265
1669004733352 120.0 21482
1669004805920 113.75 21699
1669004878241 128.25 21916
1669004950693 130.5 22133
1669005022943 103.0 22350
1669005095184 111.0 22567
1669005167526 98.5 22784
1669005239790 115.75 23001
1669005311688 109.5 23218
1669005383909 106.5 23435
1669005456483 105.25 23652
1669005528490 102.25 23869
1669005600561 121.0 24086
1669005672951 127.5 24303
1669005744990 119.0 24520
1669005817193 123.5 24737
1669005889134 133.5 24954
1669005961393 119.25 25171
1669006033636 101.5 25388
1669006105665 118.5 25605
1669006177937 110.25 25822
1669006249884 117.75 26039
1669006322157 96.75 26256
1669006394252 113.5 26473
1669006466281 101.5 26690
1669006538460 89.75 26907
1669006610701 107.25 27124
1669006682855 109.0 27341
1669006755065 104.5 27558
1669006827099 81.25 27775
1669006899294 106.0 27992
1669006971624 96.5 28209
1669007043983 110.25 28426
1669007116075 106.25 28643
1669007188165 110.75 28860
1669007260447 111.75 29077
1669007332648 128.5 29294
1669007405053 124.5 29511
1669007477031 105.75 29728
1669007549302 121.0 29945
1669007621453 91.25 30162
1669007693689 105.25 30379
1669007765782 95.75 30596
1669007838202 104.25 30813
1669007910465 90.5 31030
1669007982644 110.0 31247
1669008055077 96.75 31464
1669008127273 85.0 31681
1669008199827 112.25 31898
1669008272080 117.0 32115
1669008344528 131.5 32332
1669008416896 117.0 32549
1669008489263 130.25 32766
1669008561308 116.0 32983
1669008633545 162.75 33200
1669008706154 94.25 33417
1669008778112 109.5 33634
1669008850124 103.0 33851
1669008922375 80.0 34068
1669008994575 94.75 34285
1669009066782 125.25 34502
1669009138823 82.0 34719
1669009211191 98.5 34936
1669009283940 112.25 35153
1669009356390 107.5 35370
1669009428763 193.5 35587
1669009501251 125.25 35804
1669009573576 126.0 36021
1669009645837 134.0 36238
1669009718507 113.25 36455
1669009790919 119.75 36672
1669009862969 173.0 36889
1669009935457 134.75 37106
1669010007785 169.25 37323
1669010079849 128.0 37540
1669010152931 132.25 37757
1669010225410 178.5 37974
1669010297743 135.75 38191
1669010369981 127.0 38408
1669010442056 188.75 38625
1669010514157 107.5 38842
1669010586281 114.0 39059
1669010658144 89.25 39276
1669010730283 112.5 39493
1669010802223 117.75 39710
1669010874182 106.75 39927
1669010946974 115.25 40144
1669011019039 115.0 40361
1669011091341 116.25 40578
1669011163683 106.75 40795
1669011235598 85.0 41012
1669011307841 176.0 41229
1669011380071 153.75 41446
1669011452105 157.0 41663
1669011524052 111.5 41880
1669011596402 106.25 42097
1669011668909 116.5 42314
1669011741086 160.0 42531
1669011813404 164.25 42748
1669011885377 111.0 42965
1669011957917 95.0 43182
1669012030206 95.25 43399
1669012102168 112.75 43616
1669012174453 162.75 43833
1669012246880 122.5 44050
1669012318911 111.25 44267
1669012391095 165.25 44484
1669012463417 115.25 44701
1669012535539 124.5 44918
1669012607973 185.0 45135
1669012680399 182.5 45352
1669012752448 88.5 45569
1669012824932 120.0 45786
1669012897338 113.5 46003
1669012969747 168.25 46220
1669013041735 170.25 46437
1669013114162 130.0 46654
1669013186351 104.25 46871
1669013258993 90.5 47088
1669013330936 105.0 47305
1669013403489 102.75 47522
1669013475481 112.25 47739
1669013547395 159.0 47956
1669013619325 109.75 48173
1669013691580 178.5 48390
1669013764043 178.5 48607
1669013836714 126.5 48824
1669013908942 116.0 49041
1669013981350 116.5 49258
1669014053884 119.75 49475
1669014126233 126.0 49692
1669014198451 176.5 49909
1669014270889 121.25 50126
1669014343190 109.0 50343
1669014415353 100.5 50560
1669014487147 87.75 50777
1669014559582 94.75 50994
1669014631655 114.75 51211
1669014703708 121.25 51428
1669014776241 111.5 51645
1669014848290 116.5 51862
1669014920541 112.25 52079
1669014993268 130.75 52296
1669015065726 115.5 52513
1669015137821 109.75 52730
1669015210204 106.0 52947
1669015282535 100.75 53164
1669015354678 106.0 53381
1669015426998 99.25 53598
1669015499089 115.25 53815
1669015571292 111.25 54032
1669015643434 99.75 54249
1669015715616 105.75 54466
1669015787570 104.75 54683
1669015859998 119.75 54900
1669015932112 92.75 55117
1669016004458 100.25 55334
1669016076691 115.75 55551
1669016148940 101.25 55768
1669016220812 109.5 55985
1669016293030 127.5 56202
1669016365001 106.5 56419
1669016436870 100.75 56636
1669016508983 101.0 56853
1669016581251 106.0 57070
1669016653321 106.25 57287
1669016725265 107.5 57504
1669016797163 108.25 57721
1669016869183 93.25 57938
1669016941507 106.75 58155
1669017013997 118.5 58372
1669017085895 115.75 58589
1669017158129 117.75 58806
1669017230580 102.0 59023
1669017302697 120.25 59240
1669017374939 109.75 59457
1669017447332 125.25 59674
1669017519703 108.0 59891
1669017592261 99.75 60108
1669017664435 107.0 60325
1669017737274 116.5 60542
1669017809320 100.25 60759
1669017881403 100.75 60976
1669017953499 104.25 61193
1669018025669 165.25 61410
1669018097542 93.25 61627
1669018169606 126.0 61844
1669018242015 122.75 62061
1669018314343 129.75 62278
1669018386972 122.75 62495
1669018459367 123.0 62712
1669018531485 101.0 62929
1669018603538 105.75 63146
1669018675885 113.0 63363
1669018747854 116.0 63580
1669018820089 111.75 63797
1669018892642 98.5 64014
1669018965023 110.0 64231
1669019037357 127.5 64448
1669019110041 108.5 64665
1669019182231 126.25 64882
1669019254716 114.5 65099
