1668997672114 0.40303468704223633 216
1668997743990 0.4163294732570648 433
1668997816014 0.4112716615200043 650
1668997887715 0.4138728380203247 867
1668997959442 0.4143063724040985 1084
1668998031535 0.43352600932121277 1301
1668998103477 0.4424855411052704 1518
1668998175348 0.4547687768936157 1735
1668998247472 0.46416184306144714 1952
1668998319348 0.4705202281475067 2169
1668998391441 0.4780346751213074 2386
1668998463632 0.4956647455692291 2603
1668998535586 0.5069364309310913 2820
1668998607797 0.505491316318512 3037
1668998679836 0.5127167701721191 3254
1668998751980 0.5247109532356262 3471
1668998824283 0.527890145778656 3688
1668998896395 0.5424855351448059 3905
1668998968193 0.5437861084938049 4122
1668999040227 0.5530346632003784 4339
1668999112413 0.5598266124725342 4556
1668999184554 0.5569364428520203 4773
1668999256664 0.565606951713562 4990
1668999328865 0.5586705207824707 5207
1668999400923 0.5708092451095581 5424
1668999472796 0.571098268032074 5641
1668999545023 0.5715317726135254 5858
1668999617218 0.5763005614280701 6075
1668999689534 0.573699414730072 6292
1668999761615 0.5734103918075562 6509
1668999833846 0.5696531534194946 6726
1668999905980 0.5748555064201355 6943
1668999977916 0.5794797539710999 7160
1669000049954 0.5807803273200989 7377
1669000122203 0.5848265886306763 7594
1669000194304 0.5859826803207397 7811
1669000266795 0.5763005614280701 8028
1669000339116 0.5832369923591614 8245
1669000411499 0.5846821069717407 8462
1669000483744 0.5789017081260681 8679
1669000555673 0.5803468227386475 8896
1669000627748 0.5851156115531921 9113
1669000699783 0.5855491161346436 9330
1669000771793 0.586705207824707 9547
1669000843956 0.5887283086776733 9764
1669000916020 0.5881502628326416 9981
1669000988094 0.5882948040962219 10198
1669001060238 0.5871387124061584 10415
1669001132265 0.5900288820266724 10632
1669001204729 0.5942196249961853 10849
1669001276721 0.5926300287246704 11066
1669001348789 0.5849710702896118 11283
1669001420930 0.5955202579498291 11500
1669001493288 0.5920520424842834 11717
1669001565522 0.5942196249961853 11934
1669001637368 0.5930635929107666 12151
1669001709335 0.5933526158332825 12368
1669001781260 0.5953757166862488 12585
1669001853147 0.5972543358802795 12802
1669001925362 0.5953757166862488 13019
1669001997681 0.5939306616783142 13236
1669002069753 0.5988439321517944 13453
1669002142087 0.5972543358802795 13670
1669002214158 0.5949422121047974 13887
1669002286365 0.5906069278717041 14104
1669002358323 0.5982658863067627 14321
1669002430484 0.5978323817253113 14538
1669002502550 0.5960982441902161 14755
1669002574887 0.5904624462127686 14972
1669002646692 0.5991329550743103 15189
1669002718950 0.5992774367332458 15406
1669002790988 0.5968208312988281 15623
1669002863100 0.5960982441902161 15840
1669002935484 0.6001445055007935 16057
1669003007481 0.6008670330047607 16274
1669003079679 0.5960982441902161 16491
1669003151787 0.5988439321517944 16708
1669003223882 0.5932080745697021 16925
1669003296210 0.588005781173706 17142
1669003368279 0.5981214046478271 17359
1669003440301 0.5972543358802795 17576
1669003512382 0.5956647396087646 17793
1669003584705 0.602601170539856 18010
1669003656556 0.6034681797027588 18227
1669003728802 0.5978323817253113 18444
1669003801190 0.597109854221344 18661
1669003873211 0.5945086479187012 18878
1669003945364 0.6036127209663391 19095
1669004017276 0.599711000919342 19312
1669004089528 0.5965318083763123 19529
1669004161702 0.5978323817253113 19746
1669004234035 0.6018785834312439 19963
1669004306163 0.5960982441902161 20180
1669004378221 0.6046242713928223 20397
1669004450293 0.5988439321517944 20614
1669004522474 0.6020231246948242 20831
1669004594709 0.6023121476173401 21048
1669004666847 0.6013005971908569 21265
1669004739133 0.5992774367332458 21482
1669004811739 0.5969653129577637 21699
1669004884142 0.6014450788497925 21916
1669004956520 0.5982658863067627 22133
1669005028728 0.6011560559272766 22350
1669005101086 0.6014450788497925 22567
1669005173276 0.6027456521987915 22784
1669005245597 0.6011560559272766 23001
1669005317460 0.6013005971908569 23218
1669005389635 0.6036127209663391 23435
1669005461957 0.5985549092292786 23652
1669005534242 0.6031792163848877 23869
1669005606366 0.6000000238418579 24086
1669005678729 0.5998554825782776 24303
1669005750793 0.5998554825782776 24520
1669005822936 0.5982658863067627 24737
1669005894864 0.6034681797027588 24954
1669005967226 0.6001445055007935 25171
1669006039392 0.6076589822769165 25388
1669006111489 0.605202317237854 25605
1669006183743 0.6001445055007935 25822
1669006255711 0.5960982441902161 26039
1669006327997 0.6033236980438232 26256
1669006400043 0.6102601289749146 26473
1669006472007 0.606502890586853 26690
1669006544219 0.599711000919342 26907
1669006616514 0.6020231246948242 27124
1669006688679 0.6037572026252747 27341
1669006760822 0.6041907668113708 27558
1669006832915 0.6049132943153381 27775
1669006905063 0.6036127209663391 27992
1669006977390 0.6093930602073669 28209
1669007049741 0.6015896201133728 28426
1669007121808 0.6088150143623352 28643
1669007193933 0.6007225513458252 28860
1669007266174 0.6034681797027588 29077
1669007338455 0.6066473722457886 29294
1669007410899 0.6040462255477905 29511
1669007482797 0.6059248447418213 29728
1669007555058 0.6056358218193054 29945
1669007627239 0.6015896201133728 30162
1669007699445 0.6020231246948242 30379
1669007771572 0.6034681797027588 30596
1669007844017 0.6076589822769165 30813
1669007916274 0.6011560559272766 31030
1669007988548 0.6049132943153381 31247
1669008060853 0.6114161610603333 31464
1669008133074 0.6095376014709473 31681
1669008205621 0.6143063306808472 31898
1669008277951 0.6041907668113708 32115
1669008350290 0.6057803630828857 32332
1669008422653 0.6059248447418213 32549
1669008494966 0.6007225513458252 32766
1669008567090 0.6067919135093689 32983
1669008639338 0.6099711060523987 33200
1669008711910 0.6024566292762756 33417
1669008783848 0.6104046106338501 33634
1669008855888 0.6080924868583679 33851
1669008928252 0.6034681797027588 34068
1669009000367 0.6030346751213074 34285
1669009072573 0.6056358218193054 34502
1669009144648 0.6104046106338501 34719
1669009217252 0.6027456521987915 34936
1669009289756 0.6053467988967896 35153
1669009361854 0.607803463935852 35370
1669009434689 0.606502890586853 35587
1669009507053 0.6040462255477905 35804
1669009579368 0.610693633556366 36021
1669009651635 0.6044797897338867 36238
1669009724360 0.6060693860054016 36455
1669009796676 0.6060693860054016 36672
1669009868820 0.6080924868583679 36889
1669009941489 0.6067919135093689 37106
1669010013600 0.6043352484703064 37323
1669010085726 0.6002890467643738 37540
1669010158982 0.6080924868583679 37757
1669010231346 0.6049132943153381 37974
1669010303686 0.6062138676643372 38191
1669010375902 0.6059248447418213 38408
1669010447879 0.6091040372848511 38625
1669010519973 0.6037572026252747 38842
1669010591966 0.6059248447418213 39059
1669010663895 0.6059248447418213 39276
1669010735958 0.6043352484703064 39493
1669010807927 0.6092485785484314 39710
1669010879941 0.6066473722457886 39927
1669010952759 0.6053467988967896 40144
1669011024877 0.6060693860054016 40361
1669011097207 0.6072254180908203 40578
1669011169488 0.6091040372848511 40795
1669011241433 0.6034681797027588 41012
1669011313683 0.6092485785484314 41229
1669011385824 0.6104046106338501 41446
1669011457910 0.6092485785484314 41663
1669011529871 0.6099711060523987 41880
1669011602222 0.6079480051994324 42097
1669011674679 0.6056358218193054 42314
1669011746834 0.6059248447418213 42531
1669011819161 0.610693633556366 42748
1669011891144 0.607803463935852 42965
1669011963686 0.6111271381378174 43182
1669012035922 0.6096820831298828 43399
1669012107882 0.6092485785484314 43616
1669012180253 0.610693633556366 43833
1669012252651 0.611994206905365 44050
1669012324658 0.6075144410133362 44267
1669012396804 0.6070809364318848 44484
1669012469191 0.6091040372848511 44701
1669012541323 0.6033236980438232 44918
1669012613684 0.610693633556366 45135
1669012686287 0.603901743888855 45352
1669012758273 0.6060693860054016 45569
1669012830715 0.6083815097808838 45786
1669012903122 0.6099711060523987 46003
1669012975541 0.6027456521987915 46220
1669013047548 0.6063584089279175 46437
1669013119910 0.605202317237854 46654
1669013192128 0.6073699593544006 46871
1669013264412 0.6091040372848511 47088
1669013337151 0.6063584089279175 47305
1669013409199 0.606502890586853 47522
1669013481174 0.6104046106338501 47739
1669013553151 0.6089595556259155 47956
1669013625152 0.6008670330047607 48173
1669013697371 0.605202317237854 48390
1669013769848 0.6108381748199463 48607
1669013842528 0.6075144410133362 48824
1669013914757 0.6121387481689453 49041
1669013987100 0.6018785834312439 49258
1669014059610 0.6073699593544006 49475
1669014131999 0.6109826564788818 49692
1669014204254 0.6030346751213074 49909
1669014276636 0.6060693860054016 50126
1669014348954 0.6091040372848511 50343
1669014421062 0.6073699593544006 50560
1669014492938 0.6060693860054016 50777
1669014565390 0.6062138676643372 50994
1669014637478 0.6085259914398193 51211
1669014709495 0.6040462255477905 51428
1669014782026 0.6122832298278809 51645
1669014854140 0.6067919135093689 51862
1669014926259 0.6080924868583679 52079
1669014999044 0.6021676063537598 52296
1669015071601 0.6086705327033997 52513
1669015143616 0.6075144410133362 52730
1669015215995 0.6067919135093689 52947
1669015288317 0.6059248447418213 53164
1669015360481 0.6114161610603333 53381
1669015432800 0.6089595556259155 53598
1669015504865 0.6056358218193054 53815
1669015577002 0.6046242713928223 54032
1669015649240 0.6041907668113708 54249
1669015721417 0.611994206905365 54466
1669015793305 0.6069363951683044 54683
1669015865738 0.6069363951683044 54900
1669015937945 0.6053467988967896 55117
1669016010217 0.6099711060523987 55334
1669016082513 0.6079480051994324 55551
1669016154656 0.6072254180908203 55768
1669016226575 0.6121387481689453 55985
1669016298720 0.6101155877113342 56202
1669016370698 0.6062138676643372 56419
1669016442599 0.605202317237854 56636
1669016514750 0.6085259914398193 56853
1669016587038 0.6086705327033997 57070
1669016659066 0.6083815097808838 57287
1669016731020 0.611994206905365 57504
1669016802848 0.607803463935852 57721
1669016874934 0.6063584089279175 57938
1669016947241 0.6062138676643372 58155
1669017019849 0.607803463935852 58372
1669017091609 0.6046242713928223 58589
1669017163843 0.6104046106338501 58806
1669017236360 0.6092485785484314 59023
1669017308367 0.6062138676643372 59240
1669017380726 0.6062138676643372 59457
1669017453113 0.6117051839828491 59674
1669017525593 0.6057803630828857 59891
1669017598044 0.6083815097808838 60108
1669017670231 0.6050577759742737 60325
1669017742984 0.6088150143623352 60542
1669017815163 0.6111271381378174 60759
1669017887113 0.6093930602073669 60976
1669017959242 0.6109826564788818 61193
1669018031409 0.6091040372848511 61410
1669018103294 0.6089595556259155 61627
1669018175350 0.6114161610603333 61844
1669018247806 0.6069363951683044 62061
1669018320203 0.6015896201133728 62278
1669018392727 0.6091040372848511 62495
1669018465256 0.6115607023239136 62712
1669018537251 0.6060693860054016 62929
1669018609367 0.6086705327033997 63146
1669018681591 0.6056358218193054 63363
1669018753635 0.6083815097808838 63580
1669018825932 0.6073699593544006 63797
1669018898457 0.6066473722457886 64014
1669018970828 0.6073699593544006 64231
1669019043217 0.6060693860054016 64448
1669019115906 0.6089595556259155 64665
1669019188137 0.6099711060523987 64882
1669019260551 0.6053467988967896 65099
