1668997614125 1.8899630712367355 49
1668997628078 1.8877989040682472 99
1668997641738 1.6295261018015128 149
1668997655417 1.7387299110203545 199
1668997681652 2.0651559497601406 249
1668997695321 1.4829472537131272 299
1668997709001 1.4003649930926443 349
1668997722674 1.6284290917125408 399
1668997748908 1.5628224612596657 449
1668997762565 1.5915910223996028 499
1668997776241 1.2602995682963565 549
1668997789925 1.8040018787787693 599
1668997803642 1.4611602484363235 649
1668997829938 1.8208348947617632 699
1668997843598 1.8452738284690102 749
1668997857279 1.4590426226910085 799
1668997870971 1.4726930662039783 849
1668997897006 1.7935159287701907 899
1668997910668 1.3761424598594791 949
1668997924342 1.6417063614152854 999
1668997938020 1.588263418630548 1049
1668997964130 1.6887136473405286 1099
1668997977804 1.6831353180642048 1149
1668997991484 1.517551476577614 1199
1668998005175 1.3245581126194286 1249
1668998018867 1.7514973462853523 1299
1668998045182 1.7044402458629047 1349
1668998058862 1.7722992504806334 1399
1668998072555 1.6510733420769808 1449
1668998086277 1.6962524823685101 1499
1668998112508 1.7935326043350037 1549
1668998126187 1.6259257496265036 1599
1668998139874 1.6326174473927426 1649
1668998153573 1.4613826905728664 1699
1668998179738 1.753634451655439 1749
1668998193418 1.687765094338686 1799
1668998207112 1.3801069473027936 1849
1668998220814 1.252026822473054 1899
1668998234520 1.5499483260315114 1949
1668998260888 1.472356229814345 1999
1668998274577 1.6714952857639775 2049
1668998288263 1.6571846450034522 2099
1668998301971 1.6303711406132972 2149
1668998328139 1.6196457961723678 2199
1668998341834 1.6798372037960256 2249
1668998355523 1.7160169452367477 2299
1668998369237 1.1922520868587023 2349
1668998395570 1.7139805470540197 2399
1668998409245 1.620872705194615 2449
1668998422926 1.7938581614898557 2499
1668998436626 1.8692048027529793 2549
1668998450315 1.1704088338831 2599
1668998476742 1.5204850444986033 2649
1668998490439 1.4801477938169698 2699
1668998504141 1.6655584489915933 2749
1668998517845 1.3658248583917154 2799
1668998544076 1.549758002878238 2849
1668998557763 1.5857557798850968 2899
1668998571451 1.5635136503273181 2949
1668998585165 1.6459660212274412 2999
1668998611681 1.7550242993864102 3049
1668998625344 1.2620828239854716 3099
1668998639026 1.4621387071874077 3149
1668998652725 1.429259270580951 3199
1668998666443 1.480096021762844 3249
1668998692703 1.5907078682637743 3299
1668998706401 1.6192966521826972 3349
1668998720112 1.5600189633689379 3399
1668998733820 1.6970571220970811 3449
1668998760182 1.5799431725960928 3499
1668998773864 1.6394910157227107 3549
1668998787564 1.6235168256711865 3599
1668998801255 1.8378066235364499 3649
1668998827877 1.5265071837056783 3699
1668998841541 1.3666653252525225 3749
1668998855247 1.4632707923942376 3799
1668998868962 1.595336437436712 3849
1668998882668 1.759517410701462 3899
1668998908941 1.5460671377635646 3949
1668998922626 1.7031274380549548 3999
1668998936343 1.47652050411007 4049
1668998950072 1.531037312405937 4099
1668998976120 1.756057410273471 4149
1668998989816 1.424309563836251 4199
1668999003519 1.51296244532058 4249
1668999017237 1.4239808189819712 4299
1668999043537 1.468715256436685 4349
1668999057201 1.439681051312597 4399
1668999070893 1.7715813308742092 4449
1668999084595 1.7973858480465386 4499
1668999098309 1.633596452909427 4549
1668999124725 1.773811448983794 4599
1668999138406 1.7315126484650833 4649
1668999152118 1.6269966257166466 4699
1668999165830 1.4705602948817666 4749
1668999192234 1.5067152319969885 4799
1668999205928 1.3238515199536538 4849
1668999219635 1.7235341593277425 4899
1668999233354 1.531614604470908 4949
1668999259710 1.5560379384826182 4999
1668999273357 1.633039053915279 5049
1668999287042 1.691714890350256 5099
1668999300728 1.4145947676611823 5149
1668999314429 1.4434688753855518 5199
1668999340865 1.4194505675459914 5249
1668999354553 1.7637931259939679 5299
1668999368255 1.6665364746151812 5349
1668999381949 1.446595297505282 5399
1668999408295 1.5115258829132294 5449
1668999421972 1.40321632146008 5499
1668999435671 1.5858339778085109 5549
1668999449372 1.5988669350088847 5599
1668999475622 1.4393470689785497 5649
1668999489286 1.723285576283236 5699
1668999502988 1.8253604953963936 5749
1668999516693 1.479345987473096 5799
1668999530401 1.6798712915078 5849
1668999556777 1.3725414805821923 5899
1668999570483 1.6957375861521533 5949
1668999584182 1.3265134168085124 5999
1668999597901 1.7264370321590468 6049
1668999624351 1.547839396933218 6099
1668999638063 1.3322799289763037 6149
1668999651780 1.3203406726803988 6199
1668999665531 1.545692867840501 6249
1668999692055 1.5071374882881812 6299
1668999705745 1.6206166784753373 6349
1668999719464 1.605051019758419 6399
1668999733187 1.5998379187151417 6449
1668999746895 1.554213214958747 6499
1668999773104 1.5979961391613071 6549
1668999786794 1.3636442537791966 6599
1668999800495 1.3365405911516184 6649
1668999814205 1.5261146714991956 6699
1668999840732 1.2974435444472305 6749
1668999854456 1.1692627682717154 6799
1668999868201 1.6212288224679303 6849
1668999881921 1.428492461908868 6899
1668999908202 1.6111445685625405 6949
1668999921880 1.6953480326492847 6999
1668999935596 1.5302657150025696 7049
1668999949321 1.7228409725280698 7099
1668999963039 1.3804632097829412 7149
1668999989154 1.418787450136214 7199
1669000002856 1.4044100075330508 7249
1669000016564 1.5284670944316625 7299
1669000030275 1.4228112278812923 7349
1669000056551 1.4887284149074074 7399
1669000070251 1.2207635522976341 7449
1669000083946 1.7239229230737685 7499
1669000097671 1.377757834550063 7549
1669000124172 1.6195457198158014 7599
1669000137862 1.710415704469648 7649
1669000151574 1.7118639609830386 7699
1669000165291 1.7374712566600068 7749
1669000179021 1.5267721454535932 7799
1669000205260 1.3550419773039075 7849
1669000218973 1.5631172732043677 7899
1669000232691 1.7197445540629808 7949
1669000246427 1.7527161261105788 7999
1669000273107 1.6062707640592264 8049
1669000286812 1.6263452211821643 8099
1669000300531 1.5424341397733528 8149
1669000314253 1.3561244155471623 8199
1669000340787 1.6325858962251933 8249
1669000354468 1.6189221259272084 8299
1669000368165 1.4404857515014164 8349
1669000381889 1.5608799627515497 8399
1669000395623 1.7222831819295294 8449
1669000422190 1.3652822986974047 8499
1669000435891 1.5707240328488774 8549
1669000449616 1.5144226281086275 8599
1669000463340 1.6228956904215381 8649
1669000489772 1.3737782905160552 8699
1669000503483 1.5377820928436292 8749
1669000517199 1.6268531009267828 8799
1669000530915 1.6655016290569904 8849
1669000557056 1.7377305017519844 8899
1669000570726 1.4748870833129128 8949
1669000584430 1.6551672326857685 8999
1669000598134 1.6696445149186958 9049
1669000611844 1.2777266410522363 9099
1669000638156 1.6319619056601828 9149
1669000651849 1.7261559100671018 9199
1669000665555 1.5586470868034996 9249
1669000679263 1.66432400302652 9299
1669000705551 1.7549520925512807 9349
1669000719246 1.2889968003528425 9399
1669000732959 1.383685770254481 9449
1669000746667 1.6287192188040258 9499
1669000772919 1.7328949822713384 9549
1669000786587 1.278685606207921 9599
1669000800286 1.2383348169506498 9649
1669000813989 1.3676450920297718 9699
1669000827702 1.6117917186034376 9749
1669000854074 1.7237008552566566 9799
1669000867783 1.6130266780717586 9849
1669000881503 1.565605079056406 9899
1669000895224 1.6366939416061252 9949
1669000921531 1.55860849696451 9999
1669000935246 1.543429858214621 10049
1669000948969 1.7647936220883325 10099
1669000962710 1.3671441412639367 10149
1669000988956 1.3864264597234692 10199
1669001002645 1.6235450828770164 10249
1669001016378 1.4413641108156106 10299
1669001030127 1.714065207310349 10349
1669001043861 1.5033972310353012 10399
1669001070087 1.5637018201788637 10449
1669001083779 1.6271490109335647 10499
1669001097482 1.716885451114139 10549
1669001111192 1.4539581507608519 10599
1669001137490 1.5078888529484709 10649
1669001151197 1.7759399308392605 10699
1669001164927 1.4869356701938403 10749
1669001178661 1.6713252333625526 10799
1669001192224 1.2511547269734271 10849
1669001218958 1.7054467868632823 10899
1669001232681 1.556476127997987 10949
1669001246407 1.539953641207254 10999
1669001260132 1.6351414591711215 11049
1669001286324 1.5214280850585995 11099
1669001300031 1.4911395681307618 11149
1669001313750 1.362875566149245 11199
1669001327459 1.4600776999539118 11249
1669001353736 1.7019143237421426 11299
1669001367427 1.6002561399411475 11349
1669001381135 1.6001438455418238 11399
1669001394848 1.6563873766633013 11449
1669001408555 1.5857895860983815 11499
1669001434881 1.6085145252993374 11549
1669001448591 1.631473505551726 11599
1669001462297 1.4972438254405769 11649
1669001476018 1.3885802006018868 11699
1669001502626 1.6028337614601038 11749
1669001516375 1.465818438030177 11799
1669001530101 1.652294174061229 11849
1669001543845 1.581625377729054 11899
1669001570209 1.4810696466341133 11949
1669001583913 1.4308238138254918 11999
1669001597639 1.4553718481181979 12049
1669001611383 1.4318214950498933 12099
1669001625118 1.3242759919574358 12149
1669001651054 1.5521860981066167 12199
1669001664757 1.3930904863850644 12249
1669001678480 1.7115745455286273 12299
1669001692223 1.6325247408311818 12349
1669001718394 1.586691900669413 12399
1669001732095 1.6201267952600087 12449
1669001745824 1.7116394217316488 12499
1669001759570 1.5757849261778087 12549
1669001785698 1.3254616692531838 12599
1669001799398 1.4049515682094498 12649
1669001813116 1.2996988030467032 12699
1669001826838 1.2279203026919232 12749
1669001840559 1.636102478050213 12799
1669001866584 1.5460288685462047 12849
1669001880283 1.6853256727595096 12899
1669001893988 1.612787758845904 12949
1669001907713 1.633905610578254 12999
1669001934145 1.413747415830044 13049
1669001947865 1.5541072423926479 13099
1669001961604 1.3510649239852643 13149
1669001975347 1.674629494960193 13199
1669002001833 1.4942692689893078 13249
1669002015530 1.7633709702790514 13299
1669002029250 1.5032568630095646 13349
1669002042972 1.5374114454576997 13399
1669002056702 1.6058005824728214 13449
1669002082959 1.4298281590588684 13499
1669002096711 1.5997757982928857 13549
1669002110457 1.6442580352074685 13599
1669002124208 1.3761051965201883 13649
1669002150577 1.6157138175129466 13699
1669002164290 1.4711802192411587 13749
1669002178011 1.5840231305833394 13799
1669002191743 1.3760249819208412 13849
1669002218051 1.4765996725317585 13899
1669002231742 1.6301167804435988 13949
1669002245460 1.5564064430387587 13999
1669002259206 1.583152503387141 14049
1669002272929 1.519357281769931 14099
1669002299218 1.5742156544862183 14149
1669002312927 1.481718625665144 14199
1669002326653 1.67483882495062 14249
1669002340374 1.6192983991350787 14299
1669002366557 1.5420595429437296 14349
1669002380252 1.6343720039594878 14399
1669002393971 1.6109402676557607 14449
1669002407734 1.7203512215052799 14499
1669002434060 1.6025359939378507 14549
1669002447738 1.5464256548598794 14599
1669002461451 1.7042702830768137 14649
1669002475163 1.4798828435662608 14699
1669002488873 1.4142727500155012 14749
1669002515142 1.3671079766464698 14799
1669002528850 1.5238392794930875 14849
1669002542584 1.574581769173075 14899
1669002556309 1.489652839476305 14949
1669002582848 1.7089912111504213 14999
1669002596540 1.6416027829569586 15049
1669002610262 1.4412666261252682 15099
1669002624009 1.3891266329305427 15149
1669002650016 1.5242118321897538 15199
1669002663694 1.5509461535945135 15249
1669002677400 1.553243580338041 15299
1669002691118 1.5464047816361157 15349
1669002704844 1.6587911152032273 15399
1669002731282 1.713201754534401 15449
1669002744996 1.472432175848775 15499
1669002758724 1.5671839337856002 15549
1669002772464 1.431732795023708 15599
1669002798680 1.5648850924274522 15649
1669002812398 1.456902357109178 15699
1669002826122 1.4812682159384394 15749
1669002839869 1.5512013044619772 15799
1669002866171 1.3674783234407715 15849
1669002879856 1.3496074451038862 15899
1669002893586 1.605147382742373 15949
1669002907318 1.6412749103953999 15999
1669002921035 1.4362502957142689 16049
1669002947515 1.6274079020383565 16099
1669002961217 1.6545549392337633 16149
1669002974944 1.246168538797324 16199
1669002988676 1.424387350974939 16249
1669003014936 1.5278594880020586 16299
1669003028629 1.719667446934089 16349
1669003042340 1.7252951424693777 16399
1669003056060 1.5535173015984873 16449
1669003082438 1.422852221568811 16499
1669003096124 1.530513488885163 16549
1669003109852 1.6891254176331052 16599
1669003123570 1.65581729391493 16649
1669003137299 1.6001872093608647 16699
1669003163572 1.2237373847173114 16749
1669003177278 1.685949733702602 16799
1669003191001 1.3169569302983548 16849
1669003204732 1.282575563199338 16899
1669003231053 1.40380266338564 16949
1669003244773 1.5776067920185977 16999
1669003258522 1.623957906138719 17049
1669003272255 1.673702597242035 17099
1669003298715 1.3127417866499247 17149
1669003312387 1.4579113770131993 17199
1669003326105 1.6534874224951754 17249
1669003339824 1.6571598123730262 17299
1669003353551 1.4061071631487105 17349
1669003379780 1.6245520574798316 17399
1669003393490 1.6300099953450977 17449
1669003407210 1.5116768110484082 17499
1669003420953 1.5508526055099137 17549
1669003447160 1.6057291557517017 17599
1669003460867 1.5695784802031079 17649
1669003474590 1.5660937118570613 17699
1669003488321 1.6210465173494815 17749
1669003514632 1.5124157200573063 17799
1669003528322 1.5978794573652124 17849
1669003542033 1.2681503219655634 17899
1669003555779 1.7096814534390834 17949
1669003569514 1.3608827929859102 17999
1669003595904 1.4524607028773702 18049
1669003609623 1.5612745810411919 18099
1669003623351 1.3981081114539469 18149
1669003637074 1.5551743328967949 18199
1669003663162 1.558650805729127 18249
1669003676868 1.7003751053865495 18299
1669003690593 1.48841247255277 18349
1669003704320 1.5315634923011028 18399
1669003730763 1.598481265847684 18449
1669003744459 1.6915331623612166 18499
1669003758174 1.6128062331661426 18549
1669003771907 1.4184792177987446 18599
1669003785630 1.3326323971447542 18649
1669003812150 1.5135550558001958 18699
1669003825859 1.7607695741403324 18749
1669003839591 1.7255836409682428 18799
1669003853320 1.3981956519388439 18849
1669003879558 1.5410160592265356 18899
1669003893252 1.3548936140201153 18949
1669003906980 1.3356509117467388 18999
1669003920712 1.5678180047021009 19049
1669003947042 1.6654099975177228 19099
1669003960714 1.4512014372902098 19149
1669003974448 1.5047600977142601 19199
1669003988185 1.4563903644019354 19249
1669004001913 1.5818721303828034 19299
1669004027952 1.5509468378954692 19349
1669004041652 1.2942716629807927 19399
1669004055372 1.5921934311788617 19449
1669004069100 1.6586390918968266 19499
1669004095554 1.4619857655693156 19549
1669004109254 1.5903729531289077 19599
1669004122983 1.5623925122990416 19649
1669004136721 1.557278987486034 19699
1669004163101 1.369006127177287 19749
1669004176801 1.4600882388702912 19799
1669004190511 1.3745375556737067 19849
1669004204257 1.3859806436990927 19899
1669004217992 1.5445284892359121 19949
1669004244448 1.7374746825715905 19999
1669004258161 1.751935268585559 20049
1669004271886 1.6351741330499845 20099
1669004285623 1.49008456645975 20149
1669004311920 1.614522300934328 20199
1669004325619 1.6238119026801447 20249
1669004339322 1.2560890659629336 20299
1669004353029 1.7310023357712792 20349
1669004379333 1.257933868937902 20399
1669004393040 1.603261500070277 20449
1669004406755 1.6032167280865033 20499
1669004420500 1.6332258988325088 20549
1669004434240 1.6189397393870826 20599
1669004460424 1.5037005834914172 20649
1669004474136 1.4340793115372366 20699
1669004487864 1.6075356841137172 20749
1669004501601 1.4635601538093568 20799
1669004528029 1.5616361214185823 20849
1669004541729 1.5481012730684527 20899
1669004555444 1.5547714410321738 20949
1669004569170 1.7190363884742463 20999
1669004595547 1.5986612850462927 21049
1669004609236 1.6989140465324526 21099
1669004622953 1.7234993188742167 21149
1669004636668 1.5170590819399679 21199
1669004650392 1.500146784626741 21249
1669004676691 1.5391790107373535 21299
1669004690414 1.5354167854537013 21349
1669004704142 1.5927383716755492 21399
1669004717882 1.460778313314825 21449
1669004744362 1.6679290165233054 21499
1669004758077 1.43127351058043 21549
1669004771803 1.4150183500525313 21599
1669004785531 1.6057942900998068 21649
1669004799097 1.7412734545504032 21699
1669004825968 1.6518081037682348 21749
1669004839682 1.71465419199005 21799
1669004853407 1.594111150550962 21849
1669004867128 1.6536044116925175 21899
1669004893718 1.5833515567747445 21949
1669004907421 1.712241859489416 21999
1669004921146 1.514593616823292 22049
1669004934875 1.3991377075121318 22099
1669004961472 1.5400630060596674 22149
1669004975166 1.3837376120950369 22199
1669004988883 1.6880449509187563 22249
1669005002603 1.524590996806327 22299
1669005016348 1.478531370151007 22349
1669005042690 1.6376749550628138 22399
1669005056408 1.3886702569344571 22449
1669005070133 1.642579161266739 22499
1669005083852 1.5594738414803002 22549
1669005110430 1.7486452324261517 22599
1669005124141 1.481139374573119 22649
1669005137845 1.4334330443905174 22699
1669005151558 1.4858169380358541 22749
1669005177960 1.3266567026701974 22799
1669005191670 1.4831710172816068 22849
1669005205390 1.3921872294078264 22899
1669005219113 1.558225144947895 22949
1669005232842 1.4411379778705409 22999
1669005259253 1.4649027882167505 23049
1669005272961 1.3837052662003981 23099
1669005286672 1.548703360117544 23149
1669005300390 1.4737024444899927 23199
1669005326507 1.574313127887154 23249
1669005340199 1.3400500664447068 23299
1669005353900 1.5025987623773003 23349
1669005367632 1.3877338354697963 23399
1669005394507 1.4624178694397085 23449
1669005408192 1.3748187727259409 23499
1669005421895 1.3654150251121955 23549
1669005435610 1.4404764038033921 23599
1669005449329 1.641273460525376 23649
1669005475398 1.6068894986799744 23699
1669005489104 1.6825869307644208 23749
1669005502823 1.5576431445172196 23799
1669005516550 1.6993702892846163 23849
1669005543021 1.3646333030659838 23899
1669005556724 1.5452704783523048 23949
1669005570439 1.5539276378423188 23999
1669005584176 1.48045059614019 24049
1669005610595 1.7385658465398963 24099
1669005624305 1.414866103548632 24149
1669005638015 1.567979969496485 24199
1669005651739 1.5012492691531438 24249
1669005665481 1.5147386129928202 24299
1669005691868 1.474282224223412 24349
1669005705580 1.5542717333489315 24399
1669005719321 1.2506028118328263 24449
1669005733066 1.5401536401052576 24499
1669005759305 1.4305967651553364 24549
1669005773014 1.7444161381671197 24599
1669005786724 1.449904676261276 24649
1669005800445 1.6144862324645022 24699
1669005826806 1.539283794694591 24749
1669005840475 1.3578251258698648 24799
1669005854191 1.7293235791825619 24849
1669005867933 1.525169243364072 24899
1669005881652 1.5872449145342318 24949
1669005907744 1.4736932904625752 24999
1669005921459 1.588604898037406 25049
1669005935186 1.512318374798395 25099
1669005948909 1.5747234677832447 25149
1669005975463 1.2787171219349593 25199
1669005989166 1.600382203741153 25249
1669006002860 1.6018184815811116 25299
1669006016574 1.5466257583910936 25349
1669006042982 1.4464409742303885 25399
1669006056665 1.6940888164523775 25449
1669006070370 1.2716229472369938 25499
1669006084083 1.7080065714865196 25549
1669006097802 1.5007180188116434 25599
1669006124102 1.1438454351812168 25649
1669006137805 1.5702259697059344 25699
1669006151522 1.5374154073657964 25749
1669006165248 1.4881086505134433 25799
1669006191701 1.6163194503526417 25849
1669006205409 1.545900177182845 25899
1669006219132 1.3659202695301735 25949
1669006232855 1.5725451967843036 25999
1669006259051 1.592253955307398 26049
1669006272739 1.4484303063596582 26099
1669006286468 1.6140022518473196 26149
1669006300205 1.1774411105504972 26199
1669006313932 1.735167173647008 26249
1669006340345 1.392653237145288 26299
1669006354055 1.6196437675015443 26349
1669006367775 1.6247032111303876 26399
1669006381485 1.532652186488253 26449
1669006407720 1.4757756325498856 26499
1669006421411 1.78587652604229 26549
1669006435125 1.616968191194808 26599
1669006448855 1.3963277818574003 26649
1669006475047 1.615183532473445 26699
1669006488711 1.6396510254090813 26749
1669006502422 1.6917673225854961 26799
1669006516131 1.6327645647852855 26849
1669006529849 1.717598284318846 26899
1669006556309 1.542430808855308 26949
1669006570022 1.1891524198806165 26999
1669006583736 1.4326303138793228 27049
1669006597467 1.5490334495714961 27099
1669006623920 1.5145112892875638 27149
1669006637617 1.5016004233421192 27199
1669006651335 1.4346053014683833 27249
1669006665052 1.5357994438250464 27299
1669006691456 1.5432793577800357 27349
1669006705124 1.4626055722223101 27399
1669006718836 1.5227562908673284 27449
1669006732561 1.4656229301644688 27499
1669006746297 1.6101977725645384 27549
1669006772609 1.1550039285435585 27599
1669006786307 1.5349829094372653 27649
1669006800017 1.576083417849862 27699
1669006813751 1.4786466991669227 27749
1669006840065 1.6058036583680206 27799
1669006853758 1.5050814795362497 27849
1669006867471 1.7193451248843377 27899
1669006881199 1.4830964779598648 27949
1669006907595 1.5522272405384283 27999
1669006921303 1.6950208889176122 28049
1669006935049 1.5828659182911582 28099
1669006948766 1.6078707726944126 28149
1669006962486 1.2961666088694792 28199
1669006988915 1.6587035036837838 28249
1669007002631 1.5707101048282208 28299
1669007016374 1.5385045634686008 28349
1669007030105 1.5677353851596199 28399
1669007056605 1.5748228773231336 28449
1669007070295 1.7145329190953855 28499
1669007084007 1.3795891886001228 28549
1669007097722 1.4924990415539205 28599
1669007124045 1.4728155727393526 28649
1669007137744 1.171809443018955 28699
1669007151460 1.4908104406732923 28749
1669007165190 1.3117467857295786 28799
1669007178931 1.3958168434176388 28849
1669007205163 1.5205177190619819 28899
1669007218876 1.3461787078554894 28949
1669007232592 1.548121007813792 28999
1669007246319 1.487420146843633 29049
1669007272746 1.7199898610908462 29099
1669007286459 1.6879823256261097 29149
1669007300170 1.7173315868881853 29199
1669007313893 1.1824112321005513 29249
1669007340441 1.7247615585232947 29299
1669007354126 1.5664406070426753 29349
1669007367827 1.4937043762115012 29399
1669007381545 1.7081681254221266 29449
1669007395282 1.7227729372882918 29499
1669007421886 1.7141403107802833 29549
1669007435589 1.5408687014192035 29599
1669007449306 1.5490470045587057 29649
1669007463024 1.3911696020458388 29699
1669007489157 1.6595521273603617 29749
1669007502887 1.4291290282217117 29799
1669007516618 1.5733116371501839 29849
1669007530352 1.697437774802721 29899
1669007556737 1.5513970759750881 29949
1669007570439 1.5795259845869567 29999
1669007584157 1.5529503831354599 30049
1669007597897 1.5261738403545784 30099
1669007611647 1.5628426948930396 30149
1669007637943 1.5951010901819664 30199
1669007651665 1.5841736378978288 30249
1669007665393 1.4297294015007058 30299
1669007679109 1.4633024615405243 30349
1669007705500 1.512724033515442 30399
1669007719201 1.4276901091970777 30449
1669007732933 1.3641360980662964 30499
1669007746668 1.275614080824727 30549
1669007773017 1.3783601744683311 30599
1669007786703 1.581465886171154 30649
1669007800397 1.3394445158855044 30699
1669007814137 1.7311696165959818 30749
1669007827869 1.3910005999837844 30799
1669007854427 1.6214823701241043 30849
1669007868121 1.620560598070053 30899
1669007881822 1.7054520635843398 30949
1669007895538 1.6545451811083591 30999
1669007922028 1.5434692878809577 31049
1669007935720 1.6253421189783333 31099
1669007949437 1.5175692215052417 31149
1669007963172 1.430245624118778 31199
1669007989680 1.587897481098402 31249
1669008003385 1.6832339052636947 31299
1669008017140 1.5304752421207066 31349
1669008030881 1.5707639472540573 31399
1669008044619 1.3972473615657486 31449
1669008071015 1.6989883961526497 31499
1669008084726 1.4628412982572732 31549
1669008098462 1.5114030881945828 31599
1669008112186 1.5549519669922307 31649
1669008138600 1.7094679881469976 31699
1669008152336 1.6899993055765585 31749
1669008166084 1.170619713599406 31799
1669008179825 1.4140129676426585 31849
1669008206485 1.628758763896065 31899
1669008220172 1.3896975056817868 31949
1669008233874 1.5325848196825536 31999
1669008247599 1.5150146945233902 32049
1669008261321 1.3640467356239219 32099
1669008287796 1.6133178261654988 32149
1669008301521 1.572528336266224 32199
1669008315236 1.7244694290178675 32249
1669008328936 1.386329563843875 32299
1669008355533 1.3833820259022946 32349
1669008369254 1.5773374774367974 32399
1669008382982 1.384343029448529 32449
1669008396708 1.4743040212038094 32499
1669008410265 1.6467099042206943 32549
1669008436901 1.566951085716382 32599
1669008450603 1.735587653625283 32649
1669008464314 1.5467965484450266 32699
1669008478026 1.6726592623556937 32749
1669008504565 1.4285919020537592 32799
1669008518267 1.2585290858368088 32849
1669008531980 1.5205220962066797 32899
1669008545694 1.4571551728390695 32949
1669008572065 1.5204597909175037 32999
1669008585758 1.4907927586093481 33049
1669008599487 1.5106702847616356 33099
1669008613227 1.3244322354109972 33149
1669008626957 1.7530121210441973 33199
1669008653291 1.6557788556548954 33249
1669008667016 1.5998711945682351 33299
1669008680741 1.6112847064323526 33349
1669008694467 1.6128230058975823 33399
1669008721227 1.5688061286187676 33449
1669008734960 1.739877857032457 33499
1669008748687 1.4214394456942718 33549
1669008762410 1.397179925837748 33599
1669008788539 1.5282863913538103 33649
1669008802234 1.3705650653560604 33699
1669008815942 1.7039856368506219 33749
1669008829676 1.4848786342971687 33799
1669008843398 1.6488355653695423 33849
1669008869598 1.7121065342060522 33899
1669008883314 1.5544492679197541 33949
1669008897040 1.6992998663877015 33999
1669008910765 1.752192614307794 34049
1669008937299 1.6310014610349886 34099
1669008951019 1.4293499343766958 34149
1669008964746 1.4421053341237817 34199
1669008978457 1.7298597417213903 34249
1669009004772 1.5614109911050882 34299
1669009018466 1.4572772142297394 34349
1669009032173 1.3530050548281907 34399
1669009045885 1.3850557245276556 34449
1669009059606 1.4530316762245774 34499
1669009086012 1.4759354031053469 34549
1669009099720 1.716454528861223 34599
1669009113429 1.6653995521650242 34649
1669009127148 1.3595644792096817 34699
1669009153418 1.7157544277368517 34749
1669009167129 1.6148459402660704 34799
1669009180852 1.5479480837823558 34849
1669009194564 1.5634360785247328 34899
1669009221384 1.6203968411579321 34949
1669009235064 1.6220074071914587 34999
1669009248764 1.3659288852295939 35049
1669009262473 1.7269273234243419 35099
1669009276173 1.701093865661069 35149
1669009302893 1.420754990367163 35199
1669009316606 1.3482682766305822 35249
1669009330746 1.5985561223587563 35299
1669009344479 1.5945956232561218 35349
1669009370334 1.3951634482069581 35399
1669009384040 1.4412118543279542 35449
1669009397756 1.549761759739142 35499
1669009411490 1.4077479419260257 35549
1669009438607 1.6136405160842597 35599
1669009452287 1.4654703410307224 35649
1669009465992 1.5148434392974757 35699
1669009479713 1.3610608117828857 35749
1669009493426 1.475096801264901 35799
1669009519929 1.646178375273661 35849
1669009533634 1.5808292981351073 35899
1669009547342 1.7001028807783296 35949
1669009561065 1.3347410624017715 35999
1669009587585 1.3699444855904725 36049
1669009601284 1.728782725561886 36099
1669009615005 1.4116164523088421 36149
1669009628736 1.6623782683006798 36199
1669009655251 1.4676242058163256 36249
1669009668931 1.2673697229867913 36299
1669009682661 1.5912282883433118 36349
1669009696370 1.6795432265220605 36399
1669009710084 1.3929386849703376 36449
1669009736961 1.729482792502877 36499
1669009750671 1.5817893231283697 36549
1669009764382 1.4412465935888452 36599
1669009778104 1.539322331726778 36649
1669009804652 1.6209424065386684 36699
1669009818366 1.5185728881760177 36749
1669009832090 1.339485106113664 36799
1669009845792 1.5725543854058939 36849
1669009872147 1.4829524318884078 36899
1669009885817 1.5474029585706717 36949
1669009899539 1.6271128433134798 36999
1669009913271 1.4449144899263549 37049
1669009927004 1.5413945163453142 37099
1669009953830 1.6307293342170128 37149
1669009967535 1.6880016123256056 37199
1669009981253 1.237514941527701 37249
1669009994977 1.3415836413570812 37299
1669010021272 1.5888622836236133 37349
1669010034988 1.6160853740969006 37399
1669010048723 1.6337074226996957 37449
1669010062437 1.4281965877696337 37499
1669010088788 1.5282120963514536 37549
1669010102452 1.6457361907694423 37599
1669010116157 1.3541902712637155 37649
1669010129860 1.4889444398545133 37699
1669010143578 1.3952614837954789 37749
1669010171037 1.6517849706734489 37799
1669010184751 1.610048919629858 37849
1669010198475 1.4630513841154347 37899
1669010212204 1.709321473660203 37949
1669010238765 1.7612422483190187 37999
1669010252469 1.5822911886263338 38049
1669010266189 1.4939649040308085 38099
1669010279916 1.6035914572345011 38149
1669010306458 1.7039696672636282 38199
1669010320118 1.4373107926188093 38249
1669010333817 1.6370929546103827 38299
1669010347536 1.7049902824485594 38349
1669010361253 1.4740207016026226 38399
1669010387660 1.5851116378702468 38449
1669010401357 1.520051132325947 38499
1669010415077 1.4786741741068026 38549
1669010428795 1.5205680859565098 38599
1669010454996 1.558455916647142 38649
1669010468711 1.2294019514715038 38699
1669010482446 1.4680180404945764 38749
1669010496174 1.4181418641939214 38799
1669010522484 1.5526651988413736 38849
1669010536149 1.5648965843223304 38899
1669010549857 1.6469567716523716 38949
1669010563577 1.6585231673636383 38999
1669010577313 1.6328956212250876 39049
1669010603487 1.300865943747266 39099
1669010617193 1.6656280608887426 39149
1669010630922 1.499063397405592 39199
1669010644654 1.426369959796899 39249
1669010670741 1.159268084594939 39299
1669010684446 1.3537825508343395 39349
1669010698156 1.7237892980334057 39399
1669010711893 1.5507200892883533 39449
1669010738204 1.456314947805808 39499
1669010751880 1.481652878993845 39549
1669010765599 1.4807508978186739 39599
1669010779320 1.5826055142616688 39649
1669010793048 1.4674173761385565 39699
1669010819101 1.4717519197669018 39749
1669010832804 1.5463577497856105 39799
1669010846535 1.6940009176899116 39849
1669010860266 1.6371528054064621 39899
1669010886514 1.6411447465114848 39949
1669010900218 1.5288237940340292 39999
1669010913942 1.5219322237954636 40049
1669010927682 1.7290613377640454 40099
1669010954714 1.3826823215109711 40149
1669010968399 1.7160103066195145 40199
1669010982089 1.5325171581970736 40249
1669010995817 1.485995490327284 40299
1669011009546 1.5060225530700828 40349
1669011035903 1.5662610563494832 40399
1669011049611 1.5929765471920185 40449
1669011063343 1.32570723965227 40499
1669011077083 1.4856943188430438 40549
1669011103503 1.2272138353227153 40599
1669011117208 1.5740409066459156 40649
1669011130932 1.4817120381956166 40699
1669011144651 1.3689471215565985 40749
1669011171179 1.4489565109331388 40799
1669011184845 1.6197311018189793 40849
1669011198558 1.5031188765776031 40899
1669011212285 1.7368501460117567 40949
1669011225995 1.6073417704513018 40999
1669011252115 1.398673242067609 41049
1669011265838 1.5075866786512457 41099
1669011279562 1.5840385092216165 41149
1669011293290 1.5272541425331445 41199
1669011319793 1.5539742074928842 41249
1669011333504 1.7150201555099396 41299
1669011347225 1.4386828330724606 41349
1669011360944 1.5177154284606464 41399
1669011387239 1.437239922639567 41449
1669011400911 1.5623408620991568 41499
1669011414606 1.2978082404968676 41549
1669011428331 1.4498941283994373 41599
1669011442065 1.5462791867025873 41649
1669011468332 1.6350479464395735 41699
1669011482038 1.4487911144666428 41749
1669011495756 1.2641708260587876 41799
1669011509474 1.57825516625772 41849
1669011535665 1.493169899328401 41899
1669011549379 1.5631994689297686 41949
1669011563117 1.469618719874748 41999
1669011576870 1.6124226286942491 42049
1669011603332 1.5898271494706302 42099
1669011617048 1.4000721407330947 42149
1669011630753 1.268727019645881 42199
1669011644487 1.4212908477855808 42249
1669011658216 1.3626309177464166 42299
1669011684824 1.5096350414447712 42349
1669011698562 1.321717311564364 42399
1669011712289 1.647222465674283 42449
1669011726006 1.4028856732805575 42499
1669011752328 1.4551568863953532 42549
1669011766035 1.7244116332159565 42599
1669011779776 1.6313748479627814 42649
1669011793514 1.7190175964535297 42699
1669011820017 1.6565352713977166 42749
1669011833694 1.576368374002914 42799
1669011847413 1.6020523231544508 42849
1669011861157 1.457725877746022 42899
1669011874911 1.5604383583172659 42949
1669011901025 1.5623065989635143 42999
1669011914744 1.5889859845888838 43049
1669011928476 1.2909987453531495 43099
1669011942215 1.4139640496890922 43149
1669011968904 1.7710583751096665 43199
1669011982611 1.3634330296509307 43249
1669011996318 1.4309957076116218 43299
1669012010030 1.5811405163650005 43349
1669012023578 1.6730004508405147 43399
1669012050142 1.4650964107602213 43449
1669012063847 1.2514329688093788 43499
1669012077554 1.6898964951018773 43549
1669012091269 1.2805122637339177 43599
1669012117509 1.6083261248426957 43649
1669012131228 1.5540373318149103 43699
1669012144955 1.5510654138746038 43749
1669012158692 1.4576895606053437 43799
1669012185203 1.6104180312928018 43849
1669012198900 1.453746953925888 43899
1669012212617 1.7614923984018285 43949
1669012226362 1.5927505149845893 43999
1669012240102 1.5771391165606052 44049
1669012266602 1.5452975074067625 44099
1669012280314 1.5464537164668062 44149
1669012294055 1.409160334308028 44199
1669012307787 1.4747244049216155 44249
1669012333985 1.701228598527511 44299
1669012347695 1.5450157890585021 44349
1669012361408 1.4812181784697045 44399
1669012375127 1.5222594083265104 44449
1669012401481 1.2301215770708205 44499
1669012415186 1.5618823735194851 44549
1669012428901 1.611981845591858 44599
1669012442648 1.7753911237491216 44649
1669012456370 1.29180421886023 44699
1669012482888 1.6376154283059403 44749
1669012496611 1.610276853740186 44799
1669012510337 1.5687884469862374 44849
1669012524069 1.5939584203727066 44899
1669012550383 1.2886217824108046 44949
1669012564142 1.3610195922934607 44999
1669012577890 1.3538170912457554 45049
1669012591647 1.5677658913427899 45099
1669012618117 1.317108400455377 45149
1669012631806 1.5334912088020696 45199
1669012645496 1.5671897466630063 45249
1669012659248 1.5895517464466353 45299
1669012672990 1.5278058583679637 45349
1669012699672 1.7201121796056458 45399
1669012713381 1.5176041819224217 45449
1669012727095 1.5382231006201617 45499
1669012740819 1.1906827200681114 45549
1669012767024 1.3671086952643905 45599
1669012780730 1.38778685199349 45649
1669012794463 1.597796619143797 45699
1669012808204 1.6858637682171134 45749
1669012834895 1.541864543845353 45799
1669012848588 1.5305070947501556 45849
1669012862301 1.4005576101654635 45899
1669012876031 1.6472766127173994 45949
1669012889757 1.2305271607759178 45999
1669012916279 1.5477548579018565 46049
1669012929997 1.6866053826894563 46099
1669012943741 1.7117409797174177 46149
1669012957478 1.5506980700688686 46199
1669012984051 1.6209442493522361 46249
1669012997727 1.6369457911468492 46299
1669013011434 1.6088702470273184 46349
1669013025151 1.7712787266279166 46399
1669013051405 1.390301789369625 46449
1669013065086 1.4078164749703812 46499
1669013078821 1.4640985313993373 46549
1669013092564 1.727986512246322 46599
1669013106300 1.4125930526361987 46649
1669013132809 1.7207521762468074 46699
1669013146550 1.7150322456828402 46749
1669013160284 1.6417047532845999 46799
1669013174038 1.6355798208115984 46849
1669013200371 1.5784956182631478 46899
1669013214073 1.4850507771897172 46949
1669013227783 1.5332151608698852 46999
1669013241510 1.3121302238693617 47049
1669013268034 1.4664351288449033 47099
1669013281705 1.728490269501562 47149
1669013295423 1.522865408667481 47199
1669013309146 1.5615726286260156 47249
1669013322854 1.6540529236612473 47299
1669013349783 1.4719227235233394 47349
1669013363508 1.6453551362871348 47399
1669013377243 1.406623905505372 47449
1669013390978 1.5436643865956 47499
1669013417156 1.4337766710361937 47549
1669013430851 1.6272180602449389 47599
1669013444574 1.2593119281052951 47649
1669013458302 1.6229547028769642 47699
1669013484621 1.572458146609272 47749
1669013498291 1.4930747449764614 47799
1669013511994 1.6127761987317222 47849
1669013525724 1.4190779689469695 47899
1669013539442 1.5178393319051253 47949
1669013565420 1.565823242573643 47999
1669013579112 1.4521556625474266 48049
1669013592823 1.489164413540852 48099
1669013606554 1.6853008999926948 48149
1669013632845 1.6508994762914417 48199
1669013646549 1.3509883022423226 48249
1669013660270 1.5263739600821413 48299
1669013674012 1.5850787012095613 48349
1669013700447 1.7381854114031032 48399
1669013714124 1.529679019629686 48449
1669013727863 1.5585533972005396 48499
1669013741605 1.479674127306181 48549
1669013755351 1.2970578522524616 48599
1669013781923 1.7273414515589356 48649
1669013795637 1.2042139281093005 48699
1669013809349 1.4588208551075375 48749
1669013823092 1.4551155974123968 48799
1669013849980 1.3928450569603221 48849
1669013863676 1.3007105029440904 48899
1669013877392 1.6266881787639234 48949
1669013891118 1.42702679635648 48999
1669013917571 1.589917581472153 49049
1669013931236 1.7774270091015603 49099
1669013944956 1.7267480701428717 49149
1669013958696 1.3071625725217413 49199
1669013972419 1.6688243837779795 49249
1669013998887 1.422274152955349 49299
1669014012608 1.5803111522436288 49349
1669014026322 1.284111068877975 49399
1669014040058 1.4336321850567484 49449
1669014066730 1.5851364893342867 49499
1669014080424 1.707609924630812 49549
1669014094130 1.479387176732768 49599
1669014107853 1.6508595013114589 49649
1669014134516 1.3674576628278228 49699
1669014148192 1.5794747175307005 49749
1669014161913 1.4970422831274535 49799
1669014175648 1.3279097518999676 49849
1669014189380 1.2562418776739215 49899
1669014215771 1.378257979407325 49949
1669014229463 1.480341804630138 49999
1669014243187 1.7380100170545738 50049
1669014256917 1.3161610225677738 50099
1669014283499 1.728807097804901 50149
1669014297198 1.634744951863838 50199
1669014310925 1.5606978071694622 50249
1669014324647 1.356450840906344 50299
1669014351191 1.333677751305785 50349
1669014364863 1.6065382760366442 50399
1669014378575 1.5083204587405519 50449
1669014392276 1.4120426367808712 50499
1669014405985 1.5389012835330362 50549
1669014432279 1.5263756849623369 50599
1669014445979 1.5308454142310377 50649
1669014459703 1.6065954100473392 50699
1669014473433 1.4831905842168243 50749
1669014499545 1.64530919339714 50799
1669014513259 1.5785703817420522 50849
1669014526993 1.5186187167027172 50899
1669014540723 1.691295138860343 50949
1669014567314 1.538278336370536 50999
1669014580995 1.7280793312289695 51049
1669014594706 1.5273801812946395 51099
1669014608410 1.4275471714009496 51149
1669014622129 1.3434924996242494 51199
1669014648484 1.4107757066461168 51249
1669014662184 1.264694542561493 51299
1669014675889 1.394487404492751 51349
1669014689599 1.5160732466991782 51399
1669014715833 1.2809203005170051 51449
1669014729527 1.44218532533106 51499
1669014743237 1.5268847247169628 51549
1669014756949 1.6234842816279875 51599
1669014783750 1.7134765691916303 51649
1669014797419 1.5063798931701204 51699
1669014811126 1.629662442501409 51749
1669014824850 1.5115199990128594 51799
1669014838576 1.2752399281159876 51849
1669014864806 1.5926161157155896 51899
1669014878509 1.45084905898664 51949
1669014892231 1.691355528638011 51999
1669014905968 1.6468016870195203 52049
1669014932282 1.6072990423183713 52099
1669014945973 1.4330844756509729 52149
1669014959680 1.705442666824831 52199
1669014973418 1.513537194937988 52249
1669015000445 1.228421610652163 52299
1669015014155 1.1602500731471732 52349
1669015027878 1.5913955360512164 52399
1669015041589 1.5812271923743597 52449
1669015055319 1.4879393490852402 52499
1669015082007 1.7221301708911536 52549
1669015095706 1.5307070294414864 52599
1669015109421 1.607227432656726 52649
1669015123136 1.421791719905855 52699
1669015149365 1.266519591759363 52749
1669015163071 1.6064688228789823 52799
1669015176790 1.6244600903643165 52849
1669015190524 1.404795562672752 52899
1669015217152 1.4405183919996496 52949
1669015230839 1.3438545099868175 52999
1669015244554 1.638653302898351 53049
1669015258266 1.241373023796368 53099
1669015271988 1.5732083245875579 53149
1669015298459 1.6652969403114013 53199
1669015312189 1.4681080425725155 53249
1669015325934 1.2935884178188002 53299
1669015339661 1.5581420431000077 53349
1669015365995 1.5633244291894193 53399
1669015379696 1.4988440416497848 53449
1669015393404 1.4714374945466562 53499
1669015407122 1.4876301413038555 53549
1669015433655 1.4623084337340142 53599
1669015447356 1.7338091714708828 53649
1669015461060 1.732277807430657 53699
1669015474780 1.3749189898636345 53749
1669015488504 1.5929116769425176 53799
1669015514735 1.727044079684787 53849
1669015528440 1.5285696866107337 53899
1669015542155 1.5985099053658747 53949
1669015555892 1.5960921958993062 53999
1669015582244 1.4825604931750753 54049
1669015595935 1.5984082143514287 54099
1669015609660 1.2878948551872218 54149
1669015623398 1.6593801760802291 54199
1669015636959 1.6845627514659873 54249
1669015663497 1.1568559550169133 54299
1669015677221 1.5642788732832447 54349
1669015690942 1.4103548770654168 54399
1669015704674 1.644744738801772 54449
1669015730988 1.4104357135664956 54499
1669015744710 1.2377232550764745 54549
1669015758421 1.4206159620424816 54599
1669015772144 1.5261550223103075 54649
1669015798249 1.4574421424604909 54699
1669015811941 1.7853361914106625 54749
1669015825687 1.601399279831428 54799
1669015839415 1.631384557924816 54849
1669015853128 1.7142866548634896 54899
1669015879707 1.5488449035205583 54949
1669015893433 1.484192693534706 54999
1669015907169 1.713176526156869 55049
1669015920916 1.48036868212048 55099
1669015947262 1.518003101898378 55149
1669015960976 1.6570044148821963 55199
1669015974689 1.5949544243932645 55249
1669015988431 1.3331462003160404 55299
1669016014911 1.4556284269060393 55349
1669016028605 1.6274389092784936 55399
1669016042309 1.7169022664621498 55449
1669016056024 1.3003945734750602 55499
1669016069726 1.6828793857567872 55549
1669016096174 1.4624068326281912 55599
1669016109876 1.3682471303471155 55649
1669016123577 1.696287705603956 55699
1669016137293 1.7089185940467946 55749
1669016163698 1.7369475497343339 55799
1669016177395 1.6535657384191107 55849
1669016191099 1.3087672688585918 55899
1669016204813 1.208502748739808 55949
1669016230974 1.5133256008567861 55999
1669016244659 1.4722151419396545 56049
1669016258373 1.6808639521030346 56099
1669016272086 1.75983132208808 56149
1669016285818 1.4691422318276253 56199
1669016312123 1.4074881472633463 56249
1669016325820 1.5347730484641289 56299
1669016339524 1.341331205925457 56349
1669016353254 1.7243505305646285 56399
1669016379471 1.622325116307567 56449
1669016393164 1.7086774884560412 56499
1669016406867 1.516066609920017 56549
1669016420599 1.7001128122525173 56599
1669016446775 1.7196063039520126 56649
1669016460450 1.6222666487215913 56699
1669016474158 1.4522227816283335 56749
1669016487860 1.6321557914176847 56799
1669016501578 1.7000707653534428 56849
1669016527874 1.4393932217319996 56899
1669016541590 1.4750376188439291 56949
1669016555304 1.7056852564509164 56999
1669016569018 1.3212960535958365 57049
1669016595542 1.4682431331120358 57099
1669016609243 1.5250817779249028 57149
1669016622946 1.5247024585168412 57199
1669016636661 1.3084465740331352 57249
1669016662957 1.4840654220035887 57299
1669016676646 1.2787880540887218 57349
1669016690359 1.5264193668212045 57399
1669016704076 1.68943361515915 57449
1669016717830 1.4084160098878653 57499
1669016743891 1.6593190592571858 57549
1669016757596 1.4540701371865792 57599
1669016771311 1.730594369664463 57649
1669016785038 1.6145612889864185 57699
1669016811064 1.5702449339934654 57749
1669016824754 1.5309202364384635 57799
1669016838469 1.702197652128822 57849
1669016852172 1.7022467498644571 57899
1669016878549 1.583419345336949 57949
1669016892242 1.38338283375084 57999
1669016905952 1.3418111281335485 58049
1669016919662 1.7290408046558072 58099
1669016933382 1.3240146128247376 58149
1669016959830 1.5825216198518701 58199
1669016973539 1.6985953477088853 58249
1669016987258 1.6820279405111784 58299
1669017000981 1.6104270474280653 58349
1669017027798 1.5120398710056864 58399
1669017041493 1.5590032436223251 58449
1669017055205 1.509248023498353 58499
1669017068942 1.581530107840797 58549
1669017094970 1.580358942971868 58599
1669017108645 1.440272499715061 58649
1669017122355 1.4896488253970732 58699
1669017136067 1.4798962698935343 58749
1669017149795 1.5960429803264118 58799
1669017176202 1.587407834991658 58849
1669017189910 1.394795867486466 58899
1669017203621 1.5656752128034297 58949
1669017217339 1.5398288863290723 58999
1669017244038 1.7430196478298905 59049
1669017257765 1.5554468876936294 59099
1669017271487 1.5028019593189033 59149
1669017285217 1.5330492067223287 59199
1669017311449 1.562661035716312 59249
1669017325138 1.7118945111196149 59299
1669017338855 1.5977862191430472 59349
1669017352590 1.1731983703540803 59399
1669017366320 1.37254658117389 59449
1669017392754 1.5527587554085518 59499
1669017406468 1.6971240967916326 59549
1669017420210 1.4182940863765645 59599
1669017433959 1.716943172333925 59649
1669017460552 1.3695708378097722 59699
1669017474273 1.414049123780997 59749
1669017488009 1.4611056068646966 59799
1669017501735 1.4551579851034298 59849
1669017528399 1.7034319362439763 59899
1669017542075 1.751231692279756 59949
1669017555797 1.6344894258475144 59999
1669017569542 1.3948275560254635 60049
1669017583294 1.3998410885358115 60099
1669017609810 1.4270680575080268 60149
1669017623536 1.335725311798929 60199
1669017637257 1.3669135875129719 60249
1669017650982 1.372240426129107 60299
1669017677376 1.7109574542480261 60349
1669017691100 1.2070700960596963 60399
1669017704834 1.4977486216657512 60449
1669017718584 1.7365153952745207 60499
1669017745517 1.6293487134484197 60549
1669017759185 1.4566512570556958 60599
1669017772895 1.4875995848374828 60649
1669017786629 1.513322980583132 60699
1669017800369 1.6359045398170196 60749
1669017826655 1.4504188888368248 60799
1669017840381 1.6241594258976697 60849
1669017854100 1.4794856549064963 60899
1669017867825 1.3147939166685196 60949
1669017893981 1.598310471218234 60999
1669017907706 1.7304114489943583 61049
1669017921417 1.6150038725492597 61099
1669017935139 1.4689968482665239 61149
1669017961485 1.424278643143559 61199
1669017975146 1.354030369711363 61249
1669017988845 1.4820146009186768 61299
1669018002560 1.5419452903438524 61349
1669018016273 1.5005122477296882 61399
1669018042640 1.3241517010355799 61449
1669018056348 1.5955598194079301 61499
1669018070070 1.1557022806615405 61549
1669018083789 1.3708140217111686 61599
1669018109845 1.717644090999819 61649
1669018123539 1.4586765350681428 61699
1669018137241 1.2891188990613207 61749
1669018150949 1.4181406819062594 61799
1669018177303 1.6408452686442545 61849
1669018191141 1.5731160153055612 61899
1669018204864 1.526359479197531 61949
1669018218606 1.5493885106293874 61999
1669018232364 1.4594671396577055 62049
1669018258799 1.5224367183898688 62099
1669018272513 1.4734477349602084 62149
1669018286237 1.3542421446277433 62199
1669018299995 1.635394001298987 62249
1669018326527 1.7234126769881115 62299
1669018340232 1.2958103007641575 62349
1669018353959 1.476948419505017 62399
1669018367682 1.3857566965715729 62449
1669018394415 1.5389695313584655 62499
1669018408107 1.6887570924317765 62549
1669018421834 1.2928513160626913 62599
1669018435553 1.5507043936717722 62649
1669018449279 1.3014535344307958 62699
1669018475917 1.5598773344305685 62749
1669018489630 1.7264196335455781 62799
1669018503351 1.714384277791506 62849
1669018517077 1.1724477856611957 62899
1669018543288 1.5366717380761952 62949
1669018556997 1.631641602178913 62999
1669018570720 1.3097108752307998 63049
1669018584452 1.510693325132789 63099
1669018610755 1.398517245725084 63149
1669018624468 1.6069961999141356 63199
1669018638175 1.4164037379080348 63249
1669018651887 1.5086421654149191 63299
1669018665675 1.5607099984747608 63349
1669018691993 1.4391669069728206 63399
1669018705706 1.5901371659101398 63449
1669018719439 1.3275043648517548 63499
1669018733159 1.2206546050910858 63549
1669018759426 1.5790652684050608 63599
1669018773152 1.5221007169999654 63649
1669018786877 1.5729333898539375 63699
1669018800606 1.6257086805136909 63749
1669018827053 1.5807017588856977 63799
1669018840758 1.540975645445996 63849
1669018854470 1.5739911696274298 63899
1669018868186 1.5709562302694846 63949
1669018881916 1.7035731671188632 63999
1669018908581 1.4222218289151578 64049
1669018922295 1.5449410649528783 64099
1669018936024 1.6356632805206237 64149
1669018949746 1.7071045223376007 64199
1669018976351 1.5266596438813602 64249
1669018990058 1.6873219594721203 64299
1669019003772 1.6877882605833525 64349
1669019017494 1.5786421355134732 64399
1669019044061 1.364121755321018 64449
1669019057789 1.6065360816756202 64499
1669019071533 1.255340880964915 64549
1669019085273 1.6818747245618402 64599
1669019099028 1.2784852034874388 64649
1669019125772 1.5376797622213014 64699
1669019139499 1.6323374507646968 64749
1669019153220 1.540624678979844 64799
1669019166935 1.7152050853124639 64849
1669019193397 1.5407099692172377 64899
1669019207093 1.5200925757396786 64949
1669019220807 1.4195440205323697 64999
1669019234544 1.4873750277772144 65049
1669019248100 1.6772749840584134 65099
