1668997672114 1.645690945104709 216
1668997743990 1.6217216514550827 433
1668997816014 1.6050777908343603 650
1668997887715 1.5901145578793445 867
1668997959442 1.578918037885279 1084
1668998031535 1.5749724997316745 1301
1668998103477 1.566620883756596 1518
1668998175348 1.5608432961646814 1735
1668998247472 1.560447222531023 1952
1668998319348 1.559243451221729 2169
1668998391441 1.5585912960820063 2386
1668998463632 1.5525933151963869 2603
1668998535586 1.552851064926971 2820
1668998607797 1.5537995908903408 3037
1668998679836 1.5503919888289028 3254
1668998751980 1.5508860415778731 3471
1668998824283 1.546467834754382 3688
1668998896395 1.5478692798759979 3905
1668998968193 1.545094939707967 4122
1668999040227 1.5470962016933292 4339
1668999112413 1.5444359859755727 4556
1668999184554 1.5460845002512784 4773
1668999256664 1.5441368381461398 4990
1668999328865 1.546500611641377 5207
1668999400923 1.5427728961867948 5424
1668999472796 1.5418705052132375 5641
1668999545023 1.5422654425593152 5858
1668999617218 1.5411034799721106 6075
1668999689534 1.5435410836246122 6292
1668999761615 1.5440992120100419 6509
1668999833846 1.5411202782880933 6726
1668999905980 1.5409290782854645 6943
1668999977916 1.54361605456175 7160
1669000049954 1.5425674314333364 7377
1669000122203 1.5396717417271495 7594
1669000194304 1.5381838057730675 7811
1669000266795 1.5405897840886333 8028
1669000339116 1.5387127006122399 8245
1669000411499 1.5397385663764083 8462
1669000483744 1.5391201458659531 8679
1669000555673 1.5392042094957012 8896
1669000627748 1.5387967604140003 9113
1669000699783 1.5393418884499195 9330
1669000771793 1.5396793070328865 9547
1669000843956 1.538708639538899 9764
1669000916020 1.5369104060910477 9981
1669000988094 1.5383442634715774 10198
1669001060238 1.5386939134913609 10415
1669001132265 1.5376888076252964 10632
1669001204729 1.5362843225775349 10849
1669001276721 1.5359118278166652 11066
1669001348789 1.5393507422984227 11283
1669001420930 1.5363780174007795 11500
1669001493288 1.5363083892666367 11717
1669001565522 1.5365130330837866 11934
1669001637368 1.5354328009964433 12151
1669001709335 1.5360664917759208 12368
1669001781260 1.5353387984355604 12585
1669001853147 1.5374396708890439 12802
1669001925362 1.5352610725698268 13019
1669001997681 1.534277264162861 13236
1669002069753 1.5357653836303642 13453
1669002142087 1.533380308176954 13670
1669002214158 1.5354364168264665 13887
1669002286365 1.5363758859806018 14104
1669002358323 1.5350772415797094 14321
1669002430484 1.533788656068122 14538
1669002502550 1.534514359633235 14755
1669002574887 1.53569037587335 14972
1669002646692 1.5345578621752078 15189
1669002718950 1.5331508418545972 15406
1669002790988 1.5342704443126574 15623
1669002863100 1.533253859747882 15840
1669002935484 1.5333855896921493 16057
1669003007481 1.5333053209206342 16274
1669003079679 1.533325280778622 16491
1669003151787 1.532585225433793 16708
1669003223882 1.5346815312953688 16925
1669003296210 1.5321017274734063 17142
1669003368279 1.534752879109749 17359
1669003440301 1.5330719514554512 17576
1669003512382 1.5323874568617157 17793
1669003584705 1.533824411602315 18010
1669003656556 1.5325717003118542 18227
1669003728802 1.5340522923784197 18444
1669003801190 1.5329597472438206 18661
1669003873211 1.532836372936455 18878
1669003945364 1.5312980470702025 19095
1669004017276 1.5328171930852275 19312
1669004089528 1.5330669042481573 19529
1669004161702 1.533314304312587 19746
1669004234035 1.5326023717414266 19963
1669004306163 1.5324843250128268 20180
1669004378221 1.5320550703859925 20397
1669004450293 1.532470588673081 20614
1669004522474 1.5333367391615729 20831
1669004594709 1.5322055966346584 21048
1669004666847 1.5318834142599187 21265
1669004739133 1.5301499705720938 21482
1669004811739 1.533936354417631 21699
1669004884142 1.5317608069437756 21916
1669004956520 1.5312291676255059 22133
1669005028728 1.5316146301422695 22350
1669005101086 1.532433535354917 22567
1669005173276 1.5299676948971948 22784
1669005245597 1.532011173292153 23001
1669005317460 1.5313835026648148 23218
1669005389635 1.5309086220396222 23435
1669005461957 1.5315012283669045 23652
1669005534242 1.5310388549679839 23869
1669005606366 1.5320995114270113 24086
1669005678729 1.532745940875796 24303
1669005750793 1.5323760975100997 24520
1669005822936 1.5318559813598966 24737
1669005894864 1.530582518007185 24954
1669005967226 1.5297448034251093 25171
1669006039392 1.5315367497403254 25388
1669006111489 1.5310163105828973 25605
1669006183743 1.5312492276296237 25822
1669006255711 1.529714043319736 26039
1669006327997 1.5313897651693174 26256
1669006400043 1.532447405371616 26473
1669006472007 1.5306269578429474 26690
1669006544219 1.5304709875466953 26907
1669006616514 1.5305187661058268 27124
1669006688679 1.5299399162675493 27341
1669006760822 1.5298987768124384 27558
1669006832915 1.530260310877103 27775
1669006905063 1.5301558065636234 27992
1669006977390 1.5302250488588622 28209
1669007049741 1.5308178471835177 28426
1669007121808 1.5303355311566564 28643
1669007193933 1.530319422772422 28860
1669007266174 1.5308662719938329 29077
1669007338455 1.5304652493411939 29294
1669007410899 1.5308488601516934 29511
1669007482797 1.5299912240185107 29728
1669007555058 1.5302029253362548 29945
1669007627239 1.5298615622239478 30162
1669007699445 1.5297586156561904 30379
1669007771572 1.5300059208460632 30596
1669007844017 1.5292815292508304 30813
1669007916274 1.530100187046891 31030
1669007988548 1.5299673400462854 31247
1669008060853 1.5281630687221635 31464
1669008133074 1.5307112378004033 31681
1669008205621 1.5297876478367072 31898
1669008277951 1.5302089636619292 32115
1669008350290 1.529972089105661 32332
1669008422653 1.5295542007511815 32549
1669008494966 1.531797063114945 32766
1669008567090 1.5288229954752413 32983
1669008639338 1.528976155791857 33200
1669008711910 1.5300947012331578 33417
1669008783848 1.5293664635252937 33634
1669008855888 1.5297752703396186 33851
1669008928252 1.5298636294931993 34068
1669009000367 1.52906196566209 34285
1669009072573 1.5293745142955648 34502
1669009144648 1.5288872036745342 34719
1669009217252 1.529834549456165 34936
1669009289756 1.5306387945533828 35153
1669009361854 1.5295305877611731 35370
1669009434689 1.529728340128514 35587
1669009507053 1.5292448687365288 35804
1669009579368 1.5283442551817827 36021
1669009651635 1.5279732743687389 36238
1669009724360 1.5286693528361806 36455
1669009796676 1.5303199110038568 36672
1669009868820 1.528831280552623 36889
1669009941489 1.5295509673445276 37106
1669010013600 1.528270282769481 37323
1669010085726 1.5303058813185897 37540
1669010158982 1.5287097599724355 37757
1669010231346 1.530267760396308 37974
1669010303686 1.528683683834888 38191
1669010375902 1.5289609546716878 38408
1669010447879 1.527823088496494 38625
1669010519973 1.5284265536594466 38842
1669010591966 1.5296355324563702 39059
1669010663895 1.5289868054093803 39276
1669010735958 1.5293804635192714 39493
1669010807927 1.528221370905219 39710
1669010879941 1.5289065416396908 39927
1669010952759 1.530219076033244 40144
1669011024877 1.5293725578475466 40361
1669011097207 1.5295456453865701 40578
1669011169488 1.52813431255398 40795
1669011241433 1.528523805917221 41012
1669011313683 1.5291146551961223 41229
1669011385824 1.5275663720950092 41446
1669011457910 1.5291807379393716 41663
1669011529871 1.528684744805886 41880
1669011602222 1.5284321672489045 42097
1669011674679 1.527625265379349 42314
1669011746834 1.5285610193403816 42531
1669011819161 1.5287625245551033 42748
1669011891144 1.5273977030738395 42965
1669011963686 1.5270735940383708 43182
1669012035922 1.5282930658242133 43399
1669012107882 1.5284371450817034 43616
1669012180253 1.5285709422518605 43833
1669012252651 1.528881871879424 44050
1669012324658 1.5276050188534755 44267
1669012396804 1.5295550260878261 44484
1669012469191 1.5274896044626498 44701
1669012541323 1.528413037476935 44918
1669012613684 1.527135516111888 45135
1669012686287 1.5277249394788621 45352
1669012758273 1.5285368281558442 45569
1669012830715 1.5273036023352908 45786
1669012903122 1.528266815314861 46003
1669012975541 1.5281950925069727 46220
1669013047548 1.528225600199131 46437
1669013119910 1.5284311048076595 46654
1669013192128 1.5282996209399258 46871
1669013264412 1.5285888498725024 47088
1669013337151 1.5280282669142111 47305
1669013409199 1.5281499677259247 47522
1669013481174 1.5283860428000733 47739
1669013553151 1.5272442809091062 47956
1669013625152 1.5285698493026165 48173
1669013697371 1.52819236877152 48390
1669013769848 1.5271947732037947 48607
1669013842528 1.5278654631364683 48824
1669013914757 1.526332555631106 49041
1669013987100 1.5279704736048927 49258
1669014059610 1.5276281493200414 49475
1669014131999 1.5271360845870217 49692
1669014204254 1.5290445136575188 49909
1669014276636 1.5278574093931128 50126
1669014348954 1.52956240285694 50343
1669014421062 1.5292682424604365 50560
1669014492938 1.5278406129527184 50777
1669014565390 1.5265797845963074 50994
1669014637478 1.5283783559636634 51211
1669014709495 1.5277454004748288 51428
1669014782026 1.5260769974604602 51645
1669014854140 1.5271961511147143 51862
1669014926259 1.5269959830221707 52079
1669014999044 1.5284195328179524 52296
1669015071601 1.5282207019583363 52513
1669015143616 1.5264331098101396 52730
1669015215995 1.527064663185202 52947
1669015288317 1.526296862408182 53164
1669015360481 1.5267766645875833 53381
1669015432800 1.5275170885303024 53598
1669015504865 1.52723206859836 53815
1669015577002 1.527007690787841 54032
1669015649240 1.5271668669407161 54249
1669015721417 1.5269046244088904 54466
1669015793305 1.5263564328491466 54683
1669015865738 1.5266594268567955 54900
1669015937945 1.5280080101746525 55117
1669016010217 1.5272409687383421 55334
1669016082513 1.5261580768616292 55551
1669016154656 1.5271213492170728 55768
1669016226575 1.527220915060791 55985
1669016298720 1.5254476816550677 56202
1669016370698 1.5263124935501022 56419
1669016442599 1.526606353085584 56636
1669016514750 1.5263986424858431 56853
1669016587038 1.5255931982494813 57070
1669016659066 1.5277470569556344 57287
1669016731020 1.5264282108747798 57504
1669016802848 1.5262252615553582 57721
1669016874934 1.5263617259108573 57938
1669016947241 1.527312705700033 58155
1669017019849 1.5279652613892254 58372
1669017091609 1.5268656668152603 58589
1669017163843 1.5251880822602675 58806
1669017236360 1.5255348545402512 59023
1669017308367 1.526107740189167 59240
1669017380726 1.5274213171955893 59457
1669017453113 1.5275531560909557 59674
1669017525593 1.526659527816243 59891
1669017598044 1.526859800731509 60108
1669017670231 1.5266276380449566 60325
1669017742984 1.5255184887994877 60542
1669017815163 1.5266497148062381 60759
1669017887113 1.527386943293522 60976
1669017959242 1.527283991673952 61193
1669018031409 1.5266497990191168 61410
1669018103294 1.527058291217226 61627
1669018175350 1.5260667893878233 61844
1669018247806 1.5255783577702113 62061
1669018320203 1.5269104534728386 62278
1669018392727 1.527966173683606 62495
1669018465256 1.5272330699981644 62712
1669018537251 1.5258156923952508 62929
1669018609367 1.5270891160865934 63146
1669018681591 1.526669506220101 63363
1669018753635 1.526483981165182 63580
1669018825932 1.526098738541811 63797
1669018898457 1.5256707257468822 64014
1669018970828 1.5259025889465996 64231
1669019043217 1.5258651146342606 64448
1669019115906 1.5269419141089748 64665
1669019188137 1.5264147733656368 64882
1669019260551 1.5264023410303107 65099
