1668478708477 0.5 49
1668478725032 0.25 99
1668478741666 0.25 149
1668478774213 0.5 199
1668478790876 0.6666666865348816 249
1668478807676 1.0 299
1668478840733 0.5 349
1668478857525 0.5 399
1668478874330 0.6666666865348816 449
1668478891191 0.800000011920929 499
1668478924294 0.0 549
1668478940913 0.20000000298023224 599
1668478957679 0.5 649
1668478990757 0.5 699
1668479007629 0.5 749
1668479024398 0.75 799
1668479041174 0.20000000298023224 849
1668479074278 0.0 899
1668479091080 1.0 949
1668479107809 0.3333333432674408 999
1668479140439 0.4000000059604645 1049
1668479157312 1.0 1099
1668479174066 1.0 1149
1668479190786 0.3333333432674408 1199
1668479224026 0.5 1249
1668479240695 0.20000000298023224 1299
1668479257482 0.5 1349
1668479290515 0.0 1399
1668479307398 0.5 1449
1668479324268 0.5 1499
1668479341036 1.0 1549
1668479373787 0.0 1599
1668479390472 1.0 1649
1668479407246 0.0 1699
1668479440127 0.0 1749
1668479457011 0.3333333432674408 1799
1668479473795 0.0 1849
1668479490578 0.6666666865348816 1899
1668479523736 1.0 1949
1668479540432 0.3333333432674408 1999
1668479557213 0.800000011920929 2049
1668479590116 0.6000000238418579 2099
1668479606950 0.75 2149
1668479623779 0.3333333432674408 2199
1668479656849 0.5 2249
1668479673761 0.20000000298023224 2299
1668479690486 0.3333333432674408 2349
1668479707296 0.5 2399
1668479740644 0.75 2449
1668479757367 0.0 2499
1668479774180 0.5 2549
1668479807135 0.3333333432674408 2599
1668479824055 0.0 2649
1668479840839 1.0 2699
1668479857699 1.0 2749
1668479891002 0.0 2799
1668479907629 0.3333333432674408 2849
1668479924422 1.0 2899
1668479957491 0.3333333432674408 2949
1668479974318 0.5 2999
1668479991118 1.0 3049
1668480007926 0.3333333432674408 3099
1668480041386 0.3333333432674408 3149
1668480058062 0.0 3199
1668480074841 0.25 3249
1668480107920 0.0 3299
1668480124807 0.6666666865348816 3349
1668480141604 0.25 3399
1668480158431 0.5 3449
1668480191594 1.0 3499
1668480208337 0.0 3549
1668480225130 0.0 3599
1668480258112 1.0 3649
1668480274920 0.6666666865348816 3699
1668480291676 0.0 3749
1668480308478 0.75 3799
1668480341765 0.20000000298023224 3849
1668480358515 0.0 3899
1668480375317 0.5 3949
1668480408291 0.5 3999
1668480425073 0.6666666865348816 4049
1668480441839 0.75 4099
1668480458594 1.0 4149
1668480491563 0.6666666865348816 4199
1668480508248 1.0 4249
1668480525058 0.6000000238418579 4299
1668480558305 0.6666666865348816 4349
1668480574947 0.20000000298023224 4399
1668480591749 0.6666666865348816 4449
1668480624528 0.0 4499
1668480641394 1.0 4549
1668480658128 0.6000000238418579 4599
1668480674933 0.0 4649
1668480708106 0.6666666865348816 4699
1668480724743 0.0 4749
1668480741523 0.5 4799
1668480774547 0.5 4849
1668480791469 0.6666666865348816 4899
1668480808229 0.6666666865348816 4949
1668480825009 1.0 4999
1668480857907 0.800000011920929 5049
1668480874539 0.5 5099
1668480891349 1.0 5149
1668480924261 1.0 5199
1668480941186 0.75 5249
1668480958007 0.6666666865348816 5299
1668480974808 1.0 5349
1668481008062 1.0 5399
1668481024731 1.0 5449
1668481041507 0.3333333432674408 5499
1668481074643 0.6000000238418579 5549
1668481091574 0.3333333432674408 5599
1668481108347 0.75 5649
1668481125165 1.0 5699
1668481158203 0.75 5749
1668481174870 1.0 5799
1668481191697 1.0 5849
1668481224522 1.0 5899
1668481241422 0.3333333432674408 5949
1668481258234 1.0 5999
1668481275060 0.0 6049
1668481308143 0.6666666865348816 6099
1668481324948 1.0 6149
1668481341657 0.5 6199
1668481374666 1.0 6249
1668481391436 0.0 6299
1668481408224 1.0 6349
1668481425030 1.0 6399
1668481458159 0.6666666865348816 6449
1668481474888 0.800000011920929 6499
1668481491665 0.6666666865348816 6549
1668481525108 0.75 6599
1668481541752 1.0 6649
1668481558526 1.0 6699
1668481591450 0.5 6749
1668481608384 1.0 6799
1668481625075 1.0 6849
1668481641859 1.0 6899
1668481674923 1.0 6949
1668481691608 0.8333333134651184 6999
1668481708398 1.0 7049
1668481741493 1.0 7099
1668481758422 0.0 7149
1668481775132 1.0 7199
1668481791929 0.5 7249
1668481825249 0.6666666865348816 7299
1668481841890 1.0 7349
1668481858667 1.0 7399
1668481891768 1.0 7449
1668481908774 1.0 7499
1668481925544 0.5 7549
1668481942358 0.800000011920929 7599
1668481975477 1.0 7649
1668481992119 1.0 7699
1668482008909 0.75 7749
1668482041862 1.0 7799
1668482058721 0.6666666865348816 7849
1668482075508 1.0 7899
1668482092317 1.0 7949
1668482125727 1.0 7999
1668482142412 1.0 8049
1668482159192 0.800000011920929 8099
1668482192330 1.0 8149
1668482209088 1.0 8199
1668482225870 1.0 8249
1668482242667 0.75 8299
1668482275754 1.0 8349
1668482292426 0.6666666865348816 8399
1668482309199 1.0 8449
1668482342327 1.0 8499
1668482359103 0.5 8549
1668482375863 1.0 8599
1668482392675 1.0 8649
1668482425588 0.5714285969734192 8699
1668482442265 0.0 8749
1668482459069 1.0 8799
1668482492094 1.0 8849
1668482508855 0.6666666865348816 8899
1668482525653 1.0 8949
1668482558393 0.6666666865348816 8999
1668482575278 1.0 9049
1668482592047 0.5 9099
1668482608887 1.0 9149
1668482642249 1.0 9199
1668482658912 0.75 9249
1668482675665 1.0 9299
1668482708561 1.0 9349
1668482725434 1.0 9399
1668482742172 0.6666666865348816 9449
1668482758977 1.0 9499
1668482792342 1.0 9549
1668482809025 1.0 9599
1668482825829 1.0 9649
1668482858974 1.0 9699
1668482875940 1.0 9749
1668482892763 1.0 9799
1668482909581 0.5 9849
1668482942475 0.8333333134651184 9899
1668482959133 1.0 9949
1668482975917 1.0 9999
1668483009150 1.0 10049
1668483026120 0.75 10099
1668483042948 0.0 10149
1668483059783 1.0 10199
1668483093022 1.0 10249
1668483109716 1.0 10299
1668483126529 1.0 10349
1668483159702 1.0 10399
1668483176558 1.0 10449
1668483193406 0.5 10499
1668483210284 1.0 10549
1668483243467 1.0 10599
1668483260153 0.5 10649
1668483276969 1.0 10699
1668483309889 0.75 10749
1668483326689 0.75 10799
1668483343498 1.0 10849
1668483376550 1.0 10899
1668483393492 0.75 10949
1668483410214 1.0 10999
1668483427025 0.5 11049
1668483460068 0.0 11099
1668483476775 0.75 11149
1668483493556 0.6666666865348816 11199
1668483526357 1.0 11249
1668483543223 1.0 11299
1668483559932 0.6666666865348816 11349
1668483576728 0.6666666865348816 11399
1668483609879 0.6666666865348816 11449
1668483626519 1.0 11499
1668483643295 1.0 11549
1668483676439 0.75 11599
1668483693353 0.8333333134651184 11649
1668483710192 1.0 11699
1668483727005 1.0 11749
1668483760140 1.0 11799
1668483776753 0.5 11849
1668483793528 1.0 11899
1668483826367 0.800000011920929 11949
1668483843224 0.6000000238418579 11999
1668483860055 0.0 12049
1668483876892 0.0 12099
1668483910292 1.0 12149
1668483926930 1.0 12199
1668483943749 0.5 12249
1668483977443 0.6666666865348816 12299
1668483994245 0.75 12349
1668484011061 1.0 12399
1668484027808 0.5 12449
1668484061002 1.0 12499
1668484077703 1.0 12549
1668484094504 1.0 12599
1668484127709 0.6666666865348816 12649
1668484144535 0.6666666865348816 12699
1668484161349 1.0 12749
1668484178144 1.0 12799
1668484211906 1.0 12849
1668484228629 1.0 12899
1668484245416 1.0 12949
1668484278653 0.75 12999
1668484295369 0.5 13049
1668484312143 1.0 13099
1668484344909 1.0 13149
1668484361924 1.0 13199
1668484378698 1.0 13249
1668484395520 1.0 13299
1668484428662 0.6666666865348816 13349
1668484445296 1.0 13399
1668484462076 0.75 13449
1668484495187 0.6000000238418579 13499
1668484512091 1.0 13549
1668484528785 1.0 13599
1668484545592 1.0 13649
1668484578864 0.6666666865348816 13699
1668484595495 0.6666666865348816 13749
1668484612305 1.0 13799
1668484645085 1.0 13849
1668484661986 0.800000011920929 13899
1668484678825 1.0 13949
1668484695681 0.8333333134651184 13999
1668484728898 0.5 14049
1668484745574 1.0 14099
1668484762391 1.0 14149
1668484795430 1.0 14199
1668484812307 0.6000000238418579 14249
1668484829108 1.0 14299
1668484845897 1.0 14349
1668484879174 0.800000011920929 14399
1668484895841 1.0 14449
1668484912628 0.5 14499
1668484945648 0.6666666865348816 14549
1668484962556 0.5 14599
1668484979358 1.0 14649
1668484996170 0.800000011920929 14699
1668485029341 0.6666666865348816 14749
1668485046052 1.0 14799
1668485062845 0.75 14849
1668485095837 0.800000011920929 14899
1668485112616 0.6666666865348816 14949
1668485129420 1.0 14999
1668485146226 1.0 15049
1668485179270 1.0 15099
1668485195970 1.0 15149
1668485212772 1.0 15199
1668485245964 0.75 15249
1668485262803 1.0 15299
1668485279668 0.800000011920929 15349
1668485312704 0.6666666865348816 15399
1668485329597 0.5 15449
1668485346375 0.5 15499
1668485363187 0.6666666865348816 15549
1668485395883 1.0 15599
1668485412662 1.0 15649
1668485429454 1.0 15699
1668485462519 1.0 15749
1668485479459 1.0 15799
1668485496210 0.0 15849
1668485512969 0.75 15899
1668485546216 0.5 15949
1668485562911 0.8333333134651184 15999
1668485579707 1.0 16049
1668485612641 0.5 16099
1668485629520 0.6666666865348816 16149
1668485646297 1.0 16199
1668485663104 1.0 16249
1668485696244 1.0 16299
1668485712951 1.0 16349
1668485729762 0.75 16399
1668485762869 0.6666666865348816 16449
1668485779708 1.0 16499
1668485796487 0.75 16549
1668485813280 1.0 16599
1668485846552 1.0 16649
1668485863222 1.0 16699
1668485880006 0.6666666865348816 16749
1668485913221 1.0 16799
1668485929946 1.0 16849
1668485946751 0.75 16899
1668485963566 1.0 16949
1668485996656 0.75 16999
1668486013443 0.0 17049
1668486030259 1.0 17099
1668486063154 1.0 17149
1668486080008 0.800000011920929 17199
1668486096807 0.5 17249
1668486113607 0.3333333432674408 17299
1668486146608 0.5 17349
1668486163342 1.0 17399
1668486180137 1.0 17449
1668486213516 0.6000000238418579 17499
1668486230148 1.0 17549
1668486246920 1.0 17599
1668486280028 1.0 17649
1668486296944 1.0 17699
1668486313658 0.0 17749
1668486330427 1.0 17799
1668486363539 0.5 17849
1668486380198 0.5 17899
1668486396980 1.0 17949
1668486429970 1.0 17999
1668486446826 1.0 18049
1668486463550 1.0 18099
1668486480325 1.0 18149
1668486514320 0.6666666865348816 18199
1668486530937 0.5 18249
1668486547694 1.0 18299
1668486580307 0.800000011920929 18349
1668486597204 0.5 18399
1668486613943 0.75 18449
1668486630756 0.8333333134651184 18499
1668486664244 1.0 18549
1668486680901 1.0 18599
1668486697683 0.6666666865348816 18649
1668486730628 1.0 18699
1668486747526 1.0 18749
1668486764394 1.0 18799
1668486781230 0.5 18849
1668486814322 0.6666666865348816 18899
1668486831085 0.75 18949
1668486847916 1.0 18999
1668486880870 0.0 19049
1668486897743 0.8333333134651184 19099
1668486914524 0.6666666865348816 19149
1668486931301 1.0 19199
1668486964347 1.0 19249
1668486981067 1.0 19299
1668486997850 1.0 19349
1668487030961 0.5 19399
1668487047775 0.6666666865348816 19449
1668487064582 1.0 19499
1668487097742 1.0 19549
1668487114601 1.0 19599
1668487131287 0.5 19649
1668487148073 1.0 19699
1668487181240 0.5 19749
1668487197954 0.75 19799
1668487214760 1.0 19849
1668487247961 1.0 19899
1668487264934 0.5 19949
1668487281798 1.0 19999
1668487298601 1.0 20049
1668487331865 0.6666666865348816 20099
1668487348540 1.0 20149
1668487365368 0.5 20199
1668487398098 0.0 20249
1668487415361 0.0 20299
1668487432092 1.0 20349
1668487448903 1.0 20399
1668487482005 1.0 20449
1668487498827 0.75 20499
1668487515636 0.75 20549
1668487548750 1.0 20599
1668487565809 1.0 20649
1668487582572 1.0 20699
1668487599360 1.0 20749
1668487632424 1.0 20799
1668487649111 0.75 20849
1668487665908 1.0 20899
1668487698807 1.0 20949
1668487715662 1.0 20999
1668487732448 0.75 21049
1668487749244 0.6666666865348816 21099
1668487782507 1.0 21149
1668487799271 1.0 21199
1668487816071 0.800000011920929 21249
1668487849232 0.0 21299
1668487865981 1.0 21349
1668487882777 0.3333333432674408 21399
1668487899608 1.0 21449
1668487932533 1.0 21499
1668487949292 1.0 21549
1668487966108 1.0 21599
1668487999405 1.0 21649
1668488016054 1.0 21699
1668488032829 1.0 21749
1668488065984 1.0 21799
1668488082886 0.6666666865348816 21849
1668488099670 1.0 21899
1668488116448 1.0 21949
1668488149831 0.75 21999
1668488166590 1.0 22049
1668488183427 1.0 22099
1668488216713 0.6666666865348816 22149
1668488233603 1.0 22199
1668488250329 1.0 22249
1668488267106 0.0 22299
1668488300566 0.5 22349
1668488317228 1.0 22399
1668488334009 1.0 22449
1668488367090 1.0 22499
1668488384058 0.6000000238418579 22549
1668488400898 1.0 22599
1668488417701 1.0 22649
1668488450703 0.75 22699
1668488467396 0.6666666865348816 22749
1668488484188 1.0 22799
1668488517231 1.0 22849
1668488534161 0.0 22899
1668488550977 1.0 22949
1668488567793 1.0 22999
1668488600985 1.0 23049
1668488617694 1.0 23099
1668488634492 1.0 23149
1668488667442 1.0 23199
1668488684241 1.0 23249
1668488701048 0.800000011920929 23299
1668488717877 1.0 23349
1668488751065 0.75 23399
1668488767765 1.0 23449
1668488784575 1.0 23499
1668488817670 1.0 23549
1668488834530 1.0 23599
1668488851303 1.0 23649
1668488868096 0.6666666865348816 23699
1668488901018 1.0 23749
1668488917744 1.0 23799
1668488934506 0.800000011920929 23849
1668488967638 1.0 23899
1668488984282 0.6666666865348816 23949
1668489001107 0.5 23999
1668489034445 0.0 24049
1668489051346 1.0 24099
1668489068052 1.0 24149
1668489084820 0.75 24199
1668489118090 1.0 24249
1668489134988 0.6666666865348816 24299
1668489151824 1.0 24349
1668489184991 0.800000011920929 24399
1668489201905 1.0 24449
1668489218715 1.0 24499
1668489235554 0.75 24549
1668489268835 0.0 24599
1668489285498 1.0 24649
1668489302267 1.0 24699
1668489335197 1.0 24749
1668489352094 1.0 24799
1668489368838 0.6666666865348816 24849
1668489385661 0.6666666865348816 24899
1668489418937 1.0 24949
1668489435644 1.0 24999
1668489452412 1.0 25049
1668489485906 0.5 25099
1668489502810 1.0 25149
1668489519582 1.0 25199
1668489536379 0.0 25249
1668489569939 1.0 25299
1668489586634 1.0 25349
1668489603428 1.0 25399
1668489636718 0.800000011920929 25449
1668489653604 0.800000011920929 25499
1668489670419 1.0 25549
1668489687207 1.0 25599
1668489720417 1.0 25649
1668489737151 0.800000011920929 25699
1668489753936 0.8333333134651184 25749
1668489786866 1.0 25799
1668489803790 0.6666666865348816 25849
1668489820577 1.0 25899
1668489837381 0.75 25949
1668489870581 1.0 25999
1668489887290 1.0 26049
1668489904091 1.0 26099
1668489937393 1.0 26149
1668489954055 1.0 26199
1668489970838 1.0 26249
1668490003924 0.75 26299
1668490020881 1.0 26349
1668490037595 1.0 26399
1668490054415 1.0 26449
1668490087733 1.0 26499
1668490104424 1.0 26549
1668490121214 1.0 26599
1668490154167 0.6666666865348816 26649
1668490171139 1.0 26699
1668490187900 1.0 26749
1668490204683 1.0 26799
1668490238069 1.0 26849
1668490254756 1.0 26899
1668490271551 0.75 26949
1668490304376 1.0 26999
1668490321347 0.5 27049
1668490338114 0.800000011920929 27099
1668490354893 1.0 27149
1668490388467 1.0 27199
1668490405144 1.0 27249
1668490421918 0.6666666865348816 27299
1668490454306 1.0 27349
1668490471088 1.0 27399
1668490487830 1.0 27449
1668490504630 0.4000000059604645 27499
1668490537850 0.6000000238418579 27549
1668490554528 1.0 27599
1668490571314 0.6000000238418579 27649
1668490603978 1.0 27699
1668490620852 1.0 27749
1668490637657 0.0 27799
1668490654466 0.5 27849
1668490687693 1.0 27899
1668490704385 1.0 27949
1668490721190 1.0 27999
1668490754369 0.6666666865348816 28049
1668490771109 1.0 28099
1668490787914 1.0 28149
1668490821107 0.6666666865348816 28199
1668490837967 0.0 28249
1668490854758 0.75 28299
1668490871583 1.0 28349
1668490904880 1.0 28399
1668490921636 1.0 28449
1668490938456 1.0 28499
1668490971470 1.0 28549
1668490988433 1.0 28599
1668491005187 0.0 28649
1668491021994 1.0 28699
1668491055303 0.5 28749
1668491071973 1.0 28799
1668491088771 1.0 28849
1668491121857 0.0 28899
1668491138807 0.6000000238418579 28949
1668491155772 1.0 28999
1668491172577 1.0 29049
1668491205654 1.0 29099
1668491222460 1.0 29149
1668491239267 1.0 29199
1668491272143 0.5 29249
1668491289150 1.0 29299
1668491305933 1.0 29349
1668491322763 0.5 29399
1668491355895 0.0 29449
1668491372661 1.0 29499
1668491389476 1.0 29549
1668491422777 0.6666666865348816 29599
1668491439837 0.5 29649
1668491456726 0.6666666865348816 29699
1668491473555 0.5 29749
1668491506778 1.0 29799
1668491523479 0.5 29849
1668491540241 0.75 29899
1668491573430 1.0 29949
1668491590182 1.0 29999
1668491606991 1.0 30049
1668491623792 1.0 30099
1668491657091 1.0 30149
1668491673774 1.0 30199
1668491690537 0.6666666865348816 30249
1668491723651 1.0 30299
1668491740296 1.0 30349
1668491757087 1.0 30399
1668491790410 1.0 30449
1668491807445 0.6666666865348816 30499
1668491824280 0.5 30549
1668491841106 1.0 30599
1668491874453 0.6666666865348816 30649
1668491891173 1.0 30699
1668491907999 0.0 30749
1668491941108 0.800000011920929 30799
1668491958021 1.0 30849
1668491974727 1.0 30899
1668491991513 1.0 30949
1668492025207 0.75 30999
1668492041878 0.6666666865348816 31049
1668492058679 0.5 31099
1668492091650 0.0 31149
1668492108542 0.5 31199
1668492125272 1.0 31249
1668492142092 0.5 31299
1668492175032 1.0 31349
1668492191682 1.0 31399
1668492208504 0.5 31449
1668492242009 1.0 31499
1668492258893 1.0 31549
1668492275693 1.0 31599
1668492292492 0.3333333432674408 31649
1668492325923 0.6666666865348816 31699
1668492342616 0.800000011920929 31749
1668492359404 1.0 31799
1668492392865 0.75 31849
1668492409671 0.0 31899
1668492426446 0.5 31949
1668492443243 0.75 31999
1668492476628 1.0 32049
1668492493313 0.75 32099
1668492510105 1.0 32149
1668492543282 0.6666666865348816 32199
1668492560078 0.6666666865348816 32249
1668492576806 1.0 32299
1668492593609 1.0 32349
1668492627093 0.5 32399
1668492643827 0.75 32449
1668492660623 0.6000000238418579 32499
1668492694053 1.0 32549
1668492710754 1.0 32599
1668492727530 0.6666666865348816 32649
1668492760342 1.0 32699
1668492777254 1.0 32749
1668492794036 1.0 32799
1668492810795 0.6666666865348816 32849
1668492844011 1.0 32899
1668492860721 1.0 32949
1668492877498 0.6000000238418579 32999
1668492910380 1.0 33049
1668492927237 0.0 33099
1668492944034 1.0 33149
1668492960845 1.0 33199
1668492994097 0.5 33249
1668493010769 1.0 33299
1668493027556 1.0 33349
1668493060801 1.0 33399
1668493077695 0.5 33449
1668493094466 0.5 33499
1668493111256 0.5 33549
1668493144427 0.3333333432674408 33599
1668493161129 0.6666666865348816 33649
1668493177917 1.0 33699
1668493210901 1.0 33749
1668493227848 0.6666666865348816 33799
1668493244605 1.0 33849
1668493261398 1.0 33899
1668493294526 1.0 33949
1668493311276 0.6666666865348816 33999
1668493328068 1.0 34049
1668493360871 1.0 34099
1668493377708 1.0 34149
1668493394476 0.8333333134651184 34199
1668493411308 0.6666666865348816 34249
1668493444577 1.0 34299
1668493461317 0.0 34349
1668493478087 1.0 34399
1668493511147 1.0 34449
1668493527909 1.0 34499
1668493544766 1.0 34549
1668493561642 1.0 34599
1668493594753 0.6666666865348816 34649
1668493611503 1.0 34699
1668493628334 1.0 34749
1668493661762 1.0 34799
1668493678549 1.0 34849
1668493695552 0.800000011920929 34899
1668493728510 0.5 34949
1668493745541 1.0 34999
1668493762278 0.5 35049
1668493779071 0.5 35099
1668493812260 1.0 35149
1668493828952 1.0 35199
1668493845760 1.0 35249
1668493878964 1.0 35299
1668493895874 1.0 35349
1668493912611 1.0 35399
1668493929395 1.0 35449
1668493962741 1.0 35499
1668493979444 1.0 35549
1668493996258 0.800000011920929 35599
1668494029369 0.6666666865348816 35649
1668494046305 1.0 35699
1668494063122 0.800000011920929 35749
1668494079962 1.0 35799
1668494113395 1.0 35849
1668494130044 1.0 35899
1668494146838 1.0 35949
1668494180174 1.0 35999
1668494197032 0.0 36049
1668494213884 1.0 36099
1668494230698 1.0 36149
1668494264071 1.0 36199
1668494281662 1.0 36249
1668494298423 1.0 36299
1668494331194 0.6666666865348816 36349
1668494347950 0.6666666865348816 36399
1668494364671 1.0 36449
1668494381461 0.25 36499
1668494414549 1.0 36549
1668494431225 1.0 36599
1668494447993 0.6666666865348816 36649
1668494480933 0.6666666865348816 36699
1668494497623 0.8333333134651184 36749
1668494514357 0.6666666865348816 36799
1668494547256 0.75 36849
1668494564209 0.3333333432674408 36899
1668494580894 1.0 36949
1668494597679 1.0 36999
1668494630871 1.0 37049
1668494647698 1.0 37099
1668494664543 1.0 37149
1668494697775 1.0 37199
1668494714659 0.6666666865348816 37249
1668494731419 1.0 37299
1668494748231 0.800000011920929 37349
1668494781527 0.0 37399
1668494798150 0.75 37449
1668494814939 1.0 37499
1668494848261 1.0 37549
1668494865175 0.6666666865348816 37599
1668494881993 1.0 37649
1668494898825 0.800000011920929 37699
1668494932326 1.0 37749
1668494949003 1.0 37799
1668494965740 1.0 37849
1668494998755 0.0 37899
1668495015659 1.0 37949
1668495032427 0.800000011920929 37999
1668495049225 1.0 38049
1668495082381 0.5 38099
1668495099029 1.0 38149
1668495115793 0.800000011920929 38199
1668495148477 1.0 38249
1668495165381 0.7142857313156128 38299
1668495182148 0.5 38349
1668495198957 1.0 38399
1668495232015 0.75 38449
1668495248701 1.0 38499
1668495265479 1.0 38549
1668495298037 0.6666666865348816 38599
1668495314959 0.75 38649
1668495331708 0.75 38699
1668495348521 0.3333333432674408 38749
1668495381718 0.3333333432674408 38799
1668495398418 1.0 38849
1668495415215 0.3333333432674408 38899
1668495448463 1.0 38949
1668495465157 1.0 38999
1668495481933 0.5 39049
1668495515213 1.0 39099
1668495532081 1.0 39149
1668495548822 1.0 39199
1668495565651 1.0 39249
1668495598661 1.0 39299
1668495615392 1.0 39349
1668495632198 1.0 39399
1668495665276 1.0 39449
1668495682214 1.0 39499
1668495698970 0.6666666865348816 39549
1668495715756 0.5 39599
1668495748987 0.8571428656578064 39649
1668495765659 1.0 39699
1668495782448 0.6666666865348816 39749
1668495815318 1.0 39799
1668495832203 1.0 39849
1668495849134 1.0 39899
1668495865956 0.75 39949
1668495899139 0.6000000238418579 39999
1668495915813 1.0 40049
1668495932616 0.75 40099
1668495965655 0.5 40149
1668495982535 0.6666666865348816 40199
1668495999329 0.75 40249
1668496016131 0.6666666865348816 40299
1668496049359 1.0 40349
1668496066027 1.0 40399
1668496082823 1.0 40449
1668496115853 1.0 40499
1668496132619 1.0 40549
1668496149371 1.0 40599
1668496166197 1.0 40649
1668496199292 1.0 40699
1668496215986 1.0 40749
1668496232758 1.0 40799
1668496265861 1.0 40849
1668496282521 1.0 40899
1668496299305 0.8571428656578064 40949
1668496316117 0.75 40999
1668496349632 0.6666666865348816 41049
1668496366360 1.0 41099
1668496383158 1.0 41149
1668496416273 1.0 41199
1668496432934 1.0 41249
1668496449731 0.6666666865348816 41299
1668496482778 1.0 41349
1668496499742 1.0 41399
1668496516446 1.0 41449
1668496533229 1.0 41499
1668496566644 1.0 41549
1668496583287 0.8333333134651184 41599
1668496600086 0.6000000238418579 41649
1668496633330 0.6666666865348816 41699
1668496650312 1.0 41749
1668496667082 0.75 41799
1668496683882 1.0 41849
1668496717226 1.0 41899
1668496733872 0.6666666865348816 41949
1668496750662 0.5 41999
1668496783813 1.0 42049
1668496800645 1.0 42099
1668496817388 1.0 42149
1668496834204 1.0 42199
1668496867494 1.0 42249
1668496884158 0.5 42299
1668496900938 1.0 42349
1668496934002 1.0 42399
1668496950865 1.0 42449
1668496967633 1.0 42499
1668496984434 0.0 42549
1668497017218 1.0 42599
1668497033922 0.4000000059604645 42649
1668497050680 1.0 42699
1668497083433 0.6666666865348816 42749
1668497100289 0.0 42799
1668497117093 1.0 42849
1668497133894 0.5 42899
1668497167265 0.5 42949
1668497183963 0.0 42999
1668497200761 0.5 43049
1668497234140 0.6666666865348816 43099
1668497250903 0.75 43149
1668497267653 0.75 43199
1668497284452 0.75 43249
1668497317681 1.0 43299
1668497334500 1.0 43349
1668497351324 1.0 43399
1668497384287 0.6666666865348816 43449
1668497401034 0.5 43499
1668497417845 1.0 43549
1668497450821 0.6000000238418579 43599
1668497467741 1.0 43649
1668497484548 1.0 43699
1668497501373 1.0 43749
1668497534712 1.0 43799
1668497551392 1.0 43849
1668497568229 1.0 43899
1668497601321 1.0 43949
1668497618147 0.5 43999
1668497634918 1.0 44049
1668497651741 0.75 44099
1668497684990 1.0 44149
1668497701630 0.6666666865348816 44199
1668497718450 1.0 44249
1668497751702 0.8571428656578064 44299
1668497768500 0.75 44349
1668497785304 0.5 44399
1668497802107 0.6000000238418579 44449
1668497835628 1.0 44499
1668497852301 1.0 44549
1668497869125 1.0 44599
1668497902525 0.6666666865348816 44649
1668497919420 0.0 44699
1668497936191 1.0 44749
1668497952982 0.3333333432674408 44799
1668497985892 1.0 44849
1668498002566 0.75 44899
1668498019367 1.0 44949
1668498052886 1.0 44999
1668498069656 0.8333333134651184 45049
1668498086429 0.75 45099
1668498103244 0.800000011920929 45149
1668498136140 0.6666666865348816 45199
1668498152830 1.0 45249
1668498169640 1.0 45299
1668498203018 1.0 45349
1668498219772 1.0 45399
1668498236550 1.0 45449
1668498269395 0.6666666865348816 45499
1668498286334 1.0 45549
1668498303057 1.0 45599
1668498319875 1.0 45649
1668498352666 0.0 45699
1668498369297 0.4000000059604645 45749
1668498386152 1.0 45799
1668498419293 1.0 45849
1668498436200 0.0 45899
1668498452903 1.0 45949
1668498469674 0.6666666865348816 45999
1668498502811 1.0 46049
1668498519449 1.0 46099
1668498536247 0.6666666865348816 46149
1668498569272 0.6666666865348816 46199
1668498586129 0.6000000238418579 46249
1668498602919 1.0 46299
1668498619707 1.0 46349
1668498652827 0.8333333134651184 46399
1668498669462 1.0 46449
1668498686265 1.0 46499
1668498719191 0.6000000238418579 46549
1668498736044 1.0 46599
1668498752805 1.0 46649
1668498769593 1.0 46699
1668498803071 1.0 46749
1668498819718 0.0 46799
1668498836508 0.0 46849
1668498869353 0.875 46899
1668498886229 0.800000011920929 46949
1668498903025 0.6666666865348816 46999
1668498919842 1.0 47049
1668498953068 1.0 47099
1668498969763 1.0 47149
1668498986580 1.0 47199
1668499019698 1.0 47249
1668499036473 0.75 47299
1668499053305 1.0 47349
1668499070117 1.0 47399
1668499103199 1.0 47449
1668499119927 0.6666666865348816 47499
1668499136702 1.0 47549
1668499169809 1.0 47599
1668499186494 0.5 47649
1668499203279 0.5 47699
1668499236496 0.75 47749
1668499253400 1.0 47799
1668499270156 0.75 47849
1668499286944 0.6666666865348816 47899
1668499319990 1.0 47949
1668499336652 0.5 47999
1668499353450 1.0 48049
1668499386369 1.0 48099
1668499403279 0.0 48149
1668499420005 1.0 48199
1668499436814 1.0 48249
1668499469805 0.5 48299
1668499486427 1.0 48349
1668499503199 1.0 48399
1668499536476 1.0 48449
1668499553374 1.0 48499
1668499570120 1.0 48549
1668499586949 0.5 48599
1668499620332 1.0 48649
1668499636996 0.6666666865348816 48699
1668499653818 1.0 48749
1668499686689 1.0 48799
1668499703517 1.0 48849
1668499720346 0.3333333432674408 48899
1668499737157 0.5 48949
1668499770433 0.75 48999
1668499787290 1.0 49049
1668499804123 0.0 49099
1668499837174 1.0 49149
1668499854044 1.0 49199
1668499870850 1.0 49249
1668499887636 0.6666666865348816 49299
1668499920764 1.0 49349
1668499937520 0.75 49399
1668499954323 0.0 49449
1668499987481 1.0 49499
1668500004248 0.0 49549
1668500021037 0.3333333432674408 49599
1668500037823 0.75 49649
1668500070707 1.0 49699
1668500087417 0.75 49749
1668500104205 0.75 49799
1668500137310 0.3333333432674408 49849
1668500154081 1.0 49899
1668500170904 1.0 49949
1668500203758 0.800000011920929 49999
1668500220728 0.6000000238418579 50049
1668500237482 0.6666666865348816 50099
1668500254290 0.75 50149
1668500287503 1.0 50199
1668500304161 1.0 50249
1668500320971 0.0 50299
1668500354104 1.0 50349
1668500371050 1.0 50399
1668500387850 1.0 50449
1668500404575 0.6666666865348816 50499
1668500437845 0.6666666865348816 50549
1668500454595 1.0 50599
1668500471459 0.0 50649
1668500504208 1.0 50699
1668500521114 0.5 50749
1668500537859 0.6666666865348816 50799
1668500554637 0.800000011920929 50849
1668500587814 0.6000000238418579 50899
1668500604509 0.6666666865348816 50949
1668500621314 0.5 50999
1668500654333 1.0 51049
1668500671211 0.6666666865348816 51099
1668500688039 1.0 51149
1668500704841 0.6666666865348816 51199
1668500738060 1.0 51249
1668500754753 0.5 51299
1668500771522 0.800000011920929 51349
1668500804647 1.0 51399
1668500821438 0.3333333432674408 51449
1668500838244 0.4000000059604645 51499
1668500855046 1.0 51549
1668500888331 1.0 51599
1668500905083 1.0 51649
1668500921919 0.0 51699
1668500955117 0.6666666865348816 51749
1668500971856 0.6666666865348816 51799
1668500988612 0.0 51849
1668501005430 1.0 51899
