1668478708477 1.0 49
1668478725032 1.0 99
1668478741666 1.0 149
1668478774213 0.75 199
1668478790876 1.0 249
1668478807676 1.0 299
1668478840733 1.0 349
1668478857525 1.0 399
1668478874330 1.0 449
1668478891191 1.0 499
1668478924294 0.0 549
1668478940913 1.0 599
1668478957679 0.6666666865348816 649
1668478990757 0.5 699
1668479007629 0.5 749
1668479024398 1.0 799
1668479041174 1.0 849
1668479074278 0.0 899
1668479091080 1.0 949
1668479107809 1.0 999
1668479140439 1.0 1049
1668479157312 0.75 1099
1668479174066 1.0 1149
1668479190786 1.0 1199
1668479224026 1.0 1249
1668479240695 1.0 1299
1668479257482 0.5 1349
1668479290515 0.0 1399
1668479307398 0.5 1449
1668479324268 0.5 1499
1668479341036 0.75 1549
1668479373787 0.0 1599
1668479390472 0.75 1649
1668479407246 0.0 1699
1668479440127 0.0 1749
1668479457011 1.0 1799
1668479473795 0.0 1849
1668479490578 1.0 1899
1668479523736 0.3333333432674408 1949
1668479540432 1.0 1999
1668479557213 1.0 2049
1668479590116 1.0 2099
1668479606950 1.0 2149
1668479623779 1.0 2199
1668479656849 0.6666666865348816 2249
1668479673761 1.0 2299
1668479690486 1.0 2349
1668479707296 1.0 2399
1668479740644 1.0 2449
1668479757367 0.0 2499
1668479774180 0.3333333432674408 2549
1668479807135 1.0 2599
1668479824055 0.0 2649
1668479840839 1.0 2699
1668479857699 0.6666666865348816 2749
1668479891002 0.0 2799
1668479907629 1.0 2849
1668479924422 1.0 2899
1668479957491 0.5 2949
1668479974318 1.0 2999
1668479991118 0.3333333432674408 3049
1668480007926 0.3333333432674408 3099
1668480041386 1.0 3149
1668480058062 0.0 3199
1668480074841 1.0 3249
1668480107920 0.0 3299
1668480124807 0.5 3349
1668480141604 1.0 3399
1668480158431 1.0 3449
1668480191594 0.75 3499
1668480208337 0.0 3549
1668480225130 0.0 3599
1668480258112 0.5 3649
1668480274920 0.6666666865348816 3699
1668480291676 0.0 3749
1668480308478 0.75 3799
1668480341765 1.0 3849
1668480358515 0.0 3899
1668480375317 1.0 3949
1668480408291 1.0 3999
1668480425073 0.6666666865348816 4049
1668480441839 1.0 4099
1668480458594 1.0 4149
1668480491563 1.0 4199
1668480508248 0.5 4249
1668480525058 0.75 4299
1668480558305 0.6666666865348816 4349
1668480574947 0.5 4399
1668480591749 1.0 4449
1668480624528 0.0 4499
1668480641394 0.6666666865348816 4549
1668480658128 1.0 4599
1668480674933 0.0 4649
1668480708106 1.0 4699
1668480724743 0.0 4749
1668480741523 0.75 4799
1668480774547 0.6666666865348816 4849
1668480791469 1.0 4899
1668480808229 0.6666666865348816 4949
1668480825009 0.6666666865348816 4999
1668480857907 0.800000011920929 5049
1668480874539 1.0 5099
1668480891349 0.5 5149
1668480924261 1.0 5199
1668480941186 0.6000000238418579 5249
1668480958007 0.6666666865348816 5299
1668480974808 1.0 5349
1668481008062 0.6666666865348816 5399
1668481024731 0.6666666865348816 5449
1668481041507 0.5 5499
1668481074643 0.75 5549
1668481091574 0.5 5599
1668481108347 0.75 5649
1668481125165 1.0 5699
1668481158203 0.6000000238418579 5749
1668481174870 0.6666666865348816 5799
1668481191697 0.6666666865348816 5849
1668481224522 0.3333333432674408 5899
1668481241422 0.5 5949
1668481258234 0.75 5999
1668481275060 0.0 6049
1668481308143 0.5 6099
1668481324948 0.6000000238418579 6149
1668481341657 1.0 6199
1668481374666 0.75 6249
1668481391436 0.0 6299
1668481408224 0.5 6349
1668481425030 0.3333333432674408 6399
1668481458159 0.6666666865348816 6449
1668481474888 0.800000011920929 6499
1668481491665 0.800000011920929 6549
1668481525108 0.75 6599
1668481541752 1.0 6649
1668481558526 1.0 6699
1668481591450 0.3333333432674408 6749
1668481608384 0.75 6799
1668481625075 0.6666666865348816 6849
1668481641859 0.6000000238418579 6899
1668481674923 0.6666666865348816 6949
1668481691608 1.0 6999
1668481708398 0.5 7049
1668481741493 1.0 7099
1668481758422 0.0 7149
1668481775132 1.0 7199
1668481791929 1.0 7249
1668481825249 1.0 7299
1668481841890 0.5 7349
1668481858667 0.5 7399
1668481891768 0.8571428656578064 7449
1668481908774 1.0 7499
1668481925544 0.5 7549
1668481942358 1.0 7599
1668481975477 0.6666666865348816 7649
1668481992119 1.0 7699
1668482008909 0.75 7749
1668482041862 0.6000000238418579 7799
1668482058721 1.0 7849
1668482075508 1.0 7899
1668482092317 1.0 7949
1668482125727 1.0 7999
1668482142412 0.75 8049
1668482159192 0.800000011920929 8099
1668482192330 1.0 8149
1668482209088 0.5 8199
1668482225870 1.0 8249
1668482242667 1.0 8299
1668482275754 1.0 8349
1668482292426 0.4000000059604645 8399
1668482309199 0.6666666865348816 8449
1668482342327 0.6666666865348816 8499
1668482359103 0.5 8549
1668482375863 0.6666666865348816 8599
1668482392675 0.75 8649
1668482425588 1.0 8699
1668482442265 0.0 8749
1668482459069 0.75 8799
1668482492094 0.6000000238418579 8849
1668482508855 1.0 8899
1668482525653 0.75 8949
1668482558393 0.6666666865348816 8999
1668482575278 0.800000011920929 9049
1668482592047 1.0 9099
1668482608887 0.75 9149
1668482642249 1.0 9199
1668482658912 0.75 9249
1668482675665 1.0 9299
1668482708561 0.6666666865348816 9349
1668482725434 0.6666666865348816 9399
1668482742172 0.6666666865348816 9449
1668482758977 0.6000000238418579 9499
1668482792342 0.6666666865348816 9549
1668482809025 1.0 9599
1668482825829 0.8333333134651184 9649
1668482858974 0.4000000059604645 9699
1668482875940 0.6000000238418579 9749
1668482892763 1.0 9799
1668482909581 0.25 9849
1668482942475 1.0 9899
1668482959133 0.6000000238418579 9949
1668482975917 0.75 9999
1668483009150 0.6000000238418579 10049
1668483026120 1.0 10099
1668483042948 0.0 10149
1668483059783 1.0 10199
1668483093022 1.0 10249
1668483109716 0.6000000238418579 10299
1668483126529 0.5 10349
1668483159702 1.0 10399
1668483176558 0.75 10449
1668483193406 1.0 10499
1668483210284 0.6666666865348816 10549
1668483243467 0.25 10599
1668483260153 1.0 10649
1668483276969 0.25 10699
1668483309889 0.6000000238418579 10749
1668483326689 0.5 10799
1668483343498 0.75 10849
1668483376550 0.8333333134651184 10899
1668483393492 0.6000000238418579 10949
1668483410214 0.6000000238418579 10999
1668483427025 0.6666666865348816 11049
1668483460068 0.0 11099
1668483476775 1.0 11149
1668483493556 0.6666666865348816 11199
1668483526357 0.8571428656578064 11249
1668483543223 0.6666666865348816 11299
1668483559932 1.0 11349
1668483576728 0.6666666865348816 11399
1668483609879 0.6666666865348816 11449
1668483626519 0.5 11499
1668483643295 0.5714285969734192 11549
1668483676439 0.75 11599
1668483693353 0.8333333134651184 11649
1668483710192 0.8333333134651184 11699
1668483727005 0.6666666865348816 11749
1668483760140 1.0 11799
1668483776753 0.6000000238418579 11849
1668483793528 0.6666666865348816 11899
1668483826367 1.0 11949
1668483843224 0.75 11999
1668483860055 0.0 12049
1668483876892 0.0 12099
1668483910292 1.0 12149
1668483926930 0.6666666865348816 12199
1668483943749 1.0 12249
1668483977443 0.5 12299
1668483994245 0.4285714328289032 12349
1668484011061 0.6666666865348816 12399
1668484027808 0.6666666865348816 12449
1668484061002 0.75 12499
1668484077703 0.6666666865348816 12549
1668484094504 0.800000011920929 12599
1668484127709 0.800000011920929 12649
1668484144535 0.4000000059604645 12699
1668484161349 1.0 12749
1668484178144 1.0 12799
1668484211906 0.3333333432674408 12849
1668484228629 0.5 12899
1668484245416 0.4000000059604645 12949
1668484278653 1.0 12999
1668484295369 0.3333333432674408 13049
1668484312143 1.0 13099
1668484344909 0.75 13149
1668484361924 0.5714285969734192 13199
1668484378698 0.5 13249
1668484395520 0.8571428656578064 13299
1668484428662 1.0 13349
1668484445296 0.5 13399
1668484462076 0.5 13449
1668484495187 0.75 13499
1668484512091 0.5 13549
1668484528785 1.0 13599
1668484545592 0.3333333432674408 13649
1668484578864 0.6666666865348816 13699
1668484595495 0.5 13749
1668484612305 0.6666666865348816 13799
1668484645085 1.0 13849
1668484661986 0.6666666865348816 13899
1668484678825 1.0 13949
1668484695681 1.0 13999
1668484728898 1.0 14049
1668484745574 0.5 14099
1668484762391 0.5 14149
1668484795430 0.6666666865348816 14199
1668484812307 0.6000000238418579 14249
1668484829108 1.0 14299
1668484845897 1.0 14349
1668484879174 0.6666666865348816 14399
1668484895841 1.0 14449
1668484912628 0.5 14499
1668484945648 1.0 14549
1668484962556 0.3333333432674408 14599
1668484979358 0.6000000238418579 14649
1668484996170 0.800000011920929 14699
1668485029341 1.0 14749
1668485046052 0.6000000238418579 14799
1668485062845 0.75 14849
1668485095837 0.800000011920929 14899
1668485112616 0.5 14949
1668485129420 0.5 14999
1668485146226 0.5 15049
1668485179270 0.800000011920929 15099
1668485195970 0.5 15149
1668485212772 0.6000000238418579 15199
1668485245964 0.6000000238418579 15249
1668485262803 0.800000011920929 15299
1668485279668 0.800000011920929 15349
1668485312704 1.0 15399
1668485329597 0.3333333432674408 15449
1668485346375 0.5 15499
1668485363187 0.5 15549
1668485395883 0.5 15599
1668485412662 1.0 15649
1668485429454 0.6666666865348816 15699
1668485462519 0.6666666865348816 15749
1668485479459 0.6666666865348816 15799
1668485496210 0.0 15849
1668485512969 1.0 15899
1668485546216 0.5 15949
1668485562911 0.8333333134651184 15999
1668485579707 0.4285714328289032 16049
1668485612641 0.3333333432674408 16099
1668485629520 0.5 16149
1668485646297 0.3333333432674408 16199
1668485663104 0.800000011920929 16249
1668485696244 0.6666666865348816 16299
1668485712951 0.5 16349
1668485729762 0.75 16399
1668485762869 0.6666666865348816 16449
1668485779708 1.0 16499
1668485796487 0.75 16549
1668485813280 0.75 16599
1668485846552 0.75 16649
1668485863222 1.0 16699
1668485880006 0.6666666865348816 16749
1668485913221 0.800000011920929 16799
1668485929946 0.5 16849
1668485946751 0.75 16899
1668485963566 0.5 16949
1668485996656 0.75 16999
1668486013443 0.0 17049
1668486030259 0.8571428656578064 17099
1668486063154 0.5 17149
1668486080008 1.0 17199
1668486096807 0.5 17249
1668486113607 0.5 17299
1668486146608 0.5 17349
1668486163342 1.0 17399
1668486180137 1.0 17449
1668486213516 0.6000000238418579 17499
1668486230148 0.800000011920929 17549
1668486246920 0.6000000238418579 17599
1668486280028 0.5 17649
1668486296944 0.6666666865348816 17699
1668486313658 0.0 17749
1668486330427 0.3333333432674408 17799
1668486363539 0.3333333432674408 17849
1668486380198 1.0 17899
1668486396980 1.0 17949
1668486429970 0.4285714328289032 17999
1668486446826 1.0 18049
1668486463550 0.5 18099
1668486480325 0.8333333134651184 18149
1668486514320 0.6666666865348816 18199
1668486530937 0.3333333432674408 18249
1668486547694 0.4000000059604645 18299
1668486580307 0.5714285969734192 18349
1668486597204 1.0 18399
1668486613943 1.0 18449
1668486630756 0.7142857313156128 18499
1668486664244 0.25 18549
1668486680901 0.5 18599
1668486697683 0.6666666865348816 18649
1668486730628 0.8333333134651184 18699
1668486747526 0.6000000238418579 18749
1668486764394 1.0 18799
1668486781230 1.0 18849
1668486814322 1.0 18899
1668486831085 0.6000000238418579 18949
1668486847916 0.800000011920929 18999
1668486880870 0.0 19049
1668486897743 0.8333333134651184 19099
1668486914524 0.5 19149
1668486931301 0.5 19199
1668486964347 0.800000011920929 19249
1668486981067 0.75 19299
1668486997850 1.0 19349
1668487030961 0.5 19399
1668487047775 0.6666666865348816 19449
1668487064582 1.0 19499
1668487097742 1.0 19549
1668487114601 1.0 19599
1668487131287 1.0 19649
1668487148073 1.0 19699
1668487181240 0.25 19749
1668487197954 1.0 19799
1668487214760 0.6666666865348816 19849
1668487247961 0.5 19899
1668487264934 1.0 19949
1668487281798 0.5 19999
1668487298601 0.8571428656578064 20049
1668487331865 0.6666666865348816 20099
1668487348540 0.75 20149
1668487365368 0.3333333432674408 20199
1668487398098 0.0 20249
1668487415361 0.0 20299
1668487432092 0.6000000238418579 20349
1668487448903 0.75 20399
1668487482005 0.1666666716337204 20449
1668487498827 0.6000000238418579 20499
1668487515636 0.6000000238418579 20549
1668487548750 0.8333333134651184 20599
1668487565809 1.0 20649
1668487582572 0.7142857313156128 20699
1668487599360 1.0 20749
1668487632424 0.5 20799
1668487649111 0.75 20849
1668487665908 0.8333333134651184 20899
1668487698807 0.5 20949
1668487715662 0.6666666865348816 20999
1668487732448 0.4285714328289032 21049
1668487749244 0.6666666865348816 21099
1668487782507 1.0 21149
1668487799271 0.75 21199
1668487816071 1.0 21249
1668487849232 0.0 21299
1668487865981 1.0 21349
1668487882777 0.5 21399
1668487899608 0.6000000238418579 21449
1668487932533 0.8333333134651184 21499
1668487949292 1.0 21549
1668487966108 0.6000000238418579 21599
1668487999405 0.75 21649
1668488016054 1.0 21699
1668488032829 0.6666666865348816 21749
1668488065984 0.3333333432674408 21799
1668488082886 0.6666666865348816 21849
1668488099670 0.5 21899
1668488116448 1.0 21949
1668488149831 0.75 21999
1668488166590 0.6000000238418579 22049
1668488183427 0.4000000059604645 22099
1668488216713 0.6666666865348816 22149
1668488233603 0.6666666865348816 22199
1668488250329 0.4000000059604645 22249
1668488267106 0.0 22299
1668488300566 0.3333333432674408 22349
1668488317228 0.75 22399
1668488334009 0.6000000238418579 22449
1668488367090 0.4000000059604645 22499
1668488384058 0.75 22549
1668488400898 0.75 22599
1668488417701 0.5 22649
1668488450703 0.6000000238418579 22699
1668488467396 0.6666666865348816 22749
1668488484188 1.0 22799
1668488517231 0.6000000238418579 22849
1668488534161 0.0 22899
1668488550977 0.5 22949
1668488567793 0.800000011920929 22999
1668488600985 0.3333333432674408 23049
1668488617694 0.8333333134651184 23099
1668488634492 0.6666666865348816 23149
1668488667442 1.0 23199
1668488684241 0.75 23249
1668488701048 1.0 23299
1668488717877 0.5 23349
1668488751065 0.6000000238418579 23399
1668488767765 0.5 23449
1668488784575 1.0 23499
1668488817670 0.6666666865348816 23549
1668488834530 0.3333333432674408 23599
1668488851303 1.0 23649
1668488868096 0.6666666865348816 23699
1668488901018 0.5 23749
1668488917744 0.6000000238418579 23799
1668488934506 0.800000011920929 23849
1668488967638 0.75 23899
1668488984282 0.4000000059604645 23949
1668489001107 1.0 23999
1668489034445 0.0 24049
1668489051346 0.6000000238418579 24099
1668489068052 0.6666666865348816 24149
1668489084820 0.6000000238418579 24199
1668489118090 1.0 24249
1668489134988 0.6666666865348816 24299
1668489151824 0.20000000298023224 24349
1668489184991 1.0 24399
1668489201905 0.5 24449
1668489218715 1.0 24499
1668489235554 1.0 24549
1668489268835 0.0 24599
1668489285498 0.800000011920929 24649
1668489302267 0.8333333134651184 24699
1668489335197 0.800000011920929 24749
1668489352094 0.75 24799
1668489368838 0.6666666865348816 24849
1668489385661 0.6666666865348816 24899
1668489418937 1.0 24949
1668489435644 1.0 24999
1668489452412 1.0 25049
1668489485906 0.5 25099
1668489502810 0.75 25149
1668489519582 0.20000000298023224 25199
1668489536379 0.0 25249
1668489569939 0.6000000238418579 25299
1668489586634 0.5 25349
1668489603428 0.25 25399
1668489636718 0.800000011920929 25449
1668489653604 1.0 25499
1668489670419 0.75 25549
1668489687207 1.0 25599
1668489720417 0.5 25649
1668489737151 1.0 25699
1668489753936 1.0 25749
1668489786866 0.5 25799
1668489803790 1.0 25849
1668489820577 0.6000000238418579 25899
1668489837381 0.6000000238418579 25949
1668489870581 0.75 25999
1668489887290 0.6000000238418579 26049
1668489904091 0.5 26099
1668489937393 0.5 26149
1668489954055 0.75 26199
1668489970838 0.800000011920929 26249
1668490003924 0.6000000238418579 26299
1668490020881 0.75 26349
1668490037595 1.0 26399
1668490054415 0.5 26449
1668490087733 0.4000000059604645 26499
1668490104424 0.800000011920929 26549
1668490121214 0.5 26599
1668490154167 0.4000000059604645 26649
1668490171139 0.75 26699
1668490187900 0.6666666865348816 26749
1668490204683 0.6000000238418579 26799
1668490238069 1.0 26849
1668490254756 0.6666666865348816 26899
1668490271551 1.0 26949
1668490304376 1.0 26999
1668490321347 0.25 27049
1668490338114 0.800000011920929 27099
1668490354893 1.0 27149
1668490388467 1.0 27199
1668490405144 0.6666666865348816 27249
1668490421918 1.0 27299
1668490454306 1.0 27349
1668490471088 0.6666666865348816 27399
1668490487830 1.0 27449
1668490504630 1.0 27499
1668490537850 0.6000000238418579 27549
1668490554528 0.5 27599
1668490571314 0.6000000238418579 27649
1668490603978 0.3333333432674408 27699
1668490620852 1.0 27749
1668490637657 0.0 27799
1668490654466 0.3333333432674408 27849
1668490687693 0.75 27899
1668490704385 1.0 27949
1668490721190 0.25 27999
1668490754369 0.5 28049
1668490771109 0.6000000238418579 28099
1668490787914 0.75 28149
1668490821107 0.6666666865348816 28199
1668490837967 0.0 28249
1668490854758 0.75 28299
1668490871583 0.8333333134651184 28349
1668490904880 0.3333333432674408 28399
1668490921636 0.75 28449
1668490938456 0.3333333432674408 28499
1668490971470 0.4000000059604645 28549
1668490988433 1.0 28599
1668491005187 0.0 28649
1668491021994 0.5 28699
1668491055303 0.5 28749
1668491071973 0.5 28799
1668491088771 0.6666666865348816 28849
1668491121857 0.0 28899
1668491138807 1.0 28949
1668491155772 0.75 28999
1668491172577 1.0 29049
1668491205654 1.0 29099
1668491222460 1.0 29149
1668491239267 1.0 29199
1668491272143 0.5 29249
1668491289150 1.0 29299
1668491305933 1.0 29349
1668491322763 0.3333333432674408 29399
1668491355895 0.0 29449
1668491372661 0.8571428656578064 29499
1668491389476 1.0 29549
1668491422777 1.0 29599
1668491439837 0.6666666865348816 29649
1668491456726 0.6666666865348816 29699
1668491473555 0.5 29749
1668491506778 0.75 29799
1668491523479 1.0 29849
1668491540241 0.75 29899
1668491573430 0.5 29949
1668491590182 1.0 29999
1668491606991 0.75 30049
1668491623792 1.0 30099
1668491657091 0.6666666865348816 30149
1668491673774 0.5 30199
1668491690537 0.6666666865348816 30249
1668491723651 0.75 30299
1668491740296 0.6666666865348816 30349
1668491757087 0.5 30399
1668491790410 1.0 30449
1668491807445 1.0 30499
1668491824280 0.5 30549
1668491841106 0.6666666865348816 30599
1668491874453 0.6666666865348816 30649
1668491891173 1.0 30699
1668491907999 0.0 30749
1668491941108 1.0 30799
1668491958021 0.6666666865348816 30849
1668491974727 0.3333333432674408 30899
1668491991513 0.800000011920929 30949
1668492025207 1.0 30999
1668492041878 0.3333333432674408 31049
1668492058679 1.0 31099
1668492091650 0.0 31149
1668492108542 0.20000000298023224 31199
1668492125272 0.6666666865348816 31249
1668492142092 1.0 31299
1668492175032 0.8333333134651184 31349
1668492191682 0.6666666865348816 31399
1668492208504 1.0 31449
1668492242009 0.3333333432674408 31499
1668492258893 0.5 31549
1668492275693 1.0 31599
1668492292492 1.0 31649
1668492325923 0.3333333432674408 31699
1668492342616 0.6666666865348816 31749
1668492359404 0.6666666865348816 31799
1668492392865 1.0 31849
1668492409671 0.0 31899
1668492426446 0.6666666865348816 31949
1668492443243 0.75 31999
1668492476628 0.800000011920929 32049
1668492493313 0.75 32099
1668492510105 0.5 32149
1668492543282 0.6666666865348816 32199
1668492560078 0.6666666865348816 32249
1668492576806 0.5 32299
1668492593609 0.800000011920929 32349
1668492627093 1.0 32399
1668492643827 1.0 32449
1668492660623 1.0 32499
1668492694053 0.75 32549
1668492710754 0.25 32599
1668492727530 0.5 32649
1668492760342 0.6666666865348816 32699
1668492777254 1.0 32749
1668492794036 0.4000000059604645 32799
1668492810795 0.5 32849
1668492844011 0.6666666865348816 32899
1668492860721 0.6666666865348816 32949
1668492877498 0.6000000238418579 32999
1668492910380 1.0 33049
1668492927237 0.0 33099
1668492944034 0.5 33149
1668492960845 0.8571428656578064 33199
1668492994097 1.0 33249
1668493010769 1.0 33299
1668493027556 0.6000000238418579 33349
1668493060801 0.5 33399
1668493077695 0.5 33449
1668493094466 0.6666666865348816 33499
1668493111256 0.6666666865348816 33549
1668493144427 0.5 33599
1668493161129 0.6666666865348816 33649
1668493177917 0.6666666865348816 33699
1668493210901 0.3333333432674408 33749
1668493227848 0.5 33799
1668493244605 1.0 33849
1668493261398 0.6666666865348816 33899
1668493294526 1.0 33949
1668493311276 1.0 33999
1668493328068 0.5 34049
1668493360871 1.0 34099
1668493377708 0.6666666865348816 34149
1668493394476 1.0 34199
1668493411308 0.6666666865348816 34249
1668493444577 0.800000011920929 34299
1668493461317 0.0 34349
1668493478087 0.5 34399
1668493511147 0.800000011920929 34449
1668493527909 0.6666666865348816 34499
1668493544766 0.5 34549
1668493561642 0.5 34599
1668493594753 0.6666666865348816 34649
1668493611503 1.0 34699
1668493628334 0.3333333432674408 34749
1668493661762 0.75 34799
1668493678549 1.0 34849
1668493695552 0.800000011920929 34899
1668493728510 1.0 34949
1668493745541 1.0 34999
1668493762278 1.0 35049
1668493779071 0.5 35099
1668493812260 1.0 35149
1668493828952 0.75 35199
1668493845760 0.5 35249
1668493878964 0.6000000238418579 35299
1668493895874 1.0 35349
1668493912611 1.0 35399
1668493929395 0.5 35449
1668493962741 0.75 35499
1668493979444 1.0 35549
1668493996258 0.800000011920929 35599
1668494029369 0.4000000059604645 35649
1668494046305 1.0 35699
1668494063122 1.0 35749
1668494079962 0.5 35799
1668494113395 0.25 35849
1668494130044 1.0 35899
1668494146838 1.0 35949
1668494180174 0.8333333134651184 35999
1668494197032 0.0 36049
1668494213884 0.75 36099
1668494230698 0.8333333134651184 36149
1668494264071 1.0 36199
1668494281662 0.25 36249
1668494298423 1.0 36299
1668494331194 0.6666666865348816 36349
1668494347950 0.6666666865348816 36399
1668494364671 0.75 36449
1668494381461 0.3333333432674408 36499
1668494414549 1.0 36549
1668494431225 1.0 36599
1668494447993 0.6666666865348816 36649
1668494480933 1.0 36699
1668494497623 1.0 36749
1668494514357 0.5 36799
1668494547256 0.75 36849
1668494564209 1.0 36899
1668494580894 1.0 36949
1668494597679 0.25 36999
1668494630871 1.0 37049
1668494647698 0.4285714328289032 37099
1668494664543 0.5 37149
1668494697775 0.7142857313156128 37199
1668494714659 0.5 37249
1668494731419 1.0 37299
1668494748231 1.0 37349
1668494781527 0.0 37399
1668494798150 0.75 37449
1668494814939 1.0 37499
1668494848261 0.5 37549
1668494865175 0.6666666865348816 37599
1668494881993 0.25 37649
1668494898825 1.0 37699
1668494932326 0.75 37749
1668494949003 0.6666666865348816 37799
1668494965740 0.6666666865348816 37849
1668494998755 0.0 37899
1668495015659 0.6666666865348816 37949
1668495032427 0.800000011920929 37999
1668495049225 1.0 38049
1668495082381 1.0 38099
1668495099029 0.75 38149
1668495115793 1.0 38199
1668495148477 0.5 38249
1668495165381 1.0 38299
1668495182148 0.5 38349
1668495198957 0.6000000238418579 38399
1668495232015 0.75 38449
1668495248701 1.0 38499
1668495265479 1.0 38549
1668495298037 0.5 38599
1668495314959 0.75 38649
1668495331708 0.75 38699
1668495348521 0.5 38749
1668495381718 0.5 38799
1668495398418 0.6666666865348816 38849
1668495415215 1.0 38899
1668495448463 1.0 38949
1668495465157 0.5 38999
1668495481933 1.0 39049
1668495515213 0.3333333432674408 39099
1668495532081 0.5 39149
1668495548822 0.8333333134651184 39199
1668495565651 0.8333333134651184 39249
1668495598661 0.6666666865348816 39299
1668495615392 1.0 39349
1668495632198 1.0 39399
1668495665276 0.25 39449
1668495682214 0.75 39499
1668495698970 1.0 39549
1668495715756 0.5 39599
1668495748987 1.0 39649
1668495765659 0.7142857313156128 39699
1668495782448 0.5 39749
1668495815318 0.75 39799
1668495832203 0.75 39849
1668495849134 0.5 39899
1668495865956 0.75 39949
1668495899139 0.75 39999
1668495915813 0.75 40049
1668495932616 0.6000000238418579 40099
1668495965655 0.25 40149
1668495982535 0.6666666865348816 40199
1668495999329 0.75 40249
1668496016131 1.0 40299
1668496049359 1.0 40349
1668496066027 0.3333333432674408 40399
1668496082823 0.3333333432674408 40449
1668496115853 0.5 40499
1668496132619 0.6000000238418579 40549
1668496149371 1.0 40599
1668496166197 0.5 40649
1668496199292 1.0 40699
1668496215986 0.75 40749
1668496232758 0.5 40799
1668496265861 0.8571428656578064 40849
1668496282521 1.0 40899
1668496299305 1.0 40949
1668496316117 0.75 40999
1668496349632 0.6666666865348816 41049
1668496366360 1.0 41099
1668496383158 0.800000011920929 41149
1668496416273 1.0 41199
1668496432934 0.800000011920929 41249
1668496449731 0.4000000059604645 41299
1668496482778 0.5 41349
1668496499742 1.0 41399
1668496516446 0.75 41449
1668496533229 0.75 41499
1668496566644 0.5 41549
1668496583287 1.0 41599
1668496600086 1.0 41649
1668496633330 0.5 41699
1668496650312 0.6000000238418579 41749
1668496667082 1.0 41799
1668496683882 1.0 41849
1668496717226 1.0 41899
1668496733872 0.5 41949
1668496750662 0.5 41999
1668496783813 0.4000000059604645 42049
1668496800645 0.5 42099
1668496817388 1.0 42149
1668496834204 0.75 42199
1668496867494 0.6666666865348816 42249
1668496884158 0.5 42299
1668496900938 1.0 42349
1668496934002 1.0 42399
1668496950865 0.75 42449
1668496967633 0.75 42499
1668496984434 0.0 42549
1668497017218 0.3333333432674408 42599
1668497033922 0.6666666865348816 42649
1668497050680 1.0 42699
1668497083433 0.6666666865348816 42749
1668497100289 0.0 42799
1668497117093 0.25 42849
1668497133894 0.5 42899
1668497167265 0.20000000298023224 42949
1668497183963 0.0 42999
1668497200761 1.0 43049
1668497234140 0.6666666865348816 43099
1668497250903 0.75 43149
1668497267653 1.0 43199
1668497284452 0.75 43249
1668497317681 1.0 43299
1668497334500 0.75 43349
1668497351324 0.6666666865348816 43399
1668497384287 0.5 43449
1668497401034 0.5 43499
1668497417845 0.3333333432674408 43549
1668497450821 0.75 43599
1668497467741 0.8333333134651184 43649
1668497484548 0.6666666865348816 43699
1668497501373 0.20000000298023224 43749
1668497534712 0.5 43799
1668497551392 0.6666666865348816 43849
1668497568229 0.3333333432674408 43899
1668497601321 1.0 43949
1668497618147 0.3333333432674408 43999
1668497634918 1.0 44049
1668497651741 1.0 44099
1668497684990 0.5 44149
1668497701630 0.5 44199
1668497718450 0.5 44249
1668497751702 1.0 44299
1668497768500 0.6000000238418579 44349
1668497785304 0.3333333432674408 44399
1668497802107 1.0 44449
1668497835628 0.75 44499
1668497852301 0.800000011920929 44549
1668497869125 1.0 44599
1668497902525 0.800000011920929 44649
1668497919420 0.0 44699
1668497936191 1.0 44749
1668497952982 0.5 44799
1668497985892 0.7142857313156128 44849
1668498002566 0.6000000238418579 44899
1668498019367 0.6666666865348816 44949
1668498052886 1.0 44999
1668498069656 0.7142857313156128 45049
1668498086429 0.75 45099
1668498103244 0.6666666865348816 45149
1668498136140 0.6666666865348816 45199
1668498152830 0.375 45249
1668498169640 0.75 45299
1668498203018 1.0 45349
1668498219772 0.5 45399
1668498236550 0.75 45449
1668498269395 0.5 45499
1668498286334 0.5 45549
1668498303057 1.0 45599
1668498319875 1.0 45649
1668498352666 0.0 45699
1668498369297 1.0 45749
1668498386152 0.5 45799
1668498419293 0.6666666865348816 45849
1668498436200 0.0 45899
1668498452903 0.75 45949
1668498469674 1.0 45999
1668498502811 0.3333333432674408 46049
1668498519449 0.75 46099
1668498536247 0.5 46149
1668498569272 0.6666666865348816 46199
1668498586129 1.0 46249
1668498602919 0.800000011920929 46299
1668498619707 0.6666666865348816 46349
1668498652827 1.0 46399
1668498669462 1.0 46449
1668498686265 0.6000000238418579 46499
1668498719191 1.0 46549
1668498736044 1.0 46599
1668498752805 0.5 46649
1668498769593 1.0 46699
1668498803071 0.6666666865348816 46749
1668498819718 0.0 46799
1668498836508 0.0 46849
1668498869353 1.0 46899
1668498886229 0.800000011920929 46949
1668498903025 1.0 46999
1668498919842 0.5 47049
1668498953068 0.75 47099
1668498969763 0.5 47149
1668498986580 0.5 47199
1668499019698 1.0 47249
1668499036473 1.0 47299
1668499053305 1.0 47349
1668499070117 0.6000000238418579 47399
1668499103199 0.800000011920929 47449
1668499119927 0.6666666865348816 47499
1668499136702 0.5 47549
1668499169809 0.6666666865348816 47599
1668499186494 1.0 47649
1668499203279 1.0 47699
1668499236496 1.0 47749
1668499253400 0.5 47799
1668499270156 0.75 47849
1668499286944 0.6666666865348816 47899
1668499319990 1.0 47949
1668499336652 0.6666666865348816 47999
1668499353450 0.6666666865348816 48049
1668499386369 0.5 48099
1668499403279 0.0 48149
1668499420005 0.5 48199
1668499436814 0.3333333432674408 48249
1668499469805 1.0 48299
1668499486427 1.0 48349
1668499503199 0.4285714328289032 48399
1668499536476 1.0 48449
1668499553374 0.4000000059604645 48499
1668499570120 0.5 48549
1668499586949 1.0 48599
1668499620332 1.0 48649
1668499636996 1.0 48699
1668499653818 0.6000000238418579 48749
1668499686689 0.5 48799
1668499703517 0.75 48849
1668499720346 0.25 48899
1668499737157 0.3333333432674408 48949
1668499770433 1.0 48999
1668499787290 1.0 49049
1668499804123 0.0 49099
1668499837174 1.0 49149
1668499854044 0.5 49199
1668499870850 1.0 49249
1668499887636 1.0 49299
1668499920764 0.75 49349
1668499937520 1.0 49399
1668499954323 0.0 49449
1668499987481 0.5 49499
1668500004248 0.0 49549
1668500021037 0.3333333432674408 49599
1668500037823 0.75 49649
1668500070707 0.6666666865348816 49699
1668500087417 0.75 49749
1668500104205 1.0 49799
1668500137310 1.0 49849
1668500154081 1.0 49899
1668500170904 0.6666666865348816 49949
1668500203758 0.800000011920929 49999
1668500220728 1.0 50049
1668500237482 1.0 50099
1668500254290 0.6000000238418579 50149
1668500287503 1.0 50199
1668500304161 0.75 50249
1668500320971 0.0 50299
1668500354104 0.75 50349
1668500371050 0.5 50399
1668500387850 0.5 50449
1668500404575 0.5 50499
1668500437845 0.6666666865348816 50549
1668500454595 0.75 50599
1668500471459 0.0 50649
1668500504208 0.3333333432674408 50699
1668500521114 1.0 50749
1668500537859 1.0 50799
1668500554637 0.800000011920929 50849
1668500587814 0.75 50899
1668500604509 0.5 50949
1668500621314 0.3333333432674408 50999
1668500654333 0.800000011920929 51049
1668500671211 0.5 51099
1668500688039 0.5 51149
1668500704841 0.6666666865348816 51199
1668500738060 0.75 51249
1668500754753 0.5 51299
1668500771522 0.800000011920929 51349
1668500804647 0.6666666865348816 51399
1668500821438 0.5 51449
1668500838244 0.6666666865348816 51499
1668500855046 0.5 51549
1668500888331 1.0 51599
1668500905083 0.25 51649
1668500921919 0.0 51699
1668500955117 1.0 51749
1668500971856 0.5 51799
1668500988612 0.0 51849
1668501005430 1.0 51899
