1668478708477 1.2189827400093032 49
1668478725032 1.2163329629486634 99
1668478741666 1.224296928224873 149
1668478774213 1.6084354882467335 199
1668478790876 1.2126323702795507 249
1668478807676 0.812779847488222 299
1668478840733 0.8077068899388504 349
1668478857525 0.8759409102745892 399
1668478874330 1.3399309519792966 449
1668478891191 1.4417874787052978 499
1668478924294 1.3105250236301338 549
1668478940913 1.192247669070478 599
1668478957679 1.11969513333978 649
1668478990757 1.2440581524666632 699
1668479007629 1.0594387200630777 749
1668479024398 1.0855985529639052 799
1668479041174 1.2122138179790418 849
1668479074278 1.2445708833023703 899
1668479091080 0.7944379174626877 949
1668479107809 1.086315602154756 999
1668479140439 1.3375029075258493 1049
1668479157312 1.1887068716788767 1099
1668479174066 1.1067494025036706 1149
1668479190786 1.0423904496375664 1199
1668479224026 0.8976454406823152 1249
1668479240695 1.3071887998555773 1299
1668479257482 1.209375737731409 1349
1668479290515 1.1802879022996193 1399
1668479307398 0.9449135682663267 1449
1668479324268 1.040274137950674 1499
1668479341036 1.1399331553135539 1549
1668479373787 1.0708041275985305 1599
1668479390472 1.1252935747404114 1649
1668479407246 1.108896163357057 1699
1668479440127 1.2071288593569713 1749
1668479457011 1.1653664973433482 1799
1668479473795 1.0164882237929656 1849
1668479490578 1.104739160052521 1899
1668479523736 1.0102234010582343 1949
1668479540432 1.1492084709395596 1999
1668479557213 0.9628756051644616 2049
1668479590116 1.3258812731330485 2099
1668479606950 1.1959891635113002 2149
1668479623779 1.1575375049830114 2199
1668479656849 1.2503686369736027 2249
1668479673761 1.0697513301071204 2299
1668479690486 1.2219282822494357 2349
1668479707296 1.1923580740479651 2399
1668479740644 1.0385766590743202 2449
1668479757367 1.1563435735532963 2499
1668479774180 0.9400901656021727 2549
1668479807135 1.016949907486706 2599
1668479824055 0.9842976587899245 2649
1668479840839 1.1501714465942585 2699
1668479857699 1.0641717004996543 2749
1668479891002 1.158206566904802 2799
1668479907629 1.0695520572480686 2849
1668479924422 0.9770057457263978 2899
1668479957491 1.058706306177448 2949
1668479974318 1.1796572477252347 2999
1668479991118 0.8893896375884028 3049
1668480007926 1.0458646316662639 3099
1668480041386 1.0884153116891608 3149
1668480058062 1.2551273062478208 3199
1668480074841 1.0561400190226118 3249
1668480107920 1.0172243090937467 3299
1668480124807 1.1217909272667244 3349
1668480141604 0.9414989331913053 3399
1668480158431 0.9763747189623775 3449
1668480191594 0.9932280568573347 3499
1668480208337 0.8133541822310137 3549
1668480225130 1.0808378128849663 3599
1668480258112 0.8994569301804415 3649
1668480274920 0.9991709566275019 3699
1668480291676 0.9243836685448221 3749
1668480308478 0.9447566416242037 3799
1668480341765 1.0701170250856096 3849
1668480358515 0.8924008126991556 3899
1668480375317 1.0425516389217624 3949
1668480408291 0.9831440541878588 3999
1668480425073 1.0326329281786513 4049
1668480441839 0.8513224486140429 4099
1668480458594 1.003581028566471 4149
1668480491563 0.9768131820789858 4199
1668480508248 0.6829100198684555 4249
1668480525058 1.0049985305971956 4299
1668480558305 0.9545244077525352 4349
1668480574947 1.1443147290043487 4399
1668480591749 0.9981098514624765 4449
1668480624528 0.8975211987829432 4499
1668480641394 0.8027881021886487 4549
1668480658128 0.9802273717167749 4599
1668480674933 1.0043858336954992 4649
1668480708106 0.9367091748513346 4699
1668480724743 0.939508715109758 4749
1668480741523 1.0276134896305633 4799
1668480774547 0.9743936410114998 4849
1668480791469 0.9178836452658395 4899
1668480808229 0.8163864529813729 4949
1668480825009 0.8086778733030638 4999
1668480857907 0.9569257541163787 5049
1668480874539 0.9196887430930482 5099
1668480891349 0.8317497053088373 5149
1668480924261 0.6676118713938735 5199
1668480941186 1.0484040633944722 5249
1668480958007 0.8433856191457125 5299
1668480974808 0.8837791838907073 5349
1668481008062 0.8886500522569378 5399
1668481024731 0.9229212204845303 5449
1668481041507 1.0729647545865444 5499
1668481074643 0.965798525592621 5549
1668481091574 0.9459791073362356 5599
1668481108347 0.9454694374895176 5649
1668481125165 0.931456625988237 5699
1668481158203 0.9595733545764994 5749
1668481174870 0.8548553789551211 5799
1668481191697 0.88149671989162 5849
1668481224522 0.9577529644946833 5899
1668481241422 1.1264905130920486 5949
1668481258234 0.8628199587685842 5999
1668481275060 0.8844350737810329 6049
1668481308143 1.0629789372497171 6099
1668481324948 0.9935925842075579 6149
1668481341657 0.951961913734499 6199
1668481374666 0.854957789024666 6249
1668481391436 0.7600838694247388 6299
1668481408224 0.9122201325772603 6349
1668481425030 1.0996237196774146 6399
1668481458159 0.9675142920745302 6449
1668481474888 0.9547334554774928 6499
1668481491665 0.8655561351561176 6549
1668481525108 1.0252857921145273 6599
1668481541752 0.8464385610973463 6649
1668481558526 0.8256399847231489 6699
1668481591450 1.0470710264313448 6749
1668481608384 0.8234357604514404 6799
1668481625075 0.7327556198986658 6849
1668481641859 0.9596795993339238 6899
1668481674923 0.7591413049050436 6949
1668481691608 0.8560640435635792 6999
1668481708398 0.9403510343544976 7049
1668481741493 0.7559892952964706 7099
1668481758422 0.9228630307957059 7149
1668481775132 0.768166134694598 7199
1668481791929 0.7500698328430957 7249
1668481825249 0.8383730077517987 7299
1668481841890 0.7864256542517436 7349
1668481858667 0.7993261507118213 7399
1668481891768 0.8755741087098852 7449
1668481908774 0.7139232003166249 7499
1668481925544 0.8727371504638012 7549
1668481942358 0.8719951559115002 7599
1668481975477 0.773110344945489 7649
1668481992119 0.761407615543333 7699
1668482008909 1.1386521967821128 7749
1668482041862 0.9333198087221892 7799
1668482058721 0.8778175135609119 7849
1668482075508 0.7856376382998492 7899
1668482092317 0.7494603608000384 7949
1668482125727 0.7434723493920095 7999
1668482142412 0.855248687085354 8049
1668482159192 1.0373088343449912 8099
1668482192330 0.7919272558957055 8149
1668482209088 0.949504052281122 8199
1668482225870 0.7295723214881714 8249
1668482242667 0.828604288331535 8299
1668482275754 0.7066860756647335 8349
1668482292426 0.9826364955766409 8399
1668482309199 0.6438366853293052 8449
1668482342327 0.817331656172129 8499
1668482359103 1.0581281967014917 8549
1668482375863 0.8196873093463433 8599
1668482392675 0.7712065710700632 8649
1668482425588 1.0542505115351002 8699
1668482442265 0.7863680650808949 8749
1668482459069 0.8757168482317973 8799
1668482492094 0.8368668018960372 8849
1668482508855 0.775114784097336 8899
1668482525653 0.7323312695832485 8949
1668482558393 0.9556964423097682 8999
1668482575278 0.7925387671739422 9049
1668482592047 0.7919157546317241 9099
1668482608887 0.9366559556664704 9149
1668482642249 0.7299849772807119 9199
1668482658912 0.9896412916411097 9249
1668482675665 0.7139993247130584 9299
1668482708561 0.7625065373012268 9349
1668482725434 0.7484547130825541 9399
1668482742172 0.9170368035487654 9449
1668482758977 0.8389268575030112 9499
1668482792342 0.7467597777622823 9549
1668482809025 0.720876573080391 9599
1668482825829 0.8401841744293232 9649
1668482858974 0.9107878594691107 9699
1668482875940 0.8196782693169289 9749
1668482892763 0.68542705621085 9799
1668482909581 1.2223582196012053 9849
1668482942475 0.8338978340281372 9899
1668482959133 0.9927370115082598 9949
1668482975917 0.7097607439980358 9999
1668483009150 0.7667840547204666 10049
1668483026120 0.7916039690881445 10099
1668483042948 0.8686384761300853 10149
1668483059783 0.5998741954179211 10199
1668483093022 0.6151943360159117 10249
1668483109716 0.8877137255477987 10299
1668483126529 0.733708156550307 10349
1668483159702 0.6838801679009411 10399
1668483176558 0.8032212499778453 10449
1668483193406 0.8123924710325428 10499
1668483210284 0.7673467119432822 10549
1668483243467 1.0220986456140086 10599
1668483260153 0.8484019540802109 10649
1668483276969 0.8959582563902266 10699
1668483309889 0.9490488524671872 10749
1668483326689 0.8644881841012062 10799
1668483343498 0.7890416801122123 10849
1668483376550 0.7439425661285948 10899
1668483393492 1.0464036268787518 10949
1668483410214 0.8364074301084852 10999
1668483427025 1.0762896064671523 11049
1668483460068 1.1021833481197116 11099
1668483476775 0.8906713560089788 11149
1668483493556 1.009080953183972 11199
1668483526357 0.8156417254330798 11249
1668483543223 0.7285827333399331 11299
1668483559932 0.7376521093736031 11349
1668483576728 1.0002181340557805 11399
1668483609879 0.9102027299719986 11449
1668483626519 1.0174035220369526 11499
1668483643295 0.9620286968916301 11549
1668483676439 1.0897376305322124 11599
1668483693353 1.0174312107389072 11649
1668483710192 0.7664458681859143 11699
1668483727005 0.8211757717356849 11749
1668483760140 0.6434372200161563 11799
1668483776753 1.1501964329683616 11849
1668483793528 0.7261985629435078 11899
1668483826367 0.7910603085531543 11949
1668483843224 1.1138297919286921 11999
1668483860055 0.7654244424120915 12049
1668483876892 0.8623419046491398 12099
1668483910292 0.7155714929057772 12149
1668483926930 0.7583929643705958 12199
1668483943749 0.764984109978516 12249
1668483977443 1.0259199848140026 12299
1668483994245 1.1811214707052669 12349
1668484011061 0.7788850807296307 12399
1668484027808 1.116272110206592 12449
1668484061002 0.8530679007483588 12499
1668484077703 0.7574107982436241 12549
1668484094504 0.8691061752542689 12599
1668484127709 1.0627567018669113 12649
1668484144535 1.4875381524535154 12699
1668484161349 0.6728581226003846 12749
1668484178144 0.5957812912340715 12799
1668484211906 0.8242056823499475 12849
1668484228629 0.8629944744695813 12899
1668484245416 1.0384549234936085 12949
1668484278653 0.8630023383246013 12999
1668484295369 0.8045304050396569 13049
1668484312143 0.6203741961590783 13099
1668484344909 0.6938720549884716 13149
1668484361924 0.9286526897960873 13199
1668484378698 0.8509424731285471 13249
1668484395520 0.7832313110856228 13299
1668484428662 0.7913177438224007 13349
1668484445296 0.7904172677444479 13399
1668484462076 1.156647951956815 13449
1668484495187 1.0357782510224993 13499
1668484512091 0.7833502069192176 13549
1668484528785 0.6457234311034754 13599
1668484545592 0.7158011941818265 13649
1668484578864 0.8096592760059198 13699
1668484595495 1.1202147257112536 13749
1668484612305 0.6902261828916751 13799
1668484645085 0.6514774032253531 13849
1668484661986 0.9066014784692638 13899
1668484678825 0.6790060942441214 13949
1668484695681 0.8069049933201374 13999
1668484728898 0.7718339904761943 14049
1668484745574 0.7650037273874224 14099
1668484762391 0.960804517888403 14149
1668484795430 0.7497114595370257 14199
1668484812307 1.1164083242375606 14249
1668484829108 0.6616182403896581 14299
1668484845897 0.6997808396156501 14349
1668484879174 1.0294976907987186 14399
1668484895841 0.7105010194049545 14449
1668484912628 0.9873835956951651 14499
1668484945648 0.8172529418350726 14549
1668484962556 1.0683789591506208 14599
1668484979358 0.9069441847717489 14649
1668484996170 0.8148636528086401 14699
1668485029341 0.805608876428018 14749
1668485046052 0.956916364147399 14799
1668485062845 0.8232603506585066 14849
1668485095837 0.9845695125993302 14899
1668485112616 1.0156978678781161 14949
1668485129420 0.8253773627134827 14999
1668485146226 1.0311912372280112 15049
1668485179270 0.7609886459851123 15099
1668485195970 1.0115960298744324 15149
1668485212772 0.9974307894964807 15199
1668485245964 1.154795424182458 15249
1668485262803 0.7622131580495575 15299
1668485279668 0.9339075524245157 15349
1668485312704 0.7818129720957578 15399
1668485329597 1.1050973796094163 15449
1668485346375 0.9215358680932892 15499
1668485363187 0.9843094343512485 15549
1668485395883 0.9435958255348368 15599
1668485412662 0.6171923124848946 15649
1668485429454 0.9131611969392357 15699
1668485462519 0.7929959919987692 15749
1668485479459 0.7309228194851705 15799
1668485496210 1.0403523970622108 15849
1668485512969 0.8068311733724877 15899
1668485546216 0.7746184068078574 15949
1668485562911 0.8732255670361783 15999
1668485579707 1.110683624666968 16049
1668485612641 1.0077418093761847 16099
1668485629520 0.8721397327731518 16149
1668485646297 0.971216604339526 16199
1668485663104 0.7888012018266184 16249
1668485696244 0.7144450919844612 16299
1668485712951 0.7467744713438783 16349
1668485729762 0.9648340620007929 16399
1668485762869 0.7947778865198173 16449
1668485779708 0.6709613288427511 16499
1668485796487 0.9449595322579651 16549
1668485813280 0.7700685595354838 16599
1668485846552 0.7599886001446597 16649
1668485863222 0.6398013074721217 16699
1668485880006 1.070133751509824 16749
1668485913221 0.8894677392198205 16799
1668485929946 0.8149008768460029 16849
1668485946751 0.8815479546799088 16899
1668485963566 0.8719866025554837 16949
1668485996656 0.9285967490518839 16999
1668486013443 0.7800973119391648 17049
1668486030259 0.8610945553561303 17099
1668486063154 0.8601720691093683 17149
1668486080008 0.7820089639616219 17199
1668486096807 0.9904126185399287 17249
1668486113607 1.0785160593082574 17299
1668486146608 0.8605060845340564 17349
1668486163342 0.6910994133004418 17399
1668486180137 0.6022247394022062 17449
1668486213516 1.0874513827927677 17499
1668486230148 0.824882708549329 17549
1668486246920 0.6940716765128757 17599
1668486280028 0.7407887245370428 17649
1668486296944 0.9405297071611355 17699
1668486313658 0.7568680338268878 17749
1668486330427 0.8349332259129689 17799
1668486363539 1.1973656464724554 17849
1668486380198 0.835980277040566 17899
1668486396980 0.6404881755071221 17949
1668486429970 1.1702161789099155 17999
1668486446826 0.7185947375971752 18049
1668486463550 0.7849731813603674 18099
1668486480325 0.8298003652661333 18149
1668486514320 0.9458452358719529 18199
1668486530937 1.1718688280259186 18249
1668486547694 0.7989878896967855 18299
1668486580307 1.144446180442116 18349
1668486597204 0.6595964981951312 18399
1668486613943 0.8549310619389723 18449
1668486630756 1.080181493338589 18499
1668486664244 0.9289700452415461 18549
1668486680901 1.1101290626175444 18599
1668486697683 1.0156379555631332 18649
1668486730628 0.7099826621254747 18699
1668486747526 0.8140743841959474 18749
1668486764394 0.586317313544294 18799
1668486781230 0.8733204016675553 18849
1668486814322 0.7680892936359145 18899
1668486831085 0.9299280547886642 18949
1668486847916 0.8917377550439949 18999
1668486880870 0.7437360806412894 19049
1668486897743 0.9225395402312779 19099
1668486914524 1.0231857697394893 19149
1668486931301 0.7810901910167889 19199
1668486964347 0.7657563887560435 19249
1668486981067 0.8513178158414956 19299
1668486997850 0.6339480186688169 19349
1668487030961 0.8798808934898219 19399
1668487047775 1.021861760932478 19449
1668487064582 0.6552101769915324 19499
1668487097742 0.6580786478183964 19549
1668487114601 0.6394403490963798 19599
1668487131287 1.0190857160386957 19649
1668487148073 0.6829116408984146 19699
1668487181240 1.0129304908928853 19749
1668487197954 0.8210936439550744 19799
1668487214760 0.71659625057806 19849
1668487247961 0.8506832255573695 19899
1668487264934 0.7484122607926766 19949
1668487281798 0.7538371925132381 19999
1668487298601 0.8221066684559672 20049
1668487331865 0.9666059851045757 20099
1668487348540 0.8625009756397198 20149
1668487365368 1.0141598202348292 20199
1668487398098 0.75363163065801 20249
1668487415361 0.7461780157586293 20299
1668487432092 0.8191369354995683 20349
1668487448903 0.7560547390445108 20399
1668487482005 1.5085365022421937 20449
1668487498827 1.0026322405741999 20499
1668487515636 0.9186025276548494 20549
1668487548750 0.6992561408891226 20599
1668487565809 0.6402206785011302 20649
1668487582572 0.9426237831981656 20699
1668487599360 0.6702747487471431 20749
1668487632424 1.0522424831587693 20799
1668487649111 0.8559222916692115 20849
1668487665908 0.720486632031105 20899
1668487698807 0.9430863923827142 20949
1668487715662 0.6919707593611808 20999
1668487732448 1.2779895835801576 21049
1668487749244 0.9392158958406434 21099
1668487782507 0.7051847490896436 21149
1668487799271 0.6866518798893391 21199
1668487816071 0.8578289882793926 21249
1668487849232 0.8303532148210881 21299
1668487865981 0.6584014764318264 21349
1668487882777 1.1209983055070054 21399
1668487899608 0.8246087329938625 21449
1668487932533 0.8194845755259863 21499
1668487949292 0.6433252995542825 21549
1668487966108 0.891685234343365 21599
1668487999405 0.7267610025982689 21649
1668488016054 0.6570561214514892 21699
1668488032829 0.9126711042156259 21749
1668488065984 0.9996155305296395 21799
1668488082886 0.8911085305463606 21849
1668488099670 0.7409852132596977 21899
1668488116448 0.6531170813234399 21949
1668488149831 0.9150332109288506 21999
1668488166590 0.815983935696416 22049
1668488183427 1.1872704501711802 22099
1668488216713 1.0330918662892221 22149
1668488233603 0.8767712299996184 22199
1668488250329 1.047031067377239 22249
1668488267106 0.8335912509063466 22299
1668488300566 1.0478055944557612 22349
1668488317228 0.7944375195380394 22399
1668488334009 0.8854191443239737 22449
1668488367090 0.9525747363875461 22499
1668488384058 1.0388079324718633 22549
1668488400898 0.8224911604430158 22599
1668488417701 0.8977297670419125 22649
1668488450703 0.9697125812596763 22699
1668488467396 0.819554537626141 22749
1668488484188 0.7139323592224831 22799
1668488517231 0.6575902733686138 22849
1668488534161 0.7087785388607029 22899
1668488550977 0.8144426124272581 22949
1668488567793 0.7268493901165014 22999
1668488600985 0.8814176617622498 23049
1668488617694 0.6854370391554208 23099
1668488634492 0.6947871922062424 23149
1668488667442 0.6561334922531176 23199
1668488684241 0.7068462816055378 23249
1668488701048 0.8813389414135856 23299
1668488717877 0.8654164322362995 23349
1668488751065 1.0144210238201317 23399
1668488767765 0.8723855781257683 23449
1668488784575 0.6939712215225399 23499
1668488817670 0.7488119137322627 23549
1668488834530 0.64226677871833 23599
1668488851303 0.6239207431017502 23649
1668488868096 0.851145170244403 23699
1668488901018 0.8796319531337438 23749
1668488917744 0.9613705718194435 23799
1668488934506 0.9648942294914606 23849
1668488967638 0.7588901475519422 23899
1668488984282 1.152526150556429 23949
1668489001107 0.7552097018935269 23999
1668489034445 0.7105672493383479 24049
1668489051346 0.8620093374147791 24099
1668489068052 0.7696543552667452 24149
1668489084820 1.0735855985517944 24199
1668489118090 0.6028474656390352 24249
1668489134988 0.8797158591371694 24299
1668489151824 1.0536982086079771 24349
1668489184991 0.8379223590088065 24399
1668489201905 0.7467379330184181 24449
1668489218715 0.6145733380168377 24499
1668489235554 0.9928446760918143 24549
1668489268835 0.7812954209862301 24599
1668489285498 0.7278493556523213 24649
1668489302267 0.7240100736236397 24699
1668489335197 0.7597123702378922 24749
1668489352094 0.7237291597519072 24799
1668489368838 0.9099394232156114 24849
1668489385661 0.9605452544634222 24899
1668489418937 0.6319236760565744 24949
1668489435644 0.6202625320836413 24999
1668489452412 0.6549746210330775 25049
1668489485906 0.8770149067080866 25099
1668489502810 0.7502716627762509 25149
1668489519582 1.2448357093313394 25199
1668489536379 0.6969583176708403 25249
1668489569939 0.9010521164128797 25299
1668489586634 0.7740157898516946 25349
1668489603428 0.9657966306025237 25399
1668489636718 0.827935108521095 25449
1668489653604 0.78949559137322 25499
1668489670419 0.6851177516709814 25549
1668489687207 0.5704101088492126 25599
1668489720417 0.6490370508090342 25649
1668489737151 0.8132846380266235 25699
1668489753936 0.8883313738197076 25749
1668489786866 0.702705683673997 25799
1668489803790 0.8419111968998796 25849
1668489820577 0.8720319104139339 25899
1668489837381 1.0363936833861356 25949
1668489870581 0.723711863720395 25999
1668489887290 0.853180358064925 26049
1668489904091 0.8540568638378773 26099
1668489937393 0.8600382494615906 26149
1668489954055 0.7952857143139987 26199
1668489970838 0.7259447948206345 26249
1668490003924 1.1942531964579783 26299
1668490020881 0.772487494107932 26349
1668490037595 0.6895489979233917 26399
1668490054415 0.6577173869782322 26449
1668490087733 1.0963606675821043 26499
1668490104424 0.7815924179634763 26549
1668490121214 0.9564813686247731 26599
1668490154167 1.0845359495726044 26649
1668490171139 0.687763670184256 26699
1668490187900 0.7129495849556554 26749
1668490204683 0.8307847923163266 26799
1668490238069 0.6441462952690191 26849
1668490254756 0.8253037241089667 26899
1668490271551 0.8887304343043007 26949
1668490304376 0.6532972184500571 26999
1668490321347 1.2203432941074337 27049
1668490338114 0.9127718325952208 27099
1668490354893 0.6515888954898105 27149
1668490388467 0.6374679327614695 27199
1668490405144 0.6912763001685217 27249
1668490421918 1.0787781805051797 27299
1668490454306 0.6234453794706383 27349
1668490471088 0.719853530319616 27399
1668490487830 0.5739131626326676 27449
1668490504630 1.0461536616308393 27499
1668490537850 1.177384339014773 27549
1668490554528 0.7599542595862601 27599
1668490571314 1.336731284972867 27649
1668490603978 1.033009501422806 27699
1668490620852 0.6926777819805583 27749
1668490637657 0.6052355833946633 27799
1668490654466 1.0950426266273674 27849
1668490687693 0.8579738620858186 27899
1668490704385 0.6225148224041042 27949
1668490721190 1.022948345741435 27999
1668490754369 1.0405145261914321 28049
1668490771109 0.7647904853948111 28099
1668490787914 0.7368976869535621 28149
1668490821107 0.9246355888657689 28199
1668490837967 1.0170395592214427 28249
1668490854758 0.9174770014393243 28299
1668490871583 0.854848294110165 28349
1668490904880 0.8557514491913211 28399
1668490921636 0.7979837710864588 28449
1668490938456 1.0930860833466398 28499
1668490971470 0.9389091243286413 28549
1668490988433 0.6458660644042503 28599
1668491005187 1.1870648584899819 28649
1668491021994 0.8964647834204413 28699
1668491055303 0.9781530014346189 28749
1668491071973 1.0492772958142496 28799
1668491088771 0.9928527556178868 28849
1668491121857 1.1559701850013215 28899
1668491138807 0.9908357335281157 28949
1668491155772 0.8017922575478238 28999
1668491172577 0.7078231291298714 29049
1668491205654 0.6513803917989371 29099
1668491222460 0.6533153137066643 29149
1668491239267 0.6852618080425322 29199
1668491272143 1.2181693165207321 29249
1668491289150 0.7381879943352084 29299
1668491305933 0.632294150002654 29349
1668491322763 1.3467877086895104 29399
1668491355895 0.8333869614964939 29449
1668491372661 0.6986321710162953 29499
1668491389476 0.6235437780327852 29549
1668491422777 0.8183055787256189 29599
1668491439837 0.9101201155057593 29649
1668491456726 0.9744329810106866 29699
1668491473555 0.9930785889685222 29749
1668491506778 0.7823271591356125 29799
1668491523479 0.7715499766210933 29849
1668491540241 0.9252990338736247 29899
1668491573430 1.0062131111490975 29949
1668491590182 0.6664915921717568 29999
1668491606991 0.7710242394911554 30049
1668491623792 0.6267625452506579 30099
1668491657091 1.1371200600290388 30149
1668491673774 1.108936399969264 30199
1668491690537 0.9428278699797805 30249
1668491723651 0.6682251669698895 30299
1668491740296 0.6683741922707774 30349
1668491757087 0.7934944507911503 30399
1668491790410 0.5804337730462257 30449
1668491807445 0.9354536716285567 30499
1668491824280 0.9396692385032843 30549
1668491841106 0.6508860926605774 30599
1668491874453 0.8620030436451263 30649
1668491891173 0.6201976503672947 30699
1668491907999 1.357882926015684 30749
1668491941108 0.7872819408005944 30799
1668491958021 0.792612457811549 30849
1668491974727 1.0418799803457812 30899
1668491991513 0.726249972939764 30949
1668492025207 0.7218614492447006 30999
1668492041878 1.1589801512932778 31049
1668492058679 0.7364373223568901 31099
1668492091650 1.0437844672527712 31149
1668492108542 1.2452504440101482 31199
1668492125272 0.9046347898349659 31249
1668492142092 0.7268603282780456 31299
1668492175032 0.7637807029509229 31349
1668492191682 0.9103992361998169 31399
1668492208504 0.7119755047117238 31449
1668492242009 0.8534446554436048 31499
1668492258893 0.6831892235325052 31549
1668492275693 0.6278649242662913 31599
1668492292492 1.0193966771430112 31649
1668492325923 1.1905671953560988 31699
1668492342616 0.9236896278989803 31749
1668492359404 0.8127495442358046 31799
1668492392865 0.9324898826697912 31849
1668492409671 0.6365845760816848 31899
1668492426446 0.9896991234308331 31949
1668492443243 0.9993269329682344 31999
1668492476628 0.6791235519571528 32049
1668492493313 0.9056719429636827 32099
1668492510105 0.8969679007620951 32149
1668492543282 0.9187585903571114 32199
1668492560078 0.9859527876361478 32249
1668492576806 0.7839352969781078 32299
1668492593609 0.6956016930202773 32349
1668492627093 0.8270829303472287 32399
1668492643827 0.8610994388626287 32449
1668492660623 0.9723122793784811 32499
1668492694053 0.7787379349947936 32549
1668492710754 0.9700758312590683 32599
1668492727530 0.9271625587571855 32649
1668492760342 0.7313636413154475 32699
1668492777254 0.6982980850834792 32749
1668492794036 0.9691171355951186 32799
1668492810795 1.072252959541842 32849
1668492844011 0.7623115300416246 32899
1668492860721 0.7578525752061405 32949
1668492877498 1.122284754508455 32999
1668492910380 0.6417370600676708 33049
1668492927237 0.8080198221615357 33099
1668492944034 1.159581054121951 33149
1668492960845 0.7613588356914518 33199
1668492994097 0.6790444942114258 33249
1668493010769 0.6822173414206499 33299
1668493027556 0.8111829418381952 33349
1668493060801 0.8465872500284581 33399
1668493077695 0.919193624193002 33449
1668493094466 1.1384310090291097 33499
1668493111256 1.0830352495974829 33549
1668493144427 1.0295607031625111 33599
1668493161129 0.9282489767768806 33649
1668493177917 0.7944052310923636 33699
1668493210901 0.9607332387600706 33749
1668493227848 0.9806662091436721 33799
1668493244605 0.6724356649204908 33849
1668493261398 0.9233347171585677 33899
1668493294526 0.6162334661353637 33949
1668493311276 0.7248248695353186 33999
1668493328068 0.936775401707264 34049
1668493360871 0.6414442855089851 34099
1668493377708 0.7744854824301781 34149
1668493394476 0.8093032845847802 34199
1668493411308 0.8739684771255716 34249
1668493444577 0.7724227844410392 34299
1668493461317 1.0166799287075132 34349
1668493478087 0.8866395488812195 34399
1668493511147 0.8002517855295364 34449
1668493527909 0.7007342026632043 34499
1668493544766 0.6824596690179403 34549
1668493561642 0.7486987782728983 34599
1668493594753 0.854297843105298 34649
1668493611503 0.6620180754766332 34699
1668493628334 0.8860682119530683 34749
1668493661762 0.6834506518532876 34799
1668493678549 0.6477042867132726 34849
1668493695552 0.9967597945129477 34899
1668493728510 0.7341972449343985 34949
1668493745541 0.6413264245523951 34999
1668493762278 0.7911020692639852 35049
1668493779071 0.8200954338572736 35099
1668493812260 0.5735623931188494 35149
1668493828952 0.7621535350736883 35199
1668493845760 0.852251422048974 35249
1668493878964 0.7881751220746223 35299
1668493895874 0.602637825787339 35349
1668493912611 0.6567725691135122 35399
1668493929395 0.6777971083876673 35449
1668493962741 0.8437519683284926 35499
1668493979444 0.6061038708465383 35549
1668493996258 0.8664907419191693 35599
1668494029369 1.054461306491039 35649
1668494046305 0.6776734957471389 35699
1668494063122 0.7676382198154293 35749
1668494079962 0.7502649550836021 35799
1668494113395 1.0670621287490414 35849
1668494130044 0.6429589337521072 35899
1668494146838 0.6184843438670564 35949
1668494180174 0.7880696572710795 35999
1668494197032 1.0851401115118275 36049
1668494213884 0.7884672255480213 36099
1668494230698 0.7674807410701896 36149
1668494264071 0.6665125988571183 36199
1668494281662 1.0188010094011897 36249
1668494298423 0.6905369513886762 36299
1668494331194 0.8962409251689369 36349
1668494347950 0.9427487715906953 36399
1668494364671 0.6994280479534967 36449
1668494381461 1.4818323915122846 36499
1668494414549 0.6249344717979484 36549
1668494431225 0.6743523973245698 36599
1668494447993 1.0649799180380881 36649
1668494480933 0.7478758282899123 36699
1668494497623 0.7785568457563758 36749
1668494514357 1.2357478609409627 36799
1668494547256 0.7527542886873683 36849
1668494564209 0.8301354866280568 36899
1668494580894 0.6712910519214138 36949
1668494597679 0.9376799129182063 36999
1668494630871 0.6517281861865675 37049
1668494647698 1.0580347398602536 37099
1668494664543 0.7642845160160012 37149
1668494697775 0.9302172746369974 37199
1668494714659 1.0625185278020783 37249
1668494731419 0.6113859810105449 37299
1668494748231 0.7161786983647359 37349
1668494781527 0.5748367058176801 37399
1668494798150 0.9015847415035133 37449
1668494814939 0.600952209364056 37499
1668494848261 0.9148710697616075 37549
1668494865175 0.852619954675086 37599
1668494881993 0.9164149248960767 37649
1668494898825 0.7246217610279185 37699
1668494932326 0.8365403547658938 37749
1668494949003 0.7233759728763922 37799
1668494965740 0.7581996572179807 37849
1668494998755 0.9534512385990839 37899
1668495015659 0.8059344423585593 37949
1668495032427 0.9987244555987638 37999
1668495049225 0.693310503849196 38049
1668495082381 0.6967688481348903 38099
1668495099029 0.7746996973709802 38149
1668495115793 0.72894076550342 38199
1668495148477 0.6839002330023543 38249
1668495165381 1.0088422112470299 38299
1668495182148 1.0828228148008827 38349
1668495198957 1.002921918842027 38399
1668495232015 0.9516553052700364 38449
1668495248701 0.6543755873964814 38499
1668495265479 0.5503018217138499 38549
1668495298037 1.0297926078604387 38599
1668495314959 0.9511949089445877 38649
1668495331708 0.832542218628357 38699
1668495348521 1.1108190836339376 38749
1668495381718 0.9888504541069193 38799
1668495398418 0.7169986529885227 38849
1668495415215 0.9338083316012867 38899
1668495448463 0.6197248092179667 38949
1668495465157 0.857393380854632 38999
1668495481933 0.7647685486323638 39049
1668495515213 1.0044611729213402 39099
1668495532081 0.8819590170866471 39149
1668495548822 0.6477028119016297 39199
1668495565651 0.8106795158711044 39249
1668495598661 0.6110943395783179 39299
1668495615392 0.6739768140590112 39349
1668495632198 0.6272266440365726 39399
1668495665276 1.0856549896864622 39449
1668495682214 0.7603128556606054 39499
1668495698970 0.7126794309044486 39549
1668495715756 1.1019773296950117 39599
1668495748987 0.8436114925420812 39649
1668495765659 0.8578603709453655 39699
1668495782448 0.9995457335051363 39749
1668495815318 0.7131752994113452 39799
1668495832203 0.7705490278511813 39849
1668495849134 0.9513168626899943 39899
1668495865956 0.8968442087933215 39949
1668495899139 0.9190803473896225 39999
1668495915813 0.8154459136705233 40049
1668495932616 0.9151719565552959 40099
1668495965655 1.1703332401240432 40149
1668495982535 0.7930369959412651 40199
1668495999329 0.9438014810802393 40249
1668496016131 0.8303278629931867 40299
1668496049359 0.6051559440256317 40349
1668496066027 0.8264026409608305 40399
1668496082823 0.921414731310989 40449
1668496115853 0.5521052096701278 40499
1668496132619 0.9386067470531718 40549
1668496149371 0.6475651325429355 40599
1668496166197 0.8335688981061665 40649
1668496199292 0.6260509883329277 40699
1668496215986 0.7925241010839827 40749
1668496232758 0.7597780428652008 40799
1668496265861 0.7513658684147937 40849
1668496282521 0.6295146461713342 40899
1668496299305 0.7814680790084002 40949
1668496316117 0.9352216413004085 40999
1668496349632 0.923508825618575 41049
1668496366360 0.6820382882500494 41099
1668496383158 0.7175072706104826 41149
1668496416273 0.6393133630113085 41199
1668496432934 0.6977457701341369 41249
1668496449731 1.196967525213713 41299
1668496482778 0.8776113974010811 41349
1668496499742 0.6105340148417469 41399
1668496516446 0.7511879637534262 41449
1668496533229 0.9170543449967461 41499
1668496566644 0.9537062903182516 41549
1668496583287 0.8469616728342351 41599
1668496600086 1.0147144970953519 41649
1668496633330 1.0640362848062987 41699
1668496650312 0.8457606179501171 41749
1668496667082 0.868121615179521 41799
1668496683882 0.6489681481881304 41849
1668496717226 0.6329120450091102 41899
1668496733872 1.040929477666136 41949
1668496750662 0.7791038530747856 41999
1668496783813 1.0345508451577163 42049
1668496800645 0.7621092657560722 42099
1668496817388 0.7027475307892912 42149
1668496834204 0.7924620032121429 42199
1668496867494 0.8603575857116645 42249
1668496884158 0.7752283332927923 42299
1668496900938 0.6532320754202061 42349
1668496934002 0.6419342603835987 42399
1668496950865 0.7535859495369956 42449
1668496967633 0.8270472584870462 42499
1668496984434 0.7045339755333052 42549
1668497017218 0.8583825907273724 42599
1668497033922 1.1675352840212907 42649
1668497050680 0.6939797574587301 42699
1668497083433 0.8292749923818583 42749
1668497100289 0.8154242762399566 42799
1668497117093 0.8870008503341261 42849
1668497133894 0.7796372160563395 42899
1668497167265 1.104144413532858 42949
1668497183963 0.8518553623077981 42999
1668497200761 1.0455900349345917 43049
1668497234140 1.014966947367158 43099
1668497250903 1.0429213526481165 43149
1668497267653 0.7546185925509343 43199
1668497284452 1.004279546042962 43249
1668497317681 0.6221430681354948 43299
1668497334500 0.8313025934727941 43349
1668497351324 0.7275244370175545 43399
1668497384287 1.0045246684087723 43449
1668497401034 0.7908633527398474 43499
1668497417845 0.9140535038842867 43549
1668497450821 1.0298026905042386 43599
1668497467741 0.7330716436346232 43649
1668497484548 0.7262092323775831 43699
1668497501373 1.340716849304103 43749
1668497534712 0.8733927804188264 43799
1668497551392 0.7232019883319625 43849
1668497568229 0.824173878372466 43899
1668497601321 0.5861377982532613 43949
1668497618147 0.9044432986913211 43999
1668497634918 0.6080720468636862 44049
1668497651741 0.7810212113957873 44099
1668497684990 0.7295580023987123 44149
1668497701630 1.1427779804107783 44199
1668497718450 1.037871785752417 44249
1668497751702 0.8482925896843633 44299
1668497768500 1.0426695714966099 44349
1668497785304 1.0178635581146531 44399
1668497802107 0.9170875467607957 44449
1668497835628 0.8405968217071511 44499
1668497852301 0.8660689674738352 44549
1668497869125 0.7223170864679974 44599
1668497902525 1.3374054612510378 44649
1668497919420 1.206308655703788 44699
1668497936191 0.5984964484738794 44749
1668497952982 1.1557245227714288 44799
1668497985892 0.949386681557866 44849
1668498002566 0.8960734432380646 44899
1668498019367 0.766501157198552 44949
1668498052886 0.6863956190864636 44999
1668498069656 0.9567468885133512 45049
1668498086429 1.0024321873530728 45099
1668498103244 0.9659756585214008 45149
1668498136140 1.2604491395955315 45199
1668498152830 0.8892872348086627 45249
1668498169640 0.8188425477802976 45299
1668498203018 0.6559612701808666 45349
1668498219772 0.7824488636425757 45399
1668498236550 0.6795787541527014 45449
1668498269395 1.175982943274384 45499
1668498286334 0.768994874168937 45549
1668498303057 0.6562018940845266 45599
1668498319875 0.6068455654549431 45649
1668498352666 0.6153896645192973 45699
1668498369297 1.0967584507726047 45749
1668498386152 0.7553731733646821 45799
1668498419293 0.8147635607073964 45849
1668498436200 0.7328291543960466 45899
1668498452903 0.7044315344040538 45949
1668498469674 0.6980060044075984 45999
1668498502811 0.712526938616751 46049
1668498519449 0.7892106834259076 46099
1668498536247 0.8954960869716271 46149
1668498569272 0.9365020630165894 46199
1668498586129 0.9767529672451971 46249
1668498602919 0.8710839177502117 46299
1668498619707 0.7430111036205761 46349
1668498652827 0.8146990905625199 46399
1668498669462 0.6570476219517092 46449
1668498686265 0.9426649517858753 46499
1668498719191 0.8753709197512383 46549
1668498736044 0.6671658966738572 46599
1668498752805 1.0034889491010102 46649
1668498769593 0.6740692579433812 46699
1668498803071 0.6473466172137462 46749
1668498819718 1.0679515963300745 46799
1668498836508 1.1266522619563837 46849
1668498869353 0.8687664432352741 46899
1668498886229 0.8154874072517239 46949
1668498903025 0.8053681351867701 46999
1668498919842 0.6581381106801227 47049
1668498953068 0.7908607517791508 47099
1668498969763 0.8952416630587806 47149
1668498986580 1.0478822231139018 47199
1668499019698 0.6207990067946219 47249
1668499036473 0.7637493857526444 47299
1668499053305 0.6662401820887295 47349
1668499070117 0.9407159120012548 47399
1668499103199 0.7054179225686089 47449
1668499119927 0.9627336397526485 47499
1668499136702 0.8301719790717791 47549
1668499169809 0.7369270771922424 47599
1668499186494 0.9520688790362215 47649
1668499203279 0.8670599886420156 47699
1668499236496 0.8372384538513317 47749
1668499253400 0.7341585325131187 47799
1668499270156 0.9163379928674728 47849
1668499286944 0.8492230407960193 47899
1668499319990 0.7622725470759267 47949
1668499336652 1.2786968229926978 47999
1668499353450 0.9485834558620403 48049
1668499386369 0.8108634486563764 48099
1668499403279 1.0072772869940188 48149
1668499420005 0.822477991242524 48199
1668499436814 1.1621135006876429 48249
1668499469805 0.8896161220886786 48299
1668499486427 0.6396514593156519 48349
1668499503199 1.0896576633509285 48399
1668499536476 0.6342478521274759 48449
1668499553374 0.9560111119303762 48499
1668499570120 0.6419908014187752 48549
1668499586949 0.7894117832326794 48599
1668499620332 0.6618151377161402 48649
1668499636996 0.7903366293559873 48699
1668499653818 0.925938375222974 48749
1668499686689 0.7114534039030205 48799
1668499703517 0.9519245978472238 48849
1668499720346 1.2378905156895808 48899
1668499737157 1.0454807982464747 48949
1668499770433 0.7806610825068319 48999
1668499787290 0.6784074112031604 49049
1668499804123 1.0316854375875888 49099
1668499837174 0.6878411497833482 49149
1668499854044 1.0656496847124861 49199
1668499870850 0.6854105146959035 49249
1668499887636 0.796819365034573 49299
1668499920764 0.7748653906616004 49349
1668499937520 0.7221215973183652 49399
1668499954323 0.8224713152026321 49449
1668499987481 0.7274411583680478 49499
1668500004248 1.023818029131778 49549
1668500021037 0.9481449119588068 49599
1668500037823 0.9335036761977208 49649
1668500070707 0.7872711728713905 49699
1668500087417 0.8722110338700122 49749
1668500104205 0.7714452707093277 49799
1668500137310 1.0640596360445114 49849
1668500154081 0.6117624735813655 49899
1668500170904 0.6639157722739056 49949
1668500203758 0.8702626769110329 49999
1668500220728 0.9959754401132397 50049
1668500237482 0.8431531696221036 50099
1668500254290 0.9815421685231993 50149
1668500287503 0.6133156104407652 50199
1668500304161 0.9249252652580444 50249
1668500320971 1.0850966547725336 50299
1668500354104 0.8417227348458911 50349
1668500371050 0.7747483291828843 50399
1668500387850 0.7878859812729094 50449
1668500404575 1.034492440952587 50499
1668500437845 0.695072987146276 50549
1668500454595 0.782834733544965 50599
1668500471459 0.6421802772450826 50649
1668500504208 0.6832779924082637 50699
1668500521114 0.9518116393839329 50749
1668500537859 0.7845032175571909 50799
1668500554637 0.8344503371023967 50849
1668500587814 0.9554847227830964 50899
1668500604509 1.0180293280173884 50949
1668500621314 0.9913983440398545 50999
1668500654333 0.8443830888147226 51049
1668500671211 0.9081442892778961 51099
1668500688039 0.9316263771361633 51149
1668500704841 0.9746081399140453 51199
1668500738060 0.6991841186102903 51249
1668500754753 1.2031699647116876 51299
1668500771522 0.9056078344657946 51349
1668500804647 0.8549878390496662 51399
1668500821438 0.9440819793594 51449
1668500838244 1.2367480082499929 51499
1668500855046 0.7740736309167521 51549
1668500888331 0.6440144287705667 51599
1668500905083 0.9607228979190803 51649
1668500921919 0.599013984151472 51699
1668500955117 0.8870879186865264 51749
1668500971856 1.0273883785106812 51799
1668500988612 0.700063273668257 51849
1668501005430 0.648804655997258 51899
