1669850775008 0.4894508719444275 216
1669850850748 0.48973989486694336 433
1669850926363 0.4903179109096527 650
1669851002028 0.4911849796772003 867
1669851077741 0.48598265647888184 1084
1669851153692 0.4890173375606537 1301
1669851229738 0.4862716794013977 1518
1669851305020 0.49219653010368347 1735
1669851381083 0.48439306020736694 1952
1669851456664 0.48395952582359314 2169
1669851532706 0.4851156175136566 2386
1669851608440 0.48887282609939575 2603
1669851684586 0.49205201864242554 2820
1669851760676 0.48771676421165466 3037
1669851837001 0.4874277412891388 3254
1669851912831 0.4871387183666229 3471
1669851988631 0.48771676421165466 3688
1669852064360 0.4830924868583679 3905
1669852140274 0.4862716794013977 4122
1669852216246 0.4871387183666229 4339
1669852292103 0.4862716794013977 4556
1669852367937 0.48641619086265564 4773
1669852443850 0.4858381450176239 4990
1669852519934 0.4862716794013977 5207
1669852596005 0.48395952582359314 5424
1669852672141 0.484248548746109 5641
1669852748050 0.48843929171562195 5858
1669852824125 0.48439306020736694 6075
1669852900132 0.4849711060523987 6292
1669852976004 0.48887282609939575 6509
1669853052067 0.4845375716686249 6726
1669853127798 0.48757225275039673 6943
1669853204326 0.48612716794013977 7160
1669853279971 0.48598265647888184 7377
1669853356145 0.4849711060523987 7594
1669853431846 0.48641619086265564 7811
1669853508493 0.48728322982788086 8028
1669853584620 0.48757225275039673 8245
1669853660894 0.4841040372848511 8462
1669853736947 0.48280346393585205 8679
1669853812798 0.48569363355636597 8896
1669853888986 0.4851156175136566 9113
1669853965086 0.48771676421165466 9330
1669854041265 0.48280346393585205 9547
1669854117148 0.48439306020736694 9764
1669854193479 0.48612716794013977 9981
1669854269378 0.48930636048316956 10198
1669854345305 0.4835260212421417 10415
1669854421439 0.4871387183666229 10632
1669854497287 0.48482659459114075 10849
1669854573561 0.4862716794013977 11066
1669854649989 0.48482659459114075 11283
1669854726224 0.48684972524642944 11500
1669854802295 0.48482659459114075 11717
1669854878485 0.4871387183666229 11934
1669854954670 0.48757225275039673 12151
1669855030747 0.4865607023239136 12368
1669855107126 0.4846820831298828 12585
1669855183576 0.4851156175136566 12802
1669855260113 0.4890173375606537 13019
1669855336333 0.48569363355636597 13236
1669855412692 0.4894508719444275 13453
1669855488328 0.48482659459114075 13670
1669855564521 0.48728322982788086 13887
1669855640459 0.4874277412891388 14104
1669855716909 0.486994206905365 14321
1669855792709 0.4845375716686249 14538
1669855868766 0.4882948100566864 14755
1669855945366 0.48598265647888184 14972
1669856021548 0.48612716794013977 15189
1669856097611 0.4867052137851715 15406
1669856173876 0.4858381450176239 15623
1669856249863 0.48800578713417053 15840
1669856326000 0.4887283146381378 16057
1669856402246 0.4887283146381378 16274
1669856478320 0.4845375716686249 16491
1669856554389 0.48815029859542847 16708
1669856630258 0.4874277412891388 16925
1669856706321 0.48728322982788086 17142
1669856782599 0.486994206905365 17359
1669856858579 0.48684972524642944 17576
1669856934714 0.4865607023239136 17793
1669857010669 0.4878612756729126 18010
1669857086851 0.48367053270339966 18227
1669857162961 0.48771676421165466 18444
1669857238823 0.48367053270339966 18661
1669857315047 0.48757225275039673 18878
1669857391436 0.48815029859542847 19095
1669857467685 0.4862716794013977 19312
1669857543864 0.48641619086265564 19529
1669857620138 0.4882948100566864 19746
1669857696172 0.4865607023239136 19963
1669857772471 0.48641619086265564 20180
1669857848591 0.48887282609939575 20397
1669857924457 0.48728322982788086 20614
1669858000561 0.48800578713417053 20831
1669858076451 0.4878612756729126 21048
1669858152906 0.486994206905365 21265
1669858228591 0.48800578713417053 21482
1669858305140 0.48641619086265564 21699
1669858381032 0.48800578713417053 21916
1669858457138 0.4887283146381378 22133
1669858533038 0.4887283146381378 22350
1669858609496 0.48641619086265564 22567
1669858685504 0.4871387183666229 22784
1669858761906 0.4849711060523987 23001
1669858838091 0.48800578713417053 23218
1669858914247 0.4890173375606537 23435
1669858990283 0.4890173375606537 23652
1669859066584 0.4885838031768799 23869
1669859142761 0.4871387183666229 24086
1669859218954 0.48800578713417053 24303
1669859294736 0.4874277412891388 24520
1669859370975 0.4895953834056854 24737
1669859447230 0.48843929171562195 24954
1669859523304 0.4867052137851715 25171
1669859600040 0.48612716794013977 25388
1669859676428 0.48684972524642944 25605
1669859752523 0.48757225275039673 25822
1669859828992 0.48569363355636597 26039
1669859905139 0.4882948100566864 26256
1669859981082 0.48728322982788086 26473
1669860057071 0.48728322982788086 26690
1669860133524 0.4890173375606537 26907
1669860209499 0.48973989486694336 27124
1669860286166 0.4874277412891388 27341
1669860362089 0.4882948100566864 27558
1669860438534 0.4906069338321686 27775
1669860514623 0.48757225275039673 27992
1669860590907 0.4891618490219116 28209
1669860667164 0.4874277412891388 28426
1669860743378 0.4882948100566864 28643
1669860819306 0.48843929171562195 28860
1669860895905 0.4906069338321686 29077
1669860972254 0.49002888798713684 29294
1669861048743 0.4891618490219116 29511
1669861124915 0.48815029859542847 29728
1669861200944 0.48887282609939575 29945
1669861340938 0.4894508719444275 30162
1669861417389 0.48757225275039673 30379
1669861493858 0.48728322982788086 30596
1669861570243 0.48887282609939575 30813
1669861646498 0.48728322982788086 31030
1669861722735 0.49205201864242554 31247
1669861799165 0.48815029859542847 31464
1669861875499 0.4903179109096527 31681
1669861951381 0.4885838031768799 31898
1669862027392 0.486994206905365 32115
1669862103761 0.48930636048316956 32332
1669862180098 0.48815029859542847 32549
1669862256353 0.4887283146381378 32766
1669862332704 0.4885838031768799 32983
1669862408624 0.48815029859542847 33200
1669862485003 0.4891618490219116 33417
1669862561145 0.4882948100566864 33634
1669862637424 0.48973989486694336 33851
1669862713536 0.48728322982788086 34068
1669862790469 0.48973989486694336 34285
1669862866867 0.4882948100566864 34502
1669862943233 0.49002888798713684 34719
1669863019807 0.48973989486694336 34936
1669863095635 0.4898844063282013 35153
1669863172293 0.4898844063282013 35370
1669863248418 0.4906069338321686 35587
1669863324415 0.48930636048316956 35804
1669863400606 0.4898844063282013 36021
1669863476910 0.4907514452934265 36238
1669863552830 0.4903179109096527 36455
1669863628922 0.48815029859542847 36672
1669863705579 0.4901733994483948 36889
1669863781804 0.48930636048316956 37106
1669863858121 0.4911849796772003 37323
1669863934491 0.49335259199142456 37540
1669864010655 0.48930636048316956 37757
1669864087039 0.4910404682159424 37974
1669864163072 0.49046242237091064 38191
1669864239179 0.48887282609939575 38408
1669864315493 0.48887282609939575 38625
1669864391799 0.48887282609939575 38842
1669864467771 0.49219653010368347 39059
1669864543699 0.4894508719444275 39276
1669864619863 0.48887282609939575 39493
1669864696289 0.4882948100566864 39710
1669864772161 0.48973989486694336 39927
1669864848664 0.4895953834056854 40144
1669864924449 0.4907514452934265 40361
1669865000681 0.48973989486694336 40578
1669865076671 0.4901733994483948 40795
1669865152735 0.4895953834056854 41012
1669865228872 0.49046242237091064 41229
1669865304711 0.4894508719444275 41446
1669865381091 0.48815029859542847 41663
1669865457428 0.4890173375606537 41880
1669865533555 0.4891618490219116 42097
1669865609660 0.49132949113845825 42314
1669865685524 0.49089595675468445 42531
1669865761544 0.4903179109096527 42748
1669865838010 0.49089595675468445 42965
1669865914122 0.4911849796772003 43182
1669865990148 0.48930636048316956 43399
1669866066500 0.4887283146381378 43616
1669866142550 0.4903179109096527 43833
1669866218836 0.49132949113845825 44050
1669866295269 0.49046242237091064 44267
1669866371892 0.49089595675468445 44484
1669866447764 0.4882948100566864 44701
1669866524197 0.49335259199142456 44918
1669866600330 0.48973989486694336 45135
1669866676823 0.4934971034526825 45352
1669866752657 0.4906069338321686 45569
1669866829061 0.48728322982788086 45786
1669866905082 0.49046242237091064 46003
1669866981747 0.4898844063282013 46220
1669867058003 0.4907514452934265 46437
1669867134188 0.4919075071811676 46654
1669867210476 0.49089595675468445 46871
1669867286204 0.4910404682159424 47088
1669867362354 0.4914740025997162 47305
1669867438628 0.4914740025997162 47522
1669867515091 0.4932080805301666 47739
1669867591452 0.4901733994483948 47956
1669867667629 0.49205201864242554 48173
1669867744092 0.4903179109096527 48390
1669867820263 0.4930635690689087 48607
1669867896563 0.4903179109096527 48824
1669867972503 0.4882948100566864 49041
1669868049056 0.4919075071811676 49258
1669868124844 0.49089595675468445 49475
1669868201767 0.4901733994483948 49692
1669868277681 0.49176299571990967 49909
1669868354295 0.4903179109096527 50126
1669868430203 0.48973989486694336 50343
1669868506461 0.4903179109096527 50560
1669868582821 0.4911849796772003 50777
1669868658986 0.4894508719444275 50994
1669868735292 0.49248555302619934 51211
1669868811438 0.4919075071811676 51428
1669868887952 0.49176299571990967 51645
1669868964043 0.4911849796772003 51862
1669869040148 0.4927745759487152 52079
1669869116164 0.4906069338321686 52296
1669869192145 0.4903179109096527 52513
1669869268327 0.4901733994483948 52730
1669869345446 0.49335259199142456 52947
1669869421654 0.49089595675468445 53164
1669869497922 0.4911849796772003 53381
1669869574254 0.4914740025997162 53598
1669869650660 0.4939306378364563 53815
1669869726848 0.4910404682159424 54032
1669869803177 0.49089595675468445 54249
1669869879470 0.49205201864242554 54466
1669869955597 0.49046242237091064 54683
1669870031880 0.4907514452934265 54900
1669870107708 0.49291908740997314 55117
1669870184222 0.49089595675468445 55334
1669870260148 0.49248555302619934 55551
1669870336323 0.4919075071811676 55768
1669870412401 0.4926300644874573 55985
1669870488864 0.49132949113845825 56202
1669870565285 0.49335259199142456 56419
1669870641710 0.4906069338321686 56636
1669870717462 0.49161848425865173 56853
1669870793680 0.49205201864242554 57070
1669870869734 0.4923410415649414 57287
1669870945970 0.4914740025997162 57504
1669871021948 0.4932080805301666 57721
1669871098001 0.49291908740997314 57938
1669871174347 0.49176299571990967 58155
1669871250595 0.4930635690689087 58372
1669871326791 0.49335259199142456 58589
1669871402715 0.4919075071811676 58806
1669871479104 0.49089595675468445 59023
1669871555473 0.49364161491394043 59240
1669871631759 0.4932080805301666 59457
1669871707970 0.4926300644874573 59674
1669871784073 0.4930635690689087 59891
1669871860482 0.49161848425865173 60108
1669871936757 0.4943641722202301 60325
1669872012981 0.49450868368148804 60542
1669872088382 0.4923410415649414 60759
1669872165029 0.48930636048316956 60976
1669872241151 0.49132949113845825 61193
1669872317150 0.4932080805301666 61410
1669872393359 0.4946531653404236 61627
1669872469625 0.49089595675468445 61844
1669872546074 0.4910404682159424 62061
1669872622307 0.4907514452934265 62278
1669872698457 0.49421966075897217 62495
1669872774296 0.4906069338321686 62712
1669872850563 0.49364161491394043 62929
1669872926682 0.4939306378364563 63146
1669873003466 0.49421966075897217 63363
1669873080090 0.49132949113845825 63580
1669873156095 0.4943641722202301 63797
1669873232170 0.4930635690689087 64014
1669873308865 0.4930635690689087 64231
1669873385039 0.49291908740997314 64448
1669873461145 0.4927745759487152 64665
1669873537343 0.4907514452934265 64882
1669873613320 0.49176299571990967 65099
