1669850775008 0.43131572008132935 216
1669850850748 0.42727500200271606 433
1669850926363 0.4222818911075592 650
1669851002028 0.42856043577194214 867
1669851077741 0.42163780331611633 1084
1669851153692 0.42620426416397095 1301
1669851229738 0.42135289311408997 1518
1669851305020 0.4256785213947296 1735
1669851381083 0.42515549063682556 1952
1669851456664 0.4195513129234314 2169
1669851532706 0.4341067969799042 2386
1669851608440 0.4183182120323181 2603
1669851684586 0.42759424448013306 2820
1669851760676 0.42055875062942505 3037
1669851837001 0.43042799830436707 3254
1669851912831 0.4304817318916321 3471
1669851988631 0.43516650795936584 3688
1669852064360 0.4222680628299713 3905
1669852140274 0.42331409454345703 4122
1669852216246 0.4188632071018219 4339
1669852292103 0.4283622205257416 4556
1669852367937 0.3999669551849365 4773
1669852443850 0.41988441348075867 4990
1669852519934 0.4185370206832886 5207
1669852596005 0.4143793284893036 5424
1669852672141 0.4261326491832733 5641
1669852748050 0.4387090504169464 5858
1669852824125 0.4157872796058655 6075
1669852900132 0.4168318510055542 6292
1669852976004 0.4292871356010437 6509
1669853052067 0.4364355206489563 6726
1669853127798 0.42934492230415344 6943
1669853204326 0.4359015226364136 7160
1669853279971 0.4225446879863739 7377
1669853356145 0.41707953810691833 7594
1669853431846 0.42051610350608826 7811
1669853508493 0.4288797080516815 8028
1669853584620 0.42470136284828186 8245
1669853660894 0.42491060495376587 8462
1669853736947 0.4099174439907074 8679
1669853812798 0.4247976243495941 8896
1669853888986 0.41610240936279297 9113
1669853965086 0.42131155729293823 9330
1669854041265 0.416988730430603 9547
1669854117148 0.4059290289878845 9764
1669854193479 0.4246298670768738 9981
1669854269378 0.41343241930007935 10198
1669854345305 0.4325543940067291 10415
1669854421439 0.4349133372306824 10632
1669854497287 0.42164742946624756 10849
1669854573561 0.4281282424926758 11066
1669854649989 0.42007702589035034 11283
1669854726224 0.4264836013317108 11500
1669854802295 0.417437344789505 11717
1669854878485 0.43015411496162415 11934
1669854954670 0.41372424364089966 12151
1669855030747 0.41452375054359436 12368
1669855107126 0.4209166467189789 12585
1669855183576 0.4227456748485565 12802
1669855260113 0.42814895510673523 13019
1669855336333 0.43678638339042664 13236
1669855412692 0.42695850133895874 13453
1669855488328 0.4228544235229492 13670
1669855564521 0.4330635666847229 13887
1669855640459 0.4282975494861603 14104
1669855716909 0.42459675669670105 14321
1669855792709 0.41799336671829224 14538
1669855868766 0.42423897981643677 14755
1669855945366 0.41845858097076416 14972
1669856021548 0.41879716515541077 15189
1669856097611 0.41005781292915344 15406
1669856173876 0.4217245280742645 15623
1669856249863 0.41986238956451416 15840
1669856326000 0.43485552072525024 16057
1669856402246 0.4226878583431244 16274
1669856478320 0.4201540946960449 16491
1669856554389 0.4259730279445648 16708
1669856630258 0.42212221026420593 16925
1669856706321 0.4135645627975464 17142
1669856782599 0.4228612780570984 17359
1669856858579 0.43967244029045105 17576
1669856934714 0.4248362183570862 17793
1669857010669 0.4359152317047119 18010
1669857086851 0.4252711534500122 18227
1669857162961 0.4235645830631256 18444
1669857238823 0.4183952510356903 18661
1669857315047 0.429463267326355 18878
1669857391436 0.4239746034145355 19095
1669857467685 0.4339306056499481 19312
1669857543864 0.4283815622329712 19529
1669857620138 0.42445358633995056 19746
1669857696172 0.41396641731262207 19963
1669857772471 0.41804152727127075 20180
1669857848591 0.41710981726646423 20397
1669857924457 0.42443162202835083 20614
1669858000561 0.4221331775188446 20831
1669858076451 0.4263584017753601 21048
1669858152906 0.4301348924636841 21265
1669858228591 0.4356591999530792 21482
1669858305140 0.4152463376522064 21699
1669858381032 0.42615747451782227 21916
1669858457138 0.4270796477794647 22133
1669858533038 0.42408207058906555 22350
1669858609496 0.4278613030910492 22567
1669858685504 0.4133360981941223 22784
1669858761906 0.4190366268157959 23001
1669858838091 0.431657075881958 23218
1669858914247 0.43167629837989807 23435
1669858990283 0.420349657535553 23652
1669859066584 0.42616572976112366 23869
1669859142761 0.42289289832115173 24086
1669859218954 0.41948795318603516 24303
1669859294736 0.4297991394996643 24520
1669859370975 0.433699369430542 24737
1669859447230 0.42246904969215393 24954
1669859523304 0.41462430357933044 25171
1669859600040 0.42631983757019043 25388
1669859676428 0.4213294982910156 25605
1669859752523 0.42305538058280945 25822
1669859828992 0.4137765169143677 26039
1669859905139 0.42129093408584595 26256
1669859981082 0.41977429389953613 26473
1669860057071 0.41961464285850525 26690
1669860133524 0.4211588203907013 26907
1669860209499 0.43167629837989807 27124
1669860286166 0.4285550117492676 27341
1669860362089 0.424993097782135 27558
1669860438534 0.41914665699005127 27775
1669860514623 0.4326396882534027 27992
1669860590907 0.4358243942260742 28209
1669860667164 0.41086700558662415 28426
1669860743378 0.4143242835998535 28643
1669860819306 0.4089072644710541 28860
1669860895905 0.42924031615257263 29077
1669860972254 0.4228791892528534 29294
1669861048743 0.4307074546813965 29511
1669861124915 0.42733827233314514 29728
1669861200944 0.4185549318790436 29945
1669861340938 0.4224511384963989 30162
1669861417389 0.4240669012069702 30379
1669861493858 0.4206330478191376 30596
1669861570243 0.424759179353714 30813
1669861646498 0.4136416018009186 31030
1669861722735 0.41714558005332947 31247
1669861799165 0.42503443360328674 31464
1669861875499 0.4196449816226959 31681
1669861951381 0.420677125453949 31898
1669862027392 0.4132232367992401 32115
1669862103761 0.426051527261734 32332
1669862180098 0.4344205856323242 32549
1669862256353 0.42647677659988403 32766
1669862332704 0.42354533076286316 32983
1669862408624 0.4251445531845093 33200
1669862485003 0.41871458292007446 33417
1669862561145 0.42486920952796936 33634
1669862637424 0.42486104369163513 33851
1669862713536 0.4228131175041199 34068
1669862790469 0.42310211062431335 34285
1669862866867 0.42536747455596924 34502
1669862943233 0.42560288310050964 34719
1669863019807 0.43003860116004944 34936
1669863095635 0.4206744134426117 35153
1669863172293 0.42242226004600525 35370
1669863248418 0.42667219042778015 35587
1669863324415 0.41600194573402405 35804
1669863400606 0.4196614921092987 36021
1669863476910 0.428018182516098 36238
1669863552830 0.43007439374923706 36455
1669863628922 0.41538527607917786 36672
1669863705579 0.43292874097824097 36889
1669863781804 0.4321194887161255 37106
1669863858121 0.4319213032722473 37323
1669863934491 0.4250950217247009 37540
1669864010655 0.4243957996368408 37757
1669864087039 0.43264102935791016 37974
1669864163072 0.414057195186615 38191
1669864239179 0.4417877793312073 38408
1669864315493 0.4255436360836029 38625
1669864391799 0.41965872049331665 38842
1669864467771 0.4215167164802551 39059
1669864543699 0.4208862781524658 39276
1669864619863 0.4208546280860901 39493
1669864696289 0.4192140996456146 39710
1669864772161 0.4288879632949829 39927
1669864848664 0.42535096406936646 40144
1669864924449 0.4231434464454651 40361
1669865000681 0.4128158390522003 40578
1669865076671 0.4203660488128662 40795
1669865152735 0.4274236261844635 41012
1669865228872 0.4231984615325928 41229
1669865304711 0.4272378087043762 41446
1669865381091 0.41605013608932495 41663
1669865457428 0.42962977290153503 41880
1669865533555 0.43984588980674744 42097
1669865609660 0.4208615720272064 42314
1669865685524 0.4273850917816162 42531
1669865761544 0.43136805295944214 42748
1669865838010 0.42412877082824707 42965
1669865914122 0.4163060188293457 43182
1669865990148 0.4242004156112671 43399
1669866066500 0.4249999523162842 43616
1669866142550 0.42198875546455383 43833
1669866218836 0.432229608297348 44050
1669866295269 0.43028897047042847 44267
1669866371892 0.42428162693977356 44484
1669866447764 0.42893481254577637 44701
1669866524197 0.4236113727092743 44918
1669866600330 0.42581337690353394 45135
1669866676823 0.4152408242225647 45352
1669866752657 0.4284586012363434 45569
1669866829061 0.4223933815956116 45786
1669866905082 0.4344894587993622 46003
1669866981747 0.42008811235427856 46220
1669867058003 0.42712917923927307 46437
1669867134188 0.42087259888648987 46654
1669867210476 0.421822190284729 46871
1669867286204 0.4256743788719177 47088
1669867362354 0.4147743284702301 47305
1669867438628 0.4226493835449219 47522
1669867515091 0.4266088604927063 47739
1669867591452 0.41607213020324707 47956
1669867667629 0.4098265469074249 48173
1669867744092 0.4367341101169586 48390
1669867820263 0.4314946234226227 48607
1669867896563 0.41918107867240906 48824
1669867972503 0.4250096380710602 49041
1669868049056 0.42370766401290894 49258
1669868124844 0.422697514295578 49475
1669868201767 0.4220561385154724 49692
1669868277681 0.4186429977416992 49909
1669868354295 0.4096311926841736 50126
1669868430203 0.4183773696422577 50343
1669868506461 0.43252408504486084 50560
1669868582821 0.42252546548843384 50777
1669868658986 0.4292141795158386 50994
1669868735292 0.41222959756851196 51211
1669868811438 0.4208863079547882 51428
1669868887952 0.4260501265525818 51645
1669868964043 0.42750900983810425 51862
1669869040148 0.42491331696510315 52079
1669869116164 0.42123591899871826 52296
1669869192145 0.42290398478507996 52513
1669869268327 0.42133501172065735 52730
1669869345446 0.4222928583621979 52947
1669869421654 0.4397921562194824 53164
1669869497922 0.42920586466789246 53381
1669869574254 0.4284420907497406 53598
1669869650660 0.42667222023010254 53815
1669869726848 0.42921003699302673 54032
1669869803177 0.41088083386421204 54249
1669869879470 0.4271387755870819 54466
1669869955597 0.42788466811180115 54683
1669870031880 0.4231571853160858 54900
1669870107708 0.4210433065891266 55117
1669870184222 0.41833341121673584 55334
1669870260148 0.4300853908061981 55551
1669870336323 0.43402692675590515 55768
1669870412401 0.4213460087776184 55985
1669870488864 0.42745110392570496 56202
1669870565285 0.43437379598617554 56419
1669870641710 0.42175614833831787 56636
1669870717462 0.4171483814716339 56853
1669870793680 0.4300963282585144 57070
1669870869734 0.42869532108306885 57287
1669870945970 0.42651116847991943 57504
1669871021948 0.4327746033668518 57721
1669871098001 0.43013492226600647 57938
1669871174347 0.4203633666038513 58155
1669871250595 0.4165344834327698 58372
1669871326791 0.43183043599128723 58589
1669871402715 0.4287104308605194 58806
1669871479104 0.4166047275066376 59023
1669871555473 0.42879992723464966 59240
1669871631759 0.40943580865859985 59457
1669871707970 0.4273850917816162 59674
1669871784073 0.4199422001838684 59891
1669871860482 0.4227360486984253 60108
1669871936757 0.4267437756061554 60325
1669872012981 0.42300304770469666 60542
1669872088382 0.4347068965435028 60759
1669872165029 0.43063589930534363 60976
1669872241151 0.41587260365486145 61193
1669872317150 0.4354720711708069 61410
1669872393359 0.4280814230442047 61627
1669872469625 0.42402970790863037 61844
1669872546074 0.42466285824775696 62061
1669872622307 0.42879435420036316 62278
1669872698457 0.43484312295913696 62495
1669872774296 0.4235411584377289 62712
1669872850563 0.4267657995223999 62929
1669872926682 0.42307189106941223 63146
1669873003466 0.41616979241371155 63363
1669873080090 0.4189402461051941 63580
1669873156095 0.434810072183609 63797
1669873232170 0.42218828201293945 64014
1669873308865 0.4257417917251587 64231
1669873385039 0.4245747923851013 64448
1669873461145 0.42348745465278625 64665
1669873537343 0.40867602825164795 64882
1669873613320 0.4200936257839203 65099
