1668580838602 0.0 49
1668580852190 1.0 99
1668580865775 1.0 149
1668580879355 1.0 199
1668580904210 1.0 249
1668580917786 1.0 299
1668580931347 0.5 349
1668580944917 0.6666666865348816 399
1668580970090 0.0 449
1668580983656 1.0 499
1668580997228 0.0 549
1668581010810 0.0 599
1668581024405 1.0 649
1668581049564 1.0 699
1668581063163 1.0 749
1668581076767 1.0 799
1668581090395 0.0 849
1668581115660 1.0 899
1668581129262 0.0 949
1668581142849 0.0 999
1668581156450 1.0 1049
1668581181707 1.0 1099
1668581195278 1.0 1149
1668581208877 0.0 1199
1668581222473 0.6666666865348816 1249
1668581236069 1.0 1299
1668581261285 1.0 1349
1668581274878 1.0 1399
1668581288457 1.0 1449
1668581302040 0.0 1499
1668581327110 1.0 1549
1668581340704 1.0 1599
1668581354316 1.0 1649
1668581367942 1.0 1699
1668581393147 1.0 1749
1668581406739 0.0 1799
1668581420321 0.0 1849
1668581433922 0.0 1899
1668581447523 1.0 1949
1668581472569 0.0 1999
1668581486171 1.0 2049
1668581499776 1.0 2099
1668581513373 0.0 2149
1668581538443 0.0 2199
1668581552048 0.0 2249
1668581565657 1.0 2299
1668581579274 0.5 2349
1668581604485 1.0 2399
1668581618094 0.0 2449
1668581631708 1.0 2499
1668581645328 1.0 2549
1668581658935 0.0 2599
1668581684022 0.5 2649
1668581697622 1.0 2699
1668581711236 1.0 2749
1668581724827 0.6666666865348816 2799
1668581749965 1.0 2849
1668581763580 1.0 2899
1668581777201 1.0 2949
1668581790798 0.0 2999
1668581815990 0.0 3049
1668581829587 0.0 3099
1668581843183 1.0 3149
1668581856823 1.0 3199
1668581870433 1.0 3249
1668581895769 0.0 3299
1668581909390 1.0 3349
1668581923025 0.0 3399
1668581936656 1.0 3449
1668581961884 0.0 3499
1668581975522 1.0 3549
1668581989149 1.0 3599
1668582002778 1.0 3649
1668582028205 1.0 3699
1668582041791 0.3333333432674408 3749
1668582055381 1.0 3799
1668582068985 1.0 3849
1668582082594 1.0 3899
1668582107698 1.0 3949
1668582121293 0.0 3999
1668582134915 0.5 4049
1668582148505 0.75 4099
1668582173803 1.0 4149
1668582187405 1.0 4199
1668582201027 0.6666666865348816 4249
1668582214659 0.5 4299
1668582239761 0.0 4349
1668582253382 0.5 4399
1668582267011 1.0 4449
1668582280638 1.0 4499
1668582294257 0.0 4549
1668582319492 1.0 4599
1668582333091 1.0 4649
1668582346713 1.0 4699
1668582360345 0.0 4749
1668582385765 0.0 4799
1668582399342 0.5 4849
1668582412934 1.0 4899
1668582426532 0.5 4949
1668582452042 0.75 4999
1668582465627 0.0 5049
1668582479245 0.0 5099
1668582492858 0.3333333432674408 5149
1668582506466 0.0 5199
1668582531978 0.5 5249
1668582545589 1.0 5299
1668582559197 1.0 5349
1668582572810 0.0 5399
1668582598259 0.0 5449
1668582611878 0.5 5499
1668582625506 0.0 5549
1668582639117 0.5 5599
1668582664734 1.0 5649
1668582678316 0.0 5699
1668582691935 1.0 5749
1668582705547 0.0 5799
1668582719152 0.0 5849
1668582744669 1.0 5899
