1668580894684 1.6451530547628397 216
1668580965202 1.6000886319958967 433
1668581035530 1.538634060067511 650
1668581106415 1.5114679602166505 867
1668581177020 1.4973348841065475 1084
1668581247711 1.48856085429145 1301
1668581318143 1.4852600891150292 1518
1668581388774 1.4807735220495337 1735
1668581459263 1.478287306563194 1952
1668581529757 1.4755942459755929 2169
1668581600371 1.4720095876503496 2386
1668581670975 1.4706377116137554 2603
1668581741528 1.4685355195502954 2820
1668581812153 1.4650597533208947 3037
1668581883013 1.4650847635603246 3254
1668581953711 1.4650859640237086 3471
1668582024668 1.4625706060309953 3688
1668582095152 1.4601919198733833 3905
1668582165928 1.4570360141100327 4122
1668582236475 1.4587522749435184 4339
1668582307253 1.4581855489883442 4556
1668582378138 1.4590141647307737 4773
1668582449033 1.4596302398676722 4990
1668582519966 1.4576380459774276 5207
1668582590908 1.4574320239618912 5424
1668582661923 1.4598354696396683 5641
1668582732944 1.456324077156443 5858
1668582803241 1.4568954750554886 6075
1668582874138 1.4568506891729796 6292
1668582945328 1.4571544110402594 6509
1668583016205 1.454809115272838 6726
1668583087391 1.4573537374622125 6943
1668583158213 1.4550364424842814 7160
1668583229218 1.4580833073632993 7377
1668583299613 1.4558165639643748 7594
1668583370575 1.456648619832206 7811
1668583441749 1.4560097764915467 8028
1668583512460 1.4539467433110418 8245
1668583583464 1.4559083204543768 8462
1668583654625 1.4547720037274003 8679
