1669067185710 0.25 49
1669067199443 0.375 99
1669067213156 0.625 149
1669067226790 0.5 199
1669067252644 0.75 249
1669067266267 0.125 299
1669067279909 0.125 349
1669067293547 0.5 399
1669067319735 0.375 449
1669067333333 0.375 499
1669067347009 0.375 549
1669067360694 0.625 599
1669067374368 0.375 649
1669067400535 0.625 699
1669067414193 0.25 749
1669067427850 0.5 799
1669067441517 0.375 849
1669067467648 0.5 899
1669067481294 0.375 949
1669067494944 0.5 999
1669067508611 0.25 1049
1669067535019 0.625 1099
1669067548686 0.5 1149
1669067562348 0.625 1199
1669067576053 0.25 1249
1669067589774 0.5 1299
1669067616231 0.5 1349
1669067629955 0.375 1399
1669067643668 0.875 1449
1669067657452 0.25 1499
1669067683671 0.375 1549
1669067697341 0.625 1599
1669067711008 0.75 1649
1669067724678 0.375 1699
1669067751008 0.75 1749
1669067764655 0.5 1799
1669067778308 0.5 1849
1669067791994 0.375 1899
1669067805656 0.5 1949
1669067831962 0.375 1999
1669067845603 0.5 2049
1669067859305 0.5 2099
1669067872970 0.5 2149
1669067899348 0.375 2199
1669067913043 0.5 2249
1669067926748 0.625 2299
1669067940445 0.125 2349
1669067966837 0.25 2399
1669067980459 0.625 2449
1669067994107 0.625 2499
1669068007772 0.625 2549
1669068021461 0.25 2599
1669068048024 0.5 2649
1669068061680 0.625 2699
1669068075544 0.5 2749
1669068089305 0.25 2799
1669068116007 0.375 2849
1669068129668 0.5 2899
1669068143341 0.625 2949
1669068157023 0.75 2999
1669068183650 0.625 3049
1669068197372 0.375 3099
1669068211108 0.875 3149
1669068224836 0.625 3199
1669068238678 0.75 3249
1669068264750 0.75 3299
1669068278464 0.5 3349
1669068292153 0.625 3399
1669068305934 0.625 3449
1669068331973 0.75 3499
1669068345772 0.5 3549
1669068359461 0.625 3599
1669068373160 0.5 3649
1669068399771 0.625 3699
1669068413436 0.25 3749
1669068427388 0.375 3799
1669068441195 0.625 3849
1669068454995 0.625 3899
1669068481299 0.875 3949
1669068494999 0.75 3999
1669068508688 0.625 4049
1669068522370 0.625 4099
1669068548738 0.625 4149
1669068562402 0.25 4199
1669068576090 0.625 4249
1669068589786 0.5 4299
1669068616052 0.625 4349
1669068629919 0.625 4399
1669068643608 0.875 4449
1669068657307 0.75 4499
1669068671024 0.625 4549
1669068697182 0.75 4599
1669068710924 0.75 4649
1669068724668 0.75 4699
1669068738358 0.625 4749
1669068764838 0.625 4799
1669068778488 0.375 4849
1669068792182 0.625 4899
1669068805869 0.625 4949
1669068832114 0.625 4999
1669068845797 0.625 5049
1669068859489 0.875 5099
1669068873179 0.25 5149
1669068886891 0.625 5199
1669068913327 0.625 5249
1669068927011 0.875 5299
1669068940697 0.75 5349
1669068954413 0.625 5399
1669068980849 0.625 5449
1669068994519 0.5 5499
1669069008214 0.625 5549
1669069021893 0.75 5599
1669069048201 0.75 5649
1669069061874 0.75 5699
1669069075620 0.625 5749
1669069089302 0.75 5799
1669069103006 1.0 5849
1669069129411 0.5 5899
1669069143068 0.75 5949
1669069156764 0.5 5999
1669069170453 0.875 6049
1669069196786 0.75 6099
1669069210558 0.625 6149
1669069224274 0.5 6199
1669069238038 0.625 6249
1669069264558 0.5 6299
1669069278187 0.625 6349
1669069291931 0.5 6399
1669069305619 0.625 6449
1669069319391 0.75 6499
1669069345878 0.75 6549
1669069359674 0.5 6599
1669069373388 0.5 6649
1669069387068 0.5 6699
1669069413263 0.625 6749
1669069426964 0.25 6799
1669069440629 0.75 6849
1669069454346 0.625 6899
1669069480605 0.75 6949
1669069494260 0.875 6999
1669069507945 0.75 7049
1669069521639 0.875 7099
1669069535341 0.75 7149
1669069561704 0.625 7199
1669069575477 0.625 7249
1669069589181 0.75 7299
1669069602879 0.75 7349
1669069629251 0.625 7399
1669069642924 0.25 7449
1669069656636 0.875 7499
1669069670435 0.625 7549
1669069696900 0.875 7599
1669069710599 1.0 7649
1669069724432 0.625 7699
1669069738126 0.875 7749
1669069751839 0.625 7799
1669069778281 0.625 7849
1669069791955 0.875 7899
1669069805678 1.0 7949
1669069819389 0.875 7999
1669069845826 0.875 8049
1669069859496 0.875 8099
1669069873215 0.75 8149
1669069886962 0.5 8199
1669069913405 0.75 8249
1669069927061 0.625 8299
1669069940996 0.75 8349
1669069954753 0.875 8399
1669069968473 1.0 8449
1669069994775 0.625 8499
1669070008499 0.875 8549
1669070022192 0.75 8599
1669070035898 0.75 8649
1669070062128 0.75 8699
1669070075790 0.75 8749
1669070089479 0.75 8799
1669070103172 0.875 8849
1669070129695 0.875 8899
1669070143329 0.75 8949
1669070157030 0.875 8999
1669070170724 0.75 9049
1669070184477 0.5 9099
1669070210674 0.75 9149
1669070224350 1.0 9199
1669070238049 0.75 9249
1669070251739 0.75 9299
1669070278349 0.875 9349
1669070292027 0.5 9399
1669070305729 0.5 9449
1669070319433 0.875 9499
1669070345874 1.0 9549
1669070359517 0.5 9599
1669070373284 0.5 9649
1669070387006 0.625 9699
1669070400721 0.875 9749
1669070426875 1.0 9799
1669070440534 0.875 9849
1669070454280 0.875 9899
1669070467969 0.875 9949
1669070494329 0.625 9999
1669070507988 0.75 10049
1669070521681 0.875 10099
1669070535367 0.625 10149
1669070561502 0.625 10199
1669070575154 0.875 10249
1669070588857 0.75 10299
1669070602548 1.0 10349
1669070616297 0.625 10399
1669070642644 0.75 10449
1669070656371 0.875 10499
1669070670090 0.875 10549
1669070683850 0.625 10599
1669070710477 0.875 10649
1669070724283 0.875 10699
1669070737986 0.625 10749
1669070751701 0.875 10799
1669070765217 0.5 10849
1669070791417 1.0 10899
1669070805106 0.75 10949
1669070818810 0.875 10999
1669070832558 0.75 11049
1669070858799 0.625 11099
1669070872494 0.75 11149
1669070886370 0.625 11199
1669070900266 0.75 11249
1669070926731 0.875 11299
1669070940494 0.875 11349
1669070954393 0.75 11399
1669070968108 0.875 11449
1669070981822 0.625 11499
1669071008118 0.875 11549
1669071021865 0.875 11599
1669071035620 0.75 11649
1669071049400 0.625 11699
1669071076099 0.875 11749
1669071089799 0.75 11799
1669071103511 0.875 11849
1669071117223 0.625 11899
1669071143758 0.75 11949
1669071157467 0.625 11999
1669071171142 0.75 12049
1669071184857 0.625 12099
1669071198607 0.625 12149
1669071225207 0.75 12199
1669071238938 0.75 12249
1669071252772 1.0 12299
1669071266504 0.875 12349
1669071292967 0.875 12399
1669071306641 0.75 12449
1669071320348 0.875 12499
1669071334034 0.875 12549
1669071360919 0.5 12599
1669071374588 0.75 12649
1669071388304 0.625 12699
1669071402051 0.5 12749
1669071415845 0.875 12799
1669071442897 0.875 12849
1669071456584 0.875 12899
1669071470280 0.875 12949
1669071483999 0.875 12999
1669071510493 0.625 13049
1669071524203 0.75 13099
1669071537898 0.625 13149
1669071551627 0.875 13199
1669071578060 0.625 13249
1669071591702 0.875 13299
1669071605405 0.75 13349
1669071619094 0.625 13399
1669071632798 0.875 13449
1669071659139 0.75 13499
1669071672905 0.625 13549
1669071686589 0.875 13599
1669071700295 0.5 13649
1669071726554 0.875 13699
1669071740221 0.75 13749
1669071754041 0.625 13799
1669071767763 0.625 13849
1669071794430 0.75 13899
1669071808068 0.875 13949
1669071821766 0.625 13999
1669071835464 0.875 14049
1669071849170 0.625 14099
1669071875570 0.875 14149
1669071889267 0.75 14199
1669071903046 0.75 14249
1669071916757 0.875 14299
1669071943114 0.625 14349
1669071956793 0.75 14399
1669071970516 0.75 14449
1669071984255 1.0 14499
1669072010608 0.75 14549
1669072024345 0.75 14599
1669072038155 1.0 14649
1669072051960 0.625 14699
1669072065707 0.625 14749
1669072091924 0.625 14799
1669072105614 0.875 14849
1669072119313 0.75 14899
1669072133018 0.75 14949
1669072159530 1.0 14999
1669072173325 0.875 15049
1669072187150 0.625 15099
1669072200955 0.625 15149
1669072227439 0.75 15199
1669072241088 0.75 15249
1669072254826 0.875 15299
1669072268607 0.875 15349
1669072282320 0.875 15399
1669072308428 1.0 15449
1669072322184 0.625 15499
1669072335954 0.75 15549
1669072349674 0.625 15599
1669072375847 0.75 15649
1669072389596 0.75 15699
1669072403367 0.625 15749
1669072417059 0.625 15799
1669072443486 0.625 15849
1669072457119 0.5 15899
1669072470797 0.875 15949
1669072484509 0.875 15999
1669072498219 0.625 16049
1669072524572 0.875 16099
1669072538247 0.75 16149
1669072551942 0.5 16199
1669072565695 0.75 16249
1669072592059 0.75 16299
1669072605803 0.875 16349
1669072619665 1.0 16399
1669072633401 0.75 16449
1669072659538 0.625 16499
1669072673177 0.875 16549
1669072686877 0.875 16599
1669072700585 0.875 16649
1669072714317 0.875 16699
1669072740832 0.375 16749
1669072754519 1.0 16799
1669072768219 0.625 16849
1669072781923 0.5 16899
1669072808304 0.625 16949
1669072821993 0.875 16999
1669072835681 0.75 17049
1669072849382 0.875 17099
1669072875893 0.5 17149
1669072889546 0.75 17199
1669072903231 0.875 17249
1669072916925 0.875 17299
1669072930624 0.625 17349
1669072957135 1.0 17399
1669072970846 0.875 17449
1669072984611 0.875 17499
1669072998373 0.875 17549
1669073024655 0.875 17599
1669073038428 0.875 17649
1669073052227 0.875 17699
1669073066152 0.875 17749
1669073092679 0.625 17799
1669073106316 0.875 17849
1669073120004 0.5 17899
1669073133714 0.75 17949
1669073147402 0.625 17999
1669073173691 0.625 18049
1669073187623 0.75 18099
1669073201455 0.625 18149
1669073215425 0.875 18199
1669073242056 0.875 18249
1669073255805 1.0 18299
1669073269574 0.75 18349
1669073283315 0.75 18399
1669073310048 0.875 18449
1669073323709 1.0 18499
1669073337406 0.75 18549
1669073351108 0.625 18599
1669073364839 0.375 18649
1669073391261 0.625 18699
1669073404949 1.0 18749
1669073418662 1.0 18799
1669073432368 0.625 18849
1669073458690 0.75 18899
1669073472458 0.5 18949
1669073486180 0.5 18999
1669073499879 0.75 19049
1669073526340 0.875 19099
1669073540041 0.75 19149
1669073553855 0.75 19199
1669073567879 0.75 19249
1669073581760 0.875 19299
1669073608242 0.875 19349
1669073621992 0.625 19399
1669073635679 0.875 19449
1669073649382 0.875 19499
1669073675678 0.75 19549
1669073689380 0.875 19599
1669073703108 0.75 19649
1669073716960 0.75 19699
1669073743908 0.75 19749
1669073757600 0.75 19799
1669073771292 0.625 19849
1669073784987 0.75 19899
1669073798733 0.75 19949
1669073825392 1.0 19999
1669073839463 1.0 20049
1669073853424 0.875 20099
1669073867421 0.625 20149
1669073894177 0.875 20199
1669073907852 0.875 20249
1669073921530 0.5 20299
1669073935215 1.0 20349
1669073961419 0.5 20399
1669073975114 0.875 20449
1669073988905 0.875 20499
1669074002660 0.875 20549
1669074016353 0.875 20599
1669074042741 0.75 20649
1669074056409 0.625 20699
1669074070123 0.875 20749
1669074083878 0.75 20799
1669074110713 0.75 20849
1669074124377 0.875 20899
1669074138053 0.625 20949
1669074151758 1.0 20999
1669074178312 0.75 21049
1669074191986 1.0 21099
1669074205680 0.875 21149
1669074219379 0.75 21199
1669074233071 0.625 21249
1669074259722 0.75 21299
1669074273473 0.5 21349
1669074287291 0.875 21399
1669074301153 0.625 21449
1669074327786 0.875 21499
1669074341610 0.75 21549
1669074355398 0.625 21599
1669074369095 0.75 21649
1669074382633 1.0 21699
1669074409009 0.875 21749
1669074422818 1.0 21799
1669074436561 0.875 21849
1669074450259 0.75 21899
1669074476497 0.75 21949
1669074490335 0.875 21999
1669074504158 0.75 22049
1669074518025 0.625 22099
1669074544512 0.875 22149
1669074558201 0.625 22199
1669074571889 1.0 22249
1669074585581 0.75 22299
1669074599286 0.75 22349
1669074625801 0.875 22399
1669074639588 0.625 22449
1669074653281 0.875 22499
1669074667137 0.75 22549
1669074693397 0.875 22599
1669074707147 0.75 22649
1669074720871 0.75 22699
1669074734617 0.75 22749
1669074761151 0.625 22799
1669074774819 0.75 22849
1669074788509 0.625 22899
1669074802230 0.875 22949
1669074815929 0.75 22999
1669074842597 0.625 23049
1669074856301 0.75 23099
1669074870018 0.875 23149
1669074884030 0.625 23199
1669074910544 0.875 23249
1669074924228 0.625 23299
1669074938038 0.75 23349
1669074951827 0.75 23399
1669074979712 0.75 23449
1669074993445 0.625 23499
1669075007139 0.625 23549
1669075020841 0.625 23599
1669075034540 0.875 23649
1669075061558 0.875 23699
1669075075248 0.75 23749
1669075088941 0.875 23799
1669075102656 1.0 23849
1669075129810 0.5 23899
1669075143543 0.875 23949
1669075157328 0.875 23999
1669075171118 0.75 24049
1669075198144 1.0 24099
1669075211806 0.75 24149
1669075225495 0.875 24199
1669075239247 0.75 24249
1669075252947 0.75 24299
1669075279525 0.75 24349
1669075293215 0.875 24399
1669075306945 0.5 24449
1669075320683 0.75 24499
1669075347744 0.5 24549
1669075361428 1.0 24599
1669075375140 0.5 24649
1669075388939 0.875 24699
1669075416225 0.875 24749
1669075429920 0.625 24799
1669075443648 0.875 24849
1669075457382 0.75 24899
1669075471213 0.75 24949
1669075497716 0.75 24999
1669075511407 0.875 25049
1669075525111 0.75 25099
1669075538914 0.75 25149
1669075565657 0.625 25199
1669075579328 0.875 25249
1669075593140 0.75 25299
1669075606877 0.875 25349
1669075633848 0.75 25399
1669075647510 1.0 25449
1669075661210 0.5 25499
1669075674988 1.0 25549
1669075688701 0.75 25599
1669075715754 0.375 25649
1669075729472 0.75 25699
1669075743189 0.75 25749
1669075756906 0.75 25799
1669075783614 0.875 25849
1669075797280 0.75 25899
1669075811002 0.625 25949
1669075824741 0.875 25999
1669075851828 0.75 26049
1669075865553 0.75 26099
1669075879324 0.875 26149
1669075893086 0.375 26199
1669075906784 0.875 26249
1669075933316 0.625 26299
1669075947076 0.875 26349
1669075960872 0.875 26399
1669075974573 0.875 26449
1669076001500 0.625 26499
1669076015561 0.875 26549
1669076029249 0.875 26599
1669076042974 0.625 26649
1669076069708 0.75 26699
1669076083359 0.875 26749
1669076097078 1.0 26799
1669076110786 0.875 26849
1669076124498 0.875 26899
1669076151317 0.875 26949
1669076165049 0.375 26999
1669076178743 0.5 27049
1669076192453 0.875 27099
1669076219290 0.75 27149
1669076232977 0.625 27199
1669076246671 0.5 27249
1669076260399 0.75 27299
1669076287187 0.75 27349
1669076300830 0.75 27399
1669076314573 0.875 27449
1669076328342 0.625 27499
1669076342065 0.875 27549
1669076368873 0.5 27599
1669076382547 0.5 27649
1669076396297 0.75 27699
1669076410053 0.625 27749
1669076437179 0.875 27799
1669076450936 0.625 27849
1669076464725 1.0 27899
1669076478474 0.5 27949
1669076505201 0.875 27999
1669076518851 1.0 28049
1669076532534 0.75 28099
1669076546301 0.625 28149
1669076560008 0.625 28199
1669076586990 0.875 28249
1669076600692 0.75 28299
1669076614416 0.625 28349
1669076628121 0.875 28399
1669076655161 0.875 28449
1669076668812 0.875 28499
1669076682522 0.625 28549
1669076696220 0.75 28599
1669076722938 0.75 28649
1669076736591 0.375 28699
1669076750308 0.75 28749
1669076764023 0.625 28799
1669076777914 0.625 28849
1669076804153 0.625 28899
1669076817959 0.625 28949
