1669067242983 0.27828800678253174 216
1669067314789 0.2850275933742523 433
1669067386623 0.2864657938480377 650
1669067458367 0.28425130248069763 867
1669067530319 0.29230114817619324 1084
1669067602519 0.3018827736377716 1301
1669067674624 0.30632534623146057 1518
1669067746609 0.3137393891811371 1735
1669067818568 0.32242634892463684 1952
1669067890586 0.3257404565811157 2169
1669067962668 0.33161988854408264 2386
1669068034730 0.3463749289512634 2603
1669068107492 0.35531795024871826 2820
1669068179713 0.36353015899658203 3037
1669068251917 0.3782012164592743 3254
1669068323683 0.39241674542427063 3471
1669068396131 0.3969419598579407 3688
1669068468712 0.4056991934776306 3905
1669068540795 0.4148252308368683 4122
1669068612710 0.4280705153942108 4339
1669068684868 0.4275186061859131 4556
1669068757177 0.4413693845272064 4773
1669068829034 0.4490489661693573 4990
1669068901252 0.45999178290367126 5207
1669068973438 0.47530001401901245 5424
1669069045376 0.4867519736289978 5641
1669069117569 0.48582571744918823 5858
1669069189650 0.4970616400241852 6075
1669069262021 0.5028213262557983 6292
1669069334360 0.5094440579414368 6509
1669069406432 0.5215814113616943 6726
1669069478340 0.5215153098106384 6943
1669069550400 0.5226878523826599 7160
1669069622667 0.532034158706665 7377
1669069694908 0.5251252055168152 7594
1669069767336 0.5419225692749023 7811
1669069839460 0.5242210626602173 8028
1669069911693 0.5474360585212708 8245
1669069984102 0.543857753276825 8462
1669070056098 0.540532648563385 8679
1669070128259 0.5547811985015869 8896
1669070200251 0.5585548877716064 9113
1669070272572 0.5601087212562561 9330
1669070344713 0.5564010143280029 9547
1669070416772 0.5542415976524353 9764
1669070488793 0.5496202111244202 9981
1669070560641 0.5573630332946777 10198
1669070632721 0.5642223358154297 10415
1669070705219 0.570803701877594 10632
1669070777186 0.5633209347724915 10849
1669070849180 0.5730993151664734 11066
1669070921677 0.5671138763427734 11283
1669070994174 0.5572584271430969 11500
1669071066765 0.5607555508613586 11717
1669071139083 0.5774098038673401 11934
1669071211478 0.5658574104309082 12151
1669071283897 0.5717918276786804 12368
1669071356469 0.5761533379554749 12585
1669071429479 0.5697412490844727 12802
1669071501681 0.5664822459220886 13019
1669071573910 0.573842465877533 13236
1669071645959 0.5747784972190857 13453
1669071718022 0.5709248781204224 13670
1669071790549 0.5699930787086487 13887
1669071862688 0.5816129446029663 14104
1669071934893 0.5672336220741272 14321
1669072006982 0.570225715637207 14538
1669072079344 0.5741122961044312 14755
1669072151428 0.571106493473053 14972
1669072224100 0.5790764689445496 15189
1669072296112 0.5706427693367004 15406
1669072368129 0.5704210996627808 15623
1669072440414 0.5721153616905212 15840
1669072512549 0.5758106708526611 16057
1669072584641 0.56987065076828 16274
1669072656758 0.5654404163360596 16491
1669072729042 0.5714505910873413 16708
1669072801148 0.5717588663101196 16925
1669072873350 0.5790463089942932 17142
1669072945612 0.5735700130462646 17359
1669073017759 0.5703468322753906 17576
1669073090413 0.5702586770057678 17793
1669073162280 0.57822185754776 18010
1669073235420 0.5727828145027161 18227
1669073308094 0.576862096786499 18444
1669073380315 0.5636746883392334 18661
1669073452328 0.5745527744293213 18878
1669073524595 0.5709275603294373 19095
1669073597541 0.5711450576782227 19312
1669073669623 0.5753867030143738 19529
1669073742436 0.5734640955924988 19746
1669073814936 0.5750618577003479 19963
1669073888374 0.5778928995132446 20180
1669073960236 0.5755146741867065 20397
1669074032626 0.5816872119903564 20614
1669074105207 0.575888991355896 20831
1669074177430 0.5758463740348816 21048
1669074249797 0.5766474008560181 21265
1669074322534 0.5664340853691101 21482
1669074394722 0.5734668374061584 21699
1669074466883 0.578349769115448 21916
1669074539519 0.5731557607650757 22133
1669074611773 0.5628709197044373 22350
1669074684034 0.5764986872673035 22567
1669074756470 0.5651734471321106 22784
1669074828919 0.573236882686615 23001
1669074901508 0.5727153420448303 23218
1669074975196 0.5757542848587036 23435
1669075048128 0.570839524269104 23652
1669075120953 0.570050835609436 23869
1669075193945 0.5751445293426514 24086
1669075266396 0.5679107904434204 24303
1669075339201 0.573543906211853 24520
1669075412250 0.5736346244812012 24737
1669075484817 0.575741708278656 24954
1669075557421 0.5765042304992676 25171
1669075630190 0.5826092958450317 25388
1669075703128 0.5824552774429321 25605
1669075775600 0.5768648386001587 25822
1669075848440 0.5758546590805054 26039
1669075920935 0.5720574855804443 26256
1669075993844 0.5833595395088196 26473
1669076066648 0.578688383102417 26690
1669076139204 0.5714244246482849 26907
1669076211860 0.5796641707420349 27124
1669076284376 0.5734958052635193 27341
1669076357102 0.5612868070602417 27558
1669076429994 0.5671290755271912 27775
1669076502683 0.565379798412323 27992
1669076575439 0.5793269872665405 28209
1669076648278 0.570389449596405 28426
1669076720680 0.5683911442756653 28643
1669076792877 0.577345073223114 28860
1669076865763 0.5759289264678955 29077
1669076938744 0.5671855211257935 29294
1669077011682 0.5765111446380615 29511
1669077084100 0.5689429640769958 29728
1669077156725 0.5739856958389282 29945
1669077229403 0.5712743997573853 30162
1669077302338 0.5693256258964539 30379
1669077375880 0.5743311643600464 30596
1669077449091 0.5758395195007324 30813
1669077521836 0.5759674906730652 31030
1669077594919 0.5733140110969543 31247
1669077667990 0.5728694796562195 31464
1669077741150 0.5690035223960876 31681
1669077813955 0.569316029548645 31898
1669077887140 0.5732851028442383 32115
1669077960030 0.5762909054756165 32332
1669078032829 0.5810294151306152 32549
1669078105678 0.577189564704895 32766
1669078178270 0.5778529644012451 32983
1669078251469 0.5820643901824951 33200
1669078324500 0.5678998231887817 33417
1669078397342 0.5761533379554749 33634
1669078470080 0.5746724009513855 33851
1669078543006 0.568593442440033 34068
1669078616001 0.5741081237792969 34285
1669078689046 0.5857390761375427 34502
1669078761964 0.5783883333206177 34719
1669078835224 0.5698196887969971 34936
1669078908336 0.5687805414199829 35153
1669078981467 0.5783388614654541 35370
1669079054378 0.5748748183250427 35587
1669079127688 0.5751885771751404 35804
1669079200717 0.5719653367996216 36021
1669079273353 0.5706138014793396 36238
1669079346329 0.5727318525314331 36455
1669079419384 0.5753632187843323 36672
1669079492519 0.5748127698898315 36889
1669079565797 0.5697411298751831 37106
1669079639248 0.5764670968055725 37323
1669079712125 0.576383113861084 37540
1669079785656 0.566296398639679 37757
1669079858522 0.5805930495262146 37974
1669079931245 0.5701637864112854 38191
1669080004283 0.576211154460907 38408
1669080077371 0.5778530240058899 38625
1669080150338 0.5679107308387756 38842
1669080223144 0.5679453015327454 39059
1669080295966 0.5734819173812866 39276
1669080369508 0.5776533484458923 39493
1669080442419 0.5748320817947388 39710
1669080515507 0.5690667629241943 39927
1669080588501 0.5760294198989868 40144
1669080661450 0.5709647536277771 40361
1669080734468 0.5759274959564209 40578
1669080807137 0.5758560299873352 40795
1669080880052 0.5800577402114868 41012
1669080952955 0.5720188617706299 41229
1669081027728 0.569303572177887 41446
1669081100517 0.574313223361969 41663
1669081173234 0.5738274455070496 41880
1669081245979 0.5730952620506287 42097
1669081319113 0.5812180638313293 42314
1669081391684 0.570543646812439 42531
1669081464477 0.5733746290206909 42748
1669081537085 0.5727415084838867 42965
1669081609688 0.5671676993370056 43182
1669081682488 0.5662373900413513 43399
1669081755201 0.574836254119873 43616
1669081828167 0.5774152874946594 43833
1669081901078 0.5696022510528564 44050
1669081974149 0.5679287910461426 44267
1669082047012 0.57578444480896 44484
1669082119806 0.5674937963485718 44701
1669082192493 0.5733718872070312 44918
1669082265256 0.5741660594940186 45135
1669082338007 0.5748801827430725 45352
1669082410846 0.5776520371437073 45569
1669082483617 0.5733098387718201 45786
1669082556807 0.575163722038269 46003
1669082629469 0.5758959650993347 46220
1669082702161 0.5754555463790894 46437
1669082775441 0.5687558054924011 46654
1669082848341 0.5731186270713806 46871
1669082921215 0.5771635174751282 47088
1669082994149 0.5682231783866882 47305
1669083067366 0.5796917676925659 47522
1669083140177 0.5686650276184082 47739
1669083212900 0.568630576133728 47956
1669083285709 0.5730979442596436 48173
1669083358730 0.5695334076881409 48390
1669083431682 0.5749614238739014 48607
1669083504305 0.5758065581321716 48824
1669083577459 0.5685548782348633 49041
1669083650340 0.5651691555976868 49258
1669083723011 0.5704129338264465 49475
1669083795911 0.5666570067405701 49692
1669083869947 0.5683760046958923 49909
1669083942561 0.5744783878326416 50126
1669084015234 0.5714353919029236 50343
1669084088100 0.572594165802002 50560
1669084160776 0.5743435621261597 50777
1669084233440 0.5724387764930725 50994
1669084306419 0.5709826350212097 51211
1669084379273 0.5723630785942078 51428
1669084452007 0.569479763507843 51645
1669084525039 0.5842775106430054 51862
1669084597745 0.5757996439933777 52079
1669084670601 0.5642665028572083 52296
1669084743166 0.5685961842536926 52513
1669084815417 0.5752326250076294 52730
1669084888127 0.56133633852005 52947
1669084961068 0.5706261992454529 53164
1669085034281 0.5758134126663208 53381
1669085106866 0.5773271918296814 53598
1669085179897 0.5812812447547913 53815
1669085252777 0.5759509801864624 54032
1669085325342 0.5741453170776367 54249
1669085398159 0.5626960396766663 54466
1669085470911 0.5731048583984375 54683
1669085543464 0.5714560747146606 54900
1669085616188 0.5746366381645203 55117
1669085688629 0.5756620168685913 55334
1669085761547 0.5722378492355347 55551
1669085834070 0.5592609643936157 55768
1669085906440 0.5840874910354614 55985
1669085979320 0.5729217529296875 56202
1669086052260 0.5665923357009888 56419
1669086124804 0.5677195191383362 56636
1669086197439 0.5646985173225403 56853
1669086270417 0.5688989758491516 57070
1669086342905 0.5697962641716003 57287
1669086415586 0.5745623111724854 57504
1669086488417 0.5710872411727905 57721
1669086560879 0.5731626152992249 57938
1669086633740 0.5700811743736267 58155
1669086706444 0.5620615482330322 58372
1669086779234 0.5689291954040527 58589
1669086852125 0.5760032534599304 58806
1669086924771 0.5766459703445435 59023
1669086997546 0.57530277967453 59240
1669087070357 0.5681654214859009 59457
1669087142822 0.5655298233032227 59674
1669087215458 0.5803495645523071 59891
1669087288313 0.5811780691146851 60108
1669087360964 0.5761464238166809 60325
1669087433856 0.5769666433334351 60542
1669087506511 0.5714587569236755 60759
1669087579114 0.5711862444877625 60976
1669087652060 0.5629768371582031 61193
1669087725050 0.5702229738235474 61410
1669087797556 0.5662565231323242 61627
1669087870357 0.5750854015350342 61844
1669087943108 0.5678322911262512 62061
1669088015964 0.5701074004173279 62278
1669088088375 0.5757238268852234 62495
1669088161101 0.5743160247802734 62712
1669088233922 0.5677318572998047 62929
1669088306706 0.5695582628250122 63146
1669088379456 0.5737599730491638 63363
1669088452477 0.5703165531158447 63580
1669088525203 0.5822350382804871 63797
1669088598008 0.5640420913696289 64014
1669088670744 0.5728324055671692 64231
1669088743448 0.5694714784622192 64448
1669088816183 0.5681034922599792 64665
1669088888891 0.5686126947402954 64882
1669088961520 0.5760486721992493 65099
